1000 1.0078868893159538 1.016277026688711
999.5 1.0082233852091063 1.0169574878646521
999 1.0079055963435684 1.016305932871033
998.5 1.0080917232093471 1.0166794904105312
998 1.007968079037535 1.0164229750880887
997.5 1.0078135080966477 1.0161283838318502
997 1.0082530236169513 1.0170008270309405
996.5 1.0077991846298795 1.0160863190544003
996 1.0083601559653126 1.0172199133791153
995.5 1.0085570107182038 1.0176258850339914
995 1.0084737140038713 1.0174568408392337
994.5 1.0081360802534247 1.0167652582982312
994 1.0084067616467183 1.0173125173483464
993.5 1.0078007488597012 1.0160943818161747
993 1.0083388930534711 1.0171782196910037
992.5 1.007727695316538 1.015956286901369
992 1.0085515361503383 1.0175991349044242
991.5 1.0081759573089057 1.016858636060159
991 1.0080146648739012 1.0165364279941997
990.5 1.0078837519556967 1.0162673586962143
990 1.0077350590418612 1.0159690952505094
989.5 1.0082134931734459 1.0169209943739557
989 1.0078423169059842 1.016184614085865
988.5 1.0081203115285713 1.016754384771417
988 1.0082347653077879 1.016969213862733
987.5 1.00777656994145 1.0160496329864124
987 1.0079780093503619 1.0164501148834773
986.5 1.0078690987713683 1.0162319808648599
986 1.0079386848008718 1.0163647826278337
985.5 1.0075284988917126 1.0155534225216964
985 1.0075871117308703 1.0156747049059571
984.5 1.0079764037349142 1.0164406671105246
984 1.0081073757877932 1.016706966917953
983.5 1.0078371319045798 1.016175046205417
983 1.0076002014966465 1.0156868517956972
982.5 1.007273588443255 1.0150331539020274
982 1.0074736478295316 1.0154435746787043
981.5 1.0076656263168953 1.0158148914691667
981 1.007796611430063 1.016082308471317
980.5 1.0079039213482275 1.0162937753713064
980 1.0078280457948505 1.0161439914469537
979.5 1.0078754616838734 1.016246059683124
979 1.008022209091961 1.0165476237140105
978.5 1.0077908738122159 1.016069221401462
978 1.0075671249278568 1.0156119106503123
977.5 1.0079859114825553 1.0164727530902113
977 1.007281678225002 1.015054804099784
976.5 1.007643541699248 1.015770117706905
976 1.0079222910659267 1.01634693042855
975.5 1.0072039055641469 1.0148920044545244
975 1.007782639737845 1.0160605538983953
974.5 1.0077101507280501 1.0159146028285235
974 1.0074120254259238 1.0153128763173096
973.5 1.0073498831004937 1.015173054405745
973 1.0077043901977925 1.015905821859489
972.5 1.0074632787417057 1.0154023090946438
972 1.008064461403892 1.0166299232913525
971.5 1.007703602213278 1.0158926947740976
971 1.007308284356119 1.0151063641371785
970.5 1.0072908242139602 1.0150657084247594
970 1.0071394121236095 1.0147677880091956
969.5 1.007227187307474 1.0149531468479416
969 1.0073356410603092 1.0151542857134024
968.5 1.0072553412437966 1.014995990836005
968 1.007846487296338 1.0161872025380672
967.5 1.0072870229464779 1.0150646623024446
967 1.0076536223889103 1.0158002436382485
966.5 1.0076024242769213 1.0156962017369842
966 1.0072232032275403 1.0149188058266
965.5 1.0077606625743978 1.0160069204248923
965 1.0072663853016812 1.0150186151832432
964.5 1.0071143012381172 1.0147052141594843
964 1.0075323620070624 1.0155620140625674
963.5 1.007129574181102 1.0147504545449528
963 1.0072290718507941 1.0149407416617473
962.5 1.0076254252127488 1.0157473546351594
962 1.0075402765020727 1.0155717662413772
961.5 1.0075219674658822 1.0155394324565685
961 1.0073058465796239 1.0151029685327477
960.5 1.0070991984446669 1.0146821923967804
960 1.006726572796071 1.0139348928973795
959.5 1.007008053473127 1.0145007818369947
959 1.0076009841548557 1.0157076727027432
958.5 1.0073884563747635 1.0152623341315183
958 1.007327020875717 1.0151498913904582
957.5 1.007160053132036 1.0148026720509686
957 1.0070843388480073 1.0146499711431631
956.5 1.0069798122308975 1.0144404832800613
956 1.0073368591071565 1.0151566234571627
955.5 1.0073567299397996 1.0152034880738343
955 1.0074989447570728 1.0154965081258227
954.5 1.0070377718987686 1.0145468376718365
954 1.0071173040534436 1.0147186173923557
953.5 1.0068232675958488 1.0141234183175925
953 1.0074916260917153 1.015475652266244
952.5 1.0068556148290135 1.0141962290451187
952 1.0074079825048132 1.0153001901085303
951.5 1.0068157453394886 1.0141112204199585
951 1.0074272865545235 1.0153522917838222
950.5 1.0070114238198222 1.0145098166104776
950 1.0071038373784418 1.0146988279766809
949.5 1.0071790904389306 1.0148581165822794
949 1.0069259859275013 1.014325971421652
948.5 1.0070255839463544 1.0145306051411953
948 1.0069274159510546 1.014344919022841
947.5 1.0065900067354654 1.0136557325210744
947 1.0074061898746276 1.0152942836361272
946.5 1.0068265924158069 1.01413918486957
946 1.0070512473166078 1.0145836929771095
945.5 1.0074594905661605 1.0154117727878327
945 1.0074558015615789 1.0153892522515637
944.5 1.0069826718573693 1.0144511666597227
944 1.0070436058002643 1.0145696869974712
943.5 1.0067391367901521 1.0139581816609113
943 1.006883051231675 1.0142488183121354
942.5 1.006968057889909 1.0144199417590216
942 1.0062859266624498 1.0130360153911357
941.5 1.0073008244348767 1.015080437411014
941 1.0068557112013965 1.014184261177178
940.5 1.0069923871570066 1.0144791179803643
940 1.0065758946984227 1.0136312321942487
939.5 1.006959077993737 1.014402583327257
939 1.006869341222587 1.0142173570807853
938.5 1.0071085581642143 1.014712623921529
938 1.0067075244754113 1.0138974491810009
937.5 1.0064727173379258 1.0134173529020793
937 1.0070332866387792 1.0145473193290884
936.5 1.0062910080820773 1.0130625308655712
936 1.006767896112077 1.0140148573832937
935.5 1.0076830563935542 1.0158574343548006
935 1.0071496201545451 1.0147802768944392
934.5 1.0062410013146823 1.0129727452300334
934 1.006357734053079 1.0132107442234428
933.5 1.0066665636001246 1.0138129591013012
933 1.0065126512779718 1.0135095903169917
932.5 1.0064515585077192 1.013386662006584
932 1.0062450716802231 1.0129622889058918
931.5 1.0066475118329008 1.0137796519521025
931 1.006184009499684 1.0128441040321474
930.5 1.0063532965643736 1.0131769693183867
930 1.0062141407706393 1.0129036996407552
929.5 1.0067585039178801 1.013995272300281
929 1.006561441228007 1.013604341909538
928.5 1.0067249394576745 1.013930587191586
928 1.0063711851099884 1.0132219891596521
927.5 1.0064323032581175 1.0133464071137606
927 1.0064391506111523 1.0133478117396277
926.5 1.0062541557763922 1.012993452323158
926 1.0064158859779642 1.0132961964502814
925.5 1.0057435915109436 1.011944190825837
925 1.0064652168245147 1.013404387036921
924.5 1.00592618844164 1.01233485871675
924 1.0062379144946763 1.0129542101152667
923.5 1.0063912778834718 1.0132576011908734
923 1.0063944583448223 1.0132596835304741
922.5 1.0061664280284255 1.0128011413866085
922 1.0063675349452423 1.0132015551832063
921.5 1.0064369987531974 1.0133512535955282
921 1.006001858525629 1.0124706847485845
920.5 1.00596955175732 1.0124079603880973
920 1.0064582863999783 1.0133949598233034
919.5 1.0062964532901288 1.0130794910761511
919 1.00642042420992 1.0133158422820232
918.5 1.0062956748088399 1.0130575866913423
918 1.0060665800941664 1.0126069024028284
917.5 1.0057833521651653 1.012051353502812
917 1.0061222340200442 1.0127210916620737
916.5 1.0060148657256096 1.0124974812770065
916 1.00577866487223 1.0120232612012252
915.5 1.005999152166959 1.0124749560572583
915 1.0056409648749536 1.011743123460506
914.5 1.0059233290436693 1.012311119820111
914 1.0062744246806536 1.013015853026096
913.5 1.0058225612381546 1.012116971345336
913 1.0059275410506003 1.012321351862158
912.5 1.005664307846618 1.0117978090405235
912 1.0062384325333116 1.012945619834325
911.5 1.0057998553072893 1.0120746231189885
911 1.0062703077184687 1.0130150212232665
910.5 1.0061961466962672 1.012870788294659
910 1.0062554936171053 1.0129790105917598
909.5 1.0057883089277724 1.0120520406654885
909 1.005830052373015 1.0121298737730857
908.5 1.00607271323679 1.012610633353646
908 1.0059883109071845 1.012443867371714
907.5 1.006139215666982 1.0127434031210234
907 1.0055462972949039 1.0115522263086976
906.5 1.0061663386971602 1.0128029893942763
906 1.0059747477892074 1.0124190277676346
905.5 1.0059977941833556 1.0124796835469305
905 1.0061064423182382 1.0126851575268763
904.5 1.0056322613780926 1.0117224830797888
904 1.0056564423789514 1.0117710505840924
903.5 1.0057726533109246 1.0120132162950326
903 1.0058177751551662 1.0120979790934168
902.5 1.0054737077702707 1.0114087794104707
902 1.0054623499098938 1.0113797546269039
901.5 1.0055315557856075 1.0115352306251069
901 1.0064302108576924 1.0133441046433802
900.5 1.00574343378767 1.0119572498096006
900 1.0059599487763802 1.0123853127029243
899.5 1.005590181509985 1.0116581050891418
899 1.0060693988279024 1.0126025183472487
898.5 1.0057125410736256 1.011890104880024
898 1.0053842487601672 1.0112323791558708
897.5 1.0057293329010013 1.0119277188661933
897 1.0058221965354075 1.0121102872207939
896.5 1.005661352088133 1.0117948696441759
896 1.005575207621259 1.0116088562846552
895.5 1.0056874644298484 1.0118351900183242
895 1.0053003806881908 1.0110515046725028
894.5 1.0056944658778182 1.0118488011675946
894 1.0055656110972508 1.0115923169796004
893.5 1.0056908421684152 1.011845446886945
893 1.0055140746971198 1.0114859975506736
892.5 1.0051971515371043 1.0108590681032172
892 1.0050815659295211 1.010625951626294
891.5 1.0055423395212955 1.011566669292585
891 1.005235743725064 1.0109312074124484
890.5 1.005644745191701 1.0117573222586271
890 1.0054600273955032 1.0113873309184107
889.5 1.0053528049784515 1.0111639253703193
889 1.0056730766923578 1.0118181701701696
888.5 1.005997057190756 1.012455789389405
888 1.0053013893111171 1.0110589595442956
887.5 1.0054156652507533 1.0113144091313981
887 1.0055817333382038 1.0116380220002854
886.5 1.0056442401878647 1.011751312334195
886 1.0055848469798114 1.0116389722098358
885.5 1.0054531577323582 1.0113751945360574
885 1.0052951262576175 1.0110547769249065
884.5 1.005158570671931 1.0107786217626837
884 1.005298100995353 1.0110598565695683
883.5 1.0052665034898514 1.0109988726774979
883 1.0052628698388697 1.0109857577071553
882.5 1.0054689365905767 1.0114067689327266
882 1.005628707502135 1.0117137018772964
881.5 1.0053593329857329 1.0111795235782235
881 1.0051912821842386 1.010855640926681
880.5 1.0052950592019327 1.0110518634455354
880 1.004970139804576 1.0103970650229406
879.5 1.0051481898873433 1.0107781514620757
879 1.005365332536436 1.0111967141353817
878.5 1.0050439530220536 1.0105472859458693
878 1.0050523006429921 1.0105572350210426
877.5 1.0051785633645256 1.0108323956375524
877 1.0046585104006664 1.00977571802785
876.5 1.004930390538678 1.0103168136567777
876 1.0051299247405012 1.0107323728509698
875.5 1.0048521645491946 1.0101675216685841
875 1.0051139152089554 1.010686718870769
874.5 1.0053431108469773 1.0111466135259526
874 1.0046544958887713 1.0097666883525236
873.5 1.0048303010630681 1.0101148625691339
873 1.005180394750099 1.0108203726294054
872.5 1.0050423268011903 1.0105464847504362
872 1.0044418990227233 1.0093368825921916
871.5 1.0052089371252464 1.010881317083508
871 1.0048858939565566 1.0102235154604073
870.5 1.0050696468037292 1.0106111465157457
870 1.0051288406769068 1.0107190998075684
869.5 1.0047697716154393 1.0100019530009834
869 1.0051173660694686 1.0106923735918818
868.5 1.0047027339271664 1.0098674668841618
868 1.0050898652373363 1.010645491597574
867.5 1.0044227118316498 1.009305394953832
867 1.005050807743294 1.0105603825345557
866.5 1.0048320354626332 1.0101115873894877
866 1.0045198327065135 1.0094937443845926
865.5 1.0049693949481218 1.0103880188083854
865 1.0049617823061174 1.0103781079629657
864.5 1.0048378277062735 1.0101410861478557
864 1.004846138497252 1.0101592598445452
863.5 1.0050120673707412 1.0104833684971655
863 1.0047655519266356 1.009999377322862
862.5 1.004169627903205 1.0088026830626344
862 1.004896965990292 1.0102483574992618
861.5 1.0046666573310394 1.009792554823802
861 1.0047898906253012 1.0100292225327834
860.5 1.004344150376682 1.0091441418348683
860 1.0048664951324728 1.0101974832881582
859.5 1.0047091181682433 1.0098739052293826
859 1.0043390460283406 1.009134568601346
858.5 1.0044599628683368 1.0093702703232403
858 1.0046815333892847 1.009830484347778
857.5 1.0044156122271548 1.0092804661674317
857 1.0047620839725078 1.0099805316341475
856.5 1.004980305670955 1.0104192302143287
856 1.0051192072042296 1.0107031032743075
855.5 1.0041430240493583 1.0087374825552164
855 1.004303866948901 1.0090595777227744
854.5 1.0048297456455038 1.0101335759993377
854 1.004426972188498 1.0093183885081567
853.5 1.0042274581331971 1.008910470996226
853 1.0046777403049014 1.0098187110159116
852.5 1.0048345078207377 1.0101253278400388
852 1.004230442727418 1.0089206431437456
851.5 1.0045562499748406 1.0095709653409353
851 1.0042680248763518 1.008987432875617
850.5 1.0044914458621583 1.009447943784876
850 1.0042209769042898 1.008900066436744
849.5 1.0045398467955733 1.0095306672154065
849 1.0046111760427505 1.0096931368740003
848.5 1.0046305972639458 1.0097335842643869
848 1.0040697120863078 1.0085827113849286
847.5 1.0042536850613373 1.0089762217070808
847 1.0041868010938713 1.0088222968060137
846.5 1.0038421666304764 1.0081351557805422
846 1.004285993629117 1.0090197617596013
845.5 1.0043498017942099 1.0091522058449012
845 1.0040790917909446 1.0086047691849684
844.5 1.0043605347804934 1.0091819582841832
844 1.0044090741433813 1.009279765798947
843.5 1.0045764625207667 1.0096149345477372
843 1.0041527149532186 1.0087535479479313
842.5 1.0034468230355547 1.0073509091502502
842 1.0040468174988169 1.0085612550749028
841.5 1.0037168938535683 1.007890078207562
841 1.0038906980775697 1.008229253518928
840.5 1.0040456290540385 1.0085591864484542
840 1.0039472331274928 1.00834641673682
839.5 1.0038776995505103 1.0082119894452697
839 1.003811330628342 1.0080725073783923
838.5 1.004185343440328 1.0088290665090929
838 1.0040514401858398 1.008564646152338
837.5 1.0036545994798727 1.0077553297987891
837 1.003941135211046 1.008331610095733
836.5 1.0041200920268933 1.0086984394975467
836 1.003528975010999 1.0075145507092793
835.5 1.004233187172652 1.0089182300047348
835 1.0038023013125208 1.008057978155803
834.5 1.0037504222417355 1.007947333537827
834 1.0033693284472829 1.007186653222579
833.5 1.003697215700513 1.00785155839007
833 1.0035294861592128 1.0075041460514642
832.5 1.003830848870526 1.0081137346466935
832 1.0036573934250246 1.007767118753168
831.5 1.004086547585351 1.0086212377570465
831 1.0034771227715946 1.007399766313351
830.5 1.0038497695357704 1.0081483059854193
830 1.003558714717559 1.0075617705277298
829.5 1.0036906045725569 1.0078314061210938
829 1.0036657563933151 1.0077800127008048
828.5 1.0036629978029066 1.0077817085059277
828 1.003488237783087 1.00742194888947
827.5 1.0034073829892525 1.0072612997430566
827 1.0035122116261894 1.0074752019858393
826.5 1.0034251367361198 1.0073046022206888
826 1.0032142731115659 1.0068850361382151
825.5 1.0041124056936908 1.0086820193919412
825 1.0038860515127859 1.0082221900989732
824.5 1.0034564879990013 1.0073686780444613
824 1.0032643598127189 1.0069804906446322
823.5 1.0033054693393657 1.0070490586456884
823 1.0036335534140661 1.007714049431639
822.5 1.0034921265369245 1.007434002073372
822 1.0038729295036084 1.008194740474319
821.5 1.0030837476143055 1.006608995488189
821 1.0034978932191194 1.0074460221403712
820.5 1.003395373140757 1.007236990137859
820 1.0027561436765535 1.0059586194024464
819.5 1.0033639160131673 1.007184176933133
819 1.0033990889645525 1.0072397577048344
818.5 1.0033434213857706 1.0071302291397348
818 1.0034413530807327 1.0073312748523242
817.5 1.0028978535607407 1.006237993197935
817 1.0033874836948735 1.0072239937153202
816.5 1.0036356291834128 1.0077163701451561
816 1.0031379861683098 1.0067292213365417
815.5 1.0037608166486223 1.0079706376367816
815 1.0029995181226756 1.0064493601380808
814.5 1.0027646181530507 1.0059804950025235
814 1.003186548602906 1.0068181196559254
813.5 1.0032349318217102 1.0069164518235976
813 1.0033497667913884 1.0071446756463123
812.5 1.003023113904361 1.0064804988135585
812 1.0030427407225369 1.006532559078394
811.5 1.0031579306978144 1.0067518301190272
811 1.0032865574400258 1.007019178146133
810.5 1.003464001423482 1.007377208277447
810 1.0029121553226534 1.0062665699866704
809.5 1.0028942493403066 1.006239576461408
809 1.002841047686633 1.0061211374924202
808.5 1.0034050192712511 1.0072576084794127
808 1.002688222906357 1.0058276902122414
807.5 1.002853390719629 1.0061487244622092
807 1.0035145145355344 1.007481150882429
806.5 1.0026927840915458 1.0058327068561794
806 1.0026928637901582 1.0058283452736818
805.5 1.003246019725072 1.0069406326209156
805 1.0024706910389143 1.0053841338925054
804.5 1.0023519616285943 1.0051560452018986
804 1.0025977201436014 1.0056415782044985
803.5 1.003227081617529 1.006911177075307
803 1.0027899685404968 1.0060258057277112
802.5 1.0033239843242883 1.0070979686056278
802 1.0029133401310408 1.0062718061492693
801.5 1.0025269498629288 1.0054974368579026
801 1.0034811458427582 1.0074095159949086
800.5 1.0027276231580466 1.0059047130578878
800 1.0027771391833376 1.005996639831974
799.5 1.0027215651449515 1.0058996496571335
799 1.002612664633241 1.0056680172260521
798.5 1.0027990274970826 1.0060496863073047
798 1.0026004233931558 1.0056439477384445
797.5 1.0022533599481211 1.0049422299993525
797 1.0026387617487644 1.005723606927882
796.5 1.0024940546422347 1.0054351135878674
796 1.002671931981175 1.0057902058004946
795.5 1.0018584474878196 1.0041582078840587
795 1.0025446040364505 1.0055271993444237
794.5 1.002343251398811 1.0051185038793014
794 1.0024805500503775 1.0054115128028844
793.5 1.0022607537030448 1.0049573254924198
793 1.0023428644944044 1.0051308143989401
792.5 1.0025817292512398 1.0056140740952442
792 1.0020080279890273 1.004456152955138
791.5 1.0022653683310898 1.004985659391353
791 1.002380911382892 1.0052095686492066
790.5 1.0018283617377601 1.0041028431820982
790 1.0021144786624363 1.004672716962672
789.5 1.002231359007469 1.0049086169304235
789 1.0022013675441788 1.0048429015876594
788.5 1.002214706075822 1.004875034205408
788 1.0020386834455914 1.0045127340431506
787.5 1.0020128766074232 1.004468874607839
787 1.0022299339583765 1.0049047558930722
786.5 1.002379451817013 1.005207320673644
786 1.0021250144872478 1.0046898343937862
785.5 1.0027494321808275 1.0059440100180395
785 1.0020688727016365 1.0045814076316308
784.5 1.0022945898095992 1.005033347787293
784 1.0023267557626694 1.0050852915174786
783.5 1.0016861970770463 1.0038106746612707
783 1.0016518727072776 1.003742699764645
782.5 1.002066243178096 1.0045752058460595
782 1.0021647462354992 1.004767644956902
781.5 1.0020687644445712 1.0045857816695316
781 1.0020830810727732 1.004602837068988
780.5 1.001812564504165 1.0040603480640289
780 1.002128118627534 1.0047101950240267
779.5 1.00192056435319 1.0042835524637295
779 1.0019729369292596 1.0043812258977116
778.5 1.0021678404931957 1.0047771141034447
778 1.0017246412040732 1.003900348531899
777.5 1.0022364587176644 1.004908772074778
777 1.0019964133644543 1.004439333366826
776.5 1.0017092993322356 1.0038623832005578
776 1.002181609789226 1.0048103400117696
775.5 1.0021198207315405 1.0046740783327521
775 1.002377442223426 1.0051986365814285
774.5 1.0017232327183516 1.0038884490318885
774 1.0021141508983074 1.004659078600595
773.5 1.0020434110075547 1.0045255863328895
773 1.0014962202780773 1.0034448980431165
772.5 1.001690732741249 1.0038195128992282
772 1.0019271321737273 1.004297453611354
771.5 1.0017888072612833 1.0040265894072324
771 1.001643042357031 1.0037286516252193
770.5 1.0017214903186873 1.003881617612891
770 1.0019522922510777 1.004349324311227
769.5 1.0015531607805852 1.0035514831781966
769 1.0018347798256626 1.0041011738271794
768.5 1.0014038533174687 1.0032445641956471
768 1.001694781703397 1.0038362187544259
767.5 1.0014678613303083 1.0033694600347514
767 1.001938241792724 1.0043214020496734
766.5 1.0014189499011377 1.0032777842512945
766 1.0009038558634724 1.0022522036431993
765.5 1.0017675339725303 1.0039782357042553
765 1.002305289396075 1.0050538422407633
764.5 1.0017489638024553 1.003933373727382
764 1.001464356322207 1.0033653345645959
763.5 1.0014298012353102 1.0032925464839593
763 1.0015415459104078 1.003520263236105
762.5 1.0013910938752255 1.0032143992099232
762 1.0013632893507358 1.0031720007130798
761.5 1.0016406665644728 1.0037198056861272
761 1.001447324525916 1.0033466812632341
760.5 1.0012582068939022 1.0029541057538751
760 1.0013104323073656 1.003059675322575
759.5 1.0012968040973134 1.0030338224163988
759 1.0013768688467095 1.0031937114195635
758.5 1.0011090001959386 1.0026499884685207
758 1.000976708946661 1.0023995754851798
757.5 1.0010177356639502 1.0024769645807248
757 1.0006712820309311 1.0017745400907718
756.5 1.001076767990153 1.0025942439217796
756 1.0014056156986224 1.0032442258230394
755.5 1.001291246931526 1.003017756551631
755 1.0013433614920864 1.0031321716764279
754.5 1.0011322917849048 1.0026945436047667
754 1.0011170264099847 1.0026748426997296
753.5 1.0007149215708309 1.001865937733098
753 1.0015076185915879 1.0034486998787067
752.5 1.0010703481846719 1.0025846584776898
752 1.0013441787105088 1.0031205172291076
751.5 1.0009235819971265 1.0022784520632977
751 1.0009545113799367 1.0023428985427556
750.5 1.0005111510085751 1.0014615508421152
750 1.0004228407643656 1.001287157697245
749.5 1.0005417070923133 1.0015288733275591
749 1.0009221618576811 1.002287638912928
748.5 1.000639625714358 1.0017193263542075
748 1.000596063092315 1.0016288516436458
747.5 1.0004664910887795 1.0013675030401405
747 1.000971562163226 1.0023843937576222
746.5 1.0008684085289328 1.0021811890890375
746 1.0006797341804325 1.00179754630545
745.5 1.0006488828578386 1.0017273018172732
745 1.00072626632216 1.0018946837639682
744.5 1.0006486372738834 1.001740152918828
744 1.00057678070927 1.0015954640490512
743.5 1.0005444457721044 1.0015139377064792
743 1.0002921328741272 1.0010186698416215
742.5 1.000875462164668 1.0021910895021393
742 1.0004895196687544 1.0014225909361048
741.5 1.0002443982596654 1.0009227185913818
741 1.000614095719433 1.0016691758063918
740.5 1.0005296052995856 1.0015117130857352
740 1.0005540348646442 1.0015571762933984
739.5 1.0003874376335138 1.0012162032805363
739 1.000718396903801 1.0018758980910631
738.5 1.0007304545692703 1.001902319011802
738 1.0005776599223177 1.001599618595083
737.5 1.0007310560085987 1.0019189728075208
737 1.0000806006579734 1.0006043890586196
736.5 1.0005282702954965 1.001499042513435
736 1.0004037097627563 1.0012571332395461
735.5 1.000383341723958 1.0012006763579702
735 1.0009931399939798 1.0024209397694908
734.5 0.9998606537979586 1.0001601072384567
734 1.000390565677034 1.0012191567347073
733.5 0.9998409954438966 1.0001366903267321
733 1.0001943021481945 1.000833418034582
732.5 1.0001624846210453 1.0007755810294838
732 1.0002114110897338 1.0008644461349612
731.5 1.00026872618339 1.0009767793977804
731 0.999873461178432 1.0001888818426559
730.5 1.0005565728927737 1.0015595168401157
730 0.9998552083560555 1.0001494394859551
729.5 0.9997326090078956 0.9999039961153153
729 0.9998216519437115 1.0000803314284046
728.5 1.000048547783466 1.0005417797367229
728 0.9999036914102368 1.0002414564316264
727.5 0.9999043634643596 1.0002464652992311
727 0.9999850681431302 1.0004030025236337
726.5 0.9997252446218254 0.999891503053807
726 0.9998813771663926 1.0002047317824232
725.5 1.0001515646228474 1.0007456120460438
725 1.0001426387969496 1.000724118326939
724.5 0.9999636116647613 1.0003772164584526
724 0.9997577923269582 0.9999563484176247
723.5 0.9997342315285449 0.9999130181316588
723 0.9997101406850276 0.9998611022576989
722.5 1.0001018353088273 1.000642143310088
722 0.9996756838581382 0.9997905898169085
721.5 0.9994513968072759 0.9993306436386283
721 0.9998470580204103 1.000136894339458
720.5 0.999669456588993 0.9997824503462289
720 0.9993192150882151 0.9990774847257721
719.5 0.9993786272389372 0.999201343590605
719 0.9994769109709133 0.9994002534830837
718.5 0.9998441109507515 1.0001355077757375
718 0.9996592462002113 0.9997460317337004
717.5 0.9998220104924143 1.0000838135937207
717 0.999936886921545 1.0003128029897126
716.5 0.9995969976358905 0.999634337204431
716 0.9997061401164762 0.9998545915586668
715.5 0.9991327786841895 0.9987088536712236
715 0.9995814310674346 0.9996069932682062
714.5 0.9998651841966701 1.0001720990348055
714 0.999620722271312 0.9996813392304933
713.5 0.9999385651798318 1.0003069810046696
713 0.999344895040977 0.9991327899730807
712.5 0.9997516944234818 0.9999481167785029
712 0.9991479794494339 0.9987562248070426
711.5 0.9989718526812282 0.9983860305023134
711 0.9994754558321076 0.9993903102769759
710.5 0.999083663912332 0.9985996694463117
710 0.9994434760433982 0.9993306956977566
709.5 0.9992478051235872 0.998940085416408
709 0.9992120640475952 0.9988676620742444
708.5 0.9988624572988191 0.9981782470116247
708 0.9993598269057461 0.9991609293764306
707.5 0.9991142154145974 0.9986620110529821
707 0.9992811249685726 0.9989994218884444
706.5 0.9993149229534002 0.999074198448635
706 0.9989315199041259 0.998315639998214
705.5 0.9995704196377593 0.9995744264921764
705 0.9991692112748829 0.9987856440280589
704.5 0.9990314247561046 0.9985156269922286
704 0.999082668393601 0.9986058031112593
703.5 0.9985959891478922 0.9976283332464785
703 0.9989933014245848 0.9984279897651972
702.5 0.9989493919437511 0.9983466864425286
702 0.9988704153904485 0.9981867451943714
701.5 0.9990008748042203 0.998439931069145
701 0.9989753006653173 0.9984006551445377
700.5 0.9984886910521448 0.9974309460920742
700 0.9986408870153501 0.9977250526605566
699.5 0.998773589618 0.9980022851708349
699 0.9985222276640946 0.9974934114212248
698.5 0.9986783482922056 0.9977997456926864
698 0.9990974460351488 0.9986382954411558
697.5 0.9981853500922846 0.9968263029017781
697 0.9984125800058127 0.997263566013695
696.5 0.998514707511082 0.9974691149496636
696 0.9982860870171987 0.9970213064209219
695.5 0.9985833248903173 0.9975989789021752
695 0.9982683900079229 0.9969755781059625
694.5 0.9983526528868216 0.9971603616392969
694 0.9988495953906223 0.9981378805461525
693.5 0.9982855984863596 0.9970206966693578
693 0.9984331270058725 0.9973153449684872
692.5 0.9985620490716498 0.9975690936806797
692 0.9979032185302225 0.9962584425900161
691.5 0.9985305434297236 0.9975115964862872
691 0.9986682133648936 0.9977860268125527
690.5 0.9981390779247585 0.9967306849791979
690 0.9984540001333009 0.9973529836074816
689.5 0.9988406855220722 0.998123533995778
689 0.9986702431880734 0.9977793385088989
688.5 0.998183681133317 0.9968026597963898
688 0.9983393859219771 0.9971171472902433
687.5 0.9981415583519189 0.9967230639429868
687 0.9980704439288761 0.9965772884044792
686.5 0.9979427391182781 0.9963221138252729
686 0.9980674683421105 0.9965802336301409
685.5 0.9983332715266852 0.9971244751555014
685 0.9976078006951958 0.9956658555817381
684.5 0.9977685597637727 0.9959829519842742
684 0.9977809248772178 0.9960181825919352
683.5 0.9982797654387238 0.9970108857058719
683 0.9976161814569726 0.9956817688181648
682.5 0.9981684492599133 0.9967970438152264
682 0.9981609030441101 0.9967611561884215
681.5 0.9973512926962491 0.995162227365605
681 0.9978439766665019 0.9961343317377557
680.5 0.9978186427074858 0.9960718412886467
680 0.9978435645139463 0.9961420793722813
679.5 0.9974695274382344 0.9954001464261194
679 0.9980429387713601 0.9965382238488226
678.5 0.998237459383601 0.9969265015481583
678 0.9974602325013994 0.995367032670827
677.5 0.997576124275545 0.9956020307235247
677 0.9976913807645889 0.9958315513122273
676.5 0.9973649465197327 0.9951884797698517
676 0.997501194648986 0.9954518143971635
675.5 0.9979942111344065 0.9964298241255061
675 0.9968023828838588 0.9940542021602669
674.5 0.9978127433557856 0.9960732096052897
674 0.997416317635212 0.995290703099694
673.5 0.9978612450552621 0.9961696546528213
673 0.9972485008738579 0.9949522321220878
672.5 0.9973801015268218 0.9952036786405638
672 0.9967775667986748 0.9940105029586164
671.5 0.9969892411497484 0.9944145396940995
671 0.997314719385647 0.995077994227223
670.5 0.9977296287988828 0.9959160102784907
670 0.9971638239718329 0.9947752709558547
669.5 0.9976407735869974 0.9957240164568324
669 0.997854374097767 0.9961594371683231
668.5 0.9975811920135679 0.9956035916402295
668 0.9969450368589284 0.9943533531445461
667.5 0.9976797266124208 0.9958062236727725
667 0.9972202621905717 0.9948972070441684
666.5 0.9969914035518896 0.9944412023299828
666 0.9971005796694401 0.994659959859035
665.5 0.9970715227585062 0.9946018130845661
665 0.997665405563904 0.9957841879390047
664.5 0.9968514290239388 0.9941554161259928
664 0.9975844123999396 0.9956085005742383
663.5 0.9966482335282083 0.99375132326789
663 0.996972889648322 0.9943973151413863
662.5 0.9965642158658526 0.9935839108371608
662 0.9965782461043301 0.9936082134635328
661.5 0.9975739053435375 0.9956017043151368
661 0.9967875359364272 0.994028632420953
660.5 0.9968356500753968 0.9941272640097425
660 0.9971427137079749 0.9947376005495877
659.5 0.9963815218611247 0.9932158272305222
659 0.9972572607714815 0.9949624327639216
658.5 0.9970161394809809 0.9944789157402418
658 0.996956117923349 0.9943664884648408
657.5 0.9965868019700792 0.9936301498919894
657 0.9968214844730322 0.9941030514355806
656.5 0.9968923776840837 0.9942436624802478
656 0.9964396213263327 0.9933245155187612
655.5 0.9965814609623975 0.993617051305894
655 0.9960641804634927 0.9925749307675983
654.5 0.9967862098040782 0.9940327276145262
654 0.9964585476545781 0.9933679189130273
653.5 0.9957769470527738 0.9920094640750868
653 0.9964943884815541 0.9934517766233084
652.5 0.9962771436569361 0.9930057524347268
652 0.9967680868317862 0.993990389815668
651.5 0.996547774629905 0.9935551973639725
651 0.9964666736236263 0.9933864050261783
650.5 0.9964175724113383 0.9933050795083394
650 0.9963147958266179 0.9930776081395472
649.5 0.9960448318109153 0.9925355095380786
649 0.9962515969889 0.9929661043534854
648.5 0.9959052498170858 0.9922751773631886
648 0.9966054638826846 0.9936661891401198
647.5 0.996063794641333 0.9925879610475561
647 0.9959419932806398 0.9923461037296563
646.5 0.9961919580461843 0.9928435140352637
646 0.9966057890353935 0.9936633948904294
645.5 0.9960831111637891 0.9926223122703092
645 0.9962779271658582 0.9930175823255324
644.5 0.9960112580534008 0.9924831964393804
644 0.9961162644660146 0.9926998046877873
643.5 0.9960658966489 0.9925952002851167
643 0.9953229222795552 0.9911204498417716
642.5 0.9957755021723883 0.9920148395678373
642 0.996458439806892 0.9933710495433264
641.5 0.9959610204485926 0.9923748752001351
641 0.9954610649748439 0.9913744992996633
640.5 0.9961292464023518 0.9927123302322975
640 0.995665159568499 0.9917808677364872
639.5 0.9955597528496255 0.9915816831253588
639 0.9958222712052323 0.9921180499068034
638.5 0.99575878638136 0.9919806475900259
638 0.995559389742583 0.99158461123274
637.5 0.9959777579519561 0.9924108293156759
637 0.995726270894792 0.9919230551481145
636.5 0.9959289965429993 0.9923145339314909
636 0.9958716537430414 0.9921955380204409
635.5 0.9953378548682412 0.9911390901569427
635 0.9958675676310632 0.9921965623764306
634.5 0.9958035256214336 0.9920684598399103
634 0.9951462212654814 0.9907509388994815
633.5 0.9954400090133724 0.9913396090467325
633 0.995329408367973 0.991131571566391
632.5 0.9954138146034707 0.9913010477831947
632 0.9953440752406858 0.9911543678101695
631.5 0.9956103302242144 0.9916877889426088
631 0.9952859576648752 0.9910369842561598
630.5 0.9949557192471233 0.9903938594871092
630 0.9954266102448416 0.9913195153121346
629.5 0.9951017074925258 0.9906664576918416
629 0.9954202475645483 0.9913048670383042
628.5 0.9954838992611819 0.9914382722317637
628 0.9951020505993834 0.9906790734341866
627.5 0.9951447960825379 0.9907607002531025
627 0.9950085947454085 0.9904864134051747
626.5 0.9945832406055606 0.989652065200858
626 0.9953254532718213 0.9911143895261787
625.5 0.9951226204591196 0.9907158291180045
625 0.9949775691968206 0.9904377175321314
624.5 0.9947735190299458 0.9900148549311232
624 0.9948756149551072 0.990232228947887
623.5 0.9945050918877406 0.9894889711526551
623 0.9953394974549239 0.9911372212908751
622.5 0.9948185781604856 0.9901130205677963
622 0.9949333183137782 0.9903328692652081
621.5 0.9952938168040534 0.9910464079481225
621 0.995126625437303 0.9907256096591179
620.5 0.994932790514901 0.9903454511235469
620 0.9943025917521721 0.9890930410492886
619.5 0.9944509270246764 0.9893626426651319
619 0.9949760447476695 0.9904163540299556
618.5 0.9944643684672431 0.989407734695449
618 0.9945882420672838 0.9896471974702526
617.5 0.9945575679998293 0.9895997592796967
617 0.9945434072114555 0.989569214879242
616.5 0.9942879414714766 0.9890636922101881
616 0.9942178860742829 0.988917035754331
615.5 0.9939086677798783 0.9883046430351761
615 0.9946820890481087 0.9898276366288414
614.5 0.9942583952356281 0.9890035933891681
614 0.9943080037143354 0.989082432616178
613.5 0.9938470323688997 0.9881768332387706
613 0.9945595991061665 0.9896032583175236
612.5 0.994011992532078 0.9885118075836917
612 0.9935849561249036 0.9876597642363555
611.5 0.9939579181163759 0.9884050144576655
611 0.9940226890530537 0.9885340723121246
610.5 0.994168650777555 0.9888216074852643
610 0.9941908765820294 0.9888579149426362
609.5 0.9943200194785214 0.9891130646552667
609 0.9938756441219492 0.9882340667471617
608.5 0.9945999819122463 0.9896746318305903
608 0.9942380761056204 0.9889612156945172
607.5 0.9937305612897711 0.9879452206317737
607 0.9943384889457766 0.9891609967265447
606.5 0.9944137136955712 0.9893089346756145
606 0.9938181852721556 0.9881200030294546
605.5 0.9941481096265036 0.9887716764872008
605 0.9941843582059027 0.9888566072725082
604.5 0.993465185305221 0.9874244482467747
604 0.99379472521723 0.9880719351229947
603.5 0.9938355254259553 0.988157904238667
603 0.9934463467116927 0.9873833308621759
602.5 0.993550882797803 0.9875896006010286
602 0.9938368471663133 0.9881545828771519
601.5 0.9937446277470121 0.9879707164383857
601 0.9937180413383856 0.987929858555934
600.5 0.9932740658773219 0.9870418115347278
600 0.9939060665429459 0.988300515168285
599.5 0.9936675166257922 0.9878178661131071
599 0.9936298954469251 0.9877461692875142
598.5 0.993098095680163 0.9866906502698042
598 0.993080403675666 0.986662576632166
597.5 0.9937207599830743 0.9879259893779837
597 0.9933677865392695 0.9872316240941205
596.5 0.9928123810293416 0.9861242438319692
596 0.9925205939876451 0.9855465513706887
595.5 0.9934058826595797 0.9873014526146392
595 0.9934023747286259 0.9872968724440985
594.5 0.9932858511882117 0.9870600527996486
594 0.9936342904204399 0.9877680811858329
593.5 0.9932898898823466 0.9870754306624739
593 0.9929229120522447 0.9863536714665605
592.5 0.992556103000171 0.9856103440543973
592 0.9933468579355703 0.9871921280679167
591.5 0.9924661476763554 0.985445739300452
591 0.9930747500610297 0.986648414026972
590.5 0.9928305845340462 0.9861623190575926
590 0.9929477364464592 0.9864090164189774
589.5 0.9930571961320934 0.9866017596185723
589 0.9926207453658267 0.985761895115447
588.5 0.9926234415279042 0.9857507350158665
588 0.9926384223936645 0.9857668041738155
587.5 0.9927901883381238 0.986082206918574
587 0.992698536092631 0.9859072160889965
586.5 0.9931046482368417 0.986701626760035
586 0.9922814148099148 0.9850776923181643
585.5 0.9928213385339123 0.9861448282616909
585 0.9925387702051451 0.9855883471810031
584.5 0.9927015162046856 0.9858987273513595
584 0.9922230842138507 0.9849530394385695
583.5 0.9924288274388376 0.985363368930691
583 0.9928244808107852 0.9861525394179143
582.5 0.9923083171536389 0.9851234556029136
582 0.9925100021515106 0.98551536707293
581.5 0.9920872229059062 0.984691488800997
581 0.9930451413490948 0.9865907109907642
580.5 0.992593109943901 0.9856946872487629
580 0.9922316749004272 0.9849633142359075
579.5 0.9923536237329478 0.98520606894172
579 0.991882829337484 0.9842821296375052
578.5 0.992127024623224 0.9847578482666347
578 0.9926017034500438 0.9857060164763943
577.5 0.992310025002577 0.9851276746427882
577 0.9920101735959875 0.9845296218980037
576.5 0.9919193296908594 0.9843427086124495
576 0.9917649790985825 0.9840467706151315
575.5 0.9916229717613888 0.9837614846583022
575 0.9918056997901741 0.9841157089630205
574.5 0.9914523257404455 0.9834160502627209
574 0.9918692759479252 0.9842590936607186
573.5 0.9922065842547553 0.9849198712105612
573 0.9920611693437575 0.9846306364710267
572.5 0.9914794387635513 0.9834671594784468
572 0.9921329999957912 0.9847863457320608
571.5 0.992117312560337 0.9847612339064273
571 0.9911904797500426 0.9829077066145192
570.5 0.9910335756293482 0.9825873962427069
570 0.9919871664331574 0.984479062164584
569.5 0.9915020366716348 0.9835168252622253
569 0.9912104844993563 0.9829427492286884
568.5 0.9909638625775462 0.9824649704320361
568 0.9914696354472982 0.9834612584918049
567.5 0.9912258766128609 0.9829809222332605
567 0.9913646066584534 0.9832468991623472
566.5 0.9910993525689772 0.9827167486054593
566 0.9912234483724839 0.982968403300422
565.5 0.9909782070823192 0.9824844056742047
565 0.9915017829904147 0.9835180446018297
564.5 0.9917031630629671 0.9839165781286245
564 0.9916164443959823 0.9837444412510061
563.5 0.9911235905736939 0.9827803494911638
563 0.990631995606127 0.9817904583580186
562.5 0.9911529468969936 0.9828327068085418
562 0.9909730619270356 0.9824818815570981
561.5 0.99100903572977 0.9825532396868207
561 0.9904149752735896 0.9813736010429911
560.5 0.9908812269277223 0.9822883598376785
560 0.9908002651989944 0.9821321108132233
559.5 0.9915761636858123 0.9836694311802261
559 0.9908627790792257 0.982253389237995
558.5 0.9909950345719857 0.982525412026167
558 0.9908580568757733 0.9822561581878836
557.5 0.9905163542480427 0.9815645791266135
557 0.9908860190206448 0.9823084350363078
556.5 0.9906873927710391 0.9819175661515728
556 0.9906456516691188 0.9818266108337246
555.5 0.9902300599002172 0.9810225016876057
555 0.9903487778789227 0.9812487204050697
554.5 0.9901510053403023 0.9808546743259061
554 0.9903261318740273 0.9812002213309103
553.5 0.9899752557562658 0.9804984714085736
553 0.9902344100943516 0.981012209113256
552.5 0.9896345689277746 0.9798250853496613
552 0.9897539192623396 0.9800558645005635
551.5 0.9901455007925627 0.9808451348980999
551 0.9901038459695329 0.9807492296569588
550.5 0.9900615494956561 0.9806602144491866
550 0.9901606678372177 0.980870973893999
549.5 0.9896308577245067 0.9798197627421449
549 0.9902860012149203 0.9811196316641472
548.5 0.9897936155944206 0.9801453156729943
548 0.989904671086794 0.980350982868284
547.5 0.9899500417987596 0.9804618952015833
547 0.9899347648345024 0.9804160817441395
546.5 0.9900060602443698 0.9805710295758718
546 0.9893944011807393 0.9793440874316778
545.5 0.9898271235691348 0.9802058277901894
545 0.9900462516121984 0.9806444329936933
544.5 0.9890080148335708 0.9785857916183377
544 0.9895359685453097 0.9796368655451614
543.5 0.989818259961174 0.9801939172869977
543 0.9892837688922731 0.9791439403164129
542.5 0.988985875596358 0.978549447600118
542 0.9894799374560934 0.9795250393225394
541.5 0.9891200112976125 0.9787982898867423
541 0.9888294059528613 0.9782429049734489
540.5 0.9889903032250024 0.9785461755369156
540 0.9892185745660634 0.979015037681414
539.5 0.9897150835284332 0.979991539365207
539 0.9897111628753535 0.9799925734691909
538.5 0.9892802296483008 0.9791213706636784
538 0.989681718502452 0.9799205133390856
537.5 0.98894462634372 0.978458389108978
537 0.9885694713647104 0.9777180853365692
536.5 0.9895570475323017 0.9796795800650597
536 0.9892696598319781 0.9790983458341256
535.5 0.9890114120506355 0.9785952180970361
535 0.9887391714501639 0.9780625558231102
534.5 0.9890798216770691 0.9787248858409361
534 0.9887221054588397 0.9780314257760253
533.5 0.9894886433393685 0.9795440500173087
533 0.9886727561974964 0.9779196789078681
532.5 0.9883658602958868 0.9773326015863311
532 0.9887061026035988 0.9779841717571232
531.5 0.9886851693638019 0.9779496206932354
531 0.988589458159061 0.9777598973646034
530.5 0.9885938011307726 0.9777843308727803
530 0.9886071608239021 0.9777884904417462
529.5 0.9882611903737978 0.9771092417948773
529 0.9885123122892179 0.9776048880283338
528.5 0.9882189829601385 0.9770306839137313
528 0.9883506046957105 0.9772851961120269
527.5 0.9886962346481126 0.9779683311275925
527 0.9882224861203807 0.9770434074835775
526.5 0.9878431635573263 0.9762855947074572
526 0.9884915094073834 0.9775674624572167
525.5 0.9882093956003196 0.9770161239024434
525 0.9883590507194028 0.9773049718637334
524.5 0.9878331301290644 0.9762650670893962
524 0.9876536382008804 0.9759232766035463
523.5 0.9883243410650614 0.9772312551651408
523 0.987873109217719 0.9763458718886185
522.5 0.9878590385403926 0.9763148683820406
522 0.9881244381222029 0.976842075708213
521.5 0.9878356247428834 0.9762879402512461
521 0.9876863108943863 0.9759672295319632
520.5 0.9876729528402322 0.975952070726298
520 0.9876929203939219 0.9759994237251023
519.5 0.9878966354718143 0.9763879798449131
519 0.9876797129616139 0.9759703854648966
518.5 0.9874181849482292 0.975442857821498
518 0.9878659068849045 0.9763254165927
517.5 0.9877926010565355 0.9761847434286831
517 0.9874494977734707 0.975491190637792
516.5 0.9877803138766336 0.9761710893663557
516 0.9876016677864283 0.9758143406226842
515.5 0.9876706784641245 0.975959904334019
515 0.9870774514675797 0.9747544777602953
514.5 0.9871712237445122 0.974955666502653
514 0.9871982850213753 0.9750018352569084
513.5 0.9871150171890307 0.9748557771873023
513 0.9869903952775116 0.9746054681788545
512.5 0.9874966189106377 0.9755882822005697
512 0.9864955538668938 0.9736221813186564
511.5 0.9869112097161703 0.9744509172302585
511 0.9866451053689261 0.9739128391840184
510.5 0.9870477532360483 0.9747201936027384
510 0.9866102486539674 0.9738569079730578
509.5 0.9867625167423312 0.9741513945246336
509 0.9870179722110813 0.9746513349142271
508.5 0.9867593542449489 0.9741590961251294
508 0.9873146319940842 0.9752441885231536
507.5 0.986564665029744 0.9737509423753511
507 0.9866671834286372 0.9739530539630639
506.5 0.9861992845863928 0.9730421299195634
506 0.9864490949909354 0.9735393038839397
505.5 0.9863798516236456 0.9734064412449248
505 0.9867809212807362 0.9741932840460005
504.5 0.9867546966572202 0.9741410118854934
504 0.98622555026984 0.9730935565347433
503.5 0.9860690440371299 0.9727823164877535
503 0.9857646047346132 0.9721852162904483
502.5 0.9863201267418957 0.9732879591445553
502 0.9864092129237677 0.9734506607178725
501.5 0.9863216637007909 0.9732931459168691
501 0.985977540006656 0.972605752672603
500.5 0.9857410613658688 0.9721393328715354
500 0.9858353767838964 0.9723338389090547
499.5 0.9859967787180401 0.9726506315094489
499 0.986157225708749 0.9729684584908335
498.5 0.9855713564452802 0.971805310226119
498 0.9855420554161203 0.9717463994875754
497.5 0.9858281276040828 0.9723103875083249
497 0.9857242023361221 0.9721154737005752
496.5 0.9858837829254213 0.972420649841845
496 0.9854269476551328 0.9715194729334883
495.5 0.985992227814014 0.9726325568644728
495 0.9856918772543204 0.9720474291224056
494.5 0.9854528208362819 0.9715672025163162
494 0.985560448367085 0.9717895269593373
493.5 0.9847368837470902 0.9701676041932404
493 0.9857551452052897 0.9721903343064214
492.5 0.9853790992683339 0.9714332701216966
492 0.9856135372806859 0.9718791960634531
491.5 0.9852993906642311 0.9712668491486812
491 0.98507762167924 0.9708338484210471
490.5 0.9849471805420668 0.9705748245582397
490 0.9847758352919068 0.9702355059246084
489.5 0.9851774049367528 0.9710331020085216
489 0.9847642678717349 0.9702280550829194
488.5 0.984793582458044 0.9702653686670567
488 0.9849831082325053 0.9706506543627211
487.5 0.9844326202383932 0.9695675959384522
487 0.9846147840354376 0.9699230006627421
486.5 0.9844407043906623 0.9695742744319503
486 0.9842453503902358 0.969199333309573
485.5 0.9849452323040546 0.9705595288529847
485 0.9846469734520151 0.9699786159357676
484.5 0.9844486871297401 0.9695771291183881
484 0.9843281359222542 0.9693514270367015
483.5 0.98434538230735 0.9693909289858595
483 0.984100196603419 0.9689087927742448
482.5 0.9840060501348059 0.9687137624592508
482 0.9843250599797928 0.9693547547498761
481.5 0.9841969443205572 0.969114301743933
481 0.9839663547758823 0.9686401583579669
480.5 0.9846258062447347 0.9699428235887475
480 0.9844345049795616 0.9695558457721345
479.5 0.9842151226552635 0.9691316458146261
479 0.9838306448972858 0.9683826664330443
478.5 0.9841059640315718 0.9689268061023107
478 0.9840837750315926 0.9688788499415022
477.5 0.9836680380922188 0.9680676018794624
477 0.983990018119181 0.968705081592622
476.5 0.983765798727381 0.9682436248308505
476 0.9841238225926737 0.9689549542776577
475.5 0.9836755338754396 0.9680686829359219
475 0.9836664078702059 0.9680662397276848
474.5 0.9840008933292482 0.9687105493994397
474 0.9834132565622227 0.9675550550229436
473.5 0.9835125858652286 0.9677586636528301
473 0.9836634092509488 0.9680548359282907
472.5 0.9833527045128194 0.9674341204559013
472 0.9829324244458543 0.9666260967840588
471.5 0.9831207510591686 0.9669867526248066
471 0.9829976369512663 0.9667439665668754
470.5 0.9831434230886483 0.9670325784926915
470 0.9829700097976625 0.9666910029412142
469.5 0.9827611601738221 0.9662751222633392
469 0.9828594394939137 0.9664642389360911
468.5 0.9829510598352195 0.9666337741756681
468 0.9829675574431176 0.9666828522865637
467.5 0.9830715173384112 0.9668926175466952
467 0.9830385321128509 0.9668158590020057
466.5 0.9826962324411932 0.9661501362602334
466 0.9826057908781132 0.9659771662340428
465.5 0.9824288878845159 0.9656167676438275
465 0.9825059253368641 0.9657675777643725
464.5 0.9825584258284427 0.9658863344417074
464 0.9821794061671419 0.9651246757477905
463.5 0.982053223447766 0.9648832855108703
463 0.982319635880683 0.9654109931146367
462.5 0.9818111702451583 0.9644035953456151
462 0.9823119800023842 0.9653929201980976
461.5 0.9823274730716358 0.9654250231422761
461 0.9818656140232325 0.9645210051926697
460.5 0.982770917838049 0.9662759481391168
460 0.9819147178966329 0.9646088327888397
459.5 0.981396239348098 0.963589844093644
459 0.982059231224498 0.9649039267260358
458.5 0.9814279281078361 0.9636607519365711
458 0.9817453436888868 0.9642791567893951
457.5 0.9814590289852186 0.9637234447016909
457 0.9815069163985269 0.9638126710050683
456.5 0.9812741936227083 0.9633618837397947
456 0.9817253348587907 0.9642444648392764
455.5 0.9811015421297247 0.9630142144246979
455 0.981239224320908 0.9632833590271175
454.5 0.980994408403731 0.962799893449105
454 0.9814989427724075 0.963791308751819
453.5 0.980572301384924 0.9619842978172986
453 0.9809458195437959 0.9627050021533475
452.5 0.9813448460370309 0.963492221080288
452 0.9814851200511379 0.9637654873264889
451.5 0.981200223167664 0.9632260827315641
451 0.9808847058993935 0.9625883183203805
450.5 0.9807703563102608 0.9623699235293743
450 0.9807284278312799 0.9622790991150414
449.5 0.9809219026312885 0.9626634731620619
449 0.981311870347714 0.9634318796538659
448.5 0.9807683413519225 0.9623686910558998
448 0.9805367059539477 0.9619156979284031
447.5 0.9806778365943359 0.962193859070899
447 0.9803889237517892 0.9616134546689414
446.5 0.9802993963725508 0.961445906743597
446 0.9806832715213256 0.9621984334750678
445.5 0.980480610766443 0.9618026834459839
445 0.9802602738531211 0.9613732502611732
444.5 0.9809987077092581 0.962819694098782
444 0.9798916287840904 0.9606450552006682
443.5 0.9804546462023158 0.9617404849868445
443 0.9797938327815495 0.9604591123057995
442.5 0.9799138086383764 0.9606900837072265
442 0.980095150326488 0.9610502761756775
441.5 0.9798411006221787 0.9605326982652719
441 0.9798196975595493 0.9605070794356033
440.5 0.9795792754687546 0.9600350690022051
440 0.9796717178042113 0.9602308767048211
439.5 0.979888919167998 0.9606451174816023
439 0.9791298634119153 0.9591505618239216
438.5 0.9797491083332122 0.9603528490733811
438 0.9797472317982459 0.9603481792411631
437.5 0.9797198307635551 0.9603156321694793
437 0.9792876156077457 0.9594638307693774
436.5 0.9795727586418691 0.9600222003508441
436 0.9792078831463484 0.9593130869330311
435.5 0.9791097996505407 0.9591170350511637
435 0.9789110084086468 0.9587317294320425
434.5 0.9794988902672009 0.95985938487682
434 0.9793392066885676 0.9595590377457931
433.5 0.9788154639289797 0.9585337358097933
433 0.9790748443911841 0.9590361964202196
432.5 0.9789240614500027 0.9587597750645082
432 0.9788060218139326 0.9585111265383975
431.5 0.9790190339344438 0.9589438629871992
431 0.9783973660042569 0.9577271683588175
430.5 0.978679984441918 0.9582703303678739
430 0.9784067450751618 0.9577336513464414
429.5 0.978683563111392 0.9582885239234278
429 0.9783926472260498 0.957702748660695
428.5 0.9786965040650917 0.9583044835391014
428 0.9784302919849739 0.9577958594693939
427.5 0.9783139754542364 0.9575633275849273
427 0.9773706829406392 0.9557096271151552
426.5 0.9783341935097413 0.9575809743498777
426 0.9785239345053521 0.9579716855004886
425.5 0.9782873794189029 0.9575047874074536
425 0.9778476762483322 0.9566547036692872
424.5 0.9780292126683976 0.9569960487471616
424 0.9778676904252684 0.9566861896770734
423.5 0.9773703854859032 0.9557129495789475
423 0.9777967830172808 0.9565422080522825
422.5 0.9778832907035842 0.956717823406107
422 0.9773921613898643 0.9557601867028741
421.5 0.977752695594519 0.9564638035879596
421 0.9775003787389065 0.955963375775002
420.5 0.9772897031855867 0.9555482001880914
420 0.9770924561270202 0.9551750374712953
419.5 0.9766055733215682 0.9542161745308816
419 0.976889081552012 0.9547797037716137
418.5 0.9768657170854278 0.9547333415714966
418 0.9769270296939885 0.9548583031252631
417.5 0.977597506665621 0.9561424297522892
417 0.977056350688062 0.9551032900610664
416.5 0.977290308147376 0.9555616323220313
416 0.9772458493298058 0.9554641794391442
415.5 0.9767923593497716 0.954573543543339
415 0.9768864451906132 0.9547757904508604
414.5 0.9766395019795154 0.9542816987084604
414 0.9763766983641552 0.9537692252782075
413.5 0.9762221387739347 0.953474219930023
413 0.9764748724352216 0.9539595131714789
412.5 0.9763215375204873 0.9536682608602586
412 0.9760089383082504 0.95305830553847
411.5 0.9757685535357838 0.9525951670861129
411 0.9761990814691456 0.9534259888042373
410.5 0.9757391149708093 0.9525526661234827
410 0.9760905701340913 0.9532172676812372
409.5 0.9757516412243376 0.9525514813522569
409 0.9755204608590373 0.952106271389065
408.5 0.9755139967961585 0.9521031137313498
408 0.9755020607675982 0.9520630655133239
407.5 0.9747383777909755 0.9505686560162935
407 0.9755084208104382 0.9520700351898852
406.5 0.9753287578301127 0.9517284028908719
406 0.9754719239523248 0.9520029602551365
405.5 0.9753602538476994 0.9518009605874485
405 0.9752181724723088 0.9515245888785099
404.5 0.9754376662087827 0.9519388150605032
404 0.9751512107834969 0.9513782697041664
403.5 0.9756340928821479 0.9523157624888484
403 0.9748779356149406 0.9508361113222131
402.5 0.9745966179854506 0.9503099902292045
402 0.9747916588137586 0.9506879026358438
401.5 0.9747784470685358 0.950655509345054
401 0.974780535645557 0.9506490007807695
400.5 0.9748625138945878 0.9508115987225418
400 0.9743405270229193 0.9498055607760129
399.5 0.9742555637918067 0.9496291441878651
399 0.9745183471303649 0.950146439876687
398.5 0.9743798870511575 0.9498809936862683
398 0.9742252108154291 0.949570653174705
397.5 0.9745730902296169 0.9502544268722205
397 0.9738796881176474 0.9489183786795756
396.5 0.9739844382263855 0.9491130896203828
396 0.9744693229269835 0.9500586244055715
395.5 0.9738873668767405 0.9489214119797164
395 0.9739302344585784 0.9490193263686386
394.5 0.973897242387543 0.948939607968153
394 0.9735291713445055 0.948232479637451
393.5 0.9733207882534523 0.947811553970062
393 0.9737982103673215 0.9487497949844124
392.5 0.9732849496899774 0.9477365297230496
392 0.9731956224971783 0.9475686976004172
391.5 0.9728135453428659 0.9468295624800784
391 0.9730650716504434 0.947319589672843
390.5 0.9730947327828218 0.9473928838508031
390 0.97347812770735 0.948113208475845
389.5 0.9731910998753587 0.94756501898365
389 0.9729362491896352 0.9470646711167809
388.5 0.9725918576637795 0.9463885367215719
388 0.9728310476823976 0.9468548158831653
387.5 0.9730116097986254 0.947221404137555
387 0.9727975320087929 0.9467977826816065
386.5 0.9724841203052105 0.9461786393588827
386 0.9725024904181168 0.9462187412905587
385.5 0.9720066720713935 0.9452562748837107
385 0.972479820233452 0.9461804203151928
384.5 0.9722694898774755 0.9457761758485531
384 0.9720842302989188 0.945407376950125
383.5 0.9722935131969659 0.9458124244034539
383 0.9720261365756123 0.9452988366716721
382.5 0.9716440403222635 0.944558414849317
382 0.9716644834662693 0.9446000891878162
381.5 0.9714791682352227 0.9442489115015934
381 0.9718106706087736 0.9448824238328798
380.5 0.9718900942485215 0.9450432038988364
380 0.971046353496964 0.9433875392470696
379.5 0.9712118085739937 0.9437194474098577
379 0.9713122513459835 0.9439133596297328
378.5 0.9713760783633589 0.9440437592080463
378 0.9712758611641522 0.9438376263949084
377.5 0.9713683361143797 0.9440151186295646
377 0.9714124363662507 0.9440966859637279
376.5 0.9716568732774045 0.944592480610906
376 0.9705536337637742 0.9424461560390317
375.5 0.9708119769028344 0.942947522259005
375 0.9706129151105309 0.9425453567512583
374.5 0.9696148215031986 0.9406143421996699
374 0.9701362355863002 0.9416223444384221
373.5 0.9702279998771411 0.941814643660968
373 0.9698010727913888 0.9409693088939294
372.5 0.9703950740242409 0.9421327110783368
372 0.9705168058953902 0.9423707976183471
371.5 0.9694546393479928 0.9403148422928064
371 0.9694367076380188 0.940268628313667
370.5 0.970059458592255 0.941473945528322
370 0.969608490633272 0.940606973717986
369.5 0.969643990050732 0.9406707638180627
369 0.9700055406818278 0.9413798771834571
368.5 0.9694785682423878 0.9403494157608975
368 0.9698531779870241 0.9410898302045368
367.5 0.9688559106807452 0.9391604448379562
367 0.9694231451770366 0.940252977332418
366.5 0.969327253494277 0.94006240233012
366 0.9690344179047204 0.9394971494389581
365.5 0.9692435561741141 0.9398927045488772
365 0.9687489405620829 0.9389447168781835
364.5 0.9686926617413446 0.9388283921919606
364 0.9690072070946095 0.9394333747305373
363.5 0.9686368209865375 0.9387322221234384
363 0.9684006765538428 0.9382738048147542
362.5 0.9685382090034609 0.9385361434478929
362 0.9685532797379658 0.9385658796978035
361.5 0.9682161593697293 0.9379023311076993
361 0.9683521446980439 0.938160259058805
360.5 0.9677933834491248 0.9370888871093799
360 0.9674238899009666 0.9363791693652213
359.5 0.9680825472695174 0.9376560848492583
359 0.9673840320800282 0.9363093764232694
358.5 0.9676235443680328 0.9367474977557836
358 0.9681288221262592 0.9377429972820478
357.5 0.967535307808987 0.9365886160308955
357 0.9673484456039139 0.9362390551804897
356.5 0.9674330591625045 0.9363768299560442
356 0.9677597587692366 0.9370320257455672
355.5 0.9665930029291367 0.9347668346011295
355 0.9670709418679901 0.9356870060596231
354.5 0.9682188954815286 0.937910101058225
354 0.9671945470877387 0.9359384627686524
353.5 0.9663475413629243 0.9343019957763378
353 0.9669935821837559 0.9355322565005856
352.5 0.9665244120573122 0.9346330337472131
352 0.9662317720836804 0.9340787871275578
351.5 0.9659275077046289 0.9334860534446439
351 0.9660947144426151 0.9338058766508741
350.5 0.9664929493675811 0.9345681102696686
350 0.9664774405989919 0.9345405177328525
349.5 0.9663475324936291 0.9343011421981053
349 0.9667086139239973 0.9349944497846123
348.5 0.9659535827049763 0.9335287911634036
348 0.966069524287595 0.933757762650268
347.5 0.9663354173711355 0.9342693947978316
347 0.9661773638796693 0.9339565750265847
346.5 0.9658072106418856 0.9332594120924317
346 0.9651337135888027 0.9319495841305818
345.5 0.9651695715510414 0.9320223560578527
345 0.9649277201104435 0.9315565763058534
344.5 0.9653264457688862 0.9323226545202284
344 0.9646776549268008 0.9310648347242089
343.5 0.965220189971834 0.9321240902599678
343 0.9647865479158296 0.9312854179310098
342.5 0.9647988468174145 0.9312948293828544
342 0.9645988995696296 0.9309284853487442
341.5 0.9644185825375244 0.9305832878851059
341 0.9643573744018457 0.9304613005198251
340.5 0.9643150457275071 0.930372621136528
340 0.9640942406628724 0.9299581974595786
339.5 0.9639438406760817 0.9296553881823115
339 0.9638130867356609 0.9294029104396134
338.5 0.9641431513466036 0.930048841286423
338 0.963651735638639 0.9290928475169469
337.5 0.9633978392037706 0.9286012706964474
337 0.9634700754906078 0.9287403406520953
336.5 0.9630485738118073 0.9279371640589741
336 0.9629792769045002 0.9277947317814497
335.5 0.9633236385612718 0.9284645542635511
335 0.9631830714293935 0.928198621442855
334.5 0.9630823608857515 0.9280077522002627
334 0.9630620371191756 0.9279565170737275
333.5 0.9630295947525888 0.9279084261253683
333 0.9630975594731622 0.9280150927419378
332.5 0.9627141543686188 0.9272845174063511
332 0.963211364649226 0.928253688319545
331.5 0.9626439196069573 0.9271521023029892
331 0.9620545436425534 0.9260092724339847
330.5 0.9624264233375123 0.9267341827164893
330 0.9616293614429514 0.9251991036705024
329.5 0.962366006544579 0.9266328999464755
329 0.9620456200000291 0.9259997931996211
328.5 0.961849945688689 0.9256344365811249
328 0.9620289040296279 0.9259781209743246
327.5 0.9616627698673778 0.9252716117683389
327 0.9615600232866509 0.9250733519628269
326.5 0.9615547741191849 0.9250605211770482
326 0.9606890206190726 0.9234030266563135
325.5 0.9611095206267842 0.9242021188099425
325 0.9613806150192103 0.924720277245737
324.5 0.9607900044331231 0.9235768248311359
324 0.9608563845818332 0.923714679388293
323.5 0.9602283746323583 0.922499956388798
323 0.9602610661118418 0.9225573081301962
322.5 0.9598358031042877 0.9217500049483116
322 0.9605395305928813 0.9231153996601366
321.5 0.9609158790821813 0.9238319097031209
321 0.9596562337505509 0.9214011225319668
320.5 0.9600361076432516 0.9221271425870426
320 0.9601980981194412 0.9224517819647875
319.5 0.959114786156708 0.9203789832834809
319 0.9593605671232781 0.9208418564197118
318.5 0.9595971307957727 0.9213021386881665
318 0.9594732972934398 0.9210703495697314
317.5 0.9597320549989748 0.9215595392992361
317 0.9589013640696771 0.9199604799889161
316.5 0.959404427682421 0.9209360126237137
316 0.9595032943683436 0.9211121661691631
315.5 0.9590676503236586 0.9202830789849362
315 0.9590378248244353 0.9202309400375674
314.5 0.9583597849619236 0.9189126657448567
314 0.959153564969872 0.9204454727716673
313.5 0.9583337238080569 0.9188748476881848
313 0.9583246659585261 0.9188587524979895
312.5 0.9581544585055914 0.9185200743151805
312 0.9576441905504356 0.9175659474592345
311.5 0.958182516299042 0.9185978939282952
311 0.9575660683812345 0.9174104704515393
310.5 0.9583131537041006 0.9188575958868211
310 0.9573138490602957 0.9169087628877348
309.5 0.9577464364626952 0.9177519936331882
309 0.9568907908174545 0.9161146854513722
308.5 0.9577416427805366 0.9177363523440003
308 0.957421391932087 0.9171229853077137
307.5 0.9576687323758257 0.9176057532771965
307 0.9569143103065175 0.9161585429661753
306.5 0.9567424932893921 0.9158300358067758
306 0.9565995643291338 0.9155675140780953
305.5 0.9563695821351489 0.9151115683823172
305 0.9561434029238737 0.9146976143063992
304.5 0.9561769450449641 0.9147584478009898
304 0.9557421347445182 0.9139187236171396
303.5 0.955690822046898 0.9138145453557489
303 0.9556840920449958 0.9138124928178352
302.5 0.9559232835018877 0.9142526617462449
302 0.9550768196004223 0.9126489026759604
301.5 0.9552947472672217 0.913063242822789
301 0.9551129800246388 0.9127148149740391
300.5 0.9552389757545415 0.9129697740876688
300 0.9550415177194443 0.9125854869602156
299.5 0.9550666045928498 0.9126306671006161
299 0.9545402915803497 0.911625930721826
298.5 0.9545912112666844 0.9117274711587278
298 0.954845078190433 0.9121951265682146
297.5 0.9539956366484799 0.9105846145532946
297 0.9537812517189175 0.9101663727629042
296.5 0.9537320347462312 0.9100686243531
296 0.95478867869603 0.9121017039399022
295.5 0.9537864709194159 0.9101873708674089
295 0.953992036090552 0.9105683351336813
294.5 0.9534646410580018 0.9095644889266538
294 0.9537269833013661 0.9100741897494645
293.5 0.953690443898458 0.9100029152219364
293 0.9530190882373796 0.9087194351125305
292.5 0.9526023574186296 0.9079384046331108
292 0.9528732713264119 0.9084407430713314
291.5 0.9527701409757559 0.9082453798482049
291 0.952566082636568 0.9078763215961944
290.5 0.9525690336414321 0.9078682903016089
290 0.9520949013564773 0.9069714746207235
289.5 0.9521280861486202 0.9070296359133257
289 0.9514790739314763 0.905801216077215
288.5 0.9519255834542224 0.9066288055702703
288 0.9520204728507811 0.9068256266754039
287.5 0.9514962039242503 0.9058252433422929
287 0.9518313093457148 0.9064540454625815
286.5 0.9514209058096553 0.9056846329396196
286 0.9505979811673338 0.904106077159852
285.5 0.9506082651383765 0.9041296382697814
285 0.9506011414414587 0.9041149458057749
284.5 0.9504992307145644 0.9039229178047365
284 0.9507350979714236 0.9043721166687517
283.5 0.9499394677507164 0.9028456571183339
283 0.9503738809557853 0.9036937624334436
282.5 0.9499741107816903 0.902940342546932
282 0.9497097901138031 0.9024237139268472
281.5 0.9502026663948231 0.9033691877977758
281 0.9496568909814321 0.9023155360686919
280.5 0.9496512597678797 0.9023293085235955
280 0.9496661918649529 0.9023389679340829
279.5 0.9489724369322547 0.9010282447457951
279 0.9491278127731315 0.9013207209291284
278.5 0.9494625053890441 0.9019625695470764
278 0.9473473610842691 0.8979499628316753
277.5 0.9483893518915694 0.8999182994003031
277 0.9480400036463537 0.8992831831331841
276.5 0.9487497180399874 0.9005982914941706
276 0.947435439325817 0.8981152447110032
275.5 0.9479652885320404 0.899132514604239
275 0.9471255816040312 0.8975302626254386
274.5 0.9476613228054093 0.8985532687907951
274 0.948023802268392 0.8992280797178891
273.5 0.9477010599632125 0.8986195364821763
273 0.9469741239100334 0.8972408446906301
272.5 0.9464292921390449 0.8962154347360306
272 0.946983271901173 0.8972472166596551
271.5 0.9467734170959382 0.8968708808280231
271 0.9463771065258778 0.8961158583911075
270.5 0.9458373968788837 0.8951016300037844
270 0.9458632558488094 0.8951242382986077
269.5 0.9466524491815442 0.8966419536356459
269 0.9454084709861379 0.8942928748522632
268.5 0.9454209361063438 0.8943072548644905
268 0.9450595379299053 0.8936143502459872
267.5 0.945392195232174 0.8942456291034964
267 0.945057851170152 0.8936101559092928
266.5 0.9453888903618212 0.8942334390410506
266 0.9451553899076487 0.8938055711529244
265.5 0.9447591189851459 0.8930404241423368
265 0.9444534986343023 0.8924629235604713
264.5 0.9446692302220758 0.8928806087796094
264 0.944242811611397 0.8920835728895092
263.5 0.9438428060938233 0.8913374509137137
263 0.9436876742368344 0.8910141189869771
262.5 0.9435270318118945 0.8907225347725182
262 0.9437454800819536 0.8911228110854342
261.5 0.9439024004799149 0.8914241974814417
261 0.9429001225573874 0.8895292929506531
260.5 0.9423695489235862 0.8885451352827067
260 0.9425027852832099 0.8887970479834237
259.5 0.9423761028908785 0.8885560932180352
259 0.9420928021623873 0.8880238832767828
258.5 0.9417496433691129 0.8873696793137499
258 0.9418282365375111 0.8875129688540758
257.5 0.9418274756380468 0.8875120977546137
257 0.9422661616526516 0.8883378850150814
256.5 0.9411514121733404 0.8862542869874005
256 0.9418582978802683 0.8875783590195111
255.5 0.9402406319024332 0.884540211444985
255 0.9409886997884512 0.8859364583536107
254.5 0.940763631445379 0.8855121281048253
254 0.9406874352161793 0.8853841075317672
253.5 0.9400283128692781 0.8841394469094137
253 0.9401591736314531 0.8843912359139292
252.5 0.9393224510347814 0.8828123746877481
252 0.9398272843921709 0.8837518313999102
251.5 0.9396854933186186 0.8834850292226248
251 0.9393220949032013 0.8828086719396033
250.5 0.9382089808183716 0.8807025211307147
250 0.9384196627271572 0.8811145052408231
249.5 0.9393596717182242 0.8828878628498631
249 0.9381119771596866 0.8805576884820864
248.5 0.9381595768165306 0.8806371929655974
248 0.9386813008434947 0.8815959052875528
247.5 0.9382162038967754 0.8807281777428457
247 0.9376657220612881 0.87969589991822
246.5 0.9376548161527071 0.8796834309849384
246 0.93741334722226 0.8792332126680894
245.5 0.9366699154440054 0.8778198515296533
245 0.9371520534070609 0.8787395963190825
244.5 0.9370893742991655 0.8786257315833185
244 0.9363550907029269 0.8772489153578944
243.5 0.9356278518762777 0.8758972772165491
243 0.9363186719557175 0.877182462346253
242.5 0.9357738624940789 0.8761552145501661
242 0.9353863646764237 0.8754208992649828
241.5 0.936378457585042 0.877282926471338
241 0.9350378864259659 0.8747883949470687
240.5 0.9352954322963962 0.8752546636974964
240 0.9349121851191198 0.8745524473500035
239.5 0.9346646105116102 0.8740915280046413
239 0.9349916023133683 0.8746778624125422
238.5 0.9336730570794021 0.8722548979110445
238 0.9341730582390341 0.8731626121486942
237.5 0.9338681512230732 0.8726013431343489
237 0.9336260143722215 0.8721396720557728
236.5 0.9338088942255331 0.8724937905266438
236 0.9331257887746749 0.8712181043194155
235.5 0.9325033068572351 0.8700591437307286
235 0.9326250472532415 0.8702834789858789
234.5 0.9327491424114601 0.8705077649585315
234 0.9321969030365602 0.8694830847327218
233.5 0.9328869826097224 0.8707659955144225
233 0.9320332115938779 0.8691777027165992
232.5 0.9309814943579525 0.8672316187023781
232 0.9309898510913238 0.8672283453866793
231.5 0.9313072491901525 0.8678115381529665
231 0.9310760028954189 0.8673981441320262
230.5 0.9314065046389294 0.8680008255096372
230 0.9299004928246744 0.8652008961286669
229.5 0.9306483444067613 0.8665780214593034
229 0.9301758774812052 0.865718097339339
228.5 0.9297990612117384 0.8650226972004879
228 0.9297392688236211 0.8649010029833801
227.5 0.9301952057000651 0.8657632691246023
227 0.9295697051096307 0.8645874602262636
226.5 0.9292286722012518 0.8639464364134142
226 0.9280598243286033 0.8617824595823419
225.5 0.9282664071574054 0.8621662487316756
225 0.9276522032082086 0.8610329567043561
224.5 0.927433304809223 0.8606288282182643
224 0.9285094477533633 0.8626228123741125
223.5 0.9275836856404989 0.860911009300759
223 0.9274995697306953 0.8607321324940683
222.5 0.9263627729790231 0.8586311302708878
222 0.9271482352976389 0.8601029798149831
221.5 0.9265641407298942 0.85901093557869
221 0.9261790329671696 0.8583000406594763
220.5 0.9263050403739919 0.8585204899594967
220 0.926088371084191 0.8581330934759758
219.5 0.9253220790474277 0.8567142771310386
219 0.9252889033780057 0.8566554463386457
218.5 0.925521071120396 0.8570736076350425
218 0.9245378164447408 0.8552694966507928
217.5 0.9239927884511657 0.8542489179716029
217 0.9232169080015025 0.8528371065369457
216.5 0.9238286725026551 0.8539480250791761
216 0.9234354203030866 0.8532253966128892
215.5 0.9231303713065171 0.8526576591270905
215 0.9228715278532449 0.8521894807614644
214.5 0.922901196329326 0.8522482633750386
214 0.922949509423081 0.8523207775344198
213.5 0.9220036028476221 0.8505768111091576
213 0.9222584658885113 0.8510474153612728
212.5 0.9217789287946063 0.8501623976125252
212 0.9216651253849438 0.8499575342374689
211.5 0.9215868762083896 0.8498115368841119
211 0.9213023429196936 0.8492871735687263
210.5 0.9206230609600972 0.8480313501520887
210 0.9205017734978003 0.8477924886730686
209.5 0.9197174521606729 0.8463688606924656
209 0.9203288032187472 0.8474933444929803
208.5 0.9193044203707794 0.8456076666631247
208 0.9192727731694091 0.8455676407771565
207.5 0.9186519845027941 0.8444055158131443
207 0.9190269840037969 0.8451183709744866
206.5 0.9176365817794868 0.8425583202987109
206 0.9181725060125677 0.8435327473714482
205.5 0.9177691015156001 0.8427848951467041
205 0.9180138652519316 0.8432501863058928
204.5 0.9168082265555448 0.8410402500756192
204 0.9164283830791987 0.84032681069952
203.5 0.9167417988914172 0.8409138230739835
203 0.91656174450558 0.8405891228689866
202.5 0.9161336005994297 0.8397924639380803
202 0.9154714448826828 0.8385971472009899
201.5 0.9144121125684616 0.8366477052734678
201 0.914832672862914 0.8374143444024288
200.5 0.9155783029562731 0.8387711198515753
200 0.9148365964483265 0.8374273242755853
199.5 0.9148339272404825 0.8374380717783974
199 0.9145328328749129 0.8368521379919098
198.5 0.9135328778022994 0.8350470798330372
198 0.9133978981734611 0.8347648791823984
197.5 0.9126409530573523 0.8334121726155166
197 0.9125083918972922 0.833173532845518
196.5 0.9123567393043776 0.8328923079060948
196 0.9116015595233644 0.831528382628315
195.5 0.9114058909291957 0.8311694124805806
195 0.9118753934580125 0.8320015414260128
194.5 0.910970928106427 0.8303712624764591
194 0.9110555957596773 0.8305080347348704
193.5 0.9102940645956089 0.8291472546914135
193 0.9108642411674972 0.8301537110868836
192.5 0.9103546603366287 0.829239691462154
192 0.909133826126823 0.8269978937478908
191.5 0.9091310733628378 0.8270233956335957
191 0.9089163454771766 0.8266093772314984
190.5 0.9085660947382611 0.8259819095934771
190 0.9088226735087034 0.8264605838756667
189.5 0.9078856590313358 0.8247630017516329
189 0.9078627176943571 0.8247031772246464
188.5 0.9065523727211315 0.8223384289352059
188 0.9061879464065339 0.8216738868472194
187.5 0.9065214151027532 0.8222678511412509
187 0.9056655485113303 0.8207135267475735
186.5 0.9061256313589798 0.8215645594848014
186 0.9056328737797488 0.8206685296827239
185.5 0.9055035984428776 0.8204359212298763
185 0.9042360451236751 0.8181597302346192
184.5 0.904065000953075 0.8178119614825787
184 0.9038414007657163 0.8174216476441414
183.5 0.904087752300805 0.8178701776425662
183 0.903121406047647 0.8161336964318678
182.5 0.9023936689343015 0.8148028332147792
182 0.9022441748305192 0.8145303798441745
181.5 0.901892504243868 0.8139084863849375
181 0.9015439765981786 0.8132789294070529
180.5 0.9016927691377495 0.813546761270149
180 0.9001839876903728 0.8108238198094099
179.5 0.900624491691784 0.8116251802722694
179 0.8996929159831331 0.8099320795847534
178.5 0.8999545569897908 0.8104113645096083
178 0.8994575367462543 0.8095269328914858
177.5 0.8993330615581714 0.8093024507572516
177 0.8979774538628024 0.8068525403485021
176.5 0.8979551605035032 0.8068172628317498
176 0.897566538747629 0.8061291201938422
175.5 0.8975942565449593 0.8061624435126579
175 0.8967440929999458 0.8046547177334686
174.5 0.895841411869686 0.803020787560935
174 0.8963442754237207 0.8039205180308264
173.5 0.8962028592218311 0.803673431549106
173 0.8942918971468354 0.8002629262079443
172.5 0.893718189255182 0.7992324461270777
172 0.8941589329222698 0.8000134684682939
171.5 0.8940696637448404 0.7998663375153025
171 0.89298055055424 0.7978886975922701
170.5 0.8925469097102364 0.7971342517918616
170 0.8928997532869962 0.7977699985071117
169.5 0.8916967019414451 0.7956173941597475
169 0.8926466346973365 0.7973163320286586
168.5 0.8909430801195699 0.7942740178711153
168 0.8915377992270137 0.7953265668583313
167.5 0.891242649903137 0.7948058435259898
167 0.8906257760289992 0.7937021429194793
166.5 0.8894160863035904 0.7915567326811036
166 0.8891373655183632 0.791071964585096
165.5 0.8882682242000176 0.789506585386588
165 0.8884699531992344 0.7898696326318583
164.5 0.8869523122011974 0.7871897399165145
164 0.8872239182008158 0.7876709122944864
163.5 0.8865173526255874 0.7864407878262648
163 0.8860918092073206 0.7856666468056647
162.5 0.8857887320914479 0.7851285049517008
162 0.8859316308971119 0.7853680516403724
161.5 0.8850159103087044 0.7837487716869769
161 0.8840393737801244 0.7820456186220168
160.5 0.8844900233970877 0.7828123936343591
160 0.8828571827999812 0.7799336832442046
159.5 0.8821543387384515 0.778702720645723
159 0.881715999750891 0.7779157310954676
158.5 0.8818760473383953 0.7781988801482459
158 0.8818658072865556 0.7781673605125289
157.5 0.8810422224353344 0.7767248238233845
157 0.8802023440511881 0.7752551018150933
156.5 0.8800026020824298 0.7748972781093284
156 0.879433983812805 0.7739026005830812
155.5 0.877995798369868 0.7713827958577444
155 0.8782931526697787 0.7718897095157646
154.5 0.878048807447386 0.7714494900590997
154 0.8771648716799326 0.7698994344991934
153.5 0.8780802023515887 0.771520917943589
153 0.8764925960078971 0.768718369362895
152.5 0.8752995525425198 0.7666585494155976
152 0.8750070605734793 0.7661370843241168
151.5 0.873782125820596 0.7639954278702704
151 0.8743087289571871 0.7649107317652478
150.5 0.8737953101012164 0.7640023920318245
150 0.873418711672711 0.7633856751300425
149.5 0.8730997159103665 0.7627981543801963
149 0.8712032395954312 0.7595184583253366
148.5 0.8717031793346275 0.7603606023862478
148 0.8710145269807441 0.7591720108285686
147.5 0.8704465591265343 0.7581815460505317
147 0.8695721529569138 0.7566498346736246
146.5 0.86969463626459 0.7568433198832467
146 0.8679792950476302 0.7538915045864122
145.5 0.8674031814730458 0.7528880284087747
145 0.866869806230408 0.7519582250733389
144.5 0.8671150598294592 0.7523893579579675
144 0.8671221155696021 0.7523793639081761
143.5 0.8664114276638146 0.7511563560016595
143 0.8654848947788685 0.7495491329763045
142.5 0.8634084508458238 0.7459736922294512
142 0.8647761825858213 0.748309450006056
141.5 0.8644594902689058 0.747780211436379
141 0.8635014596041423 0.7461167039054495
140.5 0.8617110085086804 0.7430540239933626
140 0.8618500136390951 0.7432886840847875
139.5 0.8592673513584316 0.738844979395287
139 0.8604594537738125 0.7409001819551871
138.5 0.8590039288500915 0.7383787478441531
138 0.8598986902297345 0.7399182086964926
137.5 0.8591851563647742 0.7387218358190997
137 0.8573510179399673 0.7355390577822098
136.5 0.8561471638768726 0.733486345065461
136 0.8562905606056384 0.7337246501959078
135.5 0.8556932777603948 0.7327237976842627
135 0.8541971572027091 0.7301486189250572
134.5 0.8542591742783696 0.730263002949212
134 0.8526528474117107 0.7275054580566331
133.5 0.8526935320871346 0.7275755517921106
133 0.8514646899534126 0.725490539258273
132.5 0.851783695952903 0.7260314126654045
132 0.8521958053249241 0.7267263031243374
131.5 0.8503432636641657 0.7235686019322851
131 0.8498317352689354 0.7227128993099167
130.5 0.8480580562224181 0.7197002175353097
130 0.8477282610907104 0.7191536345698942
129.5 0.8469530212292234 0.7178135220825143
129 0.8456057843044578 0.7155380923591662
128.5 0.8460322735149082 0.7162515383245183
128 0.8445477866986335 0.7137735156990346
127.5 0.8439173307234715 0.7126931185981995
127 0.8433400089174331 0.711696664983446
126.5 0.8423866251538974 0.7101036981118303
126 0.8411252571734998 0.7079961083676897
125.5 0.8414465194936396 0.7085078518379809
125 0.8412612570230298 0.7082151673365246
124.5 0.8395636917698645 0.7053566571356994
124 0.8376358677658099 0.7021190738493049
123.5 0.838266579374336 0.703177652940659
123 0.8374805238969643 0.7018754427256356
122.5 0.8365839286465734 0.700372846279138
122 0.8359908592752245 0.6993592984720345
121.5 0.8352358227650897 0.698085924611203
121 0.8335501957334989 0.6953004230198097
120.5 0.8325110986019882 0.6935552730297758
120 0.8316377410884794 0.6920716341936806
119.5 0.8314569191281896 0.6918399790396734
119 0.830523438311438 0.6902820904629904
118.5 0.8297336883227479 0.6889517822286619
118 0.8284797378844662 0.6868530107412211
117.5 0.8261675483896695 0.6830105156273274
117 0.8269610018939477 0.6843427889072843
116.5 0.8250657550152563 0.6812460796547756
116 0.8244119152662859 0.68013010136147
115.5 0.8232147173109525 0.6781477340394899
115 0.8222960666684963 0.676661244014652
114.5 0.8228645554122589 0.6776013800094751
114 0.8194982172111305 0.6720797815104435
113.5 0.8204476882921536 0.6736133273704977
113 0.8192156654732882 0.6715652591565057
112.5 0.8180897521043583 0.6697594646803511
112 0.817899576905654 0.6694633081942071
111.5 0.8174422385628878 0.6686934944895678
111 0.8155172122387305 0.6655458790036495
110.5 0.8159292281520901 0.6662176524057258
110 0.8132002992741025 0.6617954043688093
109.5 0.8124301428589372 0.6605274851471158
109 0.8128645337028751 0.6612399145540876
108.5 0.8103031546037861 0.6570769380610699
108 0.8091249463733539 0.6551233751567292
107.5 0.8085013965383032 0.654150254994985
107 0.8087147175556673 0.6544888968819402
106.5 0.8067075322302949 0.6512566561888685
106 0.806306704906109 0.6505854366413958
105.5 0.8053346080451165 0.6490172337755378
105 0.8038016002610566 0.6465708282834852
104.5 0.8032550915068595 0.6456636955865886
104 0.8022451727116016 0.6440445497856295
103.5 0.8018830325568631 0.6434705962108265
103 0.7999611386272767 0.6403772640614409
102.5 0.7992124451093005 0.6392054208341451
102 0.7977934271395037 0.6369239133513416
101.5 0.7965058189070748 0.6348763536429289
101 0.7936969920342836 0.6304172395493411
100.5 0.7932488164370067 0.6296704538766025
100 0.7921510132858314 0.6279540507229959
99.5 0.7928047574822196 0.6290104075899545
99 0.7911477586176489 0.6263979907134865
98.5 0.7908930826003671 0.6259514625359676
98 0.7879237798349698 0.6212735373482436
97.5 0.7873861077084391 0.6204315117850046
97 0.7859020375183694 0.6180710815549655
96.5 0.7842786050341143 0.615523279042824
96 0.7829829732192616 0.6134950969595174
95.5 0.7816304833531383 0.6114373595401918
95 0.7801451114403841 0.609082898681406
94.5 0.7800230381936891 0.6088752343566795
94 0.7777549007896505 0.6053174191255708
93.5 0.7763762337419065 0.60319079747186
93 0.7759035713527698 0.6024765585455328
92.5 0.7741613675960901 0.5997495666261665
92 0.7718931352057774 0.596252276629176
91.5 0.7713164489731998 0.5953730338622933
91 0.7708825983501102 0.5946844379912897
90.5 0.7694715097887936 0.5925178324300341
90 0.7661586375390421 0.5874438614347413
89.5 0.7668387331008377 0.5884637248417542
89 0.7656984255191042 0.5867225155001768
88.5 0.763769597578261 0.5837843417833234
88 0.7626296229912505 0.5820174915877182
87.5 0.7595858785790284 0.5773952675959597
87 0.7602959843188865 0.578447893713686
86.5 0.7585677998490634 0.5758347013597941
86 0.75676332861365 0.573101877704764
85.5 0.7559191753430098 0.5718046166650164
85 0.7534890379016953 0.5681796277031197
84.5 0.7520422844885057 0.5659778280198842
84 0.751375562988537 0.5649608046875773
83.5 0.7493898216627398 0.5619714939560239
83 0.7476056441662566 0.5593455115946194
82.5 0.7481286327251322 0.5601057807456487
82 0.74496226203824 0.5553607581427231
81.5 0.7450023162029563 0.5554244116334365
81 0.740601854223282 0.5488506640188286
80.5 0.7405359537008531 0.5487866801302056
80 0.739342974021972 0.5470052726032255
79.5 0.7356482385168679 0.5415943282835248
79 0.736801985113238 0.543297675358761
78.5 0.7341479488090972 0.5393695401825032
78 0.7321652403165625 0.5364295806775518
77.5 0.7302257368472861 0.5336012443126095
77 0.7287436553064982 0.5314389142142169
76.5 0.7271346343980568 0.5290910028320975
76 0.7246051782857958 0.5254451396290857
75.5 0.7240929409981474 0.5246677297317295
75 0.722163496142744 0.5218738225037345
74.5 0.7206488977910602 0.5196945980163925
74 0.7198352361258492 0.5185113496757703
73.5 0.7178246588843041 0.5156080623143465
73 0.7146859919262922 0.5111571891416499
72.5 0.7145489589349256 0.5109489151423646
72 0.7123825439185494 0.5078528034648849
71.5 0.7110622565759995 0.5059605593543276
71 0.7100462890902421 0.5045388118152553
70.5 0.7091018017094985 0.5031883406638852
70 0.7060245932233205 0.49883762667916787
69.5 0.7040589415080025 0.49604137034546314
69 0.7019762191667942 0.4931179293787924
68.5 0.6982991183539735 0.4879645279732408
68 0.6994504035306535 0.4895625455051736
67.5 0.6968715815060188 0.48595896263853383
67 0.6954471111414695 0.48394397404419315
66.5 0.6931046867003907 0.4807007331896895
66 0.6921588210459466 0.4793986403917828
65.5 0.6911568339466685 0.4779940460606075
65 0.6864390141912294 0.4715129573724488
64.5 0.6870297982608948 0.47230810690801506
64 0.6846693345475743 0.4690789462549705
63.5 0.6814045723845491 0.46462342065898893
63 0.6787805676523413 0.46101994457802603
62.5 0.6792667071462235 0.46171649588735914
62 0.6775995676346572 0.4594119730880612
61.5 0.6746837617814042 0.45552359775812024
61 0.6747509683657176 0.45558951565059885
60.5 0.6709384133732146 0.4504099662818923
60 0.6695260353179354 0.44852354008442663
59.5 0.6665033500337004 0.44448888836355077
59 0.665753496656322 0.4435091722050392
58.5 0.6630221173070734 0.4398622857224362
58 0.6614968571708972 0.43783728642392455
57.5 0.6604355958631538 0.43642635522556544
57 0.6565854133074993 0.4313701895284324
56.5 0.6569674416719373 0.4318429510837339
56 0.6532378771808849 0.42695098433380985
55.5 0.6519586618160478 0.4252988947038636
55 0.6499287641183566 0.4226578729859202
54.5 0.6473280581029529 0.41928453219325507
54 0.6458406292627837 0.4173537475130506
53.5 0.6442073511365738 0.41521643977712724
53 0.6422429027009745 0.41270380132698375
52.5 0.6402107113498134 0.4100836030500451
52 0.6388019491742685 0.4082618615103778
51.5 0.6369088813981834 0.40587075123044486
51 0.6352353521690373 0.40369514101145826
50.5 0.6327440724074196 0.40056847018887615
50 0.6303180362177193 0.39748482124821016
49.5 0.6274158687523769 0.39383437447574166
49 0.6280229976596163 0.3946030384670064
48.5 0.6241448071757174 0.38970703413986413
48 0.622262203987506 0.38739788081946697
47.5 0.6212638805226671 0.38614336796987814
47 0.6194635003954977 0.3839019331864343
46.5 0.6170154512124378 0.38086443798230374
46 0.6131305420375001 0.37608680746028056
45.5 0.6132350445474098 0.3762086713140423
45 0.6104591925222497 0.37279136243757194
44.5 0.6110044039130839 0.3734736581559021
44 0.6071733176718169 0.36879241161571086
43.5 0.6068312610966826 0.3683997082067494
43 0.6032151935826813 0.363997763262546
42.5 0.6020819171380638 0.36262675439901126
42 0.5992412214037554 0.35920521883871
41.5 0.5985889655174477 0.3584301389049065
41 0.5960486823957976 0.3553738719958154
40.5 0.5955190927750903 0.354754167383376
40 0.5940016798270558 0.35295287214295806
39.5 0.5935762883354238 0.35243935301691603
39 0.5891698748387285 0.34722785311244425
38.5 0.5902655674058532 0.3485207612970076
38 0.5865817532173879 0.34416809139960075
37.5 0.5854449509229112 0.34283857216615127
37 0.5851861536590648 0.342527833697506
36.5 0.581358585493697 0.33806277248764977
36 0.5798735774786107 0.3363353953823018
35.5 0.5776785419468937 0.33378878616147595
35 0.578973714624372 0.335293104684414
34.5 0.5756416724246316 0.3314318653083622
34 0.5736768481394976 0.32916477156665397
33.5 0.571381093913745 0.3265412645720707
33 0.5704089598562971 0.32542337305794433
32.5 0.5710448541001953 0.32614834723060837
32 0.5664969461961356 0.3209772571201877
31.5 0.5651573222655046 0.3194701789673352
31 0.5637835285522249 0.3179073093684929
30.5 0.5630864172393087 0.3171307237556652
30 0.5603365806762753 0.31401810274678144
29.5 0.5591566796832455 0.31269506490423904
29 0.5588831259195511 0.3123928444151573
28.5 0.558114170424464 0.31154175802112455
28 0.5563117937498786 0.3095275267291078
27.5 0.5570568738252529 0.31034674515727284
27 0.5545716128658646 0.3075871957728803
26.5 0.5538156510886406 0.3067462612489964
26 0.5519658971554602 0.3046991707340353
25.5 0.5506658813906343 0.3032739922670561
25 0.5494347283205498 0.30191189738551866
24.5 0.5474265797338644 0.29970298767547154
24 0.5483409603447218 0.3007042443782591
23.5 0.5464184652201508 0.29859981919199424
23 0.5458024238287306 0.29792053178963307
22.5 0.5455614191953504 0.29766096353690286
22 0.544162932088337 0.2961330668415405
21.5 0.5424845766442928 0.2943124854154787
21 0.5421579280866757 0.2939525330376818
20.5 0.5412561496872547 0.2929718072984079
20 0.5406389088014749 0.2923026460016557
19.5 0.5397538167468416 0.2913471530464104
19 0.5400043194793656 0.2916148561307584
18.5 0.538460005712327 0.289947384706921
18 0.5353565997547557 0.28661339001444963
17.5 0.536266494529681 0.28759164668777915
17 0.5346344836079254 0.2858409557534886
16.5 0.5347136878396935 0.28592264129789174
16 0.5347809378759623 0.2859973870250329
15.5 0.531971259745865 0.28299738473274
15 0.5325522429039851 0.28361647057410105
14.5 0.5317646975490372 0.2827761503629729
14 0.5328458245721986 0.28392747103940486
13.5 0.5326483809792861 0.2837163114778608
13 0.5322577003581276 0.2833002553058042
12.5 0.5321568038608026 0.2831923252587492
12 0.5335827046970475 0.2847121504311143
11.5 0.5314069773774703 0.2823944728083639
11 0.5315417341390312 0.282537428201472
10.5 0.5305586300668641 0.2814933742133234
10 0.5298766148044184 0.2807695452565934
9.5 0.529751098681598 0.2806365927964734
9 0.5292032669680214 0.28005628570506025
8.5 0.5290695966185822 0.27991477450840857
8 0.5292706694782571 0.280127563281832
7.5 0.5294343194575536 0.28030085467123916
7 0.5288992209304967 0.2797344388005666
6.5 0.5289824151127672 0.27982245760948643
6 0.5288502531829904 0.2796826087216267
5.5 0.5288389527184262 0.27967065867966573
5 0.5288083742091063 0.2796383024142351
4.5 0.5288007506569448 0.2796302387866204
4 0.5287936699885132 0.27962274827796885
3.5 0.5287897647631165 0.27961861741084165
3 0.5287800367083686 0.2796083280598122
2.5 0.5287806384671762 0.27960896439641986
2 0.5287787353671606 0.27960695167091343
1.5 0.5287742824246828 0.2796022419801631
1 0.5287717707518194 0.2795995856431415
0.5 0.5287670840775824 0.2795946292300773
