1000 1.0314781862581852 1.0643804246607431
999.5 1.0318300692466433 1.065102301807777
999 1.0317667437760438 1.0649771334719957
998.5 1.0317021378566422 1.064843418066482
998 1.0311058449350299 1.0636148684845905
997.5 1.0315841860800794 1.0645986947685278
997 1.0316328483438144 1.0646922472621232
996.5 1.0316599822983998 1.064754244866369
996 1.031401690610453 1.0642258469843127
995.5 1.0315109575273436 1.064445688088745
995 1.0316804229093093 1.0648042312103516
994.5 1.0318530914442823 1.0651610014292632
994 1.0315009943237265 1.0644321200980698
993.5 1.0317715416923259 1.0649862579759983
993 1.0321297489614607 1.065725861711226
992.5 1.0320271749286216 1.0655124053329046
992 1.031623022680151 1.0646712073529347
991.5 1.0315395242367835 1.0645014852931316
991 1.0319920041526964 1.06544603248279
990.5 1.0316460026812557 1.0647251359590693
990 1.0320036004220392 1.065467771658098
989.5 1.031679431571405 1.0647852352246587
989 1.0316519869797505 1.0647370582735116
988.5 1.031656442212467 1.0647525360652066
988 1.0313096149721088 1.0640468757702932
987.5 1.0312475253485933 1.0639175265839012
987 1.0308542919250117 1.0630918507369513
986.5 1.031552025138002 1.0645300023905635
986 1.0312246123318038 1.0638695653535162
985.5 1.0317556663151337 1.0649577924699107
985 1.0312249046608883 1.0638618697271187
984.5 1.0312546342326794 1.0639222788457359
984 1.0313081759077167 1.0640265844762198
983.5 1.0310762158119284 1.0635429205963858
983 1.0312924392743195 1.0639936475429357
982.5 1.0319184855756751 1.0652906985572963
982 1.0313978872073564 1.064214218086223
981.5 1.0317192163076927 1.0648740485995274
981 1.031623394835512 1.0646697551963475
980.5 1.0313251758636466 1.0640565363063217
980 1.0313845636897145 1.0641947992638419
979.5 1.0312364748485603 1.0638806866748027
979 1.0310923604580489 1.0635840886771455
978.5 1.0308623016421974 1.0631030359368085
978 1.0308741290954346 1.0631292120821785
977.5 1.0313108461986211 1.06402987702324
977 1.0314977665826626 1.0644107805371046
976.5 1.0311666899191894 1.0637446404385154
976 1.0312569091864876 1.0639240267191692
975.5 1.0312722178013676 1.0639650111238996
975 1.0316430333828077 1.0647183928910193
974.5 1.0314104699469477 1.064232342324232
974 1.03116474484155 1.063732815916879
973.5 1.0309989428518387 1.0633977946369997
973 1.0308721265841267 1.063131109915448
972.5 1.0314312993924322 1.0642805955079673
972 1.0304819027313041 1.0623285130832514
971.5 1.0312599277937777 1.0639313181693748
971 1.0310647592477118 1.0635311132269885
970.5 1.0311392544509672 1.0636836664637832
970 1.0312099087435869 1.0638269727539937
969.5 1.0310829196662075 1.0635654735099123
969 1.0313153429934359 1.0640534788364557
968.5 1.031223512075617 1.0638665010809807
968 1.0311000881743013 1.0635945926730233
967.5 1.0307476409261358 1.0628864357814987
967 1.0308996513275408 1.063186579093037
966.5 1.031024563206041 1.0634547211985168
966 1.0306788659315071 1.0627327373225697
965.5 1.0310491272987963 1.0634925938146096
965 1.0314363946560978 1.0642883776142502
964.5 1.0310125680676303 1.0634228104564587
964 1.0311016012372318 1.0636060737412885
963.5 1.031258331169636 1.063935307389754
963 1.030428001257938 1.0622095880927893
962.5 1.0312836234104834 1.0639771072587925
962 1.0307362830888032 1.0628630323423034
961.5 1.0309437387350064 1.063290509236519
961 1.0310108142887775 1.0634150247885923
960.5 1.0308062389805939 1.0629864597589818
960 1.0303881814458715 1.0621313056101758
959.5 1.0301385342636993 1.0616145784053639
959 1.0309633616972358 1.063322734785544
958.5 1.0312589287272884 1.0639296758404218
958 1.0311056786077217 1.0636092648900108
957.5 1.0304464803912534 1.0622566708923835
957 1.0305186744318986 1.0624030948913894
956.5 1.0306262464373666 1.0626394626676563
956 1.0307815526973334 1.0629418302716613
955.5 1.030835593464441 1.063049316831992
955 1.0308440846707119 1.0630714415741558
954.5 1.0307714439743156 1.0629225484499256
954 1.0305748684655989 1.0625303515237703
953.5 1.0314856958023124 1.0644007719116408
953 1.0308685571498974 1.0631184928575594
952.5 1.0307572379938812 1.0628842930329747
952 1.030404736193128 1.0621675684898135
951.5 1.0305865926983195 1.0625462852315242
951 1.0304662159898859 1.062298005510578
950.5 1.0308513025527615 1.0631017407088506
950 1.0301906467901312 1.0617277837443218
949.5 1.0305093957847447 1.0623934564037645
949 1.0306407808192644 1.0626462583080027
948.5 1.0304644798551248 1.0622902721056344
948 1.0309631211460348 1.0633249332368375
947.5 1.0305641047772927 1.0624997136628385
947 1.0304647458095035 1.062300357514133
946.5 1.0306347052515434 1.0626414282058316
946 1.0303596198883853 1.0620896321476971
945.5 1.030570887438522 1.0625097940542765
945 1.0305288370012557 1.0624259615811287
944.5 1.0303410129731412 1.0620444602583516
944 1.0304593395206265 1.0622767601364667
943.5 1.0299276194163267 1.0611784816447065
943 1.030159107271806 1.0616625985217918
942.5 1.0299837058438646 1.0612975946662822
942 1.0306642571454483 1.0626945034611568
941.5 1.0301956367397505 1.0617412868743905
941 1.0304199860734218 1.06218543011312
940.5 1.0303613993592862 1.062080853571247
940 1.0304700076091347 1.0623002248940194
939.5 1.0302333670939776 1.0618170986861846
939 1.0302899312478662 1.0619463513225444
938.5 1.0303538645787946 1.0620668422770922
938 1.0305824334557174 1.062541752759198
937.5 1.030114784514509 1.0615686496662533
937 1.030312998339438 1.061985361861237
936.5 1.0303860665423752 1.062134454988035
936 1.0303184545761834 1.061993726157309
935.5 1.030456207361634 1.062269491271436
935 1.030166810611371 1.0616823756206575
934.5 1.0304332774911793 1.0622274361550563
934 1.0302739157335274 1.0619010819569275
933.5 1.0299891892426092 1.061317371265143
933 1.0303997064577453 1.0621626198597531
932.5 1.030479871479157 1.0623369462036603
932 1.0303466532852315 1.0620536964867957
931.5 1.0302121003663476 1.0617627804895942
931 1.0299828224116927 1.0612997749799291
930.5 1.03039171471522 1.062151473905715
930 1.0297510723568204 1.0608227939729051
929.5 1.0302154904721184 1.0617860354110993
929 1.0300461533371752 1.061431566168748
928.5 1.0297618971898692 1.0608413922068445
928 1.0296183796905438 1.0605496109918173
927.5 1.030043242837515 1.0614329737476291
927 1.0303792438816441 1.062111807494653
926.5 1.0304307559443706 1.0622392204308355
926 1.0301020460018209 1.0615516854144573
925.5 1.030262781947541 1.0618831385775185
925 1.0298924028595553 1.0611176702842573
924.5 1.030118104152908 1.0615775587649192
924 1.029904159191241 1.0611343186947026
923.5 1.0297863672748366 1.0608955866263212
923 1.0301663305179318 1.0616720248818359
922.5 1.0296547874738775 1.0606238811295137
922 1.0298199845249743 1.0609645114529178
921.5 1.030199978920904 1.0617519025154767
921 1.0295979985771613 1.0605068326278833
920.5 1.0299634748944295 1.0612663221577758
920 1.0296825054717382 1.0606924027429658
919.5 1.0300340045004295 1.061407361921303
919 1.0301409627523659 1.061611610714451
918.5 1.0296000160776828 1.0605145011015702
918 1.0291692858151047 1.0596222629826486
917.5 1.0298123967841506 1.0609623622754039
917 1.0297488930297716 1.0608145631583734
916.5 1.0300600139772609 1.0614497409680594
916 1.029749267632668 1.0608323326769902
915.5 1.029959006591819 1.061248904252291
915 1.0298368407620764 1.061003845959296
914.5 1.0295981710727702 1.0605063517653637
914 1.0293318934226219 1.0599628769108433
913.5 1.029554165006266 1.060416449153304
913 1.030094038752142 1.0615248800026245
912.5 1.0296095211758276 1.060535990535979
912 1.0297675269973585 1.0608740625723223
911.5 1.0296603227690087 1.0606454325459302
911 1.0296746843250548 1.0606669425762434
910.5 1.0300080615948823 1.0613431675764222
910 1.0296160864309474 1.0605440054807889
909.5 1.0295305917349573 1.0603670179960116
909 1.0297653291093394 1.0608459336560607
908.5 1.0295344858513777 1.0603845985817995
908 1.0294402047798006 1.0601805923911294
907.5 1.0294548652646915 1.0602250011989065
907 1.0296671402342805 1.0606392048881108
906.5 1.0291842515785201 1.0596574316634135
906 1.0293009846726777 1.0598823408513611
905.5 1.029871462342196 1.0610797191668562
905 1.029072694850334 1.059431040366877
904.5 1.02994277547709 1.0612158332508173
904 1.0295874108328396 1.0604832770799735
903.5 1.0291256730917655 1.0595490996014993
903 1.029119568508614 1.0595133143066455
902.5 1.029402496210901 1.060100381589815
902 1.029931474593541 1.0611971907169768
901.5 1.029172905448304 1.0596370051692827
901 1.029265916552296 1.0598277645369734
900.5 1.0293964050846547 1.0600883430957346
900 1.0289739322889282 1.0592219090317319
899.5 1.0293076332291013 1.0599179805607946
899 1.029510982378709 1.060340678872884
898.5 1.0295021724428761 1.0603156226018267
898 1.0291619116944077 1.059610298300789
897.5 1.0293291267060043 1.0599479584706308
897 1.0293021931230453 1.0598915751603488
896.5 1.029081417651609 1.05945923556617
896 1.0292096401002222 1.0597048759124363
895.5 1.0295564685542533 1.0604073461530474
895 1.029185011017213 1.0596699346415237
894.5 1.0290614853852917 1.0594048809626913
894 1.0292000645295778 1.059686993843125
893.5 1.0288588748402363 1.0590075416340432
893 1.0289427810464131 1.0591556112543665
892.5 1.0288765907890562 1.0590225920117045
892 1.029106485261694 1.0594981293446253
891.5 1.0298354457323042 1.061001790033567
891 1.0294397917930613 1.0601693926777376
890.5 1.0289878888307817 1.0592420609803106
890 1.0294612609636344 1.0602268319083907
889.5 1.0290961885678838 1.0594841937249266
889 1.0294849205287562 1.0602590739937339
888.5 1.0292121203424223 1.0597042968263934
888 1.0295114904174236 1.0603308085687861
887.5 1.0289269221153516 1.05912517820233
887 1.0293886623163697 1.060076829588549
886.5 1.0290826365598194 1.0594418588879169
886 1.028767032190991 1.058799043538284
885.5 1.0286398409406075 1.0585278993812606
885 1.0290169431993055 1.0593108629889632
884.5 1.0288326350352872 1.0589399238684434
884 1.0291174611519855 1.0595237006838103
883.5 1.028471499910244 1.058190477368657
883 1.0285894096907668 1.058431875729168
882.5 1.0291957581622664 1.0596900619836422
882 1.0290163300703914 1.0593083731286141
881.5 1.0289680225392663 1.0592206541501146
881 1.0286722907179455 1.05859959573506
880.5 1.0283440744911934 1.0579229432578858
880 1.0288950707542217 1.059058841763321
879.5 1.0285412289706644 1.0583283350209065
879 1.0286825236405348 1.0586244882843405
878.5 1.0288795776759156 1.0590306378921748
878 1.0285599718785248 1.0583792726456531
877.5 1.0287697589426792 1.0588046704052527
877 1.028452713648204 1.0581462358715272
876.5 1.0288377382912641 1.0589368193444888
876 1.0282974072963358 1.0578230059712785
875.5 1.0283223433296358 1.0578782826004873
875 1.0285513393752428 1.0583593432457443
874.5 1.0287715780235902 1.0588050640229347
874 1.0287154746107054 1.058697367314239
873.5 1.0286235525448426 1.0585073964740255
873 1.0286522723143097 1.0585553181288212
872.5 1.0283151774655805 1.0578676952968156
872 1.0285435947238146 1.0583332654279642
871.5 1.0282041583788106 1.0576342348550816
871 1.0284027566298068 1.0580556293557657
870.5 1.028657781629071 1.0585829846575117
870 1.0288712671692044 1.0590160964408248
869.5 1.028926161491458 1.059121471894502
869 1.028391644333511 1.0580123493629192
868.5 1.0287848214575235 1.0588225524227648
868 1.0282413524747094 1.057714541142165
867.5 1.0288147034983328 1.0588899551946547
867 1.0283713842282587 1.0579741661155926
866.5 1.0287376682318854 1.0587419132821259
866 1.0281771799356838 1.0575887478388637
865.5 1.0281852895164214 1.057593760468765
865 1.0285254076319148 1.0582959276626946
864.5 1.028341335499752 1.057918323615709
864 1.0282641378597508 1.0577568693605994
863.5 1.0284423414565944 1.0581291741937071
863 1.0279378727766582 1.057093806150029
862.5 1.0283405606490155 1.0579153740828546
862 1.027881605873053 1.056977401725016
861.5 1.028405034553227 1.0580531228005985
861 1.0283563641076332 1.057959053135712
860.5 1.02798609035529 1.0571897385623985
860 1.027957396720822 1.0571269594299142
859.5 1.0285236906559194 1.05830544080566
859 1.0285997078261793 1.0584504800669288
858.5 1.0281559053643805 1.0575426061979913
858 1.0279933996411397 1.0572013000805978
857.5 1.0281863788057555 1.0576104626113076
857 1.0281955688445488 1.057627101321777
856.5 1.0285022385421305 1.058252605258517
856 1.0277161206851126 1.0566403551305483
855.5 1.0281588796184817 1.0575499133917192
855 1.02806284363233 1.0573541258139951
854.5 1.0277769808689223 1.0567616407311458
854 1.0279461935146723 1.057111860326909
853.5 1.0277599548287273 1.056727772495506
853 1.0280118813873462 1.0572444049376017
852.5 1.028109950192916 1.0574434898792142
852 1.0275581737204849 1.0563191587101919
851.5 1.0281206070884379 1.0574680890059696
851 1.0277064893820045 1.056621827258561
850.5 1.0281920775287519 1.0576176614508737
850 1.0281830384567072 1.057603129057817
849.5 1.0279301751726004 1.0570765865848657
849 1.027836365202972 1.0568885579587177
848.5 1.0278553860512505 1.0569278524253096
848 1.0281111554613747 1.0574560331058838
847.5 1.0281035538400696 1.0574385852024422
847 1.0280905234139106 1.0574153405996287
846.5 1.0280677053281213 1.057339464365794
846 1.0275285706882984 1.0562550469066927
845.5 1.0278755568206006 1.0569719886717805
845 1.027763557151405 1.0567359175309639
844.5 1.0274687609959972 1.0561340707301894
844 1.0275333715556048 1.0562706987906472
843.5 1.0276019853257534 1.056408421528075
843 1.027213264747322 1.055598620243144
842.5 1.0274411373759775 1.0560761500203435
842 1.0279155839702177 1.0570443578194382
841.5 1.0279638090025238 1.0571492724207536
841 1.027529412073832 1.0562611618671336
840.5 1.0276046618535732 1.0564032017633875
840 1.0278190125305537 1.0568535677727082
839.5 1.0275877779859137 1.0563740672893795
839 1.0275207075234538 1.0562448338551567
838.5 1.027768012497824 1.0567431566334153
838 1.027458593830883 1.0561034912692155
837.5 1.0273335381111364 1.0558501649018994
837 1.0275078825713924 1.05621148149249
836.5 1.0280222915314716 1.0572710839801607
836 1.0272562613908405 1.0556909474976883
835.5 1.0273939523915385 1.0559724863097062
835 1.027145918937105 1.0554734879352554
834.5 1.0273160175144338 1.0558127343760617
834 1.0270073339417582 1.0551836752437636
833.5 1.027312347148772 1.0558200335828913
833 1.0271998602529677 1.05557378023283
832.5 1.027171995206371 1.0555292325805572
832 1.0273370405101296 1.055858125694038
831.5 1.0273233973507523 1.0558316317706211
831 1.027334439266695 1.055850828286089
830.5 1.0275741791614623 1.056344452365191
830 1.027154605674416 1.0554853776041966
829.5 1.0274589236408476 1.0560994865978548
829 1.0272794879383744 1.05574548713161
828.5 1.027483478750504 1.0561668142800131
828 1.0270232544559457 1.0552206517042313
827.5 1.0275258485785586 1.056245406513369
827 1.027345042286703 1.0558743018239467
826.5 1.0269155978532676 1.0549932739907966
826 1.0272412623340434 1.0556507632890615
825.5 1.0273142198464438 1.0558202048474865
825 1.0270347522351637 1.0552385020668658
824.5 1.0274195881749233 1.0560279802695598
824 1.0270671873270394 1.0553099705724367
823.5 1.026986744857528 1.055141087197589
823 1.0275188267116866 1.0562244208216212
822.5 1.0273874255995101 1.0559544970461532
822 1.027529641253531 1.05625256814169
821.5 1.0272693248860425 1.0557058239115413
821 1.0274487572553062 1.0560982473594438
820.5 1.0273363220167615 1.055852299526218
820 1.0269411750542612 1.0550470833970655
819.5 1.0266014637049774 1.0543568493202677
819 1.026943174869053 1.0550467330026412
818.5 1.027112701564133 1.0554010843420127
818 1.026955596652718 1.0550742466347793
817.5 1.0266036183817655 1.0543476632328652
817 1.0264173374057426 1.0539693004505752
816.5 1.0267653244056238 1.0546857407581112
816 1.0270267184558222 1.0552248032336
815.5 1.0262778060809055 1.0536802630926787
815 1.0271536473530591 1.0554840616816341
814.5 1.0269187383563365 1.0550003441757432
814 1.0271988301827215 1.055569935475163
813.5 1.0268514765682357 1.0548645819490647
813 1.0262811686124922 1.0536939054000232
812.5 1.0264279861672472 1.0539783610540854
812 1.0263991730103803 1.0539356677494751
811.5 1.026292089072662 1.0537110568395809
811 1.0263945649010675 1.0539243636884663
810.5 1.0259649067011616 1.0530457558112358
810 1.0260721941919098 1.0532761686607115
809.5 1.026984008181239 1.055122670209543
809 1.0268330239143344 1.0548251581946884
808.5 1.0267357702201194 1.0546276149630958
808 1.0269013736818458 1.0549537460800693
807.5 1.0273117969181198 1.0558072915431478
807 1.0265348308287878 1.0542126682739956
806.5 1.0268998504323932 1.054955441262332
806 1.0262228953694377 1.0535802085891053
805.5 1.026139883135995 1.0533986119378795
805 1.026840706328863 1.054838207707918
804.5 1.0262498906169155 1.0536339719829997
804 1.026075703448882 1.0532714165502441
803.5 1.026506785745231 1.0541557743172336
803 1.0264388553262833 1.0540195189700428
802.5 1.0268724378703769 1.0548989452880235
802 1.026206353748517 1.0535414018985723
801.5 1.026465510328049 1.0540741291028157
801 1.0265312507880755 1.054209476020792
800.5 1.0263309834183376 1.0538093965458704
800 1.025667621552384 1.0524395744631538
799.5 1.0268985618885715 1.0549509918536089
799 1.0265083836470323 1.0541604706212893
798.5 1.0261538419849507 1.053436586964674
798 1.0260325502063938 1.053185083860362
797.5 1.0263219322258421 1.053782197990968
797 1.0260742932042142 1.053261650766379
796.5 1.0262348442206444 1.0535818256432663
796 1.0256699138686205 1.0524383919337157
795.5 1.0263495316521738 1.0538304672025252
795 1.0258151993986104 1.0527363357796673
794.5 1.0259096138312471 1.0529259825477109
794 1.0260265199503193 1.0531691609315474
793.5 1.0257900351984122 1.0526759660529104
793 1.0261625034419974 1.0534382202553791
792.5 1.0255461472243974 1.052191173355846
792 1.0261962154312645 1.0535310692866708
791.5 1.0263754242639027 1.0538892768357635
791 1.0258592879233448 1.052825676356566
790.5 1.0259750562942764 1.0530764462903652
790 1.0262619991659476 1.0536473298689546
789.5 1.025950157234637 1.0530102831724806
789 1.0253726696927357 1.0518315798320932
788.5 1.026052299862328 1.0532288255879205
788 1.026127933840593 1.0533764935208418
787.5 1.0257301939030048 1.0525647604774153
787 1.0261955940122254 1.0535116386901229
786.5 1.025838404924618 1.0527857788360793
786 1.026347080887557 1.0538356001456304
785.5 1.0258414383189698 1.0527986774971434
785 1.0257285795673183 1.0525571066796322
784.5 1.0261088027655172 1.0533309750942728
784 1.0258857426011354 1.0528786482183319
783.5 1.0254304654358213 1.0519333006020326
783 1.0252626639761235 1.0515997287740286
782.5 1.025528357349039 1.0521565014097003
782 1.0255594023007415 1.0522173404369763
781.5 1.0253466388859291 1.0517761032970847
781 1.025502381911502 1.0520969159111426
780.5 1.0257169171358544 1.0525203656510258
780 1.0252740226097277 1.0516301753609976
779.5 1.0254347136451512 1.0519517671514416
779 1.0256400947386297 1.052373308287696
778.5 1.0256951119219095 1.0524877673032176
778 1.0252744184393727 1.0516263903787448
777.5 1.0250712302413627 1.0512063697767946
777 1.0259224149586275 1.0529617689470163
776.5 1.025572656547408 1.0522433137651253
776 1.0249561542671155 1.0509694624182238
775.5 1.025473118123851 1.052027290505088
775 1.0254502775444005 1.0519834683706584
774.5 1.0252818957734824 1.0516315769814928
774 1.0255888302968306 1.0522667800669379
773.5 1.0255680383912253 1.0522225391004554
773 1.0253213318279872 1.0517135342417068
772.5 1.0253372321200835 1.0517594730274997
772 1.0256220272959997 1.0523481937657015
771.5 1.0253753092357214 1.051832939541525
771 1.0252715895143356 1.0516264184077315
770.5 1.0248091358454998 1.0506796631888784
770 1.025456126134983 1.0520100812017479
769.5 1.02527515672622 1.0516299612156248
769 1.0249842221205743 1.051036494101342
768.5 1.0250903149601622 1.0512554516306971
768 1.02538248771207 1.0518442146249818
767.5 1.0252891916808617 1.0516524026603822
767 1.0249644027136298 1.051003180739085
766.5 1.024970942432273 1.0510061826114772
766 1.0250232436066227 1.0511016957154882
765.5 1.0246876264300286 1.0504297321322782
765 1.0248968179458455 1.0508475428675568
764.5 1.0252562622452832 1.0515899583333947
764 1.0251317167234846 1.0513366546297165
763.5 1.0249991296941248 1.0510629475961597
763 1.0249722408086093 1.0510033647865418
762.5 1.0249941818651558 1.051058896019145
762 1.0248729173847102 1.050796151132695
761.5 1.024939192155507 1.0509427650747503
761 1.0250563376495592 1.051174725666858
760.5 1.024439124046419 1.0499180837649897
760 1.0251212631811126 1.0513090688796787
759.5 1.0247374699774225 1.0505325741429503
759 1.024831080989957 1.0507280857535826
758.5 1.0250806012452496 1.0512349314935003
758 1.0252568157150057 1.0515778254790122
757.5 1.0248222990367253 1.0506960703107822
757 1.0248273581766227 1.0507119239393374
756.5 1.024801770276195 1.0506624102190127
756 1.0247240539822167 1.0504920275011174
755.5 1.0247923974032502 1.0506433822168948
755 1.0249915759432433 1.051039611729274
754.5 1.0245836289702366 1.0502238013795104
754 1.0245143758605921 1.0500667048998666
753.5 1.02425500069382 1.0495493433674785
753 1.0247825085899116 1.0506130139526533
752.5 1.0240811665456901 1.0491877428184673
752 1.0246133096192183 1.0502847985148205
751.5 1.0244406618722295 1.0499171829754912
751 1.024705461157 1.0504579198846118
750.5 1.0246976914327943 1.0504485962484424
750 1.024165097690677 1.0493584801749662
749.5 1.0249957165386367 1.0510563268940667
749 1.0245289306297467 1.0501147210300052
748.5 1.0243133477812345 1.0496575444819933
748 1.0246993553224026 1.0504476503769062
747.5 1.0243509151873857 1.049741292879856
747 1.0246478314297927 1.0503476961347358
746.5 1.0244514826230866 1.0499397166666014
746 1.0239111979594753 1.0488286337212218
745.5 1.0242218903620433 1.0494740133362184
745 1.0243699703760185 1.04976772168443
744.5 1.023872531182441 1.0487452184933306
744 1.0240045533309876 1.0490281684334457
743.5 1.0244371699542902 1.0499148900272846
743 1.02377101980719 1.0485574293935718
742.5 1.0244288436470783 1.0499023464407282
742 1.0234950118530115 1.0479818925484958
741.5 1.0242922125413099 1.0496147245889813
741 1.0241485061224105 1.0493052422209057
740.5 1.0239337560602362 1.0488831262258245
740 1.024384413523831 1.0498005789280098
739.5 1.0241261477096153 1.0492720268354279
739 1.0246459974553175 1.0503411055854555
738.5 1.0240665062021488 1.0491643843882335
738 1.0239331242999292 1.048883252030122
737.5 1.0235006130305955 1.047998959600608
737 1.0239876491480073 1.0489834416486763
736.5 1.0239378306645643 1.0488888784641062
736 1.0243233876961293 1.0496813403361627
735.5 1.0242709071697256 1.0495669756475328
735 1.0238059383663758 1.0486331225452574
734.5 1.0236030685012572 1.0482047794620408
734 1.024015591909029 1.0490502019820143
733.5 1.0241046386500325 1.049241019538207
733 1.023629071387692 1.0482675813406566
732.5 1.0236446395239724 1.0482970898995803
732 1.024155236793023 1.0493262797098284
731.5 1.0231248786927611 1.047227817816765
731 1.0239114882207783 1.0488417540767265
730.5 1.0234693553714347 1.04792595249822
730 1.0234635568027295 1.0479173700582258
729.5 1.02367181246064 1.0483363947339417
729 1.0235668414317147 1.048131656648351
728.5 1.0235127563689208 1.0480148045557742
728 1.023700663298168 1.0484082585311623
727.5 1.0231343414652125 1.047243434209148
727 1.0236901046146663 1.0483701882712626
726.5 1.0237514498644669 1.0485082042318596
726 1.0233013414543315 1.047588297777741
725.5 1.0235009001942472 1.0479874929444415
725 1.0235191524120766 1.0480258849983308
724.5 1.0230196618238765 1.0470212789309603
724 1.0238254054896623 1.0486503819529833
723.5 1.0231802633913474 1.0473313977284735
723 1.0231414821436395 1.0472694116852332
722.5 1.0227611161340648 1.046480229697557
722 1.0233721745404765 1.0477293312154268
721.5 1.023535939011231 1.0480614220210107
721 1.0235637621898945 1.0481127613021588
720.5 1.0230573757041597 1.0470941242101015
720 1.0230480273944385 1.047067262430996
719.5 1.0232790203922728 1.0475463765616482
719 1.0235079242900749 1.0480059003979554
718.5 1.0221960986263545 1.045314700247036
718 1.0230835226024155 1.0471535850874991
717.5 1.0230223603756778 1.0470252534425162
717 1.0229713186255474 1.0469250917265116
716.5 1.0232871993056343 1.0475546556162543
716 1.0228017400497162 1.0465571765327466
715.5 1.02282296001581 1.0466040558769685
715 1.022660320007252 1.0462734042066844
714.5 1.0229965769758012 1.046959722256181
714 1.0235290411795501 1.0480500882126407
713.5 1.0228750222928873 1.0467103701121685
713 1.0225697422437163 1.0460809378915887
712.5 1.0233383292583298 1.0476660823952995
712 1.0227772923286607 1.0465165550425777
711.5 1.0230275046038009 1.0470238817431474
711 1.0229559225966895 1.0468802102243935
710.5 1.022155974104246 1.045243653302266
710 1.0232774765534793 1.0475285674493389
709.5 1.0225018666125505 1.0459521683654254
709 1.022575074603969 1.0460989431999241
708.5 1.022920937691369 1.0468157371530615
708 1.022530923212754 1.0460084961727332
707.5 1.022724757073336 1.0464064208537236
707 1.0227549724785139 1.0464665520233416
706.5 1.0227353252964941 1.0464263108357905
706 1.022853582704317 1.046669729427721
705.5 1.0224676940033264 1.0458776101632907
705 1.0224644762207786 1.0458777256251894
704.5 1.0226850480170082 1.0463218251527324
704 1.0224946612752308 1.0459573187650568
703.5 1.0226836833627928 1.046340912474
703 1.0222658635564308 1.045472364505177
702.5 1.0226529605453138 1.0462634463670824
702 1.0227382600363826 1.04644060161886
701.5 1.022442357881308 1.0458301861232864
701 1.022280852819103 1.0455053394467524
700.5 1.0226655495292067 1.0462955822464202
700 1.0225394178724263 1.0460299868352811
699.5 1.0224165422839975 1.0457774565701163
699 1.0224476021783342 1.0458510757464725
698.5 1.022675074756777 1.0463081059944757
698 1.0222936909568316 1.045542438223142
697.5 1.022486771253266 1.0459308227836195
697 1.022578216518971 1.0461144721607414
696.5 1.0222554137583206 1.045435742549532
696 1.021901376697194 1.0447352463646375
695.5 1.0221570111249865 1.0452517652688444
695 1.0219085008885445 1.0447503812390275
694.5 1.0223537528330457 1.045654657043176
694 1.0217389129073857 1.0443995229972447
693.5 1.0222057291202808 1.045348123651942
693 1.0220593086615861 1.0450426930394112
692.5 1.022039961971709 1.0450115116305185
692 1.0219231349985374 1.0447671105931098
691.5 1.022136594992888 1.0452021584623044
691 1.0221147735441192 1.045159435214371
690.5 1.022078138516493 1.0450840374957733
690 1.0220797900847538 1.0450907824614295
689.5 1.0223500473575013 1.045628656625013
689 1.0216845284645484 1.0442774521168572
688.5 1.0220401335102047 1.0450037887254788
688 1.021967886686632 1.0448666578528396
687.5 1.0219326907163429 1.0447920667129644
687 1.0219322486744498 1.0447834961703726
686.5 1.0216888492528713 1.0442893986101236
686 1.021276500635824 1.0434445811736706
685.5 1.0214666474456695 1.0438203166752411
685 1.0215972605673527 1.0441085968136032
684.5 1.021933286223057 1.0447698535596177
684 1.0217926087249898 1.0445050200062358
683.5 1.0217958282392474 1.044501070660112
683 1.0212290965144029 1.0433439906065902
682.5 1.021218670482964 1.0433338912234058
682 1.0216701524194505 1.0442579732725363
681.5 1.0212369358942028 1.0433718152579627
681 1.0212753251998774 1.043431664561483
680.5 1.021309114764462 1.043506031375545
680 1.0213848954592233 1.0436742371640717
679.5 1.0214911795945674 1.043883491907501
679 1.0215099933574432 1.0439267299399688
678.5 1.0209152780801922 1.0427154204019444
678 1.0215629752059556 1.044029575307796
677.5 1.0214993483892127 1.0439105780886297
677 1.0212292454950342 1.0433507607643853
676.5 1.0211490295528325 1.0431858389512845
676 1.0218052971176534 1.044534542504925
675.5 1.0210197144855908 1.042927752071109
675 1.0207641171689192 1.0424083328930485
674.5 1.0209549833909635 1.0428016350295224
674 1.021289617110388 1.043481339968477
673.5 1.0214638122923858 1.043834843084892
673 1.0211322654790207 1.0431585206624245
672.5 1.021116198379283 1.0431067433522196
672 1.0210741899126565 1.0430421219317716
671.5 1.020818821924447 1.0425037527018766
671 1.0213577344237106 1.0436066384373515
670.5 1.0206037933110064 1.0420752874098071
670 1.0211412951512149 1.043164758818964
669.5 1.0210572261861504 1.0429996338465608
669 1.0209092074040083 1.0426973830995374
668.5 1.020637696899578 1.0421442082564587
668 1.0209641627765673 1.042810525731641
667.5 1.0205482514049453 1.0419543588545241
667 1.0204445825158242 1.0417508080932374
666.5 1.0211691372866847 1.0432225460842388
666 1.0205971513301477 1.0420626266656994
665.5 1.0210147366368227 1.0429204640604837
665 1.020731903243796 1.0423498182535194
664.5 1.020373776804175 1.0416028589196118
664 1.0205161390270985 1.0419039977226945
663.5 1.020540732161621 1.0419465696471504
663 1.0206241214024663 1.0421219297426403
662.5 1.0204140753544646 1.041681141523444
662 1.0204965762487945 1.0418590709965225
661.5 1.020226997336462 1.0413101060332823
661 1.0205837432687899 1.042022039516914
660.5 1.020290087988699 1.0414233333241618
660 1.0208862516046366 1.0426442473754605
659.5 1.0206859413257745 1.0422554245956774
659 1.0205852414726737 1.042034349685979
658.5 1.0201737386391434 1.0412013042358041
658 1.0201761503981208 1.0412032444923003
657.5 1.0204121856796182 1.041683830517068
657 1.020267093067547 1.0413943471345652
656.5 1.0203537576864632 1.0415691691490658
656 1.0207111104659536 1.0422897664154371
655.5 1.0204732518637527 1.0418071865432545
655 1.0207367356341441 1.0423513340496018
654.5 1.019983373274577 1.0408060500971754
654 1.020252939141561 1.0413482411927713
653.5 1.0201279215882921 1.0411051415059223
653 1.0196273172404322 1.0400880209224488
652.5 1.020490511090152 1.041852545648047
652 1.0196790529225408 1.0401812207546426
651.5 1.0199403546159556 1.0407257180110774
651 1.0201005162587347 1.0410525800119468
650.5 1.0199327729712764 1.0407196565611363
650 1.019638187559364 1.040100901655687
649.5 1.0194945317545518 1.0398125801326605
649 1.0200931752722209 1.0410226435367145
648.5 1.020317873505098 1.041490732182789
648 1.0196166708005039 1.0400667629507465
647.5 1.0196791630595716 1.0401885942873719
647 1.019225130630083 1.0392580416212702
646.5 1.019773877995601 1.0403899275504207
646 1.019744686942417 1.0403301667209908
645.5 1.019065176924979 1.038954114123251
645 1.0191177540432188 1.0390560732471263
644.5 1.019650458826218 1.0401238208429704
644 1.019957201884226 1.0407534807029035
643.5 1.0199011001092948 1.0406415056597365
643 1.0194770380592166 1.0397793988589463
642.5 1.0196449616799022 1.040127958970147
642 1.0194238958646353 1.039666112135282
641.5 1.019190943066118 1.0392064366867189
641 1.018907394901929 1.0386210541085885
640.5 1.0192758648516942 1.0393710040383148
640 1.0190386025055163 1.0388793592548775
639.5 1.0191180600610292 1.0390491861137927
639 1.0194600291732971 1.0397573496093289
638.5 1.0190210204461918 1.0388475192442528
638 1.0193440402105638 1.0395097909773716
637.5 1.0196691052441362 1.0401683407310953
637 1.019285728467387 1.0393944082354898
636.5 1.0195684010229757 1.03997917732981
636 1.0190419021521675 1.038905100276129
635.5 1.0194920735895159 1.03981173979362
635 1.0187997855659454 1.0384092269416274
634.5 1.019234084931041 1.0392789877526003
634 1.0188130236069488 1.0384162176083256
633.5 1.0192848629321403 1.039385798987129
633 1.0190748095192863 1.0389481809437393
632.5 1.019172144273353 1.0391664849478415
632 1.0188057311434313 1.0384063650803241
631.5 1.0191235083857915 1.0390559485865773
631 1.0191920244563237 1.0392026563024088
630.5 1.018781970968766 1.0383672441033853
630 1.0188706475113731 1.0385374781667431
629.5 1.0185892873654019 1.0379693217353283
629 1.0188938950478565 1.038591733114964
628.5 1.0193631503946896 1.0395441964415837
628 1.018934532339925 1.038686231334731
627.5 1.0191084700903335 1.039030895117931
627 1.0183265013279057 1.0374190738550475
626.5 1.018795568511022 1.0383944158174807
626 1.0182196237075252 1.037225897548076
625.5 1.018493904231283 1.0377780007269377
625 1.0183167569474787 1.0374139824872557
624.5 1.0185290578127757 1.0378432535802893
624 1.0186897235273746 1.038168107259732
623.5 1.0185735780595953 1.0379348430144515
623 1.0187043678199341 1.0382187371372826
622.5 1.0181817058154754 1.0371394385511807
622 1.0179756880370774 1.0367154405028103
621.5 1.0183201412157983 1.0374205066709432
621 1.018064264935778 1.0369043342773665
620.5 1.018038819409265 1.0368584079451695
620 1.0184874881300168 1.0377587581817302
619.5 1.0183702998229878 1.037522546009002
619 1.018233525807484 1.037234043544491
618.5 1.0179211872072982 1.0366096229938606
618 1.0178969375974398 1.03654905553019
617.5 1.0183214164757932 1.0374339140422597
617 1.0183370548546924 1.0374603615604734
616.5 1.0179156312899897 1.0365912413506377
616 1.0180769707286732 1.0369227106727579
615.5 1.0176645505765547 1.0360935523974317
615 1.0182714955307408 1.0373175455237311
614.5 1.0176670166362956 1.0360951879877929
614 1.018051481108688 1.0368751732997021
613.5 1.0178995978827328 1.0365624220618732
613 1.0180060023362276 1.0367765619289537
612.5 1.01769512923378 1.036153470011414
612 1.0174819738072012 1.0357226044817223
611.5 1.0185117243694102 1.037804565057554
611 1.01779833066188 1.0363516974918816
610.5 1.0176447326730325 1.0360497186177382
610 1.01726048832807 1.0352641230120947
609.5 1.0181124766312266 1.0370157707209242
609 1.0178093168266449 1.0363812366715563
608.5 1.0176443208296324 1.0360530020488716
608 1.0177388923996666 1.0362429940328008
607.5 1.01750302070552 1.0357565494172787
607 1.0173347223073284 1.0354183000478696
606.5 1.0176516678173388 1.0360570718299853
606 1.0174401546786567 1.035624044444966
605.5 1.0179190488407468 1.0366038565378102
605 1.0172935748915746 1.0353295759809176
604.5 1.0175282950251074 1.0358018864485479
604 1.0171765264683794 1.035096735060768
603.5 1.0172567704273223 1.0352475848396274
603 1.0167808909331375 1.0342984723633932
602.5 1.0173771002834373 1.0355042848044116
602 1.0171737366122173 1.0350854979859976
601.5 1.0169489159692635 1.0346239785868827
601 1.0169902759040412 1.0347258782446942
600.5 1.0171126318932375 1.0349643700246556
600 1.0168261137448042 1.034389088572081
599.5 1.0168239283672231 1.0343756166567168
599 1.0173441898977515 1.0354355541073432
598.5 1.0167307370406204 1.034193159360145
598 1.0169870645052412 1.0347052860415247
597.5 1.0173312745351382 1.035407674167233
597 1.0168530767718105 1.0344340368611724
596.5 1.0170576788652772 1.0348465189276468
596 1.0168082907504972 1.0343477778445387
595.5 1.0168364074835439 1.0344159982109826
595 1.0165656993420658 1.033851166299832
594.5 1.016199809526396 1.0331089868558694
594 1.016882553480802 1.034504517318394
593.5 1.016539997258188 1.0338059954303986
593 1.016493689347513 1.033710238685187
592.5 1.0170046194716058 1.0347550367583032
592 1.016518422335395 1.0337544526479197
591.5 1.017094354998765 1.0349408698746132
591 1.016712798577982 1.0341428261984453
590.5 1.01651798671826 1.0337617964814374
590 1.016526023120117 1.033754233245038
589.5 1.0164629614875516 1.0336522209563592
589 1.0164416649853842 1.0336062552705083
588.5 1.0165804442337936 1.0338811985614387
588 1.0160656837047441 1.0328463986050482
587.5 1.016339174606807 1.033395511448691
587 1.0159826551028275 1.0326651382180667
586.5 1.0161274474273079 1.032967516277815
586 1.0161915217115398 1.0330925714008787
585.5 1.0166471321648822 1.0340162025354405
585 1.0160971710118418 1.0329065162509212
584.5 1.015462371192341 1.0316099584639664
584 1.0162991754356894 1.0333051311623858
583.5 1.0158740026914086 1.0324514127699098
583 1.0157604229297232 1.03222362471683
582.5 1.015876264904316 1.0324374269081302
582 1.0158641777944755 1.0324430664441
581.5 1.0158330187490963 1.0323609449588511
581 1.0154866536741318 1.0316509675532715
580.5 1.0163609946476042 1.0334434665643972
580 1.0154207217808209 1.031530386547314
579.5 1.0153595031874822 1.0314182108379522
579 1.0157232239577545 1.032141758953565
578.5 1.0156720655043472 1.0320347420442255
578 1.0158066567821 1.0323161064379174
577.5 1.0155406449472675 1.0317678657289053
577 1.0154981380652568 1.0316818064405866
576.5 1.0157488883314791 1.0322052739525165
576 1.0158083384885903 1.0323095024978948
575.5 1.0160461255471205 1.032790890306834
575 1.0150678939370747 1.0308192878529872
574.5 1.0149659759719654 1.0306006098687563
574 1.0158233338562346 1.032347517597473
573.5 1.0147861627693724 1.0302287082267325
573 1.015692346711073 1.032071209402377
572.5 1.0148474591942178 1.0303712482681453
572 1.0153452488050883 1.0313743935556525
571.5 1.0150238715995095 1.0307166538263188
571 1.0153577128478424 1.031396868605801
570.5 1.0150003877460578 1.0306724088111896
570 1.015588953757571 1.0318639807193588
569.5 1.0151963886892499 1.0310729619156584
569 1.0151425690891678 1.030955684992585
568.5 1.0148489141134551 1.030379664461663
568 1.0150180525987398 1.0307021122059667
567.5 1.014539927627261 1.0297419073567706
567 1.0150672471927469 1.0308037339089062
566.5 1.0147532355452848 1.0301822304054276
566 1.0147874480712082 1.0302336293713474
565.5 1.0146593546907412 1.029984658442899
565 1.0153673525631488 1.0314065767718383
564.5 1.0147535080876022 1.0301774060377102
564 1.01484039499303 1.0303447859894266
563.5 1.014735485485566 1.0301272388847809
563 1.0147651362815704 1.0302007903928774
562.5 1.0142592144292775 1.0291731440788012
562 1.0144139339692397 1.0294941925967156
561.5 1.0146098391061917 1.0298744631600598
561 1.0142509545949543 1.0291497516852992
560.5 1.0144658048418709 1.0295908453782567
560 1.014096399899318 1.0288459847013296
559.5 1.013916049596936 1.0284837891748002
559 1.0139561987510681 1.028551118455423
558.5 1.0145608717435946 1.029784030917406
558 1.0147482591147787 1.0301750297518995
557.5 1.0144998681472361 1.0296487921163544
557 1.0146396703555978 1.0299461258363802
556.5 1.0144020114180885 1.0294659552529968
556 1.0144424958582157 1.0295401497535828
555.5 1.0140348709587104 1.0287091873197192
555 1.014225846326785 1.0291078426154379
554.5 1.014227639446853 1.0291072093653122
554 1.014199556835897 1.029059143761977
553.5 1.0132199315113486 1.0270693403116353
553 1.0138241016675327 1.0282830253077677
552.5 1.0140545256214035 1.0287499224898213
552 1.0136188653507683 1.0278891437986266
551.5 1.0141269270381352 1.028899769179987
551 1.0138234959702375 1.0282944786216532
550.5 1.013798832673651 1.0282434529111992
550 1.0133270264597203 1.0272816806375213
549.5 1.0139026370136526 1.0284442240467142
549 1.0141840835347178 1.0290245655534986
548.5 1.0137692817867179 1.0281765911097633
548 1.0134372095704423 1.0275001679011586
547.5 1.013670785368712 1.0279795809161096
547 1.0134481513484392 1.0275291219897087
546.5 1.013426780703182 1.0274890979771376
546 1.0130985593798272 1.0268184833484753
545.5 1.0134498152749012 1.0275296857905152
545 1.0135567282741296 1.0277435620786264
544.5 1.0131696914402861 1.026969484772052
544 1.0131308503188095 1.0268824375188144
543.5 1.0132013762057996 1.0270211887122451
543 1.013825924152886 1.028301365050986
542.5 1.0128974511945685 1.0264174377696966
542 1.013411661553666 1.0274569673488512
541.5 1.0129701375206104 1.0265675417317839
541 1.0127711070070362 1.0261650024628783
540.5 1.0131913466327136 1.027003316714592
540 1.0130889562591474 1.0268013550924624
539.5 1.0126848871219265 1.0259700815276607
539 1.0131655622367899 1.0269640062179233
538.5 1.012708837679425 1.0260255792081336
538 1.0132869060950098 1.0272040993196279
537.5 1.0125428907663563 1.0257030763435362
537 1.012337457941791 1.025274763374672
536.5 1.0130560599947038 1.026730829224026
536 1.0121408196962884 1.024883866500366
535.5 1.0128374957936073 1.0262921862511736
535 1.0124617886473184 1.0255335419360434
534.5 1.012287739064764 1.0251679711697124
534 1.0125184035299193 1.025638979974882
533.5 1.0128564414348673 1.0263229210250446
533 1.0125997080068612 1.0258090282683174
532.5 1.0122186708472831 1.0250462182187379
532 1.0126147102065166 1.0258414592947556
531.5 1.0122691688569883 1.0251276724404836
531 1.0118153145702682 1.024225292955172
530.5 1.012102555449933 1.0248047181072184
530 1.0118348786854474 1.0242631032891478
529.5 1.0119296697393252 1.024454283923253
529 1.0124777035448014 1.02556017523029
528.5 1.0117489923509562 1.0240872250396027
528 1.0117188156625423 1.024037360422442
527.5 1.0116632183074468 1.0239149677539685
527 1.0120384795598538 1.0246672039465283
526.5 1.012160551179281 1.0249190831231048
526 1.0113541167403444 1.0232851926296218
525.5 1.011271805519616 1.0231200718238604
525 1.012143797124904 1.024892537308429
524.5 1.011785138884636 1.0241407351616172
524 1.0115855049580915 1.023743360130115
523.5 1.0114197000976357 1.0234253119915386
523 1.0121051253618676 1.0248073123321897
522.5 1.0119763338441181 1.024548005452883
522 1.0113952773691235 1.0233665302203616
521.5 1.0108499274350664 1.0222579978566444
521 1.0116547989149458 1.0238912919184135
520.5 1.0116028532449446 1.0237954393554234
520 1.0115971318285921 1.0237878572679608
519.5 1.0116717799356625 1.0239307329262033
519 1.0111316542647997 1.0228417887037913
518.5 1.0110128174050586 1.022594649441095
518 1.0109491330524438 1.0224777751419543
517.5 1.0112158408163594 1.0230118554861651
517 1.0111310433018255 1.022828922182225
516.5 1.0116805894443388 1.0239499999506623
516 1.0108518626713499 1.0222791432036982
515.5 1.0115558261322724 1.0236980417350159
515 1.0108266080368773 1.0222150363845857
514.5 1.0109441578453755 1.0224581928378151
514 1.01029091883424 1.021137976089218
513.5 1.0111365473467337 1.0228479873858505
513 1.0108660916537908 1.0223022138118834
512.5 1.0107971749696845 1.0221722738021375
512 1.0104403479755053 1.0214410689154956
511.5 1.010083478034718 1.020714349037223
511 1.0103185133236878 1.0211987048004176
510.5 1.0102065078801696 1.020982495070441
510 1.0104029826630427 1.0213719659013785
509.5 1.0104917935456719 1.0215453354080781
509 1.0106402131084382 1.021836497048777
508.5 1.010403922699995 1.021362329600342
508 1.010843633620643 1.022251973192236
507.5 1.0103637918112593 1.0212890758567506
507 1.009806713228043 1.0201565031485662
506.5 1.0104238088338453 1.0214169992903335
506 1.0100293670091878 1.0206099548181153
505.5 1.0096600010332826 1.0198678843286193
505 1.0098206816591118 1.0202071302571782
504.5 1.0101084100095101 1.0207791559610573
504 1.0097454769291436 1.0200431767887421
503.5 1.0098025191017739 1.0201642060311318
503 1.0098656090511502 1.0202688083365106
502.5 1.0099369733346208 1.020429352486587
502 1.0097419208612157 1.0200349420657921
501.5 1.009676095373431 1.0199047996131412
501 1.009561635567636 1.019660118735161
500.5 1.0094293868565292 1.0194009285422727
500 1.0105295643453276 1.021617230552416
499.5 1.0100854575749174 1.0207228778628001
499 1.0094842438179854 1.0195027517421924
498.5 1.0094288145603676 1.0193906155356998
498 1.0095166487481642 1.0195760159397587
497.5 1.0090364424810983 1.018605118651926
497 1.009229634480479 1.0189885534854126
496.5 1.0093753795675553 1.0193001218860478
496 1.0097210636845302 1.0199936137558128
495.5 1.0093869130255597 1.019312672340203
495 1.0089907826529896 1.0185055177803104
494.5 1.0086856198945584 1.0178866496228207
494 1.0088768587758945 1.0182846456140506
493.5 1.0088196776666767 1.0181688785084664
493 1.0087221587085218 1.017978172885164
492.5 1.009232020837139 1.018999277790784
492 1.0086817240704646 1.0179057755290317
491.5 1.0089896208667217 1.0185101024470846
491 1.008861447907517 1.0182633960553138
490.5 1.008741678797014 1.0180158704879771
490 1.0087855414391005 1.0181060164439977
489.5 1.0092119628630356 1.0189622556756461
489 1.008748489133525 1.0180423559060596
488.5 1.0082489310050275 1.0170224001358639
488 1.0081724962708623 1.016859895103576
487.5 1.008395083037012 1.0173077587067365
487 1.0088257342716853 1.0181705169834814
486.5 1.008033953960666 1.0165959115270955
486 1.0083559933731356 1.017231361708119
485.5 1.0085306358566 1.0175811061480138
485 1.0081810996617206 1.016888540982428
484.5 1.0084167311860794 1.01736350754317
484 1.007767207669401 1.0160494450520665
483.5 1.0081395897834824 1.016794411096436
483 1.0084353163175548 1.0174064302895633
482.5 1.0078853306634148 1.016293145768903
482 1.0086072660435603 1.0177362791965379
481.5 1.0076670439237054 1.015845902747082
481 1.0073524000542629 1.0152055125038129
480.5 1.0076725576955978 1.01585865691303
480 1.0077989660411566 1.016104586909094
479.5 1.00788679136323 1.016291967344252
479 1.0074111807389856 1.0153308884108077
478.5 1.0072331599246853 1.0149804467871695
478 1.007627857532178 1.0157700966646708
477.5 1.007856057224802 1.0162200019725642
477 1.0076329144604306 1.0157957151562307
476.5 1.0070715527225167 1.014631011013719
476 1.0075262880108533 1.0155711258751319
475.5 1.006970386946779 1.0144472182951685
475 1.007166248199086 1.014844481025509
474.5 1.007073482369487 1.014655089938353
474 1.007166085487807 1.0148302130511937
473.5 1.006610084746554 1.0137137538605068
473 1.0068342564548147 1.0141727814051464
472.5 1.007318431868372 1.0151464782887902
472 1.0060148539270788 1.012519162216402
471.5 1.006842868633818 1.014191499722164
471 1.0064355559308105 1.0133792562562016
470.5 1.0068190742506493 1.0141295515009905
470 1.0064596143434672 1.0134234322099531
469.5 1.0065646256641163 1.0136220487863532
469 1.0070987424517077 1.0146877073287695
468.5 1.0059281255700654 1.0123399012893657
468 1.006699297164617 1.0139013173617784
467.5 1.0061687305671991 1.0128235319150296
467 1.0064885967617767 1.0134718022975455
466.5 1.0059832092431815 1.0124699104776982
466 1.0063467369781187 1.0131785563720206
465.5 1.006002494178625 1.0125015821370829
465 1.0062358212641156 1.0129578727355764
464.5 1.006360015494201 1.013214470399771
464 1.0057397716304097 1.0119593768480795
463.5 1.0067754368810504 1.0140494408529879
463 1.0057139783159443 1.011922964466299
462.5 1.0057200213333617 1.0119309311907818
462 1.0058789855484274 1.0122487877307902
461.5 1.0059034887258602 1.0122992992804187
461 1.0058406964810669 1.012171843095946
460.5 1.0052957548955461 1.0110737375950607
460 1.0057509220572611 1.0119867393561262
459.5 1.005991320081515 1.0124861935309395
459 1.0049879903719683 1.0104506355659915
458.5 1.0058706074753174 1.012231011070698
458 1.005176422987732 1.010843342445693
457.5 1.0054943585224165 1.0114835233564583
457 1.0054632710531262 1.0114063769469743
456.5 1.0051939625183208 1.0108645181325118
456 1.0051413835683582 1.010762313677672
455.5 1.0050976836103467 1.0106807290058935
455 1.0046878183013603 1.009853332993467
454.5 1.004986205390275 1.0104496615258765
454 1.0051889340339932 1.010861582016932
453.5 1.0045712461261789 1.0096150705450957
453 1.0049932795349854 1.0104552494091164
452.5 1.0046781166188314 1.0098436120228511
452 1.0049207810004652 1.0103264665952376
451.5 1.004369185807559 1.0092088482378625
451 1.0046792130265754 1.0098307108341429
450.5 1.0048688835337276 1.0102123693307516
450 1.0048615440690385 1.0101909355272436
449.5 1.0047750592893814 1.0100296274821732
449 1.004119083647751 1.008714186496929
448.5 1.0044186770186585 1.0092988171142996
448 1.004224308519422 1.0089244768151593
447.5 1.0039442257685265 1.0083449501105226
447 1.0046434715916668 1.0097556321283785
446.5 1.004596938600524 1.0096804929255856
446 1.0049318490408472 1.010344693681257
445.5 1.0039723565882563 1.0084215088342598
445 1.004047027756876 1.0085617187391982
444.5 1.0034929949855613 1.0074417162570348
444 1.0036327553841076 1.007736362101828
443.5 1.0035048815154857 1.0074824022770528
443 1.0036339934676273 1.0077303705177365
442.5 1.0043014947553883 1.0090869346936335
442 1.00397939168387 1.0084288107645643
441.5 1.0034385592421047 1.0073541407182791
441 1.003406336611447 1.007277084734768
440.5 1.0035899585798616 1.0076462290900454
440 1.0031872452625687 1.0068458343491866
439.5 1.0038013379926336 1.0080705856193313
439 1.0033767326589154 1.0072235047904048
438.5 1.0033054889153288 1.007079819931267
438 1.003070885151395 1.0066095050725754
437.5 1.0026918254427764 1.00585827642673
437 1.0024188959984575 1.0053064215396985
436.5 1.0028882818520104 1.0062537262065694
436 1.0027789567810277 1.0060226461522679
435.5 1.0031586071293672 1.0067844417167393
435 1.0033802471500661 1.0072350092607936
434.5 1.002603826924352 1.005666256337439
434 1.002638288691336 1.0057297020439229
433.5 1.0026113258455327 1.0056894321131635
433 1.002673775635464 1.0058185978271592
432.5 1.0031644706722 1.0068014026440208
432 1.0023138156357847 1.0050831149838844
431.5 1.003323292886894 1.007107621742103
431 1.0021243806218676 1.0047180379161051
430.5 1.0019347004626122 1.0043247206457184
430 1.001415996723432 1.0032901289006007
429.5 1.001835926402759 1.0041278963833233
429 1.0018617948231079 1.004182254340941
428.5 1.0018398136604252 1.0041479105713509
428 1.0022249326476016 1.0049142025224556
427.5 1.001620443825607 1.0037041194194425
427 1.0015533697892558 1.0035757660449038
426.5 1.0012602363942211 1.0029757906984176
426 1.0013450626335805 1.0031458486119904
425.5 1.0018009706994024 1.004077682787908
425 1.00180745383561 1.004079551073613
424.5 1.0016180569289286 1.003703618073801
424 1.0010392177985665 1.002538883357456
423.5 1.0017906902291973 1.0040448898941463
423 1.001554630834049 1.0035698643198134
422.5 1.0010974981867486 1.0026651048147293
422 1.0015263228711198 1.0035198843455324
421.5 1.0009912435321848 1.0024455063595787
421 1.001237718000965 1.0029436542809251
420.5 1.0013665038837865 1.0031952070496657
420 1.000986907190573 1.0024381439432393
419.5 1.0004934243582577 1.0014401938948532
419 1.0008138097148263 1.002080364519446
418.5 1.0007975034583811 1.002056890334958
418 1.0002240135866811 1.0009058831042574
417.5 1.0007596066788023 1.00197570393244
417 1.0002604776591209 1.00097955172934
416.5 1.0000215076155732 1.0005012543689789
416 1.0009603945938552 1.002380932742857
415.5 1.0003121301370166 1.0010800148694807
415 1.0007990696582132 1.002061026470252
414.5 1.0000302707646354 1.0005211194391659
414 1.0002154920344588 1.0008828246784844
413.5 1.0001056972259477 1.000668523324712
413 1.0000289930830977 1.0005129541634665
412.5 0.9992379287975465 0.9989393448427014
412 0.9997110672317046 0.9998914755792787
411.5 0.9994600818908085 0.9993745669675937
411 0.9999710211956041 1.0004037023002514
410.5 0.999387033642723 0.9992284638090086
410 0.9998314384562397 1.0001244285620485
409.5 0.9998197556538263 1.000098881729616
409 0.9992194541525803 0.9988968607362605
408.5 0.9991653232541094 0.9987919177149385
408 0.998982298524331 0.9984289170224885
407.5 0.998998805516238 0.9984599737161978
407 0.9988935325673757 0.9982473155653172
406.5 0.9985875606036613 0.9976298586860805
406 0.9986946350613151 0.9978398599652959
405.5 0.9986963372748745 0.9978567456137725
405 0.9988121750597607 0.9980847749879194
404.5 0.9987736157222941 0.9979954305274272
404 0.9982049410385775 0.9968734280625622
403.5 0.99856587073648 0.9976142994424337
403 0.9983403769684984 0.9971464242678585
402.5 0.9984896771461004 0.9974419905571251
402 0.9984773056154436 0.9974096915066264
401.5 0.9986872639776166 0.9978373852281927
401 0.9985353278789478 0.9975301492642019
400.5 0.9978549227925211 0.9961757141094272
400 0.9979874842670826 0.9964450031190187
399.5 0.9984026328968211 0.9972628863494866
399 0.9977084011525555 0.9958820992436561
398.5 0.9977737769381532 0.9960022837312535
398 0.9978999395596744 0.9962667274592535
397.5 0.9969551575315077 0.994379963114702
397 0.9976347129168553 0.995740330923013
396.5 0.9974044111479083 0.9952742121153751
396 0.99738792775507 0.995247428305598
395.5 0.9977031315559811 0.9958630209032745
395 0.9977320878206745 0.9959360641761619
394.5 0.9977049200967983 0.995872306664845
394 0.9966313315980967 0.9937452012126181
393.5 0.9971953184707999 0.9948517128725294
393 0.9967926955534266 0.9940599590808825
392.5 0.9969519309312079 0.9943711794940924
392 0.9972342141002266 0.9949439398130944
391.5 0.9971738297227019 0.9948157975013924
391 0.9960312278696839 0.9925334980621243
390.5 0.9972057592574777 0.9948850909577585
390 0.9965579674501464 0.9935965989607968
389.5 0.9964570532182326 0.9933913256177206
389 0.9966493417738878 0.9937823496557691
388.5 0.9964070895503211 0.9932892516134498
388 0.9967371442565193 0.9939526260600392
387.5 0.9957179638855052 0.9919094953933739
387 0.9965438137261226 0.9935662408083594
386.5 0.9962375508118732 0.9929478795238464
386 0.9960036220443138 0.992485551244237
385.5 0.9962716201514012 0.9930335601085482
385 0.9959047323392649 0.9922970687911611
384.5 0.9960216799302519 0.9925254680773583
384 0.9958343258607122 0.9921432210595834
383.5 0.9956287525351232 0.9917440467409745
383 0.9958661571805497 0.9922168792959387
382.5 0.9954839827977869 0.9914574348621189
382 0.9956774594270451 0.9918436577931757
381.5 0.9953093842006723 0.9911072787220465
381 0.9952944868564831 0.991080810400826
380.5 0.995354175956673 0.991200350323552
380 0.9950335363651254 0.9905549657480455
379.5 0.9945828299074184 0.9896557615500683
379 0.9945491160531937 0.9895903548789277
378.5 0.9949840692425345 0.9904528461133754
378 0.9950217357978658 0.9905149765234722
377.5 0.9948914983107896 0.9902750036799949
377 0.9951324920073655 0.9907589884185797
376.5 0.9945769725518541 0.9896490918920015
376 0.9941578844727396 0.9888053956552337
375.5 0.9946625521373793 0.9898217843531091
375 0.994631557543861 0.9897610798469125
374.5 0.9940100759745134 0.9885283893910528
374 0.9938562015180615 0.9882134195369159
373.5 0.9939753982231054 0.9884527794731336
373 0.9944251119333674 0.9893496752318561
372.5 0.9937726018386598 0.9880442735808616
372 0.993774394153829 0.9880558661313752
371.5 0.9937972606712183 0.9880962784087364
371 0.9937505395470443 0.9880101054898084
370.5 0.993503862835538 0.987523714371846
370 0.9933692845336396 0.9872494770301447
369.5 0.9927456062296062 0.9860205124079752
369 0.9935420386120064 0.9876024943501356
368.5 0.9924245539371134 0.9853672150184785
368 0.9929642772100731 0.9864315347132951
367.5 0.9926043764061709 0.9857195749818578
367 0.9931690732337157 0.9868541596789936
366.5 0.9928783486721625 0.9862623880260356
366 0.9924540004545405 0.9854334375817407
365.5 0.9926371419507837 0.9858023068519786
365 0.9920700611162915 0.9846821225067547
364.5 0.9927675365986428 0.9860708860241053
364 0.9924755555776943 0.9854880506072784
363.5 0.9923716491456783 0.9852695335601102
363 0.9918379763513074 0.9842204972926459
362.5 0.9916444975438066 0.9838344943858393
362 0.9920293294986894 0.9845779229023026
361.5 0.9920504953697238 0.9846233021633533
361 0.9918015069330076 0.9841433599619475
360.5 0.9921757441300888 0.9848785700373902
360 0.9914164753086567 0.9833809951330726
359.5 0.9917883462380568 0.9841106074872267
359 0.990824950416158 0.9821959644745123
358.5 0.9914375021241112 0.9834103326135637
358 0.991168188987343 0.9828749122444649
357.5 0.9911296821868228 0.9828024402234291
357 0.990738278175766 0.9820337948496854
356.5 0.9910962033987801 0.9827374849126098
356 0.991183017008131 0.9829072341339109
355.5 0.9907900776105073 0.9821302614479155
355 0.9905724692074189 0.9817012150367765
354.5 0.9905075840550991 0.9815749057798016
354 0.9904558974712616 0.9814667640312564
353.5 0.9907764253539446 0.9820961210406032
353 0.9902451205295671 0.981051174710872
352.5 0.9897329860691944 0.9800475829911209
352 0.9904466017685141 0.9814580941192228
351.5 0.9904378108045844 0.9814331708555608
351 0.9896072886454328 0.9797935092756221
350.5 0.9896783066145285 0.979927484727563
350 0.989787859290977 0.9801493650816598
349.5 0.9898535621538929 0.9802663215219275
349 0.9895456995105869 0.9796738912895557
348.5 0.9892632803178902 0.9791091894455984
348 0.9892218002766947 0.979027024128558
347.5 0.9888104055520913 0.9782198834995878
347 0.9894451142376931 0.9794681469627875
346.5 0.9893751989925013 0.9793391527684049
346 0.9889407181402489 0.9784719113541981
345.5 0.9880480664733413 0.9767133931330616
345 0.9884233282504966 0.9774389323378575
344.5 0.9885495545355616 0.9777166093903131
344 0.9885197011016303 0.9776331095979722
343.5 0.9882291986197305 0.9770606758567264
343 0.9884267164296278 0.9774667655726121
342.5 0.9880619920648216 0.9767478662881509
342 0.9880298739782367 0.9766631421229328
341.5 0.9882814752880861 0.9771706381756154
341 0.9882735021322473 0.9771619902309246
340.5 0.9879913607776231 0.9766058851746442
340 0.987721796877514 0.9760731196896737
339.5 0.9878355202743184 0.9762868974577039
339 0.987904163164372 0.9764309202646798
338.5 0.9873542846200367 0.9753386052313104
338 0.9875475071162237 0.9757223333843767
337.5 0.9874783822260833 0.9755814431520361
337 0.9873124402095604 0.9752475662702517
336.5 0.9876646529006177 0.9759618928980185
336 0.9868550511059182 0.9743552376179152
335.5 0.9866715208634947 0.97400721260773
335 0.9862780957836081 0.9732199383040958
334.5 0.9858988746242312 0.9724497157945242
334 0.9866993756657565 0.9740495976647149
333.5 0.9863981802923909 0.97342988012849
333 0.985902193558026 0.9724782406313147
332.5 0.9862986573815894 0.9732558662646829
332 0.9857639719728492 0.9721973797440414
331.5 0.9860860953253008 0.9728299409197795
331 0.9858229716744089 0.9723183310783166
330.5 0.9857179420298954 0.9721226293311486
330 0.9858281799342674 0.9723284222099867
329.5 0.9864388277033044 0.973533019279077
329 0.985925039883022 0.9725161981009229
328.5 0.9851389073348894 0.9709744591205319
328 0.9847438678686756 0.970201251454429
327.5 0.9848861345568423 0.9704694727132224
327 0.9844622955856615 0.9696511808092173
326.5 0.9845852323724031 0.9698790761217574
326 0.98538243394486 0.9714443563836332
325.5 0.9848390249881933 0.9703635215335266
325 0.9847507019758269 0.9702000227232321
324.5 0.9852237134537543 0.9711217374911572
324 0.9848438601225326 0.970396789567
323.5 0.9845234285723691 0.9697646322642367
323 0.9838549479946992 0.9684494776336866
322.5 0.9840236355315467 0.96877163069521
322 0.9841659101285593 0.9690478016972275
321.5 0.9841597710145862 0.9690455583819731
321 0.9836490219888102 0.968037736950722
320.5 0.9836580394676052 0.9680609937327522
320 0.9831879499009126 0.9671372727438894
319.5 0.98366392983484 0.96806955605211
319 0.9837857645460751 0.9683061438878127
318.5 0.9829570218949265 0.9666721917379613
318 0.9830097361474229 0.9667855569377435
317.5 0.9826272812103878 0.9660275640655442
317 0.9828799228255322 0.9665224652168236
316.5 0.9826565408685795 0.9660934333445911
316 0.9827030162814002 0.9661695615324176
315.5 0.9822375509380309 0.9652545067956367
315 0.9820133770548045 0.964822381955472
314.5 0.9822286445152592 0.9652573034971335
314 0.9816512515055418 0.9641056092498589
313.5 0.9817789881344986 0.9643672687287396
313 0.9814674038163301 0.9637634718722966
312.5 0.9818788882430713 0.9645589219130558
312 0.9815102757904037 0.9638300148021783
311.5 0.9809702690903243 0.9627798465012078
311 0.9810371469022039 0.9629042791059328
310.5 0.9812432923148929 0.963322634533781
310 0.9804829676262897 0.9618142950428353
309.5 0.9813503726893144 0.9635151149546458
309 0.981323010943083 0.9634554991656468
308.5 0.980788072956389 0.9624214835898344
308 0.9809403561726895 0.9627177058233728
307.5 0.9805332370759295 0.9619264637489175
307 0.9799299514068962 0.9607316788173722
306.5 0.9807602510409883 0.962367430010666
306 0.9795504026429953 0.9599970842824628
305.5 0.9796534378333297 0.9601998412541524
305 0.9797475206381028 0.9603887298202183
304.5 0.9795219965572937 0.9599381880200509
304 0.979710193539148 0.9603091224811193
303.5 0.9790170254665568 0.9589600014522938
303 0.979185403820419 0.9592609814082093
302.5 0.9788540571082569 0.9586436307748156
302 0.9782723320152092 0.9574889294660949
301.5 0.9793669997011948 0.9596304243171455
301 0.9794773439435926 0.9598434340703308
300.5 0.9790890731084261 0.9590931153593842
300 0.9788236731126844 0.958576234239065
299.5 0.9781774157222356 0.95731950169097
299 0.9784514044283618 0.95784112265547
298.5 0.9779022109122456 0.9567713803251829
298 0.9780444700854679 0.9570618457723103
297.5 0.9781592888501864 0.9572735451009444
297 0.9774896893763196 0.9559524272769524
296.5 0.9779071890669153 0.956776860653844
296 0.9776017668811676 0.9561950862879934
295.5 0.9774431914052607 0.9558800409080688
295 0.9771532292939702 0.9553148519589828
294.5 0.9775510682261619 0.9560714015540883
294 0.9768977621518958 0.9548127893111441
293.5 0.976718475305162 0.9544525817809096
293 0.9768584295231194 0.9547119642445552
292.5 0.9762810816757104 0.9536004546048205
292 0.9759249431724869 0.9529046489518306
291.5 0.9764290811682654 0.9538871124869105
291 0.9762306960152793 0.9535096091348568
290.5 0.9765023707180296 0.9540442525597608
290 0.9761308690073427 0.9533197537925431
289.5 0.9754882564806843 0.952059050135635
289 0.9756950382818073 0.9524607684283303
288.5 0.9750425392251151 0.9511813927871499
288 0.9750336827976123 0.9511665218524531
287.5 0.9747876144543182 0.9506925635529208
287 0.9748019375786042 0.950728376608677
286.5 0.9751162343971495 0.9513218435518517
286 0.974814647015668 0.9507449198726544
285.5 0.974851046158325 0.9508307893601606
285 0.9743268915628399 0.9497930239994926
284.5 0.9747307368378577 0.9505867514872125
284 0.9739256534490749 0.9490226556026795
283.5 0.9737845507445924 0.9487345446144375
283 0.9739698604581695 0.9490805562592451
282.5 0.9733874020576744 0.9479527470472697
282 0.9733290565979972 0.9478485814280154
281.5 0.9737120684034338 0.948605127487045
281 0.972423921116352 0.9460930250091594
280.5 0.9729683401614625 0.9471527300559369
280 0.973280844581885 0.9477705849951338
279.5 0.9725719958006063 0.9463841419781028
279 0.9728664269670412 0.946945765369596
278.5 0.9724089375106966 0.946064044146504
278 0.9719254090643364 0.945119253539064
277.5 0.9722758342540998 0.9457985405096552
277 0.9718841420245015 0.9450420447125092
276.5 0.9724384381936974 0.9461114954767919
276 0.9713882275262934 0.9440804179256423
275.5 0.9709960005955967 0.9433212180623067
275 0.9718427397841224 0.9449642108139193
274.5 0.9712053232971579 0.9437352586386603
274 0.9711342725419255 0.9435878466983095
273.5 0.9708380342229376 0.9430151937021295
273 0.9702850166044132 0.9419353353071941
272.5 0.9700179017626267 0.9414141860599924
272 0.9704152667725017 0.9421793322361481
271.5 0.9701285987028719 0.94163039535286
271 0.9697612326688788 0.940916790658516
270.5 0.9702043272437837 0.9417850994232856
270 0.9695187233870312 0.9404594620541333
269.5 0.969240435451701 0.9399156946604238
269 0.9698472502505701 0.9410945409608158
268.5 0.9690200700702487 0.9394829608601681
268 0.9690569941444225 0.9395509544382775
267.5 0.9682995699060056 0.938089311748695
267 0.9689638895004173 0.9393753950436189
266.5 0.9685793634892446 0.9386219248943548
266 0.9684335006212359 0.9383394962405024
265.5 0.9678595929327297 0.9372387513862213
265 0.9671619736813847 0.9358744213386183
264.5 0.9675091072972831 0.9365533984956061
264 0.9681037970877826 0.937707440216274
263.5 0.9671481668178811 0.9358607198060089
263 0.9676301052526955 0.936810428708549
262.5 0.9671971499298021 0.9359492550581695
262 0.9676664618468057 0.9368511046067658
261.5 0.9669016161039848 0.9353863597533886
261 0.9661975630410411 0.9340295483437411
260.5 0.9670781386541 0.9357236223842114
260 0.96585623799694 0.9333425329540185
259.5 0.9659601535493288 0.9335719894625114
259 0.9661622102888641 0.9339416901810059
258.5 0.96531490738984 0.9323184163418197
258 0.9657530326081358 0.9331603302280814
257.5 0.9652158252768546 0.9321272102198853
257 0.9651247274409832 0.9319408168481311
256.5 0.9647575160453753 0.931267539381473
256 0.9648131696136463 0.931339333511763
255.5 0.964760073002717 0.9312461245467167
255 0.9642786950035289 0.9303097203075238
254.5 0.9641686266001553 0.9300918150297792
254 0.9641330178004611 0.9300491432909306
253.5 0.9642354505369051 0.9302291588104664
253 0.9634525084013313 0.9287234712915404
252.5 0.9630191452524974 0.9278792929244762
252 0.9634766375800792 0.9287715926511176
251.5 0.9627224386099099 0.9273145368590016
251 0.9633452410945953 0.928520707754803
250.5 0.962983549100095 0.9278277228958163
250 0.9624904761482794 0.9268873281362122
249.5 0.9622216033123081 0.9263657184462614
249 0.962779975995683 0.9274293335512558
248.5 0.9622628500580487 0.9264202150482864
248 0.961538686829394 0.9250355303743264
247.5 0.9614626910787737 0.9248899007571161
247 0.961983783302366 0.9259022620591263
246.5 0.9613470945735272 0.9246766237688818
246 0.9602922403866783 0.9226542457153452
245.5 0.9606691422081175 0.923368559940996
245 0.9606822038968833 0.9233915502705538
244.5 0.9597166595892618 0.9215529509552167
244 0.960069933300109 0.9222392242994102
243.5 0.9595691561136522 0.9212642506366101
243 0.9594078175038494 0.9209639620376944
242.5 0.9603037170809919 0.9226761215225948
242 0.9591355304596167 0.9204245359796381
241.5 0.9590262696075394 0.9202187059859465
241 0.9587992032855964 0.9197829466961448
240.5 0.9585933865725745 0.9193870328649808
240 0.9587077027611057 0.9196136474460109
239.5 0.9578151520510012 0.9179161400645983
239 0.9576892853949384 0.9176542635839673
238.5 0.958251241861197 0.9187414256370142
238 0.9573176119529181 0.9169580564502645
237.5 0.9580319890753534 0.9183138500843371
237 0.9575694021418104 0.9174178438015825
236.5 0.9561565901064629 0.9147366029324175
236 0.9569795595911498 0.9163044254144098
235.5 0.956174788358879 0.9147500650483589
235 0.9562108317806852 0.9148129850337383
234.5 0.9557609045905496 0.9139791124266314
234 0.9558072290517349 0.9140478005630769
233.5 0.9564160030326929 0.9152141757076439
233 0.9561608711430392 0.9147382155096936
232.5 0.9550653925312663 0.9126403002767333
232 0.9547194019530388 0.9119954573030119
231.5 0.9544344269598704 0.911433586466353
231 0.9552799521777142 0.9130458493097268
230.5 0.9541021174367893 0.9108018388598538
230 0.9545083666755118 0.9115592851990986
229.5 0.9532358688237339 0.9091426982015665
229 0.9532466910718663 0.9091670486748633
228.5 0.9531371474747536 0.9089628119324734
228 0.9532438060081432 0.9091780392553227
227.5 0.9530872174827538 0.9088755700060163
227 0.9528640609782263 0.908445635636765
226.5 0.9522498324581339 0.9072701086531323
226 0.9517934750427951 0.906405834387387
225.5 0.9519959004850794 0.9067840704992727
225 0.9522676107491835 0.9073069946198675
224.5 0.9510266672285154 0.9049488841105671
224 0.9517373555041067 0.9062966053305503
223.5 0.9507002415765047 0.9043153662980558
223 0.9503748258425325 0.9037236015767068
222.5 0.9510414696055051 0.9049853827776008
222 0.9497933587448287 0.9025924873988093
221.5 0.9497537692789152 0.9025135298036836
221 0.9489534079338178 0.90101716087101
220.5 0.9497634243154992 0.9025429535908378
220 0.9491347755892477 0.9013545496511698
219.5 0.9490817955567261 0.9012529636001165
219 0.9477677901504712 0.8987496419778604
218.5 0.9489518237684637 0.901005277192182
218 0.9480948974545576 0.8993766885052983
217.5 0.9472428001272966 0.8977584733175957
217 0.947920831042817 0.8990500937504051
216.5 0.9466456879766476 0.8966252492762692
216 0.9476211217065371 0.8984717996257153
215.5 0.9464965241569027 0.8963574768379369
215 0.9472361546665211 0.8977546190954142
214.5 0.9463724683730781 0.8961135244001086
214 0.9462803609959349 0.8959396328342141
213.5 0.9462304560490762 0.8958376478356912
213 0.9460228817528716 0.8954458938357496
212.5 0.9454062957381463 0.8942718298436781
212 0.9449273413263428 0.8933869651223025
211.5 0.9447683109529595 0.8930812956837245
211 0.9446899083195068 0.8929306933641644
210.5 0.9444702744580515 0.8925077747593575
210 0.9441682490092116 0.8919435993474771
209.5 0.9445391557601779 0.8926566632915359
209 0.9424792683721687 0.8887622422345413
208.5 0.9434636653238702 0.8906154589999898
208 0.9417584881236868 0.8873982543281431
207.5 0.9422670147295081 0.8883607355470373
207 0.9424282397704793 0.8886607435145113
206.5 0.9413189671088928 0.8865727112965056
206 0.9410078598718965 0.8859691507980119
205.5 0.9409872558721633 0.885935886560949
205 0.9414568091422598 0.8868560481309863
204.5 0.9404791090509739 0.8850088844225733
204 0.9407584550528828 0.8855432622954534
203.5 0.9407462567824868 0.8855137964608252
203 0.9397082630355763 0.8835646631210341
202.5 0.9388600182194874 0.881957018371091
202 0.9393345977779404 0.8828560202768703
201.5 0.9383899961628546 0.8810665916969574
201 0.9385407318668019 0.8813541561022891
200.5 0.938581983859801 0.8814282364468937
200 0.9379912130877811 0.8803265195338541
199.5 0.9369558630234324 0.8783779322560442
199 0.9370731924418023 0.8785963663957881
198.5 0.9375869008580581 0.8795661020587622
198 0.9360618560213113 0.8767217888333608
197.5 0.9367879055163967 0.8780739108951885
197 0.9359777276818496 0.8765409599539952
196.5 0.9358438131009386 0.8763017949425718
196 0.9348345091138426 0.8744245766794703
195.5 0.9349053069280919 0.874540917987548
195 0.9351626330526616 0.8750222118494702
194.5 0.9345589888922963 0.8739017769647189
194 0.933952787069677 0.8727593436766418
193.5 0.933864138277793 0.872610591406085
193 0.9335283116484686 0.8719808019405894
192.5 0.9330877429283617 0.8711472478040985
192 0.9329972392806032 0.8709727612522153
191.5 0.9322770181842084 0.8696414428551684
191 0.9321602931213985 0.8693994877786978
190.5 0.9316606930248413 0.8684895625845979
190 0.931440858105823 0.8680889528539284
189.5 0.9303242412306844 0.8660113278937988
189 0.9304852248656675 0.8663033138402739
188.5 0.930073340730315 0.8655529344081886
188 0.9300220124775099 0.8654629433621996
187.5 0.9294272631627909 0.8643432163068668
187 0.9287492954268689 0.8630746391418312
186.5 0.9285499262580389 0.862704747968035
186 0.9286893156910012 0.8629581852197968
185.5 0.9280946560360268 0.8618666227797058
185 0.9276130315760406 0.8609637335956698
184.5 0.9278936883677077 0.8614816111801945
184 0.9271068591039362 0.8600438545351641
183.5 0.926510492743115 0.858912188528418
183 0.9267750186331044 0.8594160466235731
182.5 0.9256446897053949 0.8573113013247262
182 0.9257090866983432 0.8574367640235199
181.5 0.9251323170507552 0.8563667761731769
181 0.924132395891492 0.854507799244461
180.5 0.9244846089382044 0.855183309125938
180 0.9240521319043045 0.8543670320784208
179.5 0.9228037071194464 0.8520609592980551
179 0.9235970066587049 0.853543178861424
178.5 0.9228899685583287 0.852249281039583
178 0.9226160399733521 0.8517241309213949
177.5 0.9213320454754229 0.8493549421318877
177 0.9221990479431879 0.850937691056686
176.5 0.9218991545762885 0.8503904933337036
176 0.9213195502168114 0.8493296828929296
175.5 0.9198692829675925 0.8466741527714314
175 0.91932323033247 0.8456626514329628
174.5 0.9193402168302371 0.8456855548265203
174 0.918870109220929 0.8448387225657553
173.5 0.9192243312706311 0.8454589474490755
173 0.9174967704410806 0.842291682908351
172.5 0.9181732793382048 0.843556068879103
172 0.916882670127064 0.8411943223699068
171.5 0.9172531746891445 0.8418462386757198
171 0.9158950331412153 0.8393544318903008
170.5 0.9161283133814061 0.8397925041719011
170 0.9157544411076821 0.8391223655705586
169.5 0.915404339253766 0.8384562569190825
169 0.9151877193638792 0.8380761067657728
168.5 0.9144124963624611 0.8366444259975563
168 0.9141093534418947 0.836112606722154
167.5 0.9140705855724826 0.8360239457294019
167 0.9134192121810599 0.8348466955290477
166.5 0.9129393880159999 0.8339692653927392
166 0.9125573572768882 0.8332710850739619
165.5 0.9121970262537235 0.8325995512526052
165 0.9110404975658126 0.8304941997739211
164.5 0.9107579098036738 0.8299993741199126
164 0.9107125151854879 0.8298936257902422
163.5 0.9092586631841598 0.827268854285133
163 0.909518384740738 0.8277306154104064
162.5 0.909066046701043 0.8269162127834222
162 0.9079797414655327 0.824935706511501
161.5 0.9082087016927074 0.8253622812488159
161 0.9071164615803582 0.8233775271869028
160.5 0.906821279577312 0.8228424835794451
160 0.9066769368034625 0.8225660565674014
159.5 0.9057938030203588 0.8209584632149586
159 0.9055643250594393 0.8205310569396351
158.5 0.9052240175528531 0.8199261656311049
158 0.904992047257308 0.8195187276447963
157.5 0.9036340122238935 0.8170506256450939
157 0.9033064477029109 0.8164690750034321
156.5 0.9031590731217496 0.8162115897053528
156 0.9031649710090661 0.8162131290144679
155.5 0.9016335112102211 0.8134252638074847
155 0.9016939474393252 0.8135626730002626
154.5 0.9005741826188329 0.8115493783144817
154 0.8997517303412631 0.8100691989275333
153.5 0.8992318986158868 0.8091323338714907
153 0.8996415621311031 0.8098598774662211
152.5 0.899024076538153 0.8087437177188247
152 0.8983029241420716 0.8074482001753482
151.5 0.8971362472019629 0.805345826213721
151 0.8973252035861625 0.8057026279654742
150.5 0.8960183792149777 0.8033701195662846
150 0.8958792055293997 0.8031048927849894
149.5 0.8955011343858555 0.8024265163369056
149 0.894769288861257 0.8011160948396436
148.5 0.8936320609490971 0.7990730122747052
148 0.8935558009231519 0.7989432128706571
147.5 0.8935888095496106 0.7990012287484793
147 0.8927367723486246 0.7974756636039678
146.5 0.8921678998689124 0.7964398793383797
146 0.8911210797582143 0.7946043897801658
145.5 0.8900770138530272 0.7927507277774797
145 0.8901338656354139 0.7928401159780847
144.5 0.8899145835839937 0.7924466411985527
144 0.8887974616164659 0.7904627475280582
143.5 0.8878342015202306 0.7887649305705706
143 0.8864059690251477 0.7862179062567742
142.5 0.8879866013237162 0.7890277651141725
142 0.8863893681142129 0.7861882813219268
141.5 0.8856953504619715 0.7849704957071943
141 0.8861443608230571 0.7857711079151533
140.5 0.8845779646388737 0.7829910316972329
140 0.8835793090604901 0.7812223734643602
139.5 0.8835139599187354 0.7810770947665997
139 0.8822262120033757 0.7788446292180228
138.5 0.8819001259760233 0.7782649770365269
138 0.8813861428143506 0.7773462559099654
137.5 0.8807822369642637 0.776287709038938
137 0.8801042435224956 0.7750748949382296
136.5 0.8792981130248371 0.7736644731684676
136 0.8794963404924204 0.7740362332082454
135.5 0.8792722634923285 0.773617739831112
135 0.8774399285407808 0.7704199126474089
134.5 0.8763931212160098 0.7685610537109371
134 0.8754859535132882 0.7669817776151411
133.5 0.8752310973358138 0.7665253445247625
133 0.875116566040044 0.7663345489345164
132.5 0.873932066263884 0.7642504839936651
132 0.8733573412749299 0.7632777809157175
131.5 0.8721150385006804 0.7610705590599969
131 0.8717633927271928 0.7604652035576143
130.5 0.8707918861994584 0.7587964853406731
130 0.8694669293981787 0.7565079106257289
129.5 0.8700899963105218 0.7575624264042837
129 0.8691542741248194 0.7559113424703784
128.5 0.8679522665082907 0.7538443995389453
128 0.8673603894392613 0.7528224770491752
127.5 0.8672564339720475 0.752667191454293
127 0.864928630227368 0.7486077706491358
126.5 0.8644617080692231 0.7478098265014904
126 0.8626364130606987 0.7446452684040599
125.5 0.8628297605618372 0.7449842013572667
125 0.8624255182848792 0.7442967791238142
124.5 0.8621186775189573 0.7437462617749708
124 0.8607879075619503 0.7414636366182196
123.5 0.8598526916950817 0.7398418129394165
123 0.8593869979451084 0.7390510779676962
122.5 0.8590843336318282 0.7385229364165058
122 0.8570564606178774 0.7350485933757412
121.5 0.8561509991800342 0.7334720103747848
121 0.8551555347446237 0.7317831910533585
120.5 0.854997474994551 0.7315224941695292
120 0.8531487854912538 0.7283733507395693
119.5 0.8539347357614943 0.7297046908023557
119 0.8515826371955143 0.7256792517305993
118.5 0.8513283933005292 0.7252649843086493
118 0.8508153008056636 0.7243676187749413
117.5 0.8511988047728808 0.7250250850698642
117 0.848340782713177 0.7201711050957105
116.5 0.8489917636097675 0.7212558158152296
116 0.8467132496404235 0.7174235540076827
115.5 0.8449382529981168 0.7144091488829113
115 0.8449570037190646 0.7144457434698519
114.5 0.8452582039111382 0.7149663874100439
114 0.8423630642732836 0.7100600349713558
113.5 0.8428461289086948 0.7109030446685516
113 0.8419241402920934 0.7093320272548549
112.5 0.8408944678480655 0.7075938896465981
112 0.8394390083318197 0.705132206883867
111.5 0.8377273849728883 0.7022783176313012
111 0.8372635845092776 0.7015123278657639
110.5 0.8364610418040267 0.7001563911866562
110 0.8353384031060296 0.6982882221311587
109.5 0.8349227531015764 0.6975874695092613
109 0.8328507141253327 0.6941343394935229
108.5 0.8319618473658469 0.692612947548368
108 0.8319792990915604 0.692683878601492
107.5 0.8301760119030831 0.6896502109103632
107 0.830158638637387 0.6896168162140184
106.5 0.8279580259457258 0.6860119581199806
106 0.8287151218846877 0.6872278806397683
105.5 0.826237086889844 0.6831179964100094
105 0.8256434499099392 0.6821652945719076
104.5 0.8234822018257 0.6786058773155278
104 0.8242799777364834 0.6798855852828408
103.5 0.8212276568656725 0.6748927640030618
103 0.8213024931010784 0.675009143533767
102.5 0.8186973554070721 0.6707796852134452
102 0.8190895611028163 0.6713677047427205
101.5 0.8175795562862802 0.6689185405135543
101 0.8165530917139753 0.6672314103558892
100.5 0.8145642380790226 0.6639833078373389
100 0.8132172623930416 0.661810330389961
99.5 0.8126529890000906 0.6608540820670188
99 0.8114579150627326 0.6589063365884313
98.5 0.8110423734536721 0.6582683577549059
98 0.8093594755202668 0.6555546759913594
97.5 0.8073072282327848 0.6522320242833074
97 0.8073229512618216 0.6522350577045782
96.5 0.8063642872575565 0.6506889639346316
96 0.805015240237876 0.6485343374241525
95.5 0.8022222728813568 0.6440254275818625
95 0.8018003302469813 0.6433403182422175
94.5 0.8000856120394814 0.6406222003638844
94 0.7987331423696616 0.6384431356099529
93.5 0.7984625478765284 0.6380183270983042
93 0.798189661786197 0.6375457036370483
92.5 0.7944097552715522 0.6315449318904659
92 0.7949855074762064 0.6324430553161877
91.5 0.7926350065554931 0.6287330857011719
91 0.7901121936487272 0.6247223394020264
90.5 0.7887318459802767 0.6225641566991089
90 0.789266694510511 0.6233721143704081
89.5 0.7859996002251182 0.6182406584739619
89 0.7858759181871724 0.6180283127482589
88.5 0.7850591975522385 0.6167605085400691
88 0.7820951244927814 0.6121195991442998
87.5 0.7801083821604096 0.6089789737510454
87 0.780585134362746 0.6097113347942955
86.5 0.7787637046085313 0.6068974783297277
86 0.7766650669592942 0.6036477277672896
85.5 0.7761988034279462 0.6029408620961354
85 0.7737898938905365 0.5991672734198025
84.5 0.7711875019050568 0.5951689177450867
84 0.7716009507036167 0.595792755872123
83.5 0.7688837760779986 0.5915827705284296
83 0.7676236623921167 0.5896325813273875
82.5 0.7666128615259477 0.5881293368073329
82 0.765372404838744 0.5862397246554355
81.5 0.7632052721843328 0.5828771612254534
81 0.7636316009272096 0.5835364496603522
80.5 0.7580444247179728 0.5750424642330954
80 0.7593580616032215 0.5770207378597009
79.5 0.7578963247512468 0.5748035630373092
79 0.7547400332047317 0.5700153329225885
78.5 0.753388818823545 0.5680122368876925
78 0.752789282952551 0.5670916340791622
77.5 0.7503270117563454 0.5633688109168821
77 0.7497426095801186 0.5625574057238532
76.5 0.7488953477825193 0.5612228635891607
76 0.7462285992876089 0.5572518872736553
75.5 0.7431722984412719 0.5526851002930236
75 0.742232095725548 0.5513092623924563
74.5 0.7420043987670114 0.5509648992817214
74 0.740652956281858 0.5489578571117314
73.5 0.7365315689867237 0.5428731196160087
73 0.7337934285674335 0.5388362824444005
72.5 0.7329256617985669 0.5375467701628358
72 0.7334828947149061 0.5383459912591242
71.5 0.7296230680763277 0.5327113187124543
71 0.7284748370451795 0.5310229676846009
70.5 0.7259815704302438 0.5274170241368038
70 0.7261448507181243 0.5276197529288033
69.5 0.7217438542586618 0.5212539508825759
69 0.7224029664747841 0.5221859171197067
68.5 0.7205070761441907 0.5194515860129195
68 0.7176362454505419 0.5153831392157774
67.5 0.7167551496419161 0.5140794771172505
67 0.714402716764753 0.510710081518978
66.5 0.7121376504694354 0.5074543300253946
66 0.7116001045490673 0.5066793329125212
65.5 0.7076401226735515 0.501078041846549
65 0.7067196775873434 0.499759480180872
64.5 0.7047183590151579 0.49693829137354306
64 0.7036019087548476 0.49538537782809444
63.5 0.6993269955388279 0.4893483210923877
63 0.6990447462566148 0.48897142029682045
62.5 0.6960341531745519 0.4847539602263542
62 0.6956617496177522 0.4842360525079914
61.5 0.693597405266486 0.4814086400306835
61 0.691917140004533 0.47903699497053703
60.5 0.6906192568316862 0.47725380893305436
60 0.6859351109115926 0.4707603867640067
59.5 0.685537164404009 0.47022269355922724
59 0.682213565005823 0.46567099743277046
58.5 0.6795604515395732 0.4620833686057366
58 0.6800492034995739 0.46273200768790923
57.5 0.6776571163304909 0.45945996153638147
57 0.6747478908576042 0.45553991658545084
56.5 0.6752021263680785 0.4561267790329159
56 0.6721479303425626 0.4520435517338238
55.5 0.6709300460347953 0.4503981954068395
55 0.6660318199163331 0.4438324253409737
54.5 0.6652845914419617 0.44284182737408134
54 0.6648557806735631 0.442278280761605
53.5 0.6618851040082342 0.43833324324242545
53 0.6583400484350499 0.43363896240329763
52.5 0.6582499223442995 0.43354831456599907
52 0.6549709588769415 0.4292111522611169
51.5 0.65378351325299 0.4276438946193523
51 0.6497544122798663 0.4224347401767064
50.5 0.6506627555466495 0.42357995568940243
50 0.6458325455561018 0.41732833734708735
49.5 0.6434521499348203 0.4142072038419434
49 0.6427347329355676 0.4132873203971208
48.5 0.6420238704440275 0.41237859818425576
48 0.6403329783384514 0.4102011203425735
47.5 0.6371468717363836 0.40611771657872764
47 0.6366987854083905 0.4055361109789149
46.5 0.633756335710103 0.4018209527853033
46 0.6331198135575139 0.4010102200184724
45.5 0.6320467780159437 0.3996329181881629
45 0.6291375574062739 0.39596306538969234
44.5 0.6244087911271504 0.39001527252418505
44 0.6237818464351577 0.3892583669192589
43.5 0.622302222518919 0.387409722854531
43 0.6195194065775976 0.38393127936270993
42.5 0.6176654776495543 0.3816659378764489
42 0.6157939399897412 0.37933477502904744
41.5 0.6145703326609134 0.3778259618123462
41 0.6133292846119962 0.37628200025833874
40.5 0.6091641583699069 0.37119055611654045
40 0.6080197690453117 0.36982145398880295
39.5 0.6083390195516631 0.37019778453417196
39 0.605970689572175 0.3673162799499503
38.5 0.6028983535858503 0.3635842776554118
38 0.6030027329638967 0.3637277274732521
37.5 0.6000260713880802 0.36012311268107366
37 0.5993363979737013 0.35931103248474344
36.5 0.5960282011924786 0.35533769217135025
36 0.596549869547743 0.3559786104039397
35.5 0.5919565238413931 0.3504939560337916
35 0.5895296885572708 0.34763045466107745
34.5 0.5910783903134469 0.349466528282763
34 0.5868235497375878 0.34442225927560666
33.5 0.5868949391979843 0.344524053155263
33 0.5851950240409922 0.3425196482811369
32.5 0.5828267669662633 0.33973983276077385
32 0.5842314431933503 0.34138228150994643
31.5 0.5808916055067211 0.3374818216577677
31 0.5799615617963109 0.3364117507329227
30.5 0.5794705950810993 0.33583018520729263
30 0.5788250838003672 0.33508824017639327
29.5 0.5751183631905643 0.33079574058350997
29 0.5730093712364583 0.3283772084950734
28.5 0.5730645270613295 0.32845178563749783
28 0.5734265719942455 0.3288484034949948
27.5 0.5713492093661244 0.3264838811053296
27 0.5687409660634976 0.32351011367225224
26.5 0.5669329222025232 0.3214502311943669
26 0.5694844231269559 0.324340069097179
25.5 0.5653286947981563 0.31963734484582385
25 0.5646253230598832 0.31882450151212177
24.5 0.5641025302564998 0.31823498764913793
24 0.5614823287672759 0.3152827596943532
23.5 0.5606633443130907 0.31436960694677357
23 0.5596264377111545 0.31320232640449136
22.5 0.5577765087283394 0.3111325366601004
22 0.5577202000755423 0.31107229848916573
21.5 0.5585651947135765 0.3120106124059116
21 0.5575928151821774 0.3109252773887178
20.5 0.5558420935212974 0.30897235489627106
20 0.5554316321010752 0.3085197854663704
19.5 0.55461530102058 0.30760721928771956
19 0.5538700180975009 0.3067810299842092
18.5 0.5529672177427126 0.30577991954954986
18 0.5524473826878241 0.30520774965473635
17.5 0.5529860655832283 0.3058014453280968
17 0.5501449391626171 0.3026642440069156
16.5 0.5509508373645668 0.303552839474994
16 0.5498623870309635 0.3023532930836556
15.5 0.5497711496448786 0.302253057108606
15 0.5485060318146416 0.3008612746958124
14.5 0.5481299096618633 0.3004493732304846
14 0.5476069636721366 0.2998754238431566
13.5 0.5481636988012333 0.3004849135801053
13 0.5466726665551954 0.29885181199620064
12.5 0.5462779758187807 0.2984204499076146
12 0.5461437517064985 0.29827379677004084
11.5 0.5463165925106134 0.2984624906799196
11 0.5465821937583907 0.29875259616721006
10.5 0.5455911471571762 0.29767006726339634
10 0.545545424197837 0.29762002040267393
9.5 0.5457263955792508 0.29781753457727994
9 0.5454019686193459 0.2974634428697659
8.5 0.5453177963978916 0.2973716267426593
8 0.545448170904344 0.2975138574578312
7.5 0.545858816200498 0.2979620321325875
7 0.5453288537023839 0.2973836944221884
6.5 0.5451325677260139 0.29716956564193436
6 0.5450961057901273 0.2971298090546146
5.5 0.5451183468484931 0.2971540540034437
5 0.5451006548011212 0.29713476080338175
4.5 0.5450347326728726 0.29706288279402904
4 0.5450202014517512 0.297047043898961
3.5 0.5449794887888413 0.29700266166936784
3 0.5449318172620398 0.29695069168084426
2.5 0.5449359098222377 0.29695515387560645
2 0.544906606454066 0.296923212955963
1.5 0.5448932197351714 0.29690862135651314
1 0.5448900125555699 0.2969051257827242
0.5 0.5448900125555699 0.2969051257827242
