1000 0.313693124138896 0.09886356148547541
999.5 0.31337702816043617 0.0986782614040629
999 0.3136532284893576 0.09884362328126285
998.5 0.31334608248884027 0.09864759371790995
998 0.31343665034813767 0.0987197007727843
997.5 0.3135100542472037 0.09876238407412606
997 0.3135526160217964 0.09877077410002535
996.5 0.3134582964713459 0.09872190285256516
996 0.3133631448376116 0.09867141051793811
995.5 0.3135959303781644 0.09881000665120591
995 0.3132716270935666 0.09861267208729771
994.5 0.31333324686432507 0.09865156978983541
994 0.3129706130531514 0.09841631603944051
993.5 0.3129612349552263 0.09839364148507282
993 0.3133459379085282 0.09864412847154368
992.5 0.31337651693973295 0.09867377479129379
992 0.31352400014424775 0.09876116422918095
991.5 0.3128872502060635 0.09837057007531168
991 0.31283456430169315 0.09832889628610299
990.5 0.31337025745482094 0.0986625706137918
990 0.31284873236068267 0.09832645057417398
989.5 0.3131185931818542 0.09852231958776447
989 0.3132961316125769 0.09861525971786338
988.5 0.31321878905061523 0.09857116653986861
988 0.312529070358033 0.09813511180701256
987.5 0.31347745449373626 0.09874289076381282
987 0.3131867569964185 0.09854986599908498
986.5 0.3124793981328899 0.0981176058009283
986 0.3132886980078934 0.09862017989829375
985.5 0.3131596004551625 0.09853674685954346
985 0.31319251120382313 0.09855412988464594
984.5 0.3133452845050157 0.098654845041031
984 0.313402834706847 0.0986982285530049
983.5 0.3130786076959017 0.09849225242881926
983 0.31282853959863777 0.09831826319624935
982.5 0.3129867952656595 0.09843064727609735
982 0.3129213577727991 0.09837380159199513
981.5 0.31301329445795373 0.09844047965823566
981 0.31281396820330803 0.09832312760817
980.5 0.31288811586117754 0.09836364962119797
980 0.31330585642312553 0.09862223787435005
979.5 0.3130550858171747 0.09847174003118322
979 0.3129324815808607 0.098393132591155
978.5 0.3129406662073733 0.09839658280361663
978 0.31314443483171533 0.0985204451327108
977.5 0.3132652648381736 0.09860671335874478
977 0.3129232190978715 0.09839529180667446
976.5 0.31334680833393375 0.09865599991135403
976 0.31293448839576116 0.0983945445548023
975.5 0.31328467502357976 0.0986239886833832
975 0.31317217085831633 0.09853537610289549
974.5 0.3127604092706917 0.09829880140493752
974 0.3127675250146359 0.09830090798661213
973.5 0.31283239500415194 0.09832917766065818
973 0.3133080881049141 0.0986248839703357
972.5 0.3124594146457516 0.09809013154194736
972 0.312842961537581 0.09834330322766167
971.5 0.31254202474451254 0.09815334280827168
971 0.31243855670383547 0.09808612059994355
970.5 0.31275771312965495 0.09827415806020162
970 0.3129913765099424 0.09843318010082225
969.5 0.3132900985749154 0.09861223447290399
969 0.3124974203927993 0.09812297127166755
968.5 0.3130139461253871 0.0984406986665911
968 0.3128156034265365 0.09833420274489377
967.5 0.3127654286851232 0.09828813481752914
967 0.313009158205622 0.09844642332087021
966.5 0.3129385010474009 0.09839376717490554
966 0.3124840670127834 0.09811271336743126
965.5 0.31271306717095454 0.09825557769856992
965 0.3128921323840554 0.09836538242965355
964.5 0.3121635634925743 0.09792173372239332
964 0.31233528525840293 0.09802327812422762
963.5 0.31283015084308474 0.09833626179967568
963 0.3126579241143759 0.09822446365495956
962.5 0.3119171200955192 0.09774966302310807
962 0.3127092545983255 0.09825326815326428
961.5 0.3118097511728245 0.09768992069981278
961 0.3124007552443518 0.09806020005218363
960.5 0.31247296055737717 0.09810464973064414
960 0.31295110825339983 0.09841191743153178
959.5 0.31213698273963986 0.0979010686424609
959 0.31245569481220475 0.0980965373909148
958.5 0.31171846164968 0.09764570346210523
958 0.31252030718845875 0.09813772938009693
957.5 0.31273547142951963 0.09826193977847845
957 0.3127713925562725 0.09829610112163441
956.5 0.31257153906185925 0.09817365420525129
956 0.31222407095715254 0.09793022781456928
955.5 0.3120328269234616 0.09784889707475805
955 0.3127501191583072 0.09827855068404741
954.5 0.31290768399471197 0.09838818706327629
954 0.31265418873680084 0.09822630019379941
953.5 0.31242693239844516 0.09807408701629369
953 0.31231103886484163 0.0979986281986552
952.5 0.3124665311303128 0.09810886592928386
952 0.3121027951489733 0.09787301938423945
951.5 0.3117568351076564 0.09766954697553272
951 0.31227921316196944 0.09798389728801066
950.5 0.3123459141318913 0.09802755926351471
950 0.3122131609595895 0.09793308850894494
949.5 0.3123886204676648 0.0980563761732262
949 0.31211082400561024 0.09787978906641619
948.5 0.31229998730007724 0.09799722075067652
948 0.3121393091375963 0.09789962929259363
947.5 0.3123219632892857 0.09801663877651987
947 0.31237086063952263 0.09805034733201634
946.5 0.3119765973403387 0.09780444917017159
946 0.3120119226461602 0.09781853310157677
945.5 0.3121927442440816 0.09791735365814015
945 0.3122405033975013 0.09795288059119606
944.5 0.3124238979147139 0.0980794936913934
944 0.31219211131573765 0.09793791657392531
943.5 0.3124134265976125 0.09806429248071324
943 0.3124521227917678 0.09809666679267341
942.5 0.3119858713405121 0.09780561295968805
942 0.3124480393625297 0.09808919638925194
941.5 0.3117223727856403 0.09764002501124516
941 0.3122914853694187 0.09799310281256811
940.5 0.3115059344854808 0.09749904947836233
940 0.3114829653234506 0.09748647549587831
939.5 0.3119625229929212 0.0977899982348376
939 0.31172929510569697 0.0976362397950557
938.5 0.3115118523046016 0.09749931390463676
938 0.31156166235127736 0.09753705902792419
937.5 0.3117316379750453 0.09763847269190647
937 0.31161224515359537 0.09757004243915966
936.5 0.3119796045643803 0.09779576071801026
936 0.3117970607250862 0.09767321166307374
935.5 0.311840460045001 0.09771160546933993
935 0.31174154837001034 0.0976441417007515
934.5 0.311929293161113 0.09775232848673705
934 0.3122774082904629 0.09798279001752981
933.5 0.3120149887791874 0.09781397708206914
933 0.3121964024737396 0.09793198050261827
932.5 0.31182430167494113 0.09768412008738309
932 0.311555434222174 0.09754031853286751
931.5 0.31135075172877097 0.09740883888709576
931 0.31166911656830665 0.09760855416885743
930.5 0.31140107665526684 0.0974501023488667
930 0.31146460680350463 0.0974786660323391
929.5 0.311962889429021 0.09778921498024129
929 0.3115401135752836 0.09751733622979308
928.5 0.3118212038348369 0.09769675307667279
928 0.3112385657304433 0.09733206426364588
927.5 0.3117357174306869 0.09764998159337486
927 0.3113083049551418 0.09738206145735637
926.5 0.3112779361816203 0.09734799349707135
926 0.3114359642738185 0.09745175585336652
925.5 0.31177258208831243 0.0976734852506623
925 0.3117225986033687 0.0976346093427083
924.5 0.3114216072841445 0.09744492639757758
924 0.3112815003009301 0.09735212539360602
923.5 0.31149632800999566 0.09749412501398202
923 0.3115487853285936 0.09753265947427708
922.5 0.31128259861747853 0.09736657354009695
922 0.3112319142136265 0.09733610334172209
921.5 0.3117254647613618 0.09764557392311123
921 0.3115107209109489 0.09750917510574796
920.5 0.3119531348455027 0.09778348903963752
920 0.3115957265699865 0.09754888709408603
919.5 0.3111796685090665 0.09729769473001508
919 0.3118021200037014 0.09768293497173187
918.5 0.31170434610532144 0.09762278065923066
918 0.31141413889441716 0.09743939787418436
917.5 0.3112995965883199 0.09736555998674502
917 0.311327990698943 0.09739313074432196
916.5 0.3111856678710792 0.09730120835729932
916 0.3112807070278921 0.09735779085904112
915.5 0.311028605268454 0.09721192663678521
915 0.3114883293116048 0.09748017239260584
914.5 0.31180022583272254 0.097672317938589
914 0.3113267030181189 0.09739065898767482
913.5 0.3115901656316777 0.09754825003485121
913 0.311295569019258 0.0973713365441097
912.5 0.31095165186653445 0.0971530087191949
912 0.3110388439243567 0.09721602611536267
911.5 0.31096921183871123 0.0971703106612753
911 0.31136307015881204 0.09741846589003215
910.5 0.31092639574495 0.09714043277235246
910 0.3109841832844961 0.09717247861641708
909.5 0.31130632994643004 0.09737108513730944
909 0.31126382554804266 0.09735738778531092
908.5 0.311153047077598 0.09729614041040285
908 0.31088786534921603 0.09711517074916466
907.5 0.31106827930183817 0.09722468315730572
907 0.31116149681879335 0.09727308355271977
906.5 0.31051891283939953 0.09689137657979266
906 0.31109072477573524 0.09723948790115941
905.5 0.3111166938783208 0.0972585779793237
905 0.31127517757168743 0.09736335613265756
904.5 0.3112546999810333 0.09734763751605659
904 0.3109768517104502 0.09716672205527728
903.5 0.31122140316041275 0.09733278665185227
903 0.31112014988494596 0.09726800383954474
902.5 0.31069143272907357 0.09700501609664125
902 0.31007509908432324 0.09661649608718155
901.5 0.3111578785816314 0.09728506269168734
901 0.3107013271265331 0.09699945847065725
900.5 0.3110419465335065 0.09721365940676684
900 0.31145945796397817 0.09748001436931686
899.5 0.3109890319566247 0.09718500860175756
899 0.3107076070891331 0.09699814174902431
898.5 0.3106659319591365 0.09696874610897976
898 0.31082389947849137 0.09706640084226781
897.5 0.3105228788401697 0.09689132081149644
897 0.310713489113526 0.09701613519960414
896.5 0.3106437091061549 0.09696890866365858
896 0.31039062335840134 0.09681185129236107
895.5 0.3106120121207947 0.09694671183365988
895 0.3106381411037397 0.09695612119744865
894.5 0.31074437043679365 0.09702646404219502
894 0.31093340566256694 0.09714304603579439
893.5 0.3104370358041948 0.09683453465586524
893 0.31061619188895767 0.09695241325409963
892.5 0.31054229045210524 0.09688644624922439
892 0.31022413586949427 0.09669241485494319
891.5 0.31050002558570444 0.09687591016141571
891 0.31039935606418156 0.09681943381486299
890.5 0.31085376167983353 0.09710596758946576
890 0.3106925468623818 0.09700412731402719
889.5 0.3106384449614856 0.0969594426438809
889 0.3104394416745234 0.09683832382312797
888.5 0.3103984234025403 0.09682050891440308
888 0.3104670512895109 0.09685668936437898
887.5 0.31034892285361004 0.09678688490921067
887 0.3104761352351605 0.09686493078552658
886.5 0.3104271367306573 0.09684517669835702
886 0.3107133049791403 0.09702197990555812
885.5 0.3103165360464717 0.09674916536519725
885 0.31000077706671886 0.09656837751212
884.5 0.31050367130818846 0.09687606272971835
884 0.3106153615765886 0.09695501891553997
883.5 0.31057767738609904 0.09691974132319818
883 0.31053106564103294 0.09690165432913644
882.5 0.31032869499897753 0.09677665750437443
882 0.3102340454409932 0.09670811094960435
881.5 0.31039283965450376 0.09681665125358459
881 0.3102746860766296 0.09673560686747935
880.5 0.30989735593779894 0.0964945759902058
880 0.30974749553999825 0.09641551431375013
879.5 0.3096482966092565 0.09635042642639997
879 0.3102773514890899 0.09673642008498962
878.5 0.3098674719467829 0.09648786367568142
878 0.31010261619132107 0.0966186218259524
877.5 0.31004939947043025 0.09659265896809822
877 0.3103126808165456 0.09675617747449788
876.5 0.31026962480186226 0.09672819998445813
876 0.3100210491790221 0.09657980313616135
875.5 0.3099525669063638 0.09654611349941719
875 0.30988038799879897 0.09648900789775959
874.5 0.31009266710255756 0.09662388841470244
874 0.3106165691079521 0.09694966183671547
873.5 0.3106275846053832 0.0969583583390505
873 0.3092757594240465 0.09612850736373908
872.5 0.3099176224699146 0.09652202392542604
872 0.30986944653136295 0.09647261854560472
871.5 0.30961027813786357 0.09630981168967796
871 0.30954224745327236 0.09629169220374445
870.5 0.3101097747514511 0.09664439016486015
870 0.3101675633611357 0.09668328462422597
869.5 0.3103645764664795 0.09679538349781308
869 0.3099805918462911 0.09655606345471185
868.5 0.3096988037667321 0.09638673666923593
868 0.30960529397054887 0.09632385810247245
867.5 0.3100650550403352 0.09660652944174855
867 0.3099702549565181 0.09655310080608032
866.5 0.30958823177498995 0.09629611831300532
866 0.3100658068767171 0.09660366638286638
865.5 0.3097994878525891 0.09644265265406576
865 0.3099448944435457 0.09652661576661031
864.5 0.30972921764761624 0.09639689184496235
864 0.3097736983572493 0.09642703581487828
863.5 0.30988783188035607 0.09649659769472702
863 0.30965269753149866 0.09634357754688504
862.5 0.30958294787615975 0.09630940856856313
862 0.30979421036331306 0.0964236815258546
861.5 0.3097288296624618 0.09639539104335766
861 0.30903999859487297 0.0959730602809541
860.5 0.30931677848226147 0.09614491276591139
860 0.30934063473011736 0.09614908929257758
859.5 0.30972037346140724 0.09639717533346279
859 0.3100383241330406 0.09658504913921191
858.5 0.3089172640414541 0.09588524522951547
858 0.30929542891534617 0.09612915609467576
857.5 0.3099185086250523 0.09651775873359264
857 0.3088314561712105 0.09584318793923918
856.5 0.30989295210462625 0.09650872706805302
856 0.3090559568265331 0.09598984797417724
855.5 0.30986305336200887 0.09648688310041191
855 0.30940506456262434 0.09620000427994838
854.5 0.30931999770533486 0.09615072938307703
854 0.30961530277584115 0.09633529619575186
853.5 0.3087607782643463 0.09580513615012619
853 0.30972577366361875 0.09640600851982668
852.5 0.30921110121517914 0.09607249616196346
852 0.30900237153093296 0.09593836794029338
851.5 0.3091279667690134 0.0960290618748321
851 0.30918506310869825 0.09606148185589534
850.5 0.30935913354728295 0.09617001506839493
850 0.3094078931954339 0.09620613595829049
849.5 0.30958167210371146 0.09630809144395258
849 0.30950256353842764 0.09624802005783512
848.5 0.30917327068712325 0.09606743639979763
848 0.3095660447141528 0.09630246328449553
847.5 0.30919500475404216 0.09607321876702768
847 0.308865407973364 0.09586218038723222
846.5 0.30926179232337864 0.09611497339924609
846 0.308918599791052 0.09590074909174028
845.5 0.3092091408183628 0.09608269436118287
845 0.3090154951861477 0.0959570175879577
844.5 0.30907516836464005 0.09599201764655069
844 0.30910686088369627 0.0960123108913669
843.5 0.30894792137781213 0.09591923172838336
843 0.30930594570244324 0.0961275702652523
842.5 0.3091421529451421 0.09603702165779136
842 0.3091710919322851 0.09605479146895768
841.5 0.3093036098282854 0.09613839075576215
841 0.309465660863839 0.09623743201451695
840.5 0.30904100253261196 0.09596562686188154
840 0.3089565104525397 0.09591436702748375
839.5 0.30863198138015485 0.09573314488551626
839 0.30895563451702385 0.09593168130206361
838.5 0.3092157208794318 0.09607990621452214
838 0.30910265406452964 0.09601510196508967
837.5 0.3087727535805651 0.09580678840475274
837 0.3085580907466077 0.09566787887191404
836.5 0.3087470477162128 0.0958015573843949
836 0.3086651479104282 0.0957480048494509
835.5 0.30887829649476134 0.09587899957113595
835 0.3089169060132059 0.09589967286358406
834.5 0.30897709236528736 0.09593922747228795
834 0.30903117040779887 0.09597384727295971
833.5 0.3087282958829975 0.09575947520271944
833 0.3088587062630253 0.095849660243408
832.5 0.3086966156956339 0.09576795327362984
832 0.30866720924912194 0.09573862611055488
831.5 0.3084172800425822 0.09559002073143866
831 0.308560062149919 0.09566987213645442
830.5 0.30863312463769405 0.09573533447025852
830 0.30876825531159674 0.09580969476169911
829.5 0.3089129243375763 0.09590828514425746
829 0.30890363755016936 0.09587994805647848
828.5 0.3081560354658229 0.09542888995361867
828 0.30817550231992097 0.09543420731352785
827.5 0.3084840619562905 0.09563568668243941
827 0.308415874479556 0.09558265837669216
826.5 0.3087132937822703 0.09576436273325915
826 0.3085717636121598 0.09569349025218564
825.5 0.30891888131985223 0.09589259980153726
825 0.3084172005444861 0.09559627455431484
824.5 0.30783717631168467 0.09523310935014719
824 0.30806597020579984 0.0953857554822275
823.5 0.3089488782442768 0.095915451361115
823 0.3089620354020793 0.09592397209067872
822.5 0.30842953126932904 0.09558417666873507
822 0.3082655999505683 0.09549725313074452
821.5 0.308138137039434 0.09541600781309133
821 0.3084564522654917 0.09560173429218277
820.5 0.3086611859040682 0.09574878888974432
820 0.3084066606915106 0.0955927975388868
819.5 0.30818242141568214 0.09543526144969802
819 0.30808772779856775 0.09538299392652773
818.5 0.3085964924574839 0.09569616107347934
818 0.30793447277449093 0.09528741100643401
817.5 0.30800998154006765 0.09533674006425076
817 0.30864361140550667 0.09572203098935457
816.5 0.3084578782306359 0.09560964546965771
816 0.30806922073610304 0.09536656238108888
815.5 0.30849047824877274 0.09562714072047984
815 0.3081840921140941 0.09543801467182844
814.5 0.30812459664113884 0.0954054825187433
814 0.3081049246080451 0.09539092705457788
813.5 0.3086472205978461 0.09574629719220037
813 0.3075125081462635 0.09502911074133406
812.5 0.3078856470164773 0.09525998724629256
812 0.30816575459415774 0.09543551811178803
811.5 0.3079066396678625 0.09528117932018955
811 0.30778292431020665 0.09519180344692656
810.5 0.3078824521728441 0.09526327652748176
810 0.3080709911906648 0.09536938272700438
809.5 0.3079283094216422 0.09529242305154666
809 0.3081666459044661 0.09544128658602384
808.5 0.30826377059748356 0.09549066024160731
808 0.30812112017195964 0.09540097866248355
807.5 0.30826823371248957 0.09549993485337294
807 0.3079868056136938 0.09532064415360851
806.5 0.307790927177819 0.09519776406286921
806 0.30777313074122764 0.09519174506275109
805.5 0.30777971892457645 0.09519800527969555
805 0.30809703020478246 0.09538727481351271
804.5 0.30759460056212407 0.09509458616511983
804 0.3078816531857677 0.09525077980070316
803.5 0.3078556434663306 0.09523899018469244
803 0.3079812420833085 0.095316167273891
802.5 0.30755986119384765 0.09505948646525923
802 0.30712771001853395 0.0947954751792056
801.5 0.30759981857571994 0.0950891059958417
801 0.30775067891657365 0.09517120730645426
800.5 0.307454149403562 0.09499020783467033
800 0.3077498898869624 0.09517372998280066
799.5 0.30791303475016135 0.09527321948996915
799 0.3076399672346908 0.09512126570338587
798.5 0.30744937721952115 0.09498471799967333
798 0.3073608359988108 0.09494762794345746
797.5 0.30734008531049234 0.09492774324247545
797 0.3075323226060708 0.09504145846653846
796.5 0.30736977470524507 0.09494426700381478
796 0.3072126139704856 0.09484879081864883
795.5 0.30759588789833037 0.09507654715525554
795 0.30749945145784324 0.0950172813492836
794.5 0.3073770974954863 0.09496385059728715
794 0.30705267523035823 0.09476085856504543
793.5 0.3073374791986589 0.09491610392862912
793 0.3075238660974412 0.09503739760756447
792.5 0.3069704941720302 0.09469446129889797
792 0.30716808285527364 0.09481125720323967
791.5 0.30734318127541727 0.09492686697262981
791 0.307650170636793 0.09512480607451199
790.5 0.30715600016949357 0.09480654966242766
790 0.3076827356740135 0.09513784351222558
789.5 0.3072089741109143 0.09484801108182854
789 0.3072674551728476 0.09489288085058338
788.5 0.3068456320348584 0.09462753516954561
788 0.30736878492244457 0.09493548335069979
787.5 0.3066349474426231 0.09449819031727394
787 0.3072970538979694 0.0949093056768098
786.5 0.30723518851227305 0.09485679980826094
786 0.3068229763177977 0.09461731945916764
785.5 0.3067993765171364 0.0945903882065491
785 0.306924121414711 0.09466147915721762
784.5 0.30665924721572924 0.09449948352724119
784 0.3071700995715098 0.09482061571439154
783.5 0.3071438365399303 0.09481392814440942
783 0.3074725275946661 0.09501445356343
782.5 0.3074942970604987 0.09502598068066952
782 0.30667630734392864 0.09451929104571881
781.5 0.3070613687668945 0.09476071338779897
781 0.30640281835793676 0.09435814828726365
780.5 0.3067302491558114 0.09454963495618725
780 0.30674608056475067 0.09455353850162707
779.5 0.30658679632374974 0.09446764250069332
779 0.30687754785383253 0.09463083027017598
778.5 0.3068929388482687 0.09464866137620691
778 0.30689883291917436 0.09465302058926495
777.5 0.30685318840802955 0.09462617068283555
777 0.3067957665323602 0.09458820694779128
776.5 0.3070523122399819 0.0947520450873236
776 0.3064291104755374 0.09437828846924512
775.5 0.3071869459410377 0.09482943746333004
775 0.30688988101555176 0.09466024676224098
774.5 0.3070166296746173 0.0947118634683068
774 0.3066483447832352 0.09449131748775741
773.5 0.30643335890426016 0.0943649954134122
773 0.3062821550243955 0.09427787435892074
772.5 0.3067749204707348 0.09458678437902884
772 0.30617585835214817 0.09421087314254635
771.5 0.3065180758370996 0.09442628797264895
771 0.3065919735456434 0.09446435009301875
770.5 0.3066206501930944 0.09448510815424971
770 0.30658111366577934 0.09445447992440693
769.5 0.30611688736688364 0.09416241780861889
769 0.30632819353855234 0.09430881920099154
768.5 0.3066584672730261 0.09451217315980882
768 0.3064571347425542 0.09439165327811053
767.5 0.3064009502065423 0.09434354349654415
767 0.30683044804242904 0.09461266792138619
766.5 0.3061806434028233 0.09421264710072519
766 0.3061161283085891 0.09418182617569322
765.5 0.3068004240768487 0.09458494722210653
765 0.30665989449983083 0.0945199346880154
764.5 0.3060510662013277 0.09413334420585551
764 0.306413174518776 0.09436262250225474
763.5 0.30628440318877376 0.09428099488946144
763 0.30602213598503053 0.09411305743058287
762.5 0.30615039469687083 0.09419645589561114
762 0.3058966166574188 0.09404523407792516
761.5 0.3067126176629859 0.09453865086098592
761 0.30632187070528666 0.09429481403144449
760.5 0.3059869170116161 0.0940979401139375
760 0.30557865753246644 0.0938465433258259
759.5 0.30650373495934535 0.09439819868744842
759 0.3063916626000033 0.09435037510697375
758.5 0.3058319245129841 0.09399886202913492
758 0.3060865020113395 0.09415896186438077
757.5 0.3064138271015119 0.09436802080036204
757 0.3060309951219336 0.09412293523031345
756.5 0.30583406942405256 0.09400312636994726
756 0.3059580025774304 0.09407017491248676
755.5 0.3057218708206746 0.09392719955394406
755 0.30598510355232966 0.09409311994587728
754.5 0.3054047629357412 0.0937486483359867
754 0.3063675568324573 0.09432286411075608
753.5 0.3060010879577974 0.09409911318744607
753 0.3062697701301592 0.09426426604129667
752.5 0.3052656992522986 0.09364334583032043
752 0.3058203237042735 0.09400233412416031
751.5 0.30605491969989024 0.09413824634766231
751 0.305991882560273 0.09409807193155602
750.5 0.3060087250687901 0.09410191163190311
750 0.30559607388472176 0.09384964792471849
749.5 0.30562944921833557 0.0938784385880937
749 0.30555325000756983 0.09382161037044857
748.5 0.30571045767536575 0.09392094342188843
748 0.30545048663323077 0.09375737121763979
747.5 0.30579470883392 0.09397526042024136
747 0.30531107793734563 0.0936667186027491
746.5 0.30547987433862067 0.09378562962623287
746 0.3057229004541979 0.09392360917124737
745.5 0.30586887698460113 0.0940174074646977
745 0.30512978413829417 0.09356220782793473
744.5 0.3055104031185806 0.09380892495588629
744 0.30518038791901275 0.09360151087579832
743.5 0.30578659427234944 0.09397629000994522
743 0.3054148989774297 0.09374430234626309
742.5 0.3055322662698421 0.09382125888908867
742 0.3053875029317678 0.09372967741293174
741.5 0.305176364096046 0.09359705553994731
741 0.30554810608022714 0.09382528900844773
740.5 0.30544046332323704 0.09374553517254539
740 0.3049118920002588 0.09343046147346777
739.5 0.30534278375171187 0.09368676910717315
739 0.3051495443131727 0.09357324003567892
738.5 0.3048226440793712 0.09338488002334383
738 0.3054586048918803 0.09376540559193998
737.5 0.3053236358429605 0.09369312366687896
737 0.30490397236296884 0.09344076654603156
736.5 0.30498653378659 0.09347762747330307
736 0.3053905477862616 0.09373254568930818
735.5 0.3056536572021663 0.09388581224967199
735 0.30506376591207723 0.09353568221682766
734.5 0.3051251994404706 0.09358058836984934
734 0.3047325388891428 0.0933126569314558
733.5 0.30444645114225993 0.0931445379850812
733 0.3052436528989621 0.09364108211925207
732.5 0.3054959719620945 0.09379549996269922
732 0.30505520396379554 0.09352168558435676
731.5 0.3049950489046288 0.09349396410599656
731 0.3043834683826623 0.09310980830801358
730.5 0.304465369034092 0.0931779181033558
730 0.3051237746532438 0.09356403872671311
729.5 0.3048154270220757 0.09337460094568596
729 0.3045652312592236 0.09322434637605281
728.5 0.30501514727972096 0.09350170993081924
728 0.30524802639527737 0.09363619328459312
727.5 0.30522285394884413 0.09362660763475865
727 0.3045998864377947 0.0932556454888334
726.5 0.30460143768149084 0.09324876428276156
726 0.30473890629092687 0.09334415195130334
725.5 0.3045263278387215 0.09320957330169766
725 0.3043728744615636 0.09310821801503953
724.5 0.30472320602225067 0.09332079934949361
724 0.30460422963028466 0.09323934665462276
723.5 0.3043672236198593 0.09311621726529704
723 0.30456659789623547 0.09323150174133293
722.5 0.30464018574686536 0.09326716816765927
722 0.30467008548445357 0.0932797260612827
721.5 0.30458045038674486 0.09323615922958678
721 0.30493053331549147 0.09343998908350622
720.5 0.3048306368038082 0.09338164178740323
720 0.30402249208689325 0.09289872370090155
719.5 0.30431426188468164 0.0930662308968951
719 0.30445331913173757 0.09314530854901153
718.5 0.3043822245445192 0.09312267898040177
718 0.3042890101231604 0.09306344905045172
717.5 0.30425279851216913 0.09304854823670858
717 0.3045129709333781 0.09319265682164199
716.5 0.3045350718249061 0.09319777157868103
716 0.3038915635555979 0.09282387391694473
715.5 0.3043634333081115 0.09311490871930715
715 0.3039099166120883 0.09283227697905687
714.5 0.30363333318682445 0.09265260305475134
714 0.30411426877108366 0.09294737682064981
713.5 0.30404035774075866 0.09290943078114354
713 0.3040514977163072 0.09290919392442164
712.5 0.3037900770847847 0.09276247141204737
712 0.304262113604732 0.0930399681720569
711.5 0.303868569229623 0.09279704106434063
711 0.30381065532542784 0.0927763607919458
710.5 0.30401172224738493 0.09289055665355449
710 0.3040319065929227 0.092894451281039
709.5 0.3038057459055192 0.09277116928342857
709 0.30360383502532595 0.09264081845019038
708.5 0.30398053470751857 0.09286517883346575
708 0.3037502496927844 0.09273184860821532
707.5 0.30348686106293776 0.0925806148703708
707 0.3039353902084334 0.09285140401297566
706.5 0.30371658763686316 0.09270880245552361
706 0.3034101230440439 0.09253335978688021
705.5 0.30368105677509083 0.09269084559648876
705 0.3035219702717216 0.09260153513166829
704.5 0.30387389843612367 0.09281530141766176
704 0.3038922790852514 0.09280701334808514
703.5 0.3035130053997765 0.09259003347155459
703 0.30318016600898506 0.09238504832331441
702.5 0.3039604495493926 0.09285724407828898
702 0.3036555934081106 0.09267574110082158
701.5 0.3035623748080811 0.09262296486764406
701 0.3032694792013746 0.0924342671434509
700.5 0.3032673871244702 0.09243480740236078
700 0.3032391620526169 0.09242479995402174
699.5 0.3034327193085009 0.09253296118163183
699 0.30317268374095335 0.09238136771318768
698.5 0.30356289411508786 0.09260167237977565
698 0.3033241875520437 0.09247372493717129
697.5 0.30352575620628947 0.09258947895062417
697 0.3031639139498891 0.09237669139352582
696.5 0.3032175138667782 0.09240187740440926
696 0.3035041017183581 0.09259021415710943
695.5 0.30364652704115214 0.09265768071903617
695 0.3034680902155459 0.09254739600227022
694.5 0.30354741674373015 0.09261444910818094
694 0.3031133336245269 0.09236374073856267
693.5 0.303650255302417 0.0926669875218515
693 0.30312856211718125 0.09234972769162121
692.5 0.30284361714943586 0.09218213010248215
692 0.3028808707028055 0.0921983548633569
691.5 0.3029381048844601 0.09223020729632245
691 0.30312498433651774 0.0923524980833511
690.5 0.30309224233394283 0.09232955521122588
690 0.3022514848531322 0.09181761076327848
689.5 0.3030375873100231 0.09230679112526124
689 0.30286031756399356 0.09219752045936262
688.5 0.30243673074085176 0.0919346436786399
688 0.30286758962880955 0.09219700755013896
687.5 0.30267331470851017 0.09206877295794176
687 0.30296760564280945 0.0922617620590025
686.5 0.3029423448472576 0.0922403653644899
686 0.3025654426466537 0.092009305954435
685.5 0.30283117300922396 0.09217654135403729
685 0.3021876568448022 0.09178619670897062
684.5 0.3030184901828312 0.09229324321177479
684 0.3026434212287156 0.0920478372401226
683.5 0.30286066341462503 0.09218441296071611
683 0.3028727929359989 0.09220551699586435
682.5 0.30240484466478124 0.09192147976002524
682 0.302438979881503 0.09194215548435475
681.5 0.30243813936454694 0.09193886729047755
681 0.3025247507651433 0.0919782070513982
680.5 0.30298188741835536 0.09226047622198368
680 0.3023962676136475 0.09191566439086578
679.5 0.30276479270031514 0.09213132113451576
679 0.3020036491827873 0.09167502070762039
678.5 0.3023506032422554 0.09188741389662025
678 0.30224227568765794 0.09181493188237888
677.5 0.3024126560093825 0.09193025224058576
677 0.3018252908214489 0.09156758709901253
676.5 0.3024013689779357 0.09191660055655346
676 0.3023849738738336 0.0918946370008299
675.5 0.3019976763792083 0.09166291841952993
675 0.30231702895955925 0.09185837114733561
674.5 0.30209505030788714 0.09173801939228225
674 0.3016151139600908 0.09143672334113224
673.5 0.3018488079351512 0.09158018199023125
673 0.30223859858723207 0.09180554838555074
672.5 0.301939465636516 0.09164036794259221
672 0.30212918926917237 0.09174269262312887
671.5 0.3025004295591274 0.09197936476647299
671 0.30171214520755596 0.09150728608355035
670.5 0.3022594593978197 0.09182542679958983
670 0.3018126406900941 0.09153961324268664
669.5 0.30206343493281806 0.09169761809704692
669 0.3019315259470703 0.0916333655212967
668.5 0.3016148733648104 0.09143718818265709
668 0.30212836764916806 0.09175289099805627
667.5 0.30186018130828973 0.09157560153920355
667 0.3013234572684661 0.09126494334465468
666.5 0.3011942205899432 0.09118322177827878
666 0.30177731096346855 0.09153438896934836
665.5 0.30147502523902875 0.09135298778055599
665 0.3019901017468383 0.09166589497079476
664.5 0.3017361352767153 0.091516382488875
664 0.3016468387609498 0.09144312993544088
663.5 0.3015216036720947 0.0913771229424494
663 0.30202544403966874 0.0916981401127673
662.5 0.30191817656637376 0.0916225224644225
662 0.3013309385191893 0.09126857882536184
661.5 0.3009890247217989 0.09105981118854219
661 0.30161785577955974 0.0914422521251809
660.5 0.3014980126089363 0.09135832032887563
660 0.3021132908521818 0.09174530097740981
659.5 0.3012900782140613 0.09124890646348051
659 0.30030602567663545 0.090644170147798
658.5 0.30173377337186386 0.09151708146449802
658 0.3014339860338057 0.09133915862742256
657.5 0.3013914818358025 0.09129495904962315
657 0.3016347037848455 0.09145395306524144
656.5 0.3008298290949165 0.09097214936898934
656 0.3007903851242938 0.09093333393804415
655.5 0.3009307271691984 0.09102695855769498
655 0.301079042739325 0.09111548501419243
654.5 0.30071150159362425 0.09089004335776746
654 0.30094894666442107 0.09103762208572638
653.5 0.3013374493495973 0.09127282779100994
653 0.3008949829243226 0.09100393211329276
652.5 0.30114141498183017 0.09116035103685607
652 0.3010671501123197 0.0911085066201097
651.5 0.3009727915499212 0.09103630997540013
651 0.3006790269699286 0.09087766819255479
650.5 0.3006549768603328 0.09086790703057726
650 0.30083911130823743 0.09096510332111293
649.5 0.30106885844485964 0.09111862304364213
649 0.3009657968349174 0.09104264301700812
648.5 0.3009062777122887 0.09101265832259327
648 0.3006693327378948 0.09088589641968352
647.5 0.3007214622019609 0.09089269812402954
647 0.30031114189148916 0.09065010763896074
646.5 0.3007144810350574 0.09089402482117118
646 0.30072293548973106 0.09088519040542642
645.5 0.3006296499268671 0.09085902489356062
645 0.30058635675340817 0.09081420016078111
644.5 0.3007372439004354 0.09090637514478425
644 0.3005062145727225 0.09077432114098387
643.5 0.3006041427534874 0.09083482089702526
643 0.30061387383258453 0.09083805978197608
642.5 0.3005553173779017 0.09080790828371538
642 0.3003908687220215 0.09069543435794429
641.5 0.3008081829017672 0.09094573443298598
641 0.30051231640325315 0.09076980170724686
640.5 0.2999929600141628 0.09047073322900324
640 0.30065413817618347 0.09086942451406234
639.5 0.30057531587794406 0.0908037739129822
639 0.3004227399345844 0.09070859415478119
638.5 0.2998924137837236 0.09040700570986505
638 0.30062819321054585 0.0908506409768892
637.5 0.29965072492964884 0.09026840995047158
637 0.3000545156408438 0.0904924667487281
636.5 0.3001099540807497 0.09052896325254686
636 0.30039433293442674 0.09068966292670283
635.5 0.30046577857163853 0.09075081220121543
635 0.29980064165598796 0.0903533769117412
634.5 0.3000753861838536 0.09051049205011479
634 0.30009241810741244 0.0905255097918649
633.5 0.3000013791626163 0.09046382613714066
633 0.29989954975417604 0.0904038204314788
632.5 0.2997174972113691 0.0902944258766882
632 0.3000048323852159 0.09047633060144807
631.5 0.29998156310270546 0.0904591426949752
631 0.2999677318892481 0.09044741507534447
630.5 0.30004045512957866 0.09049537804670488
630 0.2999145410501943 0.09041764957714979
629.5 0.29995450981721833 0.09042542380824495
629 0.2999202484245393 0.09041920862348227
628.5 0.29944532558867976 0.09014774787808348
628 0.29947298113130555 0.09015023661051787
627.5 0.2990331620059863 0.08988722467156297
627 0.29956063481502815 0.0902010020082615
626.5 0.2997974883756383 0.09034006580668891
626 0.29966324791395854 0.09026111305073956
625.5 0.29894663330231597 0.08984405343002792
625 0.29974928866202893 0.09031329406014856
624.5 0.2993227217710908 0.0900544808153025
624 0.2996745124807089 0.09027675090596271
623.5 0.29935364367324263 0.090090286472335
623 0.2994186374099152 0.09011841340153197
622.5 0.2996439223024656 0.09025198073460297
622 0.29938932296773635 0.09009096009445494
621.5 0.29928854246900227 0.09003888589492809
621 0.2994670482404881 0.09014311375182399
620.5 0.29909700941281336 0.08991703937736675
620 0.29933812504145296 0.09007155365461475
619.5 0.29915624174293065 0.0899640682006534
619 0.29855473602366384 0.08960139997298763
618.5 0.29889131182364576 0.08978502409000014
618 0.29898665411795355 0.08986557275533988
617.5 0.2989803773076225 0.08984573465211683
617 0.298616330462797 0.08963167726118691
616.5 0.2991392445652989 0.08995284138886102
616 0.29843336016080996 0.08953660282031389
615.5 0.2986545857361634 0.08965353494303764
615 0.2989719154933382 0.08985034303512816
614.5 0.29876861587304065 0.08972558090545998
614 0.29852967596291946 0.089583371762702
613.5 0.29887609194137194 0.08979606954190912
613 0.2987616164209543 0.08971604779660598
612.5 0.2985890120421181 0.08960810920386414
612 0.2987632431459914 0.0897279401003834
611.5 0.2985328436148582 0.08959415529479643
611 0.2986221994752593 0.0896278219753398
610.5 0.2982543197436785 0.08942574929689823
610 0.2983786386865111 0.08948790606525082
609.5 0.29881956987660946 0.08976307313400689
609 0.2980309280477558 0.08928413695863481
608.5 0.2987325615869111 0.08970710480424132
608 0.29805545743173606 0.08930069481843667
607.5 0.2984776758890703 0.08955694258894434
607 0.29821003822520414 0.08939614901441252
606.5 0.2982617485034634 0.08941853652782725
606 0.298035890998295 0.08928289668009652
605.5 0.29864297161884373 0.08964819178791858
605 0.29821230501219526 0.08939961783292828
604.5 0.2983040726866329 0.08945810513911279
604 0.2984757259848979 0.08955583643064842
603.5 0.29780776998938757 0.08915850516511639
603 0.2982044749678791 0.08938674474780194
602.5 0.298125568957183 0.0893377537218913
602 0.29805826413472764 0.0893013888627834
601.5 0.29808323199906367 0.08930868435440477
601 0.29803171046431787 0.0892910424165768
600.5 0.2982210577590936 0.08941652322091492
600 0.2977901443382782 0.08914016818128613
599.5 0.297735147282052 0.08910443630362906
599 0.29780990127968615 0.08916557345540199
598.5 0.29782092540629296 0.08916861072789989
598 0.29767243103265045 0.08906914800752011
597.5 0.2977193484384365 0.08910416959635199
597 0.2977269141270584 0.08909577440285603
596.5 0.297787765779727 0.08914758692844593
596 0.29721441480964295 0.08881142842953992
595.5 0.29720797957182366 0.08879476720035191
595 0.2974796320219193 0.08896026060863507
594.5 0.2975444684848636 0.08898273431909369
594 0.2977803225693085 0.08913785756688676
593.5 0.2971265365314444 0.08873863615272622
593 0.2978185419408819 0.08915839018195772
592.5 0.2973745435016408 0.08890182955244756
592 0.29743242477987386 0.08892439157464797
591.5 0.2972934768100045 0.08883882416623638
591 0.29780237900348977 0.08915301129888914
590.5 0.2969848793398744 0.08866373764620462
590 0.29770712610774963 0.08908642879237166
589.5 0.29672326962655765 0.08852460203437716
589 0.2972784375832102 0.08883611007103996
588.5 0.2970659238438399 0.08873000724945221
588 0.2975890463156952 0.08902237234418932
587.5 0.29669552127449755 0.08849933725009197
587 0.296996397464104 0.08868270521248672
586.5 0.2965989455356189 0.08842917382428367
586 0.2971059384502658 0.08874157696356422
585.5 0.2968189617721308 0.0885571360820677
585 0.29658893510900625 0.08843990073948416
584.5 0.29659333647023806 0.08843856123297256
584 0.2964649385942539 0.08836224026236168
583.5 0.296794824387627 0.08853183271549782
583 0.2969446637173547 0.08865933511754613
582.5 0.29697580575043603 0.0886726413949987
582 0.2963963772276758 0.0883051214406092
581.5 0.2967952254423159 0.08855169807736117
581 0.2965144361648922 0.08838055120519672
580.5 0.2967046229407231 0.08849863111105209
580 0.2965013750907863 0.08838013315691182
579.5 0.29628533166638676 0.08825346613463984
579 0.2963056969777185 0.08824802688895146
578.5 0.29655597241462905 0.08841288997509647
578 0.2965885717515793 0.0884299035247383
577.5 0.29602929170767345 0.0881076499099127
577 0.2964570446696905 0.0883544695548329
576.5 0.29637082928473407 0.08829275447683904
576 0.2965921169199104 0.08843082192172229
575.5 0.2962571015065946 0.08822750045373724
575 0.296306976252182 0.08826818134323551
574.5 0.2957904148613243 0.08796612924548773
574 0.29636128861643035 0.0882914962462048
573.5 0.29624037200306136 0.0882230653243286
573 0.29649660553148505 0.0883824017597208
572.5 0.29622342753408587 0.08820565206046804
572 0.2957100490707092 0.08791105803779843
571.5 0.2960238925148564 0.08810372267761797
571 0.2965091126679866 0.08837729971456149
570.5 0.2960110523115845 0.08807366213691399
570 0.2961671956690675 0.08817429899646076
569.5 0.2954136000531195 0.08772475243049747
569 0.2957472662265255 0.08793567509209754
568.5 0.29594126603596616 0.08805561301179281
568 0.2953648312907148 0.08769279677408807
567.5 0.2955321937618001 0.08780745971874036
567 0.29590639972647376 0.08803070838041697
566.5 0.2957770520630004 0.08795843612547495
566 0.29606924037881543 0.08811376398976378
565.5 0.2959088548124817 0.08801866411321356
565 0.2958320666854108 0.08799032563175263
564.5 0.2952265073455645 0.08761361387590935
564 0.29494115845483737 0.0874483238073571
563.5 0.29526947787701513 0.08765481765696086
563 0.29544257082767245 0.087747135545403
562.5 0.29513519443763064 0.08757098443807611
562 0.2957454134585012 0.08793749827205873
561.5 0.29521347597344993 0.08763597912385022
561 0.2951620545521867 0.08758547161439839
560.5 0.29508905747284775 0.08754353683428609
560 0.29518592918949516 0.08760107074550273
559.5 0.29565955780781183 0.08788589431556608
559 0.2952228130562831 0.08762606537990575
558.5 0.294794382429352 0.08737416956833292
558 0.2953867920853068 0.0877193127746632
557.5 0.29484102964800035 0.08739176293121553
557 0.2947689771389258 0.08734381480646845
556.5 0.294739868025846 0.087332260577867
556 0.29503119315830584 0.08751241876572995
555.5 0.29492180841795546 0.08743907169530077
555 0.2951656595200982 0.08759458324455023
554.5 0.2948095980368635 0.08737972462760489
554 0.2945339927736623 0.08721334141662829
553.5 0.29437805984711274 0.08711905574258293
553 0.29451072702765335 0.08720502842259327
552.5 0.2944649182694473 0.08717533409484668
552 0.29430070570682637 0.08707548672388964
551.5 0.2942930637287977 0.087073109872238
551 0.29389610668269284 0.08684487763666432
550.5 0.29484519257736796 0.08740902685433312
550 0.2944073210995398 0.0871408907970402
549.5 0.2938672624615013 0.0868325355141948
549 0.293996567046065 0.08689719846967835
548.5 0.2945615108087354 0.08723825373435345
548 0.29393163302439046 0.08685211304579665
547.5 0.2942671118528211 0.08706076319905307
547 0.29384180126020376 0.08681088370591904
546.5 0.29435396507964623 0.08711032966646381
546 0.29371687553946213 0.08673425580423375
545.5 0.29424407594586105 0.0870300037111993
545 0.2934400179695554 0.08656506976513276
544.5 0.2937372129482927 0.08675581404892986
544 0.29418415490225464 0.08701455668055205
543.5 0.29397529871136363 0.08688980418521051
543 0.29408885063269397 0.08695808050883835
542.5 0.2935944034016853 0.08665316600389479
542 0.2936526196389731 0.08668898639941588
541.5 0.29418020429502817 0.08700603661076269
541 0.29398325642550255 0.08688653631950374
540.5 0.29364901204271404 0.08668726143820245
540 0.2937548726801897 0.08676627541644515
539.5 0.29384556082476027 0.08679764254141277
539 0.29361489518185563 0.08667979462926784
538.5 0.2936737422621712 0.08670749787800193
538 0.2933648037942165 0.08651874777217547
537.5 0.29326102615176713 0.08646478798779983
537 0.2932611938016973 0.0864580914594598
536.5 0.29330441326690543 0.08648695733498307
536 0.29314694394022384 0.0863926446395879
535.5 0.29287198171504153 0.08623943679063002
535 0.29381713458090364 0.08678900100735533
534.5 0.2928819213898561 0.08625121344347142
534 0.29235569322722943 0.08594414148620884
533.5 0.2929860210803099 0.08629306747421524
533 0.29300335767832303 0.0863177435428337
532.5 0.2930029810288116 0.08631253608970382
532 0.2927971664750254 0.08619787711083592
531.5 0.2926210023650961 0.08609225077470009
531 0.29252517158543156 0.08603748242019989
530.5 0.29321472502641543 0.08643292608663107
530 0.2928261614130223 0.08620794986666107
529.5 0.29267128431302936 0.08612425265510651
529 0.29239968318753184 0.08596242182735138
528.5 0.2922946244103311 0.08590706387102905
528 0.29272765785497934 0.0861560848732824
527.5 0.29274454045828385 0.08616061496170843
527 0.29303038217444904 0.08633387500913287
526.5 0.292439332875948 0.08598661252887475
526 0.2921509108952479 0.08580015351787723
525.5 0.2924582556214929 0.08599050535844782
525 0.2916200599205471 0.08551179612812058
524.5 0.29245923034840493 0.08600395106992521
524 0.2920858939815556 0.08578785795035321
523.5 0.2922428625106513 0.08586507123400831
523 0.29194138557135996 0.08569065153918384
522.5 0.29209760699838466 0.08578026174065088
522 0.29155740324532003 0.08545579965651012
521.5 0.2921837948154741 0.08583693776470566
521 0.2921919311960034 0.08584303792897925
520.5 0.2920098769787346 0.08573111157178438
520 0.2920906595107325 0.08577970264304155
519.5 0.2918396748883809 0.08563563269634443
519 0.29186104263261226 0.08565313787513898
518.5 0.29170340678845763 0.08556251326881809
518 0.2918636240192517 0.08564759381848609
517.5 0.29206441801211647 0.08575867357802872
517 0.2914053404277472 0.08536526155192536
516.5 0.29118250468810536 0.0852465811840953
516 0.2917005663273993 0.08553787101575414
515.5 0.29205352690810105 0.08576135792611798
515 0.29138751000693464 0.0853696010474502
514.5 0.2916128299741694 0.08550437002363896
514 0.2918039815659969 0.08561612448123143
513.5 0.2915429743147649 0.08546753273460077
513 0.2913302178732498 0.08534451671432788
512.5 0.29180385641899276 0.08560317034376208
512 0.2909292342752007 0.08510263652232825
511.5 0.2909745047380985 0.08513320089139016
511 0.29121167472809373 0.0852669859544263
510.5 0.29179604305598084 0.08561558337026694
510 0.291298015874045 0.08533163746655494
509.5 0.2904502407088287 0.0848190246971338
509 0.2907774112574749 0.08500988083825617
508.5 0.2904993862196775 0.0848629252190093
508 0.2907911153527458 0.0850231719750238
507.5 0.29072584084606057 0.084992921962706
507 0.2903736857219264 0.08477414796318124
506.5 0.2912795201934723 0.08532266965233806
506 0.29090433978286306 0.08509020098340712
505.5 0.29120795115899795 0.0852776354383736
505 0.2906163329005586 0.08492330816000089
504.5 0.29041999664865986 0.08482202536629004
504 0.29019463842704707 0.08467271485487421
503.5 0.29060319812259106 0.08491107791551834
503 0.29034192943033105 0.08476483645532164
502.5 0.2908109103363965 0.08502757200817357
502 0.29073789865268224 0.08500121568367602
501.5 0.2903885137036435 0.0847972345583124
501 0.29029609997126143 0.0847267737553085
500.5 0.2904764280463852 0.08484881875042062
500 0.2902839742792075 0.0847352075194566
499.5 0.2898321393191928 0.08447159646284147
499 0.2900449853222251 0.08458023879477435
498.5 0.2895748560309256 0.08432175925247312
498 0.29001498476763 0.08456743664339514
497.5 0.28955605770040416 0.08430450401919776
497 0.2896516155780656 0.08436451251783968
496.5 0.2902382688307381 0.08469296024927805
496 0.2898845828487324 0.08448825879819316
495.5 0.2898648533494057 0.08448709461709786
495 0.28977461607311045 0.08443515430753581
494.5 0.2895407564903934 0.08429259577057688
494 0.28968970226852125 0.08439243219541447
493.5 0.2895060022477911 0.08426417410020878
493 0.2897419648082671 0.08441601882507138
492.5 0.289504391446946 0.08428289901971397
492 0.28931421779954974 0.08415973747111642
491.5 0.28972544028340885 0.0844083694824373
491 0.28929609137175794 0.08415586747504425
490.5 0.28908409852907674 0.08404047126833797
490 0.28920006249851415 0.08408034686446315
489.5 0.28959355670864445 0.08433661417207994
489 0.28913312092636 0.08405633758315034
488.5 0.28906023590070473 0.08401249561291527
488 0.2892376207520721 0.08411107046909247
487.5 0.28872594024614356 0.08383101120680134
487 0.2885771895149139 0.08374836590632524
486.5 0.2891544094286435 0.08407974726676641
486 0.2890577541555166 0.08401743059836478
485.5 0.2883970176023515 0.08363363997595265
485 0.2884529318580123 0.08367274812299251
484.5 0.28825709148581014 0.0835504058070036
484 0.2883869562518826 0.08362217503146296
483.5 0.28856236173025723 0.08373100500554077
483 0.28838311667553485 0.08362790236735765
482.5 0.2882695673033268 0.0835722347846761
482 0.28805589851830826 0.08343427214771124
481.5 0.2884485644038325 0.08366997490643992
481 0.2880271324225048 0.08341187975604585
480.5 0.2876915910126362 0.0832265191333634
480 0.2880910123705298 0.0834638808733371
479.5 0.28858163895199473 0.08373930719188312
479 0.2882968588654825 0.08357797486845675
478.5 0.2880572310427486 0.08343738416617263
478 0.28823573100685806 0.08354113663841398
477.5 0.287902643294045 0.08335797679075158
477 0.2878066218068531 0.08329953943438571
476.5 0.28775551137328464 0.08326780748306498
476 0.2881557847732831 0.0834952814113981
475.5 0.28754617698473517 0.08315515156528397
475 0.28759870474509297 0.08317549918341868
474.5 0.28756929158830075 0.08314297568376668
474 0.2876074921051448 0.08317246599108628
473.5 0.2881087833768584 0.08346145527407901
473 0.2874755124301783 0.08311653989984977
472.5 0.2877570869300044 0.08325678514820706
472 0.28763239787295913 0.08319659400002194
471.5 0.2869774667830771 0.08281959849202573
471 0.28752075133993277 0.08313299427746339
470.5 0.28742000094719045 0.08307737056605775
470 0.2870636970128999 0.08286242666622746
469.5 0.28728082924953746 0.08299324691768743
469 0.28730324734959245 0.08300815851623398
468.5 0.28730931238374163 0.08301189618337944
468 0.28649047597605976 0.08252924091209302
467.5 0.2869593645824615 0.08280231097337097
467 0.28682132526047904 0.08272275644115308
466.5 0.28633193090938225 0.08245259046177279
466 0.2873941188996113 0.08305714296183232
465.5 0.2867727951783 0.08269299994700754
465 0.2862240844661561 0.08238225630188663
464.5 0.2863456854056984 0.08246319240594446
464 0.28679094515566617 0.08270041502789785
463.5 0.2869019909256499 0.08276474050918163
463 0.286747029551517 0.08268422191713504
462.5 0.2861699769392213 0.08236217780849965
462 0.2861816613319299 0.08236353917213292
461.5 0.28576493539306735 0.08211995565287497
461 0.286110443690767 0.0823193530523735
460.5 0.286439252306837 0.08250149801625499
460 0.28622095342955034 0.08238971818532856
459.5 0.28641304349930496 0.0824930026189041
459 0.2860453651535014 0.08228193699738849
458.5 0.2854631686418304 0.0819529147641814
458 0.2857786112874504 0.0821417793639149
457.5 0.2856149664891643 0.08203332724101836
457 0.2856193324632269 0.08203595801442837
456.5 0.2858551431128439 0.0821709865553274
456 0.28595564253680394 0.08221943128546857
455.5 0.2856584353644623 0.08205789031340348
455 0.28636435376399044 0.08246456877266854
454.5 0.28539036975040566 0.08190730204418349
454 0.2859837713776704 0.08224033273334708
453.5 0.28553856169385194 0.08198454483135524
453 0.2851296776928255 0.0817757172851702
452.5 0.2853704371769235 0.08189870363478255
452 0.2859416367746462 0.08222527702480596
451.5 0.285288504742961 0.08183747652492407
451 0.2856780501588733 0.08207237793325617
450.5 0.2850440842052697 0.08170281744788153
450 0.28514838730393127 0.08176609232627566
449.5 0.28504090655830655 0.08169686980068507
449 0.2849508913838364 0.08165047756917161
448.5 0.2844043545615564 0.08134669339278026
448 0.2841580268199015 0.08120234664660171
447.5 0.28525124683185193 0.08182767382591528
447 0.2847500541852634 0.081536889519473
446.5 0.28461857987632627 0.08146119772457402
446 0.28411759046871476 0.08117836644780368
445.5 0.284739603710352 0.08153573406072961
445 0.2846692624920742 0.0814878515901841
444.5 0.28463384947708686 0.08146960090797414
444 0.2838871419714413 0.08105436827000036
443.5 0.28437893916493745 0.08132514892857537
443 0.28434746753557805 0.0813213546421779
442.5 0.28388014016571356 0.08105312086376984
442 0.2841192810360432 0.08118124885182848
441.5 0.28363686239870983 0.08091223973226848
441 0.2838463314322501 0.08102321326429843
440.5 0.2835047639888723 0.08084426015656748
440 0.2838916116032633 0.08106076211018437
439.5 0.28370114996980444 0.08093904356480726
439 0.2834295545292016 0.08078716942998067
438.5 0.28356250183281684 0.08087388151486784
438 0.2832101877632787 0.08067516826488147
437.5 0.28319443926558063 0.08065942160652564
437 0.2836582799362642 0.08091438017668097
436.5 0.2829729617436664 0.08052020628173877
436 0.28314024682729394 0.08062492513983857
435.5 0.2836035775538084 0.08086656316656615
435 0.28345212402212594 0.08080202043323366
434.5 0.2831218994096594 0.08061095774803194
434 0.2837613055317321 0.08097095913484419
433.5 0.2826292217872677 0.08034105960046464
433 0.28299689598987543 0.08055056350376216
432.5 0.28353392071876393 0.08083547292017566
432 0.2831053134983525 0.0806066428706217
431.5 0.2830944005754166 0.08060506615588876
431 0.28277060575884394 0.08040595286700103
430.5 0.283208735761261 0.08066361169020357
430 0.28273318287957866 0.08038882431333325
429.5 0.28330532664079416 0.08071842644040446
429 0.28252295016724777 0.0802742353821826
428.5 0.2822218823503135 0.08011297979547276
428 0.28218516061183824 0.08009379167454835
427.5 0.28181695856170264 0.07987186645710523
427 0.2827347394656075 0.08040396633911354
426.5 0.28273862594694277 0.08039082046136191
426 0.28189085865148955 0.0799193502921979
425.5 0.28176222178979743 0.07984973429662363
425 0.2819763677542311 0.0799751374029905
424.5 0.2820002665720574 0.07998791993456551
424 0.2824883506443545 0.08024423742522929
423.5 0.28167320169442206 0.07978986610968598
423 0.2811071627414367 0.07948192011832765
422.5 0.2819207020166486 0.07992394179413988
422 0.2817602692316387 0.07984514491212599
421.5 0.28118886709373614 0.0795368532224499
421 0.2813494095373567 0.0796093128902692
420.5 0.28137187990883505 0.07963073711721672
420 0.28108997578428446 0.07946371355618741
419.5 0.28125636445434665 0.0795532245811377
419 0.281082949391415 0.07947471587521786
418.5 0.2815179558155231 0.07971490573463721
418 0.28119752331750436 0.07953897950674121
417.5 0.2812663949218603 0.07957266037077611
417 0.2816746613467564 0.07978766996031861
416.5 0.2809488218473286 0.0793809677356294
416 0.28067316453277324 0.07923003180352263
415.5 0.28044988910332896 0.07911002190825377
415 0.28087687842254266 0.07935835317807408
414.5 0.2806760737875641 0.07923556561722533
414 0.28061578821253913 0.07920917583354319
413.5 0.2802586412049614 0.07899274547322332
413 0.28009062124774786 0.0789053544476665
412.5 0.28074904611598134 0.07927838935529438
412 0.2806939209370289 0.07925094131323741
411.5 0.2803372754552692 0.07904275999143914
411 0.2804418107285914 0.07910309558504927
410.5 0.28023232703329354 0.0789911000646557
410 0.28060716718388046 0.07919256512418303
409.5 0.2804881901048645 0.07913259007614099
409 0.27937636658609943 0.07850825114125494
408.5 0.27990113684283074 0.07879283637208595
408 0.28003764395176717 0.07887734065154965
407.5 0.27980238151952647 0.07875042189073621
407 0.2789829947658551 0.0782899176964623
406.5 0.27973773852357514 0.07870583181155515
406 0.27963402482120686 0.07865159138831894
405.5 0.2799135940145296 0.07880339652472496
405 0.27885352532843255 0.0782118844488239
404.5 0.2791465066235219 0.07837334908680643
404 0.2794277878850354 0.07851208247058257
403.5 0.2791088584009419 0.07837131292581725
403 0.27943385981527086 0.07852893953823283
402.5 0.27964830189838524 0.07866792224892948
402 0.27973413737843345 0.07870977122918203
401.5 0.2785499971330067 0.07803572292519487
401 0.2788004905792762 0.07817482703687349
400.5 0.27871542698817836 0.07813518831020894
400 0.2785529864345137 0.0780577958651034
399.5 0.27872749767460436 0.07816212896555136
399 0.2788206147150399 0.07819017004114427
398.5 0.27885141779994255 0.07821192362804867
398 0.27829937762334883 0.07790051842762975
397.5 0.27832115588739376 0.07791401386013153
397 0.2783958467914053 0.07796395256421247
396.5 0.2779439118272869 0.07770590532546394
396 0.2781976102203776 0.07784995599035098
395.5 0.2780856796464087 0.07777753468139774
395 0.27806742796031503 0.07777775654361924
394.5 0.277793184745909 0.0776148219109845
394 0.2780682373169859 0.07777824684628759
393.5 0.27789295428295624 0.0776715137488631
393 0.2775715677772317 0.07749453662295179
392.5 0.2775482131809165 0.07747935113929207
392 0.2778748154044373 0.07765816811705623
391.5 0.2773893416698453 0.07740581357682315
391 0.2778284093913648 0.07764756732978513
390.5 0.27786719364780854 0.07766425295495721
390 0.2771386337690966 0.07725642804416089
389.5 0.2769074575461323 0.07712152964915214
389 0.2770273758170559 0.0771855469384749
388.5 0.27686136201978895 0.07710303149024154
388 0.2770423714718357 0.07721645189295458
387.5 0.2764323794216858 0.07687716410662238
387 0.2762902047765059 0.07678962078207129
386.5 0.2770691901359174 0.07722879967901768
386 0.2763475652661653 0.07681286522358163
385.5 0.2758011412473998 0.07651134738146946
385 0.2764119635874569 0.07686091827229907
384.5 0.27569149844806834 0.07646770208535424
384 0.2766544388677979 0.07698836612586905
383.5 0.27568275668819014 0.0764374134536342
383 0.276121180738521 0.07669172251365569
382.5 0.27614052061712163 0.07669834447083554
382 0.27613917210548755 0.07669752133157867
381.5 0.2757702833338334 0.07650730813162356
381 0.27553421593476846 0.07636703228663977
380.5 0.2760731777486079 0.07666369995471224
380 0.27581881152223386 0.07653363149810516
379.5 0.2757527076013891 0.07647870701764231
379 0.27627385579764124 0.07679026924340163
378.5 0.2752841128081183 0.07623426330907951
378 0.2753473718094559 0.07627456738770137
377.5 0.27525284038130776 0.07621513132080149
377 0.2757365419836583 0.07647604363673714
376.5 0.27533501069231864 0.07627179110235699
376 0.2745445264799252 0.07581297429151276
375.5 0.2757854911974503 0.07652221926341017
375 0.27481373554071076 0.07597333577211152
374.5 0.2743961504034594 0.07575221234029544
374 0.2749104698981963 0.07602976112898155
373.5 0.27473653203883075 0.0759384226153938
373 0.2744435918954325 0.07577484429458292
372.5 0.2745490922048918 0.07581886358320417
372 0.2746226145869724 0.07586353755842717
371.5 0.2741888069171976 0.07563346061066312
371 0.27398674536284234 0.07550547048721226
370.5 0.2743432364785938 0.07572034975547366
370 0.274176320609529 0.07562517696831335
369.5 0.27402111904406495 0.07553480276886534
369 0.2737772069603871 0.07540066309757912
368.5 0.2734724349918681 0.0752373103489825
368 0.2739168390784782 0.07547266417178798
367.5 0.27365162825023487 0.07532111704505325
367 0.2730358517961333 0.07499600354977605
366.5 0.27338584720430886 0.07518924229272736
366 0.27438238076169125 0.0757272350560818
365.5 0.27400065336114526 0.07552030560974864
365 0.27316566142529286 0.07505846797444668
364.5 0.272932407391445 0.07494020971670858
364 0.2733083915244052 0.07513924799672692
363.5 0.2727805272114523 0.07485904341275926
363 0.27328785674208367 0.07514595916419553
362.5 0.2729042781775412 0.07492530174309084
362 0.27271701973753615 0.07481734294678642
361.5 0.2728907847155073 0.07492827592233342
361 0.27281828372368977 0.0748772593861411
360.5 0.27240584998941797 0.07465474795649757
360 0.27271270909890166 0.07481528650065715
359.5 0.27212959114762597 0.07449898371505856
359 0.2719620150009557 0.07441690674449046
358.5 0.27222644378253946 0.07455581607701488
358 0.27217061692999633 0.07453167882782408
357.5 0.2714686076942391 0.07415311127592028
357 0.2718871573022738 0.07437243087877911
356.5 0.2718312311977822 0.07434111858925016
356 0.27147268351175524 0.07415989115266597
355.5 0.27155331865629456 0.07417780117991798
355 0.2714795637136028 0.07414916382072241
354.5 0.2712407116923838 0.07401462334541346
354 0.27136008610599566 0.07408616349608621
353.5 0.27116612693414505 0.073975742881049
353 0.2711112789314671 0.07395659926414262
352.5 0.2709397707386268 0.07385870074436096
352 0.27141017759934016 0.0741048053769508
351.5 0.2710159308325823 0.07387840367610844
351 0.2706441340865451 0.0736918008924774
350.5 0.2712053643100349 0.07399377226324995
350 0.27086715041139264 0.07381328132698534
349.5 0.2706329080029123 0.07368657495924276
349 0.2706257811764244 0.0736865343007677
348.5 0.27026720150921885 0.07347958852742624
348 0.2700938849072454 0.07340103346658512
347.5 0.2701813621419373 0.07344150628656103
347 0.270090525161351 0.07341129803106614
346.5 0.2697286895664934 0.07320499899335993
346 0.2702028354886779 0.07346616526877128
345.5 0.2702589422811833 0.07349075072983004
345 0.26988452562659015 0.07328581832080938
344.5 0.2696812214110697 0.07317456328162343
344 0.26942648394523067 0.073035193214942
343.5 0.2691948410609914 0.07291084318498142
343 0.2689849646718927 0.07278891135082304
342.5 0.268832042519127 0.07271354852558075
342 0.26897374674011487 0.07279037399072609
341.5 0.2690692880064042 0.07283208213269335
341 0.26881100892639176 0.07270084782775581
340.5 0.26892855827514034 0.07275766752371814
340 0.2683253853469961 0.07244390219703942
339.5 0.26885278489441883 0.07272213381799578
339 0.26845529270144936 0.072517135551517
338.5 0.26872566809340087 0.07265085086631233
338 0.2680452008642948 0.07228212325286787
337.5 0.2683488923280436 0.07246096453151256
337 0.26791819818615703 0.07222326510718002
336.5 0.2683153746771845 0.0724425994263503
336 0.267623162818705 0.07207190515565401
335.5 0.26768497370496325 0.07209951334090535
335 0.26769835684536386 0.07211397424514246
334.5 0.26776079588884205 0.07213518138612733
334 0.26783070406862963 0.07218058556564749
333.5 0.2676410474665381 0.07209011035719957
333 0.26776308082584344 0.07213933309171874
332.5 0.26711081971719736 0.07179578891032286
332 0.2665805343662598 0.07151288147587925
331.5 0.26752461519890297 0.07201774486064537
331 0.2671208967077086 0.07180421866489145
330.5 0.2671204787548175 0.0718018558449133
330 0.26686069860583495 0.07164593040868647
329.5 0.26684701639185726 0.07165264899346306
329 0.2663580979962064 0.07138834705587775
328.5 0.2662403321096036 0.07133087667945251
328 0.26581215182320095 0.07108879003541456
327.5 0.26650807619994593 0.07147278748732064
327 0.2660221190346092 0.07120837247088983
326.5 0.26623734015624145 0.07132509842035238
326 0.2661821678297414 0.07129923585098799
325.5 0.26620143353122505 0.07129503605434005
325 0.26604131821543087 0.07122555253617968
324.5 0.2658428267215877 0.0711166622635378
324 0.2655165027597965 0.07093621347108836
323.5 0.2654171898534024 0.07087850968208527
323 0.26559592697482803 0.07097711146560771
322.5 0.2652698436069603 0.07079772189059921
322 0.2655532159312619 0.07095537962989623
321.5 0.26474397564065416 0.07053268028370435
321 0.2645329398171293 0.07041307173598746
320.5 0.2644421119923275 0.07036565870380453
320 0.26474699776893074 0.07052581928667678
319.5 0.26408103436106517 0.07017838128379598
319 0.26423755175313557 0.07025464051210191
318.5 0.26439398878727444 0.07033819544023273
318 0.2640901673552734 0.0701876321964929
317.5 0.2645759851079888 0.07044148085263048
317 0.2636742335399009 0.06995965844238292
316.5 0.2642279461249915 0.07025321815127399
316 0.2638623659659735 0.07006279480974119
315.5 0.26409389464995775 0.07017658978487946
315 0.2639750528678513 0.07012206643572703
314.5 0.2635310987413187 0.06988745521312323
314 0.26389743823043166 0.07007688725353482
313.5 0.2635294839516632 0.06988022491837433
313 0.2633912466552482 0.06980081998331202
312.5 0.26323851669921305 0.06972593003067437
312 0.2626045998665323 0.06940368674991278
311.5 0.26247192480383513 0.0693337234603383
311 0.26292355849794663 0.06957052834745327
310.5 0.26275892596135725 0.06947208245095013
310 0.26244332775070117 0.06931568915376103
309.5 0.26220844688069056 0.06918179288417277
309 0.26212892486824746 0.06915647871425704
308.5 0.26265028061482926 0.06942227608701373
308 0.2624180957950899 0.0692903601643326
307.5 0.2619595073934446 0.06905609313997893
307 0.2615953251117804 0.06886267410207077
306.5 0.26207180666103524 0.06911965768859211
306 0.2618339045054036 0.06898943911794511
305.5 0.2621011326113098 0.06913455138691432
305 0.26155853539852714 0.06884771734975863
304.5 0.2609955038198302 0.06853824832547296
304 0.2615705043651261 0.06885881852953801
303.5 0.26051014215690405 0.06830301417168047
303 0.2607388954155935 0.06841770531200916
302.5 0.2606183117266241 0.06835925687170648
302 0.26068128379756356 0.06838703707773199
301.5 0.26109148216809275 0.06861385289014475
301 0.2599468484320943 0.0680107806209082
300.5 0.25976612087799256 0.06792515003805091
300 0.2597915590172054 0.06792449797510565
299.5 0.26017797353772776 0.06813045535455184
299 0.2598438003957274 0.06795691948117381
298.5 0.2598196322836086 0.06794944826499028
298 0.2593764691733699 0.06771387907264724
297.5 0.2592642656577543 0.06763911918804105
297 0.2590721872184924 0.06754602180145186
296.5 0.25912761063491163 0.06759563869382808
296 0.2593710995273503 0.06771300306007794
295.5 0.2588136729845126 0.06743383103075468
295 0.25912676215626623 0.06758694175140903
294.5 0.25919870388805066 0.06760854664514332
294 0.2589853590370266 0.06750451098011294
293.5 0.2584178557611972 0.06721264063275711
293 0.25815961384000574 0.06708625108730423
292.5 0.25869497016983667 0.06734818979890769
292 0.25816528979303927 0.06709424958413643
291.5 0.25818795865633853 0.06709620976883707
291 0.2576684583253975 0.06682586652488956
290.5 0.2580685706198371 0.06702803662017262
290 0.25773304161235416 0.06686232635809884
289.5 0.25758305491752265 0.06678130293365607
289 0.25720836089073323 0.06659488432618593
288.5 0.25719983246109884 0.06659044894817978
288 0.2571104123514703 0.06654117076515871
287.5 0.257141411392196 0.06656531577713656
287 0.2570580225728406 0.06650574177336202
286.5 0.25671604459186387 0.0663348521070229
286 0.2567366168421286 0.06634319931858185
285.5 0.2564927120929492 0.06621495234416513
285 0.25637675913442876 0.06614939464928445
284.5 0.25667677579712195 0.06630892093857402
284 0.2556916096572861 0.06581204228998361
283.5 0.25672205457165836 0.06633349985874934
283 0.2562370960453924 0.06608061351895428
282.5 0.2551979662465876 0.06554933102531689
282 0.25575630953221906 0.06583724470265451
281.5 0.25502753073199563 0.06546453922457653
281 0.2550343848396517 0.06546461716806871
280.5 0.25468727141563213 0.06530091852398022
280 0.25518732006830613 0.06555522422864643
279.5 0.2543898931936649 0.06514377042728746
279 0.25453083878081817 0.06520397468891721
278.5 0.25470497885308474 0.06530564982720334
278 0.2545433507868895 0.06520444329520525
277.5 0.25444810843563054 0.06517762042199703
277 0.2544034034319623 0.06514702256411214
276.5 0.25396054972408305 0.06492059750239505
276 0.2538555144191631 0.06486580777114781
275.5 0.25361289462039194 0.06475482706627506
275 0.25355310349852184 0.06471816587325023
274.5 0.2528230850380473 0.06434521955962419
274 0.2535794204675786 0.06473257396658305
273.5 0.2531162745393121 0.06447708754748188
273 0.25270681724765753 0.0642920348429981
272.5 0.2535160428091753 0.06469880698638815
272 0.2530327283375723 0.06445317257539261
271.5 0.2531049129107433 0.06448847610266883
271 0.2526732426148382 0.06427829995456757
270.5 0.25296755787415826 0.0644127160119581
270 0.25290566583927804 0.06439003613436514
269.5 0.25202224353287395 0.06394750937717587
269 0.25192279081393715 0.06387907101623964
268.5 0.2514229338456527 0.06362679750675705
268 0.251845255694262 0.06384461590862041
267.5 0.2516808147089641 0.06376927242603106
267 0.2505535678713947 0.06318728410420302
266.5 0.2509783825228763 0.06341293239536802
266 0.2514427321857551 0.06364308599245729
265.5 0.25084106897984776 0.06333405858265698
265 0.2506522114071247 0.06324565281480593
264.5 0.25094819051726347 0.06339516855791229
264 0.25021097432744965 0.06302553832574288
263.5 0.2501680253077625 0.06298855070446978
263 0.2496526025000218 0.06275754352684738
262.5 0.2499146628942739 0.06288731167368648
262 0.2500345555448376 0.06294561303657194
261.5 0.24952030759788277 0.06267228352307049
261 0.24906108781237646 0.06244416132357608
260.5 0.24984515486959466 0.0628409799135764
260 0.24854931240277947 0.06219761793605708
259.5 0.24927455078242747 0.06255844774331143
259 0.248815814151681 0.06232994110506335
258.5 0.24878961023821763 0.06231916592861382
258 0.24870960852272667 0.062273825623343396
257.5 0.24835337925709114 0.06208952110174026
257 0.24768876797756004 0.061768625461330086
256.5 0.24834092895005622 0.062099974437025626
256 0.24832309409846717 0.062077287332093584
255.5 0.24830432848471562 0.06206320070984057
255 0.2475350887848088 0.06168718321204838
254.5 0.24780124264862058 0.061813631524849436
254 0.24717092727786322 0.06150272347356239
253.5 0.2464063352093609 0.0611248909834023
253 0.2472821288000175 0.06157108739543544
252.5 0.24630963805016692 0.06106790095466831
252 0.24671363454946293 0.06129222506153621
251.5 0.2471892511574825 0.06152671786012876
251 0.24568733843426285 0.06077441863285753
250.5 0.2463518703485974 0.061107634551668386
250 0.24516812457601472 0.06052720874969521
249.5 0.24609504989634395 0.060978922875201146
249 0.24545787090839147 0.06065679605361376
248.5 0.24544086151611152 0.06065252575324335
248 0.24522176373249263 0.060538262827096144
247.5 0.24517780029540326 0.060506285541171136
247 0.2448303759883105 0.06034409698045978
246.5 0.2450512581839566 0.06046061756191395
246 0.24432243481584828 0.06010332917062245
245.5 0.24439031939673533 0.060135349011250276
245 0.24497013759621866 0.060416019220888025
244.5 0.24459779890170305 0.060224836232600255
244 0.24452229705196313 0.06020918439607013
243.5 0.24402282009738113 0.059954517063151726
243 0.2434239165450171 0.0596629377012688
242.5 0.24312550102546704 0.059525162689441
242 0.24348358251057195 0.0596926847200261
241.5 0.24295225558852798 0.05943121501372711
241 0.2427377272022239 0.059328150549530584
240.5 0.24260827048355585 0.059263943771409484
240 0.24290169613204632 0.059406400008160304
239.5 0.24241506804529142 0.05917263231687664
239 0.24241783897707408 0.059180411641091474
238.5 0.2420150206573421 0.058977251959759544
238 0.2411881629221215 0.058579314179041775
237.5 0.24173274040280052 0.05883406906820948
237 0.24165809351548675 0.05880942898233491
236.5 0.2416795751456661 0.058808393789511935
236 0.24112172292104495 0.058540822699675955
235.5 0.24128926175832277 0.05862748343432054
235 0.24057830832047036 0.05827956572813453
234.5 0.24165371141521144 0.05879984304429131
234 0.24057761028941382 0.05827963346277789
233.5 0.24009483736922468 0.05804426245611644
233 0.2401587403820574 0.05808637333694019
232.5 0.23994594211365908 0.05797997764673843
232 0.23968358407348006 0.05783579552831746
231.5 0.23964617096159763 0.057837912082130544
231 0.2391245854274482 0.05757847968399431
230.5 0.2389922852640555 0.05751157405979492
230 0.23869658308456934 0.057379369708203086
229.5 0.23834191046145514 0.05720500327287211
229 0.23878613775250093 0.05741526771299087
228.5 0.2385460508090176 0.05730510626161877
228 0.2384731339584861 0.05726694607826866
227.5 0.23821899003458 0.05715590910156091
227 0.2374714795353461 0.056796387764562445
226.5 0.2377182571791306 0.05690181133117659
226 0.2374037587203159 0.0567523043612573
225.5 0.23758879037550823 0.05684342243035284
225 0.23649816630017478 0.05632242552940476
224.5 0.23715529933039378 0.05663894582286578
224 0.236758042109532 0.05645387727660354
223.5 0.23622224539959716 0.05619783347537458
223 0.23595199834566732 0.0560656537363296
222.5 0.23597477725442592 0.05609146990163003
222 0.2355345923015804 0.05587312898939322
221.5 0.23497928179144403 0.055609739661925
221 0.23541803383374252 0.05582292103427173
220.5 0.2349096940998862 0.05557056080226678
220 0.23462361986849814 0.055451827632187034
219.5 0.23449440678866573 0.05538011597872504
219 0.2348075694090128 0.05553409260960001
218.5 0.23424511570615975 0.05527483012628484
218 0.23372414182284643 0.055004967939619745
217.5 0.2340909344942142 0.05518866749643944
217 0.2337405046272581 0.05502783224751303
216.5 0.23311530827432345 0.054728063453930956
216 0.23319072476062916 0.05477098693389292
215.5 0.23251584645900783 0.0544448347757423
215 0.23271052736132147 0.05453422605054135
214.5 0.2328518753885605 0.05460467542409822
214 0.2332171979506616 0.054795216430321106
213.5 0.232708512925736 0.0545509051993172
213 0.23219349329833175 0.05430024403962772
212.5 0.23153449670065934 0.054004713376690876
212 0.23183427803523107 0.05412056310017866
211.5 0.23173971480034813 0.05408898001280359
211 0.23076202998248058 0.053626450807476765
210.5 0.23081181651823163 0.053680762429693524
210 0.23100764850220157 0.05374025113511498
209.5 0.23111582385796967 0.05379921518417085
209 0.2306991944284165 0.053617316685586475
208.5 0.23044526118065095 0.053492275807179766
208 0.22959732417090073 0.05309725852851348
207.5 0.22982807306814865 0.05321099836118934
207 0.2286793251270276 0.05268303489360438
206.5 0.22895741645873613 0.05280231158056335
206 0.22867921225038487 0.052676147799540184
205.5 0.2286113335018404 0.05264656852784038
205 0.22810904231955725 0.05241541886151299
204.5 0.2281514373653227 0.052438597934348796
204 0.227641138729661 0.05220457841349419
203.5 0.22804892834460802 0.05238738778130544
203 0.22743446963409647 0.05210482795176052
202.5 0.22713863469956191 0.05197642599716765
202 0.22755549673996459 0.052174450900715985
201.5 0.2266409892619408 0.05175957219404845
201 0.22748980544550548 0.0521198637749242
200.5 0.2265086268774494 0.05168545833779156
200 0.22648863642370767 0.05168415562423341
199.5 0.22582576582071529 0.05137630116795713
199 0.22539900675287716 0.05118790824668372
198.5 0.22537897261795253 0.051166803522383425
198 0.22569156360591322 0.051303326901047386
197.5 0.22413660981595768 0.05060934014607098
197 0.22486315894301684 0.050941205518358165
196.5 0.2241673063189677 0.050612276815174044
196 0.22412151221178925 0.050607732471807367
195.5 0.22446245523975314 0.05075428822633356
195 0.2240081125846209 0.050541180473947636
194.5 0.22367539414789694 0.05039597074425475
194 0.22330499134295279 0.05024062263571663
193.5 0.22333014787358155 0.05023667605105677
193 0.2223715783351865 0.04982132347714465
192.5 0.22272023423504797 0.04996618377518897
192 0.2218650109094422 0.04959154386244068
191.5 0.22248575067010917 0.04986280793294042
191 0.22189050581221645 0.049603779982373204
190.5 0.22223522395447817 0.049747155294730304
190 0.22133001473314012 0.04934734334552785
189.5 0.220867453895288 0.04914807894708023
189 0.22076426334832047 0.04910508390486765
188.5 0.2205627426893425 0.04900506748731499
188 0.22086088371697793 0.04915058926417844
187.5 0.22030904559563574 0.04889695136821024
187 0.2198215808147708 0.04868633604440025
186.5 0.21934990393207046 0.048488086179898436
186 0.2190409636851848 0.04835213802484386
185.5 0.21890844964931455 0.04828358036860929
185 0.218492114613516 0.04809246896850708
184.5 0.21788934099343532 0.04783806644339514
184 0.2183841991233534 0.04805978751388434
183.5 0.21728867013232459 0.047579589439323895
183 0.2182026853129712 0.04796712412995548
182.5 0.21758270561135193 0.047703048097221604
182 0.21692957897823612 0.047414311430150936
181.5 0.2167478957739229 0.04733906908248218
181 0.2168267711991534 0.04736395584938705
180.5 0.21654704297398772 0.047252652674409826
180 0.2159724218744452 0.046981465659860236
179.5 0.21529132134086248 0.0467106860888313
179 0.21570654567441863 0.04689324980747629
178.5 0.21556242060988262 0.046826143547834334
178 0.2150157788120667 0.046597700314509875
177.5 0.2142290065090668 0.04623970219803217
177 0.2145702456194825 0.04639173776040271
176.5 0.21412899220193896 0.04621328700088667
176 0.2136961409598237 0.046025478488127644
175.5 0.21360186277893875 0.04597285282180541
175 0.21265447706224233 0.04557758636613572
174.5 0.2127400036471885 0.045603526077875545
174 0.21262875135265646 0.04555991792346663
173.5 0.21247976883286046 0.04549104212656449
173 0.21201115667259876 0.04530199432881373
172.5 0.21172875824276466 0.04517457157622386
172 0.21181238741300507 0.045202688624430144
171.5 0.21135414277610137 0.04502505121557993
171 0.21103293133963022 0.04487810485738238
170.5 0.2106668305970364 0.04472897401844406
170 0.2103866272983866 0.04461156110432586
169.5 0.21027630357752547 0.044557343178131696
169 0.20937708748258266 0.04417890500556252
168.5 0.2093366911345547 0.044155496408689404
168 0.20909426779064166 0.0440672981715605
167.5 0.20862473995924258 0.04387089533453828
167 0.20842294322546104 0.04379507755980612
166.5 0.20777786084868782 0.04351306852684676
166 0.20796831897297316 0.0435907509132824
165.5 0.20756381406839228 0.04342106953672469
165 0.20729815085864028 0.04331957373026171
164.5 0.20668827449827 0.04305826952842232
164 0.20727477744110048 0.04329074337915362
163.5 0.20607413227350263 0.04279147762876142
163 0.2057839266275678 0.04268659944775864
162.5 0.2055043080078979 0.0425633096035777
162 0.2051659658301019 0.0424274280121449
161.5 0.20481656944207613 0.042279042812170625
161 0.20512379824276405 0.042395042312205276
160.5 0.2041930497029576 0.04201429002078218
160 0.20392059401528861 0.04190928015498749
159.5 0.2038033313332097 0.04185747743628584
159 0.20342428575282984 0.04171645622980733
158.5 0.2030753985092878 0.041568525663410155
158 0.2028961375679124 0.04149759454009935
157.5 0.20260296536136332 0.04136942762046623
157 0.20263803578377146 0.04138695923179459
156.5 0.20163056835864818 0.0409813933084052
156 0.2018742365135556 0.04108511619393049
155.5 0.20115844796104318 0.04078317170738898
155 0.20068822603504002 0.040613247871865786
154.5 0.20083593243849676 0.04066360342496899
154 0.20000761082930793 0.04032598780219787
153.5 0.19956144414261842 0.04014341802041411
153 0.19907891845351885 0.039955076519119816
152.5 0.19928122057646805 0.04003128959537297
152 0.19834016556626255 0.03965132078208883
151.5 0.19800412609729257 0.03952549667729827
151 0.1977309409111501 0.03941441951617511
150.5 0.1981210046952844 0.039564306504902426
150 0.19688106719632578 0.03907298224098273
149.5 0.1970196338031049 0.039131265003093114
149 0.19693053072427474 0.03909663395888187
148.5 0.19678505443112693 0.039041679898971386
148 0.19568742340597053 0.03860752289555236
147.5 0.19527769895835886 0.038438744570292935
147 0.19518703218291822 0.03841514288621084
146.5 0.1942346365203276 0.0380275698988135
146 0.1946582795730561 0.03820173865747647
145.5 0.1942609847950903 0.03806030354136074
145 0.19394046764544232 0.03792224502453525
144.5 0.19309159265030865 0.03758555881937864
144 0.1929902734421379 0.03754810622201347
143.5 0.192700393078498 0.03743030572776377
143 0.19266044737569088 0.03741343858619335
142.5 0.1918114223927739 0.037098107305343166
142 0.19135798413486535 0.036917793655775716
141.5 0.19085332092906093 0.036725545124993514
141 0.19133024734144924 0.03690564871015188
140.5 0.1902926441257321 0.03652118549500015
140 0.19002141267950634 0.03640670630267576
139.5 0.1895162742594284 0.03621485517668959
139 0.18901203136034753 0.03601233832213701
138.5 0.18884715713016056 0.03596487010638457
138 0.18836937805930618 0.035764163660910155
137.5 0.18843961757101915 0.03581426018281806
137 0.1873231547730119 0.03537076660878148
136.5 0.18718298480653092 0.03532729165260248
136 0.18680369611466435 0.035196931798344704
135.5 0.1871763210269121 0.03532212817467707
135 0.186534152837949 0.03508782225741992
134.5 0.18557874110451308 0.03472596884151562
134 0.18465187652717055 0.03437754051979709
133.5 0.18553949822294438 0.03470288383738717
133 0.18375260832815518 0.03405194542867751
132.5 0.18410401462922546 0.034172501410281386
132 0.1837090495895933 0.03401778317616925
131.5 0.18365921189708298 0.03402191618447724
131 0.1830094288536598 0.033774787372091705
130.5 0.18274106633539391 0.03366817217941684
130 0.1820795296221935 0.03342644682963666
129.5 0.18222092499504255 0.033489086136529206
129 0.1810139834639507 0.03302292836984884
128.5 0.18148585282166896 0.033214497836167436
128 0.18031831400207318 0.03280056804404056
127.5 0.1797363431470009 0.03258343406159718
127 0.17985570969372666 0.03262633243247805
126.5 0.17919226509516442 0.03237522795340453
126 0.17908163620525389 0.032326002936843054
125.5 0.17816169088106484 0.03200893855363351
125 0.1777333416725149 0.03186532932515831
124.5 0.17717697868151272 0.03166583277984018
124 0.17728717591477527 0.03170375718800605
123.5 0.17683849167129131 0.03153714154488406
123 0.1757602067224996 0.031157166310618614
122.5 0.17598574462398808 0.031232811527215184
122 0.17510279510051086 0.030921264145020423
121.5 0.17497566102966108 0.03087927661915166
121 0.1748080529515593 0.0308148505122025
120.5 0.17355508035295678 0.03037685658195997
120 0.1735022197644556 0.030354546089260585
119.5 0.1727060117943915 0.030086292957756836
119 0.17317133020494901 0.030255023256705454
118.5 0.17240485334183675 0.029970940974393494
118 0.17178526912858488 0.02976842367206687
117.5 0.17096421501711728 0.029484609320087642
117 0.17075013153315574 0.029404410079561363
116.5 0.1700912071434945 0.02918592837967764
116 0.17036878179308337 0.029270722818313156
115.5 0.16904385305181985 0.02883217672313292
115 0.16906917482395742 0.028833361498013795
114.5 0.1685284254434515 0.028644358008518448
114 0.16774824583635414 0.02838186849086785
113.5 0.16767032354445613 0.02835740079697964
113 0.16670096757961464 0.028036419465694472
112.5 0.16638858629802025 0.027925078329132394
112 0.1666371304257181 0.028002323447249698
111.5 0.16591016855811716 0.027769062985268555
111 0.1651573979228806 0.027508302583951694
110.5 0.16422225635366539 0.027203803777875894
110 0.16443349443863794 0.02727569857078849
109.5 0.16370417205896098 0.02703810793051727
109 0.16366797680018835 0.027029066809672455
108.5 0.16254078145035372 0.026649997491123546
108 0.1624048103730138 0.02660437916587146
107.5 0.16117100584236582 0.026205903567470094
107 0.1614699023862771 0.02631088648094545
106.5 0.1606792847688843 0.02603885279277013
106 0.1604481401688065 0.025962099298877994
105.5 0.15975656666149457 0.02574848464229731
105 0.1595780869070615 0.025686862573221884
104.5 0.15856138018595206 0.025353220168899057
104 0.15772929217741027 0.025102705815984012
103.5 0.1577381225737345 0.02509602793979251
103 0.15715717217778702 0.02492515734025454
102.5 0.1567067755503352 0.024772836920710264
102 0.15568462703096053 0.024451057012073417
101.5 0.15602742565500718 0.024560141665840966
101 0.15558095761518262 0.02441379813403461
100.5 0.15464606398450687 0.024134254490126527
100 0.15410532072544572 0.02394847964672435
99.5 0.15324871216469058 0.023687257265851268
99 0.1530342807854169 0.023627814946357822
98.5 0.15290419545870515 0.0235889531404556
98 0.1520299086506659 0.02331570049471999
97.5 0.15170649003795275 0.023214274424449025
97 0.1509064213232287 0.022970909638717802
96.5 0.1503443638338282 0.02280570464196913
96 0.1496575546224489 0.022598357528519845
95.5 0.14951344440865685 0.02254711704086011
95 0.14830299372954978 0.022179270304381483
94.5 0.14766408216297236 0.02200603933325517
94 0.14814078745423637 0.02214184667217364
93.5 0.14693220651463335 0.021777677177023412
93 0.14571661377590053 0.021425348436455844
92.5 0.14633788121800725 0.021598878472768947
92 0.1455375296181463 0.021365885008700975
91.5 0.14509321245059237 0.021236219087505424
91 0.144077129409921 0.020942997888193208
90.5 0.14396576562916102 0.02091035242339338
90 0.14338654441063658 0.02074403447258109
89.5 0.14258640713937287 0.020510231826119087
89 0.1421052293299938 0.02037407134323227
88.5 0.14113366314214193 0.020095073676439743
88 0.14112578272866988 0.020097296277814473
87.5 0.14038260956867277 0.019888145748579368
87 0.13990013907454274 0.019753984390078708
86.5 0.1396736416915093 0.01967751360611589
86 0.1387542257132105 0.019422035341740355
85.5 0.13804035098294393 0.019225471570412815
85 0.13758273209855137 0.01910018027659444
84.5 0.13733936936774938 0.019028468612522675
84 0.13703291092051248 0.018949664123780782
83.5 0.13541622502456327 0.018501398897277664
83 0.13548367752041446 0.018521705643215872
82.5 0.13421786908927602 0.018183404542222992
82 0.13418214007315196 0.018166145805785062
81.5 0.1335326677564373 0.01798653387760305
81 0.13271570922768733 0.017769327649795618
80.5 0.13218239957926747 0.017625718663627304
80 0.1306436840768949 0.0172251637383793
79.5 0.1310249085165105 0.017319917578749955
79 0.1305955538611913 0.017207238469566715
78.5 0.13002926086611127 0.017058872822606347
78 0.12919451377558788 0.016836187341663027
77.5 0.1283339125239738 0.016612680374476232
77 0.1276775834050338 0.016445592289618893
76.5 0.12703820153599332 0.01628612951800997
76 0.126418765609837 0.016125460163390663
75.5 0.12583389943520723 0.015974132213212814
75 0.12552962866679263 0.01589697426431772
74.5 0.12458848265349436 0.015664247157928923
74 0.12422218189556779 0.015575341147515269
73.5 0.12310489454523843 0.015289703995011984
73 0.12334506812897206 0.015347406848370354
72.5 0.12222894942863763 0.015077411197438625
72 0.12116327743875607 0.01481108250780169
71.5 0.12090663779995688 0.01474651837914035
71 0.12004543025510947 0.014542235181327837
70.5 0.11980540241899634 0.014477868777879455
70 0.1186917535376137 0.014216780379454062
69.5 0.11838008644171771 0.014143217246098154
69 0.11804251500244348 0.014056149185997712
68.5 0.11707987904361176 0.013828879494654549
68 0.11625505092029273 0.013633459960170569
67.5 0.11557845017879338 0.013479516975201316
67 0.11464295516776447 0.013259894171219002
66.5 0.11389495187380895 0.013087665048158127
66 0.11402407475977994 0.013115515774409475
65.5 0.1130303332533701 0.012890437772930476
65 0.11159146520022258 0.012562797163429673
64.5 0.11101372996791499 0.012433608617607795
64 0.11100565411898869 0.012434586850597307
63.5 0.11077577121100898 0.012379949396420847
63 0.10976186174558021 0.01215245983895003
62.5 0.10917521353401709 0.012024030729595401
62 0.10768285318009514 0.011703065335917917
61.5 0.10799324263779655 0.011765782323834406
61 0.1068048788858333 0.011511507191695813
60.5 0.10650669863801908 0.0114524728446396
60 0.10553625250013257 0.011242394066031057
59.5 0.104684831923938 0.0110597767330444
59 0.10464751468693725 0.01104762494026973
58.5 0.10334617239810903 0.010775465405343732
58 0.10318893748870038 0.010744669093178737
57.5 0.10218833942660197 0.010537732970742394
57 0.10143567669371982 0.010378803862235357
56.5 0.10042142076291932 0.010174495486000787
56 0.10047093401694508 0.010184664164544064
55.5 0.09944418722518042 0.009978345949609278
55 0.09824765016891393 0.009734284663005608
54.5 0.09785113076514096 0.009657553371068193
54 0.09753595138279357 0.009595726377275607
53.5 0.09581654972793965 0.009259551417113966
53 0.0954115136613794 0.009183863119287317
52.5 0.09534818912980798 0.009166224950328098
52 0.09387993642878836 0.0088902067054259
51.5 0.09367984711335321 0.008857451993741924
51 0.09308095581706749 0.008737962934638674
50.5 0.09248249735113952 0.008629251824061893
50 0.09149535447503383 0.008447672129456846
49.5 0.09055990778292092 0.008274320547347754
49 0.0902388681840449 0.008214874060392419
48.5 0.08893498455043071 0.007978176343109898
48 0.08855880193491598 0.007912792641331436
47.5 0.08779819026863706 0.007776069187793369
47 0.08716803660138056 0.007667040729921487
46.5 0.08551952838777623 0.007377947607686419
46 0.08583888285976705 0.007432013446101118
45.5 0.0840417990662558 0.007123180733108682
45 0.08377496026645502 0.007078348654343294
44.5 0.08358361926266195 0.007048156414076472
44 0.08225511080961352 0.006826103724913758
43.5 0.08228307538114141 0.006828828742099109
43 0.08112498985623258 0.006637419923484052
42.5 0.07992604777601904 0.006443017303620765
42 0.07926750509620709 0.006336823356046562
41.5 0.0781479716026986 0.006158595183384851
41 0.0775067376782687 0.006058199280611225
40.5 0.07674711063949523 0.005940211317839676
40 0.07626329556492958 0.005863906416991338
39.5 0.07538657683451767 0.0057311071655688234
39 0.07483152826758549 0.005648085366828344
38.5 0.07403579648236756 0.0055263815787313575
38 0.07300016718585368 0.0053743394263814585
37.5 0.072661430579338 0.005321232921102801
37 0.07183604038478934 0.005202692681955013
36.5 0.07119693936772094 0.005114239958353039
36 0.06963316956954503 0.004891135822621635
35.5 0.06873878275994214 0.004765653321464619
35 0.06794060915386295 0.004655791858907847
34.5 0.06747370903618237 0.0045921811259199575
34 0.0665095574847942 0.00446080754328714
33.5 0.06592611182091093 0.004382343438006223
33 0.06482661155698413 0.004236674503624508
32.5 0.06450562839900201 0.004193074980601744
32 0.06369958037250904 0.004091853616415706
31.5 0.06267028142671885 0.003958886438825202
31 0.06164476599733119 0.0038309033471471015
30.5 0.06109980525840551 0.003762277960890542
30 0.06017866883751341 0.0036510169058972548
29.5 0.05943471036797338 0.003561059791158461
29 0.05868727460280636 0.0034729533797270783
28.5 0.05779209216097726 0.0033685124783833734
28 0.05717605815970613 0.003294230763658222
27.5 0.05611635221185661 0.0031744759621231606
27 0.055359172847035974 0.0030884387144009813
26.5 0.05440411314745517 0.00298284854783717
26 0.053522635451525205 0.002886290454149438
25.5 0.05299484998731526 0.0028301072551396153
25 0.05192870881209187 0.0027173218946517246
24.5 0.05115165593939317 0.002637263868340402
24 0.050085798048838386 0.002526751395567906
23.5 0.04951970188783902 0.0024712981366115886
23 0.04836315184719728 0.0023571567469011533
22.5 0.04768460702055019 0.0022908818236265305
22 0.04644789016881039 0.002173684532634958
21.5 0.04618871086261189 0.002148273575561654
21 0.045160381067947446 0.002055104647910154
20.5 0.044634543184945634 0.0020073121238479994
20 0.04309516166560032 0.0018692909013827538
19.5 0.04262022651994714 0.001829482217347842
19 0.04194727140613734 0.0017715472203478858
18.5 0.04107250413599133 0.0016995734791840967
18 0.04007853211026039 0.0016167175297006739
17.5 0.03965856398582512 0.0015833159625427222
17 0.038530636967060154 0.0014937693293085226
16.5 0.037580811584389744 0.0014215633915996865
16 0.03672373181110559 0.0013568838630583023
15.5 0.03600008015600756 0.0013039905415628582
15 0.0350962183776127 0.0012388185685196795
14.5 0.0343549911947217 0.0011866807467681133
14 0.03347590591187379 0.0011266557841295875
13.5 0.0329572483790085 0.0010921579416037685
13 0.031740308939875866 0.0010128666934948283
12.5 0.0313004482682861 0.0009845045509510688
12 0.030590200879769866 0.0009403388734600208
11.5 0.029589371372541223 0.0008792871651573152
11 0.028813224592711142 0.0008338443285395922
10.5 0.028273442890250657 0.0008021823198226945
10 0.027589276993284974 0.0007638634406022487
9.5 0.026828380197753025 0.0007222507504127567
9 0.026185495168128473 0.000688012075343384
8.5 0.025528035611051273 0.0006534334581647673
8 0.02491565316757455 0.0006223525430097944
7.5 0.02438699591695569 0.0005959933643399365
7 0.023790616449954238 0.0005670231157601723
6.5 0.02336595651298166 0.0005467513519776621
6 0.02281941830873417 0.0005214076051322941
5.5 0.022381991512370136 0.0005015155452827225
5 0.022038351092034378 0.0004860953269195279
4.5 0.021570664984774363 0.00046554725821273935
4 0.02133393514635715 0.0004553343424804609
3.5 0.020994541242864945 0.00044090348016328004
3 0.02079992058739087 0.00043271713763225113
2.5 0.02055883159288281 0.0004227232659388024
2 0.02036466866546314 0.0004147484079594632
1.5 0.020202163110010527 0.00040813946189034326
1 0.02008660866590463 0.00040347576160828646
0.5 0.020010166185778725 0.00040040730354216
