1000 0.7551778051583924 0.5707800561960078
999.5 0.7553926196704248 0.5710942226976246
999 0.7558834845046631 0.5718286299097911
998.5 0.7555816401986426 0.5713801823183586
998 0.755144501614604 0.5707263216077075
997.5 0.7556056743475348 0.5714262481196776
997 0.7554128617151948 0.5711273709759656
996.5 0.7553024107265043 0.5709622462859116
996 0.7553449499267619 0.5710339754327234
995.5 0.7552607424477163 0.5709140097622294
995 0.755324677768504 0.5710037576682607
994.5 0.7558367019229706 0.5717814421843572
994 0.7555235176360064 0.5713101870795914
993.5 0.7554428271070417 0.5711870319095281
993 0.7557302785999864 0.5715978502970933
992.5 0.7561723518542278 0.5722716764752113
992 0.756086438832433 0.5721361158644613
991.5 0.7556067062006462 0.5714197259599347
991 0.7554274126163727 0.5711615258537733
990.5 0.7556703987159238 0.5715238123988494
990 0.7553855688979924 0.5710858420661877
989.5 0.7554365128710426 0.571171010012696
989 0.755698098033087 0.5715589946449909
988.5 0.7559490369530042 0.5719195976853284
988 0.7553343191525578 0.571000817548434
987.5 0.7556144879327799 0.5714357307379445
987 0.7554699146674795 0.5712059903590764
986.5 0.7552252901926424 0.5708499595189335
986 0.7555224360709408 0.5712971009877974
985.5 0.7555834722913292 0.5713969915620452
985 0.7551906494867144 0.5707842977504837
984.5 0.7554993116566877 0.5712532441080891
984 0.7552772255090855 0.5709234804685411
983.5 0.7557112826794103 0.5715825660242081
983 0.7552635265123341 0.5709129252048126
982.5 0.7553779626688967 0.5710724730048243
982 0.7549912426547921 0.5704761988252994
981.5 0.7553711679256764 0.5710707732710729
981 0.7558288413267575 0.5717593197865891
980.5 0.7555321052657848 0.5713089247455576
980 0.7548938065866406 0.5703433868596179
979.5 0.7551481279168275 0.5707308066821798
979 0.755372944549903 0.5710659140223077
978.5 0.7550359006714453 0.5705568611327054
978 0.7548863530583338 0.5703309432232452
977.5 0.7553924970832187 0.5710996329393645
977 0.7554148629451813 0.5711325850083706
976.5 0.755074998176308 0.5706116299696833
976 0.7555807530843691 0.5713912838967383
975.5 0.7549408390261704 0.570422681284935
975 0.755451705232116 0.5711867452039254
974.5 0.7551688836603617 0.5707709021619419
974 0.7553009915785189 0.5709578099196553
973.5 0.7550000872416597 0.5704982117710872
973 0.7549124186014659 0.570375406418221
972.5 0.754865776804285 0.5702980818598145
972 0.7550965825647578 0.5706535751309632
971.5 0.7549611376268842 0.5704516548270193
971 0.7545446328389734 0.5698272067984651
970.5 0.7553977716139308 0.5710922312135843
970 0.7550201951288149 0.5705306392593477
969.5 0.754947397767799 0.5704124490316422
969 0.7546659811126312 0.5699972714424041
968.5 0.7549157431617584 0.5703621510845726
968 0.7547192183126408 0.5700906809827965
967.5 0.7550720709377363 0.5706188204147462
967 0.7548832096750083 0.57033603139836
966.5 0.7552310893145185 0.5708587063518578
966 0.7550587277068973 0.5705892849902038
965.5 0.7548750117465713 0.5703190134072407
965 0.7552502818555531 0.5708956904165453
964.5 0.7551019702082689 0.5706484635587143
964 0.7551723967850497 0.570770837734729
963.5 0.754797591430145 0.5702001015426788
963 0.7548588301028893 0.570301788811308
962.5 0.7548180804628423 0.5702334875354845
962 0.7552303527524081 0.5708522605674826
961.5 0.7546499918640617 0.5699820732137585
961 0.7550722568941907 0.5706153276197456
960.5 0.7548284486587576 0.5702478220879824
960 0.7549378744502265 0.5704155323380007
959.5 0.7545430723574433 0.5698140434970491
959 0.755106371893873 0.57067344600995
958.5 0.754392823974704 0.5695856203545713
958 0.7540263538637515 0.569043718090106
957.5 0.7543664338895479 0.5695349677945569
957 0.7546142317530968 0.5699234886970586
956.5 0.7548514083828316 0.570280373020374
956 0.7541228526819266 0.5691874164426829
955.5 0.7548188500998932 0.5702372612230787
955 0.754862543353595 0.5702907018664005
954.5 0.7546319345937221 0.5699605745576005
954 0.7545155440266977 0.5697673024197197
953.5 0.7544839411419519 0.5697191753833993
953 0.7545022441883441 0.5697434328094342
952.5 0.754920519141241 0.570384412428234
952 0.7545260161120287 0.5698002735312532
951.5 0.7543766190975637 0.5695633207299357
951 0.7546940193711482 0.5700436302279602
950.5 0.7544472120366892 0.5696732094792039
950 0.7538682056080767 0.5688187323057828
949.5 0.754418007295879 0.5696384881110639
949 0.754491650741982 0.5697403050948545
948.5 0.7544864808905483 0.5697271893933968
948 0.7545150736103052 0.5697765532601518
947.5 0.753893564036586 0.5688327176661355
947 0.7545546903651433 0.5698139457592525
946.5 0.7548914372595842 0.5703452795920724
946 0.7540852974311129 0.5691238425743496
945.5 0.7545207056090047 0.5697804039031081
945 0.7540962510375374 0.5691509553750403
944.5 0.7543582572136539 0.569532399341392
944 0.7547180523225594 0.5700845996927535
943.5 0.7538568836644381 0.5687929698700768
943 0.7549137190360228 0.5703787345933766
942.5 0.7541900197513913 0.5692835857464141
942 0.7545429516922517 0.5698116484283274
941.5 0.7549043870173341 0.5703600915171605
941 0.7541500481091646 0.5692251993818513
940.5 0.7544491557183827 0.5696825230318517
940 0.7542270808360184 0.5693380240553629
939.5 0.7542736345908196 0.5694098603704391
939 0.7543160204997328 0.5694832904859654
938.5 0.7546283300221162 0.5699458640991615
938 0.7541223386556037 0.5691753242432004
937.5 0.7540449183141484 0.5690667457063534
937 0.7542738808514617 0.569410532362495
936.5 0.7544498941070238 0.5696784157129987
936 0.7545161156960183 0.569767425074465
935.5 0.7539566802748172 0.5689283710913766
935 0.7534617997872172 0.5682078744650693
934.5 0.7543477968075877 0.5695206765479714
934 0.7535482897574662 0.568317927921394
933.5 0.7537057918366906 0.5685551213217536
933 0.7539066825877028 0.568847574314043
932.5 0.7541420030868417 0.5692034267866084
932 0.7541240122433337 0.5691828576260592
931.5 0.7535949911180414 0.5683844156176423
931 0.7538151269691097 0.5687292644506934
930.5 0.7538523838948086 0.5687641456827673
930 0.7540917986068069 0.569152384588341
929.5 0.7541814873800551 0.5692817857771132
929 0.7536339936297185 0.56844649244602
928.5 0.7542647805881246 0.5693984480127634
928 0.7539345182542426 0.5688976610322208
927.5 0.7537799059964757 0.568667484825946
927 0.7538617611868944 0.5687660519276345
926.5 0.7541018084584437 0.5691461035625981
926 0.7541002465731416 0.5691529943700478
925.5 0.7538662842823171 0.5687949633342446
925 0.7540300850276102 0.5690427698523343
924.5 0.7538770822078085 0.5688110130695008
924 0.7546264455101399 0.5699473849424723
923.5 0.754235400023649 0.5693440113932838
923 0.753833769031043 0.5687570076137852
922.5 0.7541430009047203 0.5692225376541472
922 0.7537140781216024 0.5685680471410629
921.5 0.7535877523399758 0.5683750911950946
921 0.7538782118548502 0.5688020734942605
920.5 0.7533655496579803 0.5680425866830542
920 0.7532623815824306 0.5678929202682428
919.5 0.7536302223472546 0.5684327863932164
919 0.7535885811686619 0.5683783154392839
918.5 0.7541733866947776 0.5692605714825677
918 0.7537580275644474 0.5686244006740968
917.5 0.7535488319181952 0.5683251416697961
917 0.7539720934451636 0.5689460004059824
916.5 0.7541589028477799 0.5692399801392717
916 0.753629672687725 0.5684455525536891
915.5 0.753898342969536 0.5688300055947997
915 0.753816738854025 0.5687204962981569
914.5 0.753947778327881 0.5689238969533813
914 0.7532902097988948 0.5679183628858911
913.5 0.7534897212716296 0.5682302893569645
913 0.7538441777037036 0.5687808176738669
912.5 0.7531697525553722 0.5677494795415974
912 0.7536806369755256 0.5685223356852754
911.5 0.7535479343904842 0.5683196346055593
911 0.753495905133113 0.5682340064986917
910.5 0.7533898944572149 0.568080716576046
910 0.7533449150854411 0.5680097199193431
909.5 0.7538250492552206 0.5687332693098844
909 0.7536129057933815 0.5684205070787167
908.5 0.7531318859499898 0.5676980641581784
908 0.753694241722687 0.5685517068916324
907.5 0.7536209234898152 0.5684255323026567
907 0.7538818996552119 0.5688168728767615
906.5 0.7531075789182614 0.5676595050332962
906 0.7531423774084273 0.5677170438051017
905.5 0.7534054958827362 0.568108522494984
905 0.7536983373103339 0.5685612418229411
904.5 0.753014050532887 0.5675080586799833
904 0.7532541192625425 0.5678728584666696
903.5 0.7531534092365602 0.5677311011508013
903 0.7534469563377562 0.5681726060694369
902.5 0.753413918456441 0.5681239118859955
902 0.7535373648850723 0.5682984155540819
901.5 0.753355779966763 0.5680346250249791
901 0.7532287695829196 0.5678376992072063
900.5 0.7533586614745996 0.5680277905867912
900 0.7528266246112202 0.5672217168540201
899.5 0.7527522212203271 0.5671285198956235
899 0.7533695012968246 0.5680353921155251
898.5 0.7533079618622675 0.5679532121358988
898 0.7534779350176443 0.5682161168897393
897.5 0.7528476449932732 0.5672664013126273
897 0.7529684737713391 0.5674348868547654
896.5 0.7529257074040393 0.5673860893102312
896 0.7527263019311629 0.5670899470115978
895.5 0.7529106112422729 0.5673562170817743
895 0.7529994264522758 0.5674848552365814
894.5 0.7529135041162208 0.5673674837788256
894 0.7527354655855727 0.5670830484858469
893.5 0.7530172544637479 0.5675213989228582
893 0.7529344213645683 0.5673961417967032
892.5 0.753243404046772 0.5678617477172234
892 0.7528682683181918 0.5672914603481461
891.5 0.7530970676534081 0.5676507192492556
891 0.7527624181116357 0.567131781386795
890.5 0.7527105941127876 0.5670505443511852
890 0.7526795226214217 0.5670072268159323
889.5 0.7530470554860538 0.5675749465259602
889 0.752341806561165 0.5665052919925662
888.5 0.7527878886756695 0.5671744389796554
888 0.7527782705844211 0.567162527407093
887.5 0.7524036574190335 0.5666029559916108
887 0.7527630487602812 0.5671271552153359
886.5 0.7533970869728198 0.5680975491991557
886 0.7526124569008724 0.5668868028531159
885.5 0.7530213541667209 0.5675213715471512
885 0.7530986392602894 0.5676465163683603
884.5 0.7526183180299615 0.5669191615805277
884 0.7530963552334516 0.5676319532986435
883.5 0.7528248885710289 0.567224248365416
883 0.7524034169990502 0.5665978846686678
882.5 0.7526459552281496 0.5669502198456333
882 0.7521740223190903 0.5662359536450537
881.5 0.7525125904028312 0.5667422975151968
881 0.7521290015089023 0.5661849167981884
880.5 0.7523099348040211 0.5664565503429175
880 0.7525021138034241 0.5667364112298642
879.5 0.7522034692010132 0.5662950195547926
879 0.7528522424313522 0.5672555464902712
878.5 0.7528809478927486 0.5673137365989525
878 0.7521659049079538 0.5662361148100507
877.5 0.7528216916988337 0.5672345082061963
877 0.7525287519511358 0.5667894125441355
876.5 0.7524204907228232 0.5666094781020621
876 0.7522989465470405 0.5664522215906468
875.5 0.7524547991752888 0.5666594351256555
875 0.7525513632514683 0.5668108273084962
874.5 0.7523822579347169 0.5665630955577845
874 0.7518213425860771 0.5657287669361585
873.5 0.7527191352358112 0.5670780746159247
873 0.7527696979690024 0.5671511196211598
872.5 0.7522897501545713 0.5664296838592813
872 0.7520968097387601 0.5661285092649151
871.5 0.7522394889236608 0.5663482621413563
871 0.7523034121251865 0.5664466300061314
870.5 0.7519982147433694 0.5659872353752946
870 0.7523450383398553 0.5665050847572708
869.5 0.7519605132761483 0.5659402997107726
869 0.7519372591764936 0.5658939921369767
868.5 0.7518929772979561 0.5658308680176505
868 0.7524827079077332 0.5667052251118492
867.5 0.7523251714018678 0.5664726177393509
867 0.7524581027201807 0.566665860072207
866.5 0.7525411694966719 0.566801240385361
866 0.7518175527747357 0.5657130733516978
865.5 0.7518828273560826 0.5658167623847097
865 0.7519362032556872 0.5658935513571474
864.5 0.751893246729644 0.5658169354796776
864 0.7521849416851132 0.5662769545416767
863.5 0.7522917895899769 0.5664216828337888
863 0.751793491535723 0.5656782000293774
862.5 0.7520019296224426 0.5659891742458564
862 0.7519709673972709 0.5659386671240464
861.5 0.7518138769261666 0.565703414532155
861 0.7516312988651378 0.5654350357799147
860.5 0.7516009540816398 0.5653934132673353
860 0.7518732615991437 0.5657946130296987
859.5 0.7514691722704628 0.5651837024490178
859 0.7517583517300717 0.5656286378506111
858.5 0.7519467190000069 0.5659142004983664
858 0.7521737652918373 0.5662564207032209
857.5 0.7513378096365061 0.5650007622408701
857 0.7515732268461177 0.5653544718698547
856.5 0.7520318776584926 0.5660324224249035
856 0.752461382721037 0.5666771393255867
855.5 0.7516415774350834 0.5654471086937276
855 0.7515893761929541 0.5653711490427971
854.5 0.7516627375065943 0.5654797927022095
854 0.7514304214684298 0.5651383135062275
853.5 0.7510341914456543 0.5645425949575152
853 0.7516440256669618 0.5654577712991332
852.5 0.7515698334551562 0.5653393574713093
852 0.7514154124816301 0.5651122656981622
851.5 0.7513889395309652 0.5650766084660293
851 0.7514857996708849 0.5652203007409681
850.5 0.7517198348816484 0.5655738793344511
850 0.7515150786138833 0.5652626819649775
849.5 0.7512944550881391 0.5649373536347426
849 0.7514963918969422 0.5652288837210402
848.5 0.7515295751485116 0.5652940823847755
848 0.7513508660815127 0.5650118557321038
847.5 0.7515490193438215 0.5653091011621706
847 0.7514575373103297 0.5651780262546819
846.5 0.7518252386076522 0.5657312986916251
846 0.751644045314962 0.5654489562259838
845.5 0.7520050216872678 0.5659826967276497
845 0.7516181279888254 0.5654305479875944
844.5 0.7514274428079701 0.5651275369032481
844 0.7512975803265264 0.5649353838791293
843.5 0.7514298177119899 0.5651325800094462
843 0.751250490120317 0.5648608122889939
842.5 0.7514090245243809 0.5651025994438177
842 0.7510159539931094 0.5645032925915676
841.5 0.7511344288119834 0.5646906812762476
841 0.7513469785444664 0.5649959994753999
840.5 0.7512197540526123 0.5648225301194368
840 0.7511759235445455 0.5647434176747398
839.5 0.7505427741566495 0.5638061028504086
839 0.7509356919375809 0.5643873530689697
838.5 0.7514254799818624 0.5651227461220126
838 0.7510525179547654 0.5645726718804274
837.5 0.7510676919933563 0.564582869419243
837 0.7518297519551995 0.5657320107670163
836.5 0.7513280280794874 0.5649759091476187
836 0.7511573049735955 0.5647219499301712
835.5 0.7508661454069313 0.5642893486151797
835 0.7512027719412655 0.564806752163408
834.5 0.7505047205142393 0.5637470700480514
834 0.7511461983859834 0.5646907650835027
833.5 0.7508220326235667 0.5642168835443294
833 0.7504268353050889 0.5636198792980829
832.5 0.7507750285088375 0.5641468639308311
832 0.7509725101210241 0.5644641068005296
831.5 0.7505039267340414 0.563739939883474
831 0.7511783762672429 0.5647470244113014
830.5 0.7508748844891568 0.5642901075792263
830 0.750731750591854 0.564084026168993
829.5 0.7502646386364343 0.563394613174055
829 0.7507843067351077 0.5641596134317667
828.5 0.7509698366710057 0.5644388928530065
828 0.7507680068839958 0.5641393432906375
827.5 0.750809631797118 0.5641970189603726
827 0.7508521079094785 0.5642608835141992
826.5 0.7502682988234108 0.5633875619312172
826 0.750018804609674 0.5629976870149633
825.5 0.7504324428898447 0.5636238291612784
825 0.7509531315129248 0.5644089002192674
824.5 0.7510483896706944 0.5645607340495246
824 0.7499797354876614 0.5629678814752674
823.5 0.7509645367218323 0.56443820443144
823 0.750427553588383 0.5636321028581082
822.5 0.7510981639188308 0.5646341390289458
822 0.7505532679377106 0.5638308027423454
821.5 0.7503465312191917 0.5635150073130842
821 0.7505110422317636 0.5637637488965772
820.5 0.750570595768671 0.5638535246935497
820 0.7507291387942576 0.5640840779539549
819.5 0.7505113458130753 0.5637495960681549
819 0.7505264754454427 0.5637666643941712
818.5 0.7499283834900667 0.5628853818978974
818 0.7500920290697612 0.563123470873527
817.5 0.7500884189058498 0.56311606497521
817 0.749768317455374 0.5626451948867541
816.5 0.7507193479517471 0.5640621823571417
816 0.7506296268037437 0.5639369039184745
815.5 0.7504490637600052 0.5636631208180654
815 0.7504141585374845 0.563620378811116
814.5 0.7504069411000864 0.5635932783896133
814 0.750254836697741 0.5633734301160971
813.5 0.7499573404679953 0.5629279670406705
813 0.7508583596877392 0.5642782945162006
812.5 0.7503121959798087 0.5634527119115731
812 0.750260737732865 0.5633731328485301
811.5 0.750171970948957 0.5632504445602815
811 0.7496862776623855 0.5625241821100062
810.5 0.7501591702718731 0.5632300005260282
810 0.7502510984768296 0.5633462449661365
809.5 0.7503365042405918 0.5634886120195206
809 0.7500421264924876 0.5630388413596807
808.5 0.7499514651739242 0.562904048291376
808 0.7497891323563187 0.5626661032499213
807.5 0.7501698996078623 0.5632502289436394
807 0.7501442307020529 0.5632116578454149
806.5 0.7499054229468572 0.5628526195961999
806 0.7501713676315832 0.5632435732443587
805.5 0.7499800303293216 0.5629574253533078
805 0.7495552517196563 0.5623259487499049
804.5 0.7498122861613526 0.5627049918658329
804 0.7501797465808635 0.5632610117233228
803.5 0.7499739928165893 0.5629538770272968
803 0.7503893153248322 0.5635672345434342
802.5 0.7498450857029442 0.56276979247218
802 0.7497688145369747 0.5626262911419844
801.5 0.749974734010293 0.5629623193810549
801 0.7493611874188402 0.5620333436158432
800.5 0.7491724278767947 0.561751562951742
800 0.7495182121432216 0.5622585267640182
799.5 0.7498117751119194 0.5627036332709158
799 0.7495380297821712 0.5622958751793111
798.5 0.7494607507018386 0.5621702341920161
798 0.7493629261271975 0.5620364864431157
797.5 0.7492629014735558 0.5618880488592268
797 0.7497281604435385 0.5625805280934998
796.5 0.749260789347408 0.5618807117092991
796 0.7494007499651504 0.5620987777703459
795.5 0.7493816832361453 0.5620639316531392
795 0.7494687542018227 0.562191886681253
794.5 0.7494063538396033 0.5620911981548417
794 0.7500888823260067 0.5631230649184608
793.5 0.7496148634178955 0.5624030610006383
793 0.7492800986101595 0.5619109501361012
792.5 0.7494362857068835 0.5621388964623747
792 0.7492516728901576 0.5618691763923873
791.5 0.7494925302451806 0.5622319539171986
791 0.7496930148226011 0.5625250313653715
790.5 0.7488146143222445 0.5612132591462797
790 0.7491556661014215 0.5617271423395097
789.5 0.7489998459703331 0.5614884048703846
789 0.7493912539265444 0.5620771729902605
788.5 0.7489449375851566 0.5614198103064104
788 0.7490471890244006 0.5615661323934541
787.5 0.7488680657477123 0.5612959598185351
787 0.7489016534396864 0.5613393646999614
786.5 0.7491842304373451 0.5617690898336168
786 0.7497880173556958 0.5626684935624169
785.5 0.7496609355209498 0.5624842544748859
785 0.7492595099051675 0.5618703526650654
784.5 0.7494136237391199 0.5621121775496629
784 0.7488374722467952 0.5612590845890096
783.5 0.7494978164902739 0.5622268604477297
783 0.7488878684968358 0.5613220406196853
782.5 0.748974649325201 0.5614506510978561
782 0.7489748128824445 0.561445346710779
781.5 0.749001564344843 0.5614889170549745
781 0.748705461337498 0.5610517627123968
780.5 0.7497238771372841 0.5625819532194584
780 0.7484938719134572 0.5607296057538476
779.5 0.7487362660682599 0.5610892322255674
779 0.7488164084894924 0.5611934843311321
778.5 0.748630187712906 0.5609287764593066
778 0.7490048698175138 0.5614971901472872
777.5 0.7489203039752294 0.5613777118041677
777 0.748639309601552 0.5609586617710411
776.5 0.7488018109167386 0.5611931952845314
776 0.7491351988274284 0.5616993394686
775.5 0.7488791093969894 0.5613047270614471
775 0.7483940513865311 0.5605778068488267
774.5 0.749821656861151 0.5627237563619851
774 0.7485675670934457 0.5608480162024919
773.5 0.7495143832883909 0.5622570688445443
773 0.7486865087742853 0.561013114254059
772.5 0.7489728803445029 0.5614411958369098
772 0.7488711548520924 0.561289527463633
771.5 0.7485592633187498 0.5608436181547164
771 0.748324449448624 0.5604856532459572
770.5 0.7490050925514867 0.5615000112356533
770 0.7490409883666792 0.5615582141828431
769.5 0.7486401657650771 0.5609708518586757
769 0.7481933252390783 0.5602826278947096
768.5 0.7488116307344795 0.5612111196149051
768 0.7479490576695571 0.5599189721349901
767.5 0.7484820724860429 0.5607076597290991
767 0.748179661627957 0.5602535705504509
766.5 0.7482759318985475 0.5604142384558859
766 0.7477577236658229 0.5596371137003014
765.5 0.7487338066494426 0.5610847849846597
765 0.7480182211591023 0.5600166472782676
764.5 0.7483754790495423 0.5605556406062763
764 0.7483949889026738 0.5605708770551379
763.5 0.7479996740293464 0.5600029443099122
763 0.7487159648051572 0.5610641281456351
762.5 0.7481578442811576 0.560224178554934
762 0.7482863686003762 0.5604143632024686
761.5 0.7479509052458304 0.5599163184980723
761 0.7479346245160958 0.5598814590332113
760.5 0.7485244514272118 0.5607776666190191
760 0.7482710767581812 0.5603905506306052
759.5 0.7483717453083037 0.5605530172695691
759 0.7480746197886103 0.5601069637657755
758.5 0.7479047062007274 0.5598507069432772
758 0.7477792576936844 0.5596563297179665
757.5 0.7479988079601269 0.5599785116585811
757 0.7484761683449234 0.5607054992911271
756.5 0.7487216986892301 0.5610805042071015
756 0.7480697064366026 0.5601034184673169
755.5 0.7481193779115431 0.5601668906252625
755 0.7480428134651 0.5600544784398509
754.5 0.7481878272390539 0.5602629156509873
754 0.7474710236463353 0.5591917644793375
753.5 0.748388914050101 0.5605668399860639
753 0.7478194299188106 0.5597243773949135
752.5 0.7478232177619518 0.5597172740472902
752 0.7479175384316903 0.5598715267387331
751.5 0.7474044286832043 0.5590998560852566
751 0.7475201849432808 0.5592830337048059
750.5 0.7474587322698137 0.5591911441714718
750 0.7476323112479195 0.5594360208767526
749.5 0.7478107353999095 0.5597099914282562
749 0.7476234669113744 0.5594304852767539
748.5 0.7476016616128849 0.5594006326834011
748 0.7476513039002203 0.55947204073065
747.5 0.7472713003132094 0.5589030866137205
747 0.7476518568137246 0.559469494338116
746.5 0.7472861775477625 0.558930752412591
746 0.7475682520871582 0.5593474929146612
745.5 0.7474608054406906 0.5591834064664607
745 0.7473403678050542 0.5590149943573781
744.5 0.7472815409643528 0.5589212332223388
744 0.7475799593661817 0.559368784824049
743.5 0.7474265911776287 0.559147865847342
743 0.7476728131027991 0.5595068720828295
742.5 0.747635110184326 0.5594439686715198
742 0.7469109032164473 0.5583816214350776
741.5 0.7476442753154184 0.5594633788527016
741 0.7471737511829619 0.5587456426468465
740.5 0.7472706220438488 0.558906289109181
740 0.7472687149732182 0.55891532732798
739.5 0.7475792138296955 0.5593596897578221
739 0.747613737402053 0.559423512927516
738.5 0.747620680272987 0.5594156984583804
738 0.7472156766198504 0.5588252833078067
737.5 0.7476415146782673 0.5594704262031065
737 0.7466798820943203 0.5580156427962853
736.5 0.7470097800975494 0.5585114021358956
736 0.7470519185785088 0.5585798950819322
735.5 0.7470371618773136 0.5585539217335889
735 0.7468480194207504 0.5582736576736512
734.5 0.746903546652241 0.5583583750961476
734 0.7470621809047404 0.558588470545977
733.5 0.7464100759379847 0.5576156055506458
733 0.7469272885646264 0.5583821012456112
732.5 0.7473114138971596 0.5589743679619944
732 0.7466392048541705 0.5579514958025322
731.5 0.7465343117061694 0.557808490797781
731 0.7465172020431179 0.5577758100199498
730.5 0.7469029870310305 0.558350964482349
730 0.7464547552811354 0.5576871773680808
729.5 0.7467366216021213 0.5581109073668038
729 0.7468500258313686 0.5582782611686149
728.5 0.7467843055604796 0.5581763864310139
728 0.7468281121087362 0.5582334569929258
727.5 0.7465650910024609 0.5578407528915499
727 0.7465161133164541 0.5577779644456572
726.5 0.7470570470119821 0.5585750440552851
726 0.7470453480805967 0.5585741940372094
725.5 0.7466918634170384 0.5580424185886873
725 0.7464638410650278 0.5576937348487331
724.5 0.7464923878027998 0.5577602888191987
724 0.7465552806210978 0.5578365049262498
723.5 0.7465921554578862 0.5578952035544048
723 0.7466294040278411 0.5579571556750039
722.5 0.7463914742185384 0.5576007687898984
722 0.7462088734305385 0.5573098391737001
721.5 0.7463178751625991 0.5574813550672191
721 0.7459627555731148 0.5569552371188536
720.5 0.7461292187099036 0.55719427929651
720 0.746442587934116 0.5576692732934727
719.5 0.745881419377672 0.556833205502182
719 0.7462130302060854 0.5573300499586492
718.5 0.7463058184760258 0.5574538039690373
718 0.7461226058479979 0.5571925105243566
717.5 0.7463406430720451 0.5575227863035114
717 0.7457801969974053 0.5566722111430543
716.5 0.7461332592271018 0.5571953902131662
716 0.7465549409913481 0.557852727627553
715.5 0.74632097879764 0.5574796164250381
715 0.7464007504576387 0.5576046355845298
714.5 0.7458951539048239 0.556853537253649
714 0.7459467112988475 0.5569294901035573
713.5 0.7456726028431813 0.556516229025752
713 0.7456590302717744 0.5564913119985381
712.5 0.7459078430235307 0.5568666209524187
712 0.7459806913580711 0.5569699245878657
711.5 0.7459247013915741 0.5568806581403013
711 0.7455874003297568 0.5563999695871549
710.5 0.746156451414297 0.5572363761726731
710 0.7459454999640275 0.5569361613101776
709.5 0.7457735959910181 0.5566805138103059
709 0.7459756157570467 0.5569722901630269
708.5 0.7455086772289418 0.5562885187413596
708 0.7458398532625427 0.5567638002436507
707.5 0.7456828966265574 0.5565365447962727
707 0.7459551746530596 0.5569467009148198
706.5 0.7458495127362221 0.5567873098171748
706 0.7453414979879034 0.5560265482302409
705.5 0.7454405171314246 0.5561643209488537
705 0.7457817099490173 0.5566814944091294
704.5 0.7455518395877777 0.5563390274612084
704 0.745838899209247 0.5567554408480975
703.5 0.7454866907158832 0.5562536821632315
703 0.7460071534538548 0.5570136892243098
702.5 0.7455310247781678 0.556311026093885
702 0.74589098431804 0.5568573928265765
701.5 0.7453728751657207 0.5560709502830558
701 0.7454509013960734 0.5561836382179679
700.5 0.7451807045228385 0.5557901608863828
700 0.7455933366429616 0.5564004763868117
699.5 0.7457908953229292 0.5566892226651544
699 0.7454102554387221 0.5561227120462471
698.5 0.745572944320837 0.5563678808666385
698 0.7455166079460813 0.5562825235294839
697.5 0.7447670554045869 0.5551851497542484
697 0.7451262910742281 0.5557027146325361
696.5 0.7452181589232126 0.5558417733028858
696 0.7452237244965434 0.5558541317885352
695.5 0.7456166949499333 0.5564344500850809
695 0.7442321765604588 0.5543770801606639
694.5 0.7453610087477976 0.5560559929717996
694 0.7451568703692916 0.5557311843791748
693.5 0.7454001481262171 0.556112312594698
693 0.7450618914288312 0.555613549232276
692.5 0.7453693592416162 0.5560594280865232
692 0.7445002198434589 0.5547722141837803
691.5 0.744919926586839 0.5554008640832977
691 0.7448480812408498 0.5552849597951521
690.5 0.7446490970188947 0.5549930873065584
690 0.7449842699289589 0.5554932535697387
689.5 0.7449801382233657 0.5554803920755639
689 0.7447922543268843 0.5551914411085421
688.5 0.7446977964998721 0.5550609976926352
688 0.7446569595253053 0.5550129525070806
687.5 0.7450978049368322 0.5556625823428025
687 0.7449726535411868 0.5554844683321285
686.5 0.7442197020575867 0.5543645940545563
686 0.7444304034991412 0.5546641902876186
685.5 0.7450558151103166 0.5556059333697243
685 0.7445669923969361 0.554850104072393
684.5 0.7439382258309306 0.5539429823616185
684 0.7445533800793173 0.554859254497887
683.5 0.7445355670404242 0.5548265614141671
683 0.7443066148186797 0.5544812191746472
682.5 0.7447165216138911 0.5550889296830551
682 0.7440778152354531 0.5541262261462262
681.5 0.744539565222657 0.554840960151024
681 0.743990035775177 0.5540228261266595
680.5 0.7442111204513957 0.5543500738165279
680 0.7443759616158615 0.5545834413701294
679.5 0.7443206811582225 0.5545143122334018
679 0.7440273140766002 0.554078379192448
678.5 0.7441100421274138 0.5541849278800233
678 0.7440135492537227 0.5540494666171238
677.5 0.7447293148856695 0.5551013314832596
677 0.7438694390668774 0.5538305283796949
676.5 0.7441196273952543 0.5542161560919854
676 0.7440106504438994 0.5540449320076741
675.5 0.7440402797811196 0.5540946468143926
675 0.7443507281302825 0.5545548116065847
674.5 0.7440812276097579 0.5541498758616987
674 0.7439147453317361 0.5539040685948932
673.5 0.7441507217977728 0.5542559188182222
673 0.744323451998139 0.5545109497938077
672.5 0.7437277139239036 0.553631122430623
672 0.7442378218363008 0.5543784782239416
671.5 0.743957887190788 0.5539753685434662
671 0.7439967828360652 0.5540282168045121
670.5 0.7432184808835476 0.5528575833900229
670 0.7433927874249237 0.5531192760889041
669.5 0.7438887486775665 0.5538511479242976
669 0.7437346795813317 0.5536404726780445
668.5 0.7434088887148407 0.5531636617572521
668 0.7437810162148684 0.553709380845942
667.5 0.7438579426465664 0.553817987658946
667 0.7437649843672539 0.553681964274219
666.5 0.7438607685853391 0.5538187388582252
666 0.7434348953148453 0.5531949862469435
665.5 0.7436312337906187 0.5534793931825047
665 0.7433173278296688 0.5530156257117466
664.5 0.7439616832771686 0.5539628084669135
664 0.743537853063546 0.5533458871338378
663.5 0.742941942600348 0.5524697854961722
663 0.7431722161865126 0.5528071626476071
662.5 0.743236733792621 0.5528924120594273
662 0.7440206874116456 0.5540573049647767
661.5 0.7426330782722719 0.5520009491470269
661 0.743685390794307 0.5535659992847694
660.5 0.7436983121537803 0.5535758131199318
660 0.7437354992246153 0.5536278444511765
659.5 0.7429928959438201 0.5525447097012028
659 0.7434180252781253 0.5531844155552597
658.5 0.742698303724161 0.5520919688545303
658 0.7433858386684591 0.5531212545231108
657.5 0.7429759488768977 0.5524958431571924
657 0.7431150466686292 0.552718399547054
656.5 0.7434003769148722 0.5531389063696639
656 0.7429548055553911 0.552479632546648
655.5 0.7428218969754913 0.552282412169611
655 0.7429764421301437 0.5525064629952705
654.5 0.7430021513901974 0.5525478551111681
654 0.7432206991109316 0.5528812973883438
653.5 0.7428023093093302 0.5522499096730061
653 0.7428224140835875 0.5522815221873203
652.5 0.7424188664599186 0.5516827865580756
652 0.7427040635805872 0.5521160677088777
651.5 0.7427344923240462 0.5521542640015326
651 0.7423024488953961 0.551514459653995
650.5 0.7431021438334365 0.5526953859271471
650 0.742843092104687 0.5523232747020573
649.5 0.7431022658634987 0.5526773132888194
649 0.7422154128063557 0.5513866377604159
648.5 0.7426163071182228 0.5519670823606291
648 0.7420805102214565 0.551185300666723
647.5 0.7428063998700579 0.552264053656433
647 0.7423950095943588 0.551651024466415
646.5 0.7426620857354508 0.5520526882414554
646 0.7424212436155164 0.5516781374503471
645.5 0.7426011956108045 0.5519496411847264
645 0.7421969905220757 0.5513541690793459
644.5 0.7423885249578787 0.5516417565630843
644 0.7422766157517509 0.5514704542705335
643.5 0.7421519316564608 0.5512799503458592
643 0.7422362090829491 0.5514048884779963
642.5 0.7423263178055141 0.5515464214576266
642 0.74218026203515 0.5513374969831656
641.5 0.7421518518814738 0.5512855910290714
641 0.7416837858561188 0.5505884986217486
640.5 0.7423468024738629 0.5515789305558854
640 0.7418173330360898 0.5507799863063353
639.5 0.741516221544421 0.5503475419863695
639 0.7423844807845016 0.5516306117942673
638.5 0.7418066687883229 0.5507720717580155
638 0.7419453238934596 0.5509817213923851
637.5 0.7419410179113856 0.5509618883907293
637 0.7415638872470526 0.55043212952625
636.5 0.7422982083665199 0.5514942836552231
636 0.7416536348837961 0.5505549828991094
635.5 0.7418429445260807 0.5508355671773809
635 0.741565116619319 0.5504063652753343
634.5 0.7415403910012122 0.5503748950626342
634 0.742067545323092 0.5511539326607849
633.5 0.7417764356649688 0.5507327321301739
633 0.7420455035070944 0.5511277549381237
632.5 0.7409232093142754 0.5494600931872592
632 0.7417255299462268 0.5506585695684612
631.5 0.7418592888560354 0.5508634687225367
631 0.7415157715132401 0.5503406839429871
630.5 0.7413899945136208 0.5501536897346478
630 0.7415663855738703 0.5504168699814109
629.5 0.7414321792724624 0.550227022277249
629 0.7413771581371813 0.550141091031314
628.5 0.741243724040198 0.5499350299217587
628 0.7412729076634252 0.5499866372619716
627.5 0.7413055935306929 0.5500310857692409
627 0.7413274675484172 0.5500508847707388
626.5 0.7408018430654881 0.5492949342589228
626 0.7411478085493469 0.5498049108878363
625.5 0.7410564930392846 0.5496668555019767
625 0.741216843093177 0.5498982135324096
624.5 0.7408843491369123 0.5494064063692823
624 0.7408511614427777 0.5493739602757882
623.5 0.741243214034916 0.5499297947129623
623 0.7410551926728158 0.5496537471011531
622.5 0.7407992757996034 0.5492831406407264
622 0.7412721303718076 0.5499761067615985
621.5 0.7408048807224017 0.5492855645156384
621 0.740972335548042 0.5495384171092501
620.5 0.741161322952897 0.5498102953114393
620 0.7403406835883761 0.5485980243123647
619.5 0.7412484622843253 0.5499448591805307
619 0.7406649026325798 0.5490771218397194
618.5 0.7405730815067957 0.548958739185069
618 0.7408692839415164 0.5493905697831682
617.5 0.7404169170825146 0.5487323976751741
617 0.7409506206395002 0.5495018867291461
616.5 0.7409149747692131 0.5494384624422388
616 0.7405621968864533 0.5489350201793148
615.5 0.7406535601778648 0.5490683443702925
615 0.7407078528000637 0.5491463930718724
614.5 0.7404971347471491 0.5488387981653239
614 0.7406958603595508 0.5491194318214321
613.5 0.7399560620443888 0.5480381728689026
613 0.7404205234115129 0.5487134335759767
612.5 0.7402342287023586 0.548446222839509
612 0.7405258057466995 0.5488714479250512
611.5 0.7404698600324194 0.5487855683252018
611 0.7398132107314265 0.5478097886878617
610.5 0.7401314597770482 0.5482933993171588
610 0.7403124228923202 0.548563577688138
609.5 0.7399137375652705 0.5479950373121838
609 0.7400636618594525 0.5481927644395511
608.5 0.7400792531424943 0.5482111513099488
608 0.7400791341335341 0.5482049360085653
607.5 0.7402193806044004 0.5484233482086424
607 0.7399931253699691 0.5480744688271046
606.5 0.7394877168348242 0.5473464913729367
606 0.7395072850074326 0.5473767167008355
605.5 0.7398656063020996 0.5479042908424302
605 0.7400777266243045 0.5481934687450779
604.5 0.7401439329246052 0.5483131368929485
604 0.7396217543343426 0.5475389487924812
603.5 0.7396148006609141 0.547521957971969
603 0.7394568093598581 0.5472915615596671
602.5 0.7396560928146246 0.5476007258986023
602 0.7398665628564183 0.547891838840693
601.5 0.7393397880711999 0.5471103547577472
601 0.7393398506864132 0.5471142617503439
600.5 0.7394285131287158 0.5472448474233993
600 0.7391387579794249 0.5468236712885015
599.5 0.7394830677444606 0.5473384563604038
599 0.7390224706581199 0.54664814380742
598.5 0.7394001307833784 0.5472147614341785
598 0.7395175551486388 0.5473839613837886
597.5 0.7392343241053209 0.5469635839607125
597 0.7395891868987046 0.5475045610600211
596.5 0.7393638579706849 0.5471594570449393
596 0.738786858447888 0.5462977101147056
595.5 0.7392576723552143 0.5470057846544286
595 0.7387970988207285 0.5463173592282051
594.5 0.7388676057779089 0.5464299226647789
594 0.7383582305169204 0.545673630065314
593.5 0.7389413968121381 0.5465333623719115
593 0.7384228014763956 0.5457720312781029
592.5 0.7387481696487981 0.5462498937284048
592 0.7384296106458604 0.5457767843684288
591.5 0.7382732108575003 0.5455508805788883
591 0.7386967885563055 0.5461641621650503
590.5 0.738873760022751 0.5464180614194125
590 0.7387942711615265 0.5463039881573793
589.5 0.7384258506559321 0.5457739866036727
589 0.7392300333364221 0.5469554423441666
588.5 0.7384541936393317 0.5458120295230218
588 0.7384023811942553 0.5457465741545372
587.5 0.7386240338260086 0.5460611333448093
587 0.7385132370748737 0.5458862837036853
586.5 0.738696375481687 0.5461713992625195
586 0.738431792300841 0.5457722556204883
585.5 0.7387051204981403 0.5461837639367192
585 0.7386327759309298 0.5460769166881887
584.5 0.7379878072728588 0.5451239525345017
584 0.7380393274800463 0.545194575103031
583.5 0.7376922958609385 0.5446932217431742
583 0.7383260446755513 0.5456360847387356
582.5 0.7379646956060565 0.5450779192491959
582 0.7384664285938642 0.545832619995093
581.5 0.737545236139117 0.5444740274515161
581 0.737748127499779 0.54477350161619
580.5 0.7380068289659881 0.5451564210808952
580 0.7382119370019746 0.5454600732392709
579.5 0.7384763701031518 0.5458398065121524
579 0.7378848354371125 0.5449735766029328
578.5 0.7378802564664618 0.5449760982319107
578 0.738061293913474 0.5452370798468471
577.5 0.7382069731915125 0.5454486972855582
577 0.738696914856454 0.5461732504619199
576.5 0.737601313363747 0.5445666243081899
576 0.7379958162931956 0.5451386479788956
575.5 0.737649448212789 0.5446290971972585
575 0.7376716786606604 0.544665049732359
574.5 0.7375417055572102 0.5444452240313715
574 0.7379112933116727 0.545026192461831
573.5 0.7372983241803381 0.5441058329632104
573 0.7374731221306314 0.5443756739384135
572.5 0.7376907066681405 0.5446945086723685
572 0.7371980392330996 0.5439637868539272
571.5 0.7374576602392326 0.5443356762501829
571 0.737793003919514 0.5448371680396965
570.5 0.7376139826579354 0.544565803613387
570 0.7369882337032967 0.5436675106964648
569.5 0.7370763967074447 0.5437841434130646
569 0.7372444773701015 0.5440176874304447
568.5 0.7367996670510308 0.5433780919645986
568 0.7375430518675029 0.5444671903584343
567.5 0.7374220748223697 0.5442873843251765
567 0.736726033947974 0.5432540546117416
566.5 0.736934284600846 0.5435646711857893
566 0.7369870121300987 0.5436453328843702
565.5 0.7374179700157248 0.5442848732173807
565 0.7368321311618383 0.5434130038583249
564.5 0.7370383811414932 0.5437238726472209
564 0.7367868797388023 0.5433525883412152
563.5 0.7373717913466495 0.5442225984140185
563 0.7362371124748667 0.542548606796448
562.5 0.7365963897580342 0.5430802454091415
562 0.7369984853833192 0.5436631470053237
561.5 0.7363671111190699 0.5427344924247833
561 0.7366038095316387 0.543082143294278
560.5 0.7365246883790972 0.5429769352950562
560 0.736563406614272 0.5430255941944189
559.5 0.7369981238165527 0.5436679531720101
559 0.736555627033421 0.5430068937872152
558.5 0.736099002393547 0.5423398325944616
558 0.7369216032802791 0.5435610464832524
557.5 0.736515991535075 0.5429565196931139
557 0.7363639279684832 0.5427382084187243
556.5 0.7365475341481489 0.5430072773805096
556 0.7366209243848292 0.5431145345142956
555.5 0.7365837042779402 0.5430560390907282
555 0.7358838782570388 0.5420166094925931
554.5 0.736026919017547 0.5422283010168748
554 0.7362548657416471 0.5425672993556273
553.5 0.7363773236010648 0.5427462854711591
553 0.7364812961216437 0.5429008501695471
552.5 0.7360957986196938 0.5423595434085159
552 0.735987847290944 0.5421713682864739
551.5 0.735859478833629 0.5419841175223442
551 0.7357075030559389 0.5417778747373246
550.5 0.7355807202830165 0.5415640537055363
550 0.7353952242708672 0.5413115445277256
549.5 0.7352394897062333 0.5410816920128626
549 0.7357132776770304 0.5417615220472832
548.5 0.7355513985887138 0.5415339499386883
548 0.7355090978640177 0.5414729002945715
547.5 0.7358872137223256 0.5420237711256878
547 0.7352806140987722 0.5411467920666455
546.5 0.7354531281717203 0.5413955197451894
546 0.7351270699714683 0.5409146549473086
545.5 0.7356359478437484 0.5416659837355057
545 0.7348423741730133 0.5405113203943375
544.5 0.735243626655606 0.5410990673888041
544 0.735462090602463 0.5414051135834848
543.5 0.7353060975754121 0.5411809768230892
543 0.734940480720494 0.5406282257083472
542.5 0.7347850475323413 0.5404045205860974
542 0.7354831470809506 0.5414446434779837
541.5 0.7351973175494287 0.5410217842134865
541 0.7348176311365089 0.540459850876799
540.5 0.7346194619984809 0.540170588252385
540 0.7348638936835339 0.5405273888732262
539.5 0.7349523551813977 0.5406412114061743
539 0.7349368476793441 0.5406284348302434
538.5 0.7347960202455293 0.5404291449260409
538 0.7343598438668123 0.5397955933613889
537.5 0.7343930051815332 0.539825766917731
537 0.7348447188427253 0.5405055969160647
536.5 0.7350320628964289 0.5407708356707116
536 0.7350312214002029 0.5407726259409361
535.5 0.734465239170391 0.5399452597429063
535 0.7345501587928966 0.5400703215020377
534.5 0.7337544221185688 0.5388915481976041
534 0.7345941336109989 0.5401269615148633
533.5 0.733959637488262 0.5392017212368753
533 0.7341884623614602 0.5395284672703122
532.5 0.7342301398651035 0.5395908763000101
532 0.7341435148089406 0.5394844257251238
531.5 0.7337339755821265 0.5388536509487039
531 0.7344390849235402 0.5399046307650931
530.5 0.7340277166569811 0.539303724904245
530 0.73408365940951 0.5393909026810182
529.5 0.734773686790555 0.5403925561904886
529 0.7341767446565084 0.5395165902631556
528.5 0.7338834305817875 0.5390912160628577
528 0.7338473308739953 0.539034586999556
527.5 0.7337998633454563 0.5389603931291319
527 0.7340453668775926 0.5393200441240315
526.5 0.7334754071190484 0.538486423877383
526 0.7335585997379315 0.5386101639608357
525.5 0.7335211265085667 0.5385735808548027
525 0.7337457422546559 0.5388797723771331
524.5 0.7332157176833533 0.5381111095126911
524 0.7332109754252402 0.5381027708720701
523.5 0.7332774080074472 0.5381960867003263
523 0.733203808392927 0.5380882127814007
522.5 0.7337807312094179 0.5389308820262065
522 0.7336289383418239 0.5387072654922798
521.5 0.7332717048323019 0.5381961314468314
521 0.7330539618190044 0.5378782073558006
520.5 0.7328700080156271 0.5376000608001678
520 0.7329639777387983 0.5377427970249746
519.5 0.7330077121927719 0.537800268240605
519 0.7324214284098408 0.5369511800844897
518.5 0.7330694004145345 0.5378933699805176
518 0.7332376443963863 0.5381379047471465
517.5 0.7326542741347654 0.5372922579650452
517 0.7331087589995963 0.5379595102061927
516.5 0.732922100300425 0.5376886612254749
516 0.7323984182938291 0.5369140153982839
515.5 0.73252758765232 0.5371024893721315
515 0.7323830518148099 0.5368865387212154
514.5 0.7325349763918884 0.5371078235622799
514 0.7320741963703448 0.5364437034856114
513.5 0.7319931451638884 0.5363165925642628
513 0.7324694460529645 0.5370107881564586
512.5 0.7326921463583806 0.537343647138214
512 0.7322006447970006 0.5366191796783872
511.5 0.7321365884438547 0.5365330260761311
511 0.7324781630713597 0.5370358277101891
510.5 0.7326430902591147 0.5372729502471922
510 0.7319959868613023 0.5363283550197968
509.5 0.7321626237544844 0.5365664223932074
509 0.7324303317137368 0.5369643241417825
508.5 0.7317278029732397 0.5359350595385136
508 0.7321990653408812 0.5366258907817438
507.5 0.7320672446130029 0.5364393755303323
507 0.7317957243581095 0.5360450936520889
506.5 0.7318183839552914 0.5360615028425437
506 0.7315161133681136 0.5356224563140516
505.5 0.7318654931861002 0.5361333848548274
505 0.7318677353447884 0.5361481040535054
504.5 0.731339628584867 0.5353725619975904
504 0.7317402323218695 0.5359380660916383
503.5 0.7315204972284614 0.5356260633587906
503 0.7310495753095495 0.5349398818555751
502.5 0.7316451178323763 0.535800106701803
502 0.7309564576164639 0.5347995670681776
501.5 0.731449912658357 0.5355301479354617
501 0.7309076069846233 0.5347475233954119
500.5 0.730896945925552 0.5347093846498302
500 0.7308007992768821 0.5345753450071781
499.5 0.7308559494038913 0.5346581368040043
499 0.7310737705391794 0.5349787464929135
498.5 0.7310128885828471 0.5348896072608064
498 0.7309893941949844 0.5348465743912375
497.5 0.7305454996928684 0.5341951954397034
497 0.7311045733288731 0.53503632069721
496.5 0.7310368028147873 0.5349278927961896
496 0.7310207102278129 0.5349095087953336
495.5 0.7303718512120901 0.5339478116733085
495 0.730750674745161 0.5345002286552287
494.5 0.7307007928530336 0.5344273606220309
494 0.730702518570704 0.5344271721728702
493.5 0.730953221254174 0.5347942337749979
493 0.7304562699823821 0.5340698159932624
492.5 0.7303975869830793 0.5340025914573769
492 0.7308434816665663 0.5346365514607235
491.5 0.7300906982028306 0.5335389106576661
491 0.7306498194891753 0.5343565313474233
490.5 0.7301614286625994 0.533627631785687
490 0.7305785524392738 0.5342442830397749
489.5 0.7305408401319433 0.5342008609647038
489 0.7302229228217163 0.5337254730709143
488.5 0.7299158702516387 0.5332786881680535
488 0.7298060193759446 0.5331246829462348
487.5 0.7295426657520764 0.5327449802361315
487 0.7296340318308959 0.5328732336747641
486.5 0.7295347160579616 0.5327216467197821
486 0.7298667909754686 0.5332186831769248
485.5 0.7297491250402122 0.5330445707364571
485 0.7295098997985107 0.5326882663206192
484.5 0.7290759005408372 0.5320553617304363
484 0.7294019854304256 0.5325269311312102
483.5 0.7293719784689173 0.5324908273859073
483 0.7288575136373464 0.531748457189668
482.5 0.7293051503091754 0.5323918541448103
482 0.7289571010207855 0.5318767700710847
481.5 0.7290663491059958 0.5320552637534133
481 0.7290866847486974 0.532082928063638
480.5 0.729000714056149 0.53195675697318
480 0.7297608966863307 0.5330665939328617
479.5 0.7292129509573312 0.5322689225496454
479 0.7285327963352134 0.5312641410523016
478.5 0.7288529758227865 0.531739239157795
478 0.7285885182745031 0.5313377293894093
477.5 0.7291791283101043 0.532214492993044
477 0.7284699632126214 0.5311841845690354
476.5 0.7285387664173716 0.5312805112086572
476 0.7285716174234453 0.5313212668703859
475.5 0.7286968295297772 0.5315077573446665
475 0.7286810652271897 0.5314844165401905
474.5 0.7281910326911936 0.5307563886879445
474 0.7283454890619753 0.5310026198005452
473.5 0.7280574713793891 0.5305779787407457
473 0.7282987932689471 0.5309433094629433
472.5 0.7283072760159521 0.5309393175704894
472 0.7276395137391619 0.5299560267316926
471.5 0.7280584816218146 0.5305762770520194
471 0.7280262864062641 0.5305178535439969
470.5 0.7279342278207628 0.5303949771407118
470 0.7272667082714066 0.529425469641528
469.5 0.727550225518006 0.5298403275502865
469 0.7273949658584389 0.529608696263882
468.5 0.7278853804271026 0.5303317832949641
468 0.7273125811175194 0.5294847988593463
467.5 0.7275383241339486 0.5298233107655438
467 0.7276097702558193 0.5299272482044929
466.5 0.7275054917899193 0.5297810433374959
466 0.7271384700980396 0.5292309527763588
465.5 0.7271964305069649 0.5293320204825734
465 0.7276770745513269 0.5300158988026343
464.5 0.7270793363180768 0.5291640799163532
464 0.7271863993458942 0.52930662678644
463.5 0.7272584876673622 0.5294059923392017
463 0.7268692430728426 0.528852553048496
462.5 0.7268939922259706 0.5288924010918689
462 0.7268173271018827 0.5287698111995218
461.5 0.7269218963845987 0.528926643924521
461 0.7270553120653283 0.5291437891840135
460.5 0.7271014661692367 0.5291841225851606
460 0.726283762458299 0.5280094419744458
459.5 0.7267248730741095 0.5286297755207845
459 0.7264939193807808 0.52829929517489
458.5 0.7267033969315598 0.528601484200077
458 0.7265320512884854 0.5283609924831417
457.5 0.7266306908066652 0.5285040595607431
457 0.7265747001454196 0.5284250628521978
456.5 0.726459722877989 0.5282600409574983
456 0.7264282408107517 0.5281916745754933
455.5 0.7257839291453093 0.5272774345777378
455 0.7257996202349789 0.5272962493558344
454.5 0.7256952912593598 0.5271319251536922
454 0.7260516661233247 0.5276647013433456
453.5 0.7262507734415528 0.5279353002437231
453 0.7256035420734156 0.5270140525567358
452.5 0.7258561289934076 0.5273776751444593
452 0.7256818053928712 0.5271281799909837
451.5 0.7256191005338869 0.5270408641937546
451 0.7257345048794033 0.5272023734153237
450.5 0.7254939825659645 0.5268552535828407
450 0.7256114688293174 0.5270145057845801
449.5 0.7255922116978892 0.5270042233706262
449 0.7256423103229167 0.5270645274074477
448.5 0.7250317464031079 0.5261718230994189
448 0.7252157086936432 0.5264426125069499
447.5 0.7249535346088539 0.5260652135237467
447 0.7246232491751777 0.5255887527393786
446.5 0.7249331587128316 0.5260377060500129
446 0.7248304064846488 0.525889260168894
445.5 0.7250871941976906 0.5262695676993197
445 0.7249142555181952 0.5260136768232551
444.5 0.7245311623169556 0.5254473271575975
444 0.7243386062092864 0.5251709553782511
443.5 0.7249275553352557 0.5260372858737549
443 0.7248006425626511 0.5258436103451872
442.5 0.7243999671748387 0.5252711980551816
442 0.7243759075710376 0.5252361829821915
441.5 0.7244233849072201 0.5253107531159784
441 0.7246105612934299 0.5255783954638318
440.5 0.7243058399120424 0.525145584021321
440 0.7243470272085772 0.5251985027243415
439.5 0.7232927681504204 0.5236720419897477
439 0.7236893346012016 0.524228464288637
438.5 0.7241851141305168 0.5249457281020509
438 0.7235287812392509 0.5240153429408755
437.5 0.7237931044001118 0.5243981140894693
437 0.724025130712445 0.5247158054404278
436.5 0.7235746859784062 0.5240559025478463
436 0.723356367415501 0.5237640646038957
435.5 0.7237273613118145 0.5242918741306554
435 0.7235077040503726 0.5239795178523219
434.5 0.7231892005793336 0.5235094628076866
434 0.722950489616453 0.5231765721236338
433.5 0.7231162862714833 0.5234097550600629
433 0.7232811390559352 0.5236356752372344
432.5 0.7234058267745835 0.5238279708398375
432 0.7232475714064304 0.5236038802297824
431.5 0.7229844653622324 0.523227209375023
431 0.7233233697680469 0.523705986286435
430.5 0.7228231767817499 0.5229848121515003
430 0.7228805093532791 0.5230670037002954
429.5 0.7226284474046186 0.5227137143150667
429 0.7226188000615076 0.5226859564511227
428.5 0.7226131678641111 0.5226789216281699
428 0.7227054514615888 0.5228233721944403
427.5 0.7228254422820688 0.5229784344227266
427 0.7221651964034984 0.522038596847579
426.5 0.7221298395976607 0.5219857006510229
426 0.722615911983625 0.5226747287927029
425.5 0.7218263540602436 0.5215499062268579
425 0.722355878374868 0.5223050184085924
424.5 0.7218115984069017 0.5215361520496895
424 0.7223497533326177 0.5222988147620995
423.5 0.7216987912700649 0.5213693674377325
423 0.7216337848875081 0.521264818600232
422.5 0.7219546609085884 0.5217362507408908
422 0.7220446867966669 0.5218596907178409
421.5 0.7216009148009123 0.5211997956648916
421 0.7212003100487057 0.5206390840323905
420.5 0.7218687512793788 0.5216035568689723
420 0.7213568130349893 0.5208807848726232
419.5 0.7213997723382235 0.5209329846633852
419 0.7214698399977836 0.521036835738609
418.5 0.7210986640058327 0.5204996820317107
418 0.7212256298255478 0.5206791628332459
417.5 0.7209901020417481 0.5203575223333103
417 0.7208010828038403 0.5200547364106686
416.5 0.720691009342739 0.5199131700301345
416 0.720767956621102 0.5200236785032464
415.5 0.7203395755866006 0.5194087195679175
415 0.7205929949480534 0.519766142982435
414.5 0.7205133153900299 0.5196539805670947
414 0.7201341847122947 0.5191074423731882
413.5 0.7202659314278651 0.5192869413915286
413 0.7202796319911365 0.51931318730987
412.5 0.7204604261931337 0.5195671366676825
412 0.7199598874362588 0.5188471060281172
411.5 0.7202248379423394 0.5192229875344118
411 0.720287833210557 0.5193155071383526
410.5 0.719993481477596 0.5189079690248921
410 0.7201932632771539 0.5192053151128896
409.5 0.7198652250607323 0.5187260402947623
409 0.7199800875123589 0.5188852828845588
408.5 0.7195439603893623 0.5182460221160009
408 0.7195013772449717 0.5181950859128502
407.5 0.7190759513716148 0.5175729838847604
407 0.7189243006656864 0.5173486697011683
406.5 0.7197349578358289 0.5185335877489552
406 0.7190484866379048 0.5175544954839725
405.5 0.7193518910559201 0.5179758507594693
405 0.7185827127892815 0.5168606301620424
404.5 0.7193569392609716 0.5179788317025944
404 0.719510340943671 0.5182227062325974
403.5 0.7187031444655845 0.5170567157167495
403 0.7192485260687452 0.5178327868708237
402.5 0.7188049493310733 0.5171876852290037
402 0.7185972795483286 0.5168830790409829
401.5 0.7186264692416539 0.5169465228334547
401 0.7186211849960392 0.5169383772580604
400.5 0.7185713170567989 0.5168684707119517
400 0.7186195729331113 0.5169134446108806
399.5 0.7182326020377434 0.5163742849878913
399 0.7181066737692052 0.5161918398702663
398.5 0.71798918436505 0.5160150079382819
398 0.7179196201495354 0.5159393283126917
397.5 0.7178289742644192 0.5158057618514915
397 0.718203687613826 0.5163270744244338
396.5 0.7178888262600137 0.5158858360584728
396 0.7175273641644128 0.5153583998874826
395.5 0.7175224241211328 0.5153647563021544
395 0.7175910400905005 0.5154533958209219
394.5 0.7176062751915917 0.5154765800715131
394 0.7175776640656345 0.5154240256525641
393.5 0.7169462665989191 0.5145357228103233
393 0.7172442765456251 0.514964737058721
392.5 0.7168697613785624 0.5144308157627269
392 0.7178616456821287 0.5158347519519608
391.5 0.716859981461343 0.5144179292167343
391 0.7165869677222226 0.5140210437667513
390.5 0.7169361641599373 0.5145234367796959
390 0.7169319129876911 0.514507304218781
389.5 0.71669286398248 0.51417826513584
389 0.7165818735786859 0.5140025524901416
388.5 0.7165137056384554 0.5139033278872701
388 0.7162483969034995 0.5135295672946566
387.5 0.7155987697677333 0.5126099121119434
387 0.715645194000043 0.5126738860347542
386.5 0.7166204006153849 0.5140600088269068
386 0.7156566042236898 0.5126757663063685
385.5 0.7157461056407026 0.5128056940198031
385 0.7164334064423991 0.5137799444671751
384.5 0.7162496748092916 0.5135272614380526
384 0.7156370737015127 0.5126410921848878
383.5 0.7155928857174306 0.512593244168148
383 0.7153173721543699 0.5121869766908722
382.5 0.7153413476673968 0.5122368708918102
382 0.7155531720516027 0.51253821477803
381.5 0.7146982386280356 0.5113216898170737
381 0.7153163631205498 0.5122020901372772
380.5 0.7149978716884422 0.5117554868126558
380 0.7147393276184015 0.5113773090695846
379.5 0.7148913135531064 0.5115880956022079
379 0.7143011676173233 0.5107476892083365
378.5 0.7147468242585074 0.5113865065409408
378 0.7146518630957504 0.5112555502463101
377.5 0.7145169079095394 0.5110434944221907
377 0.714107255808981 0.5104571811301257
376.5 0.7141976218296899 0.5105978729785664
376 0.7141165901210897 0.510482932434975
375.5 0.7137718067015535 0.5099965815018024
375 0.7139917094030899 0.510311703736161
374.5 0.7145304455481529 0.5110634438321294
374 0.7136301023802951 0.5097866676925947
373.5 0.7135643873260219 0.5096743944781008
373 0.7138321790373195 0.510068664867499
372.5 0.7136134284452221 0.5097670287854479
372 0.7138459373042405 0.5100949023187563
371.5 0.7132685593432376 0.509267989515395
371 0.7138672762960079 0.5101286871617065
370.5 0.7133092652795097 0.5093299229011478
370 0.7124993414876517 0.5081700679987199
369.5 0.7132981390020329 0.5093098170266327
369 0.7134967076163992 0.5095896455348555
368.5 0.7126748886736908 0.5084425725501417
368 0.7127261696163321 0.5085077893925456
367.5 0.7126062542852466 0.5083264432285036
367 0.7122481235261734 0.5078181797028901
366.5 0.7124035344088949 0.5080438177817891
366 0.7125338571293898 0.5082186361025628
365.5 0.7119346728276803 0.5073682045278318
365 0.711906592330106 0.5073305840445897
364.5 0.711787428035731 0.5071611484517144
364 0.711988665573185 0.5074458333534351
363.5 0.7117560870458775 0.5071158218141207
363 0.7117323633790675 0.5070872611726506
362.5 0.7111128165815451 0.5061992490754347
362 0.7115757211806373 0.5068649759227921
361.5 0.7111841299826305 0.5063067826552853
361 0.7113319005617026 0.5065212198187693
360.5 0.7108448057519052 0.5058288382733139
360 0.7114852172232862 0.5067309869377391
359.5 0.7113473729726824 0.5065342275235033
359 0.711124418673803 0.5062154607792297
358.5 0.7110963256387618 0.506170556194711
358 0.7106236022487792 0.5055050763176984
357.5 0.7105409375713904 0.5053907626278275
357 0.7111824807247188 0.506304694571027
356.5 0.7103489691811674 0.505112962638252
356 0.710891915443369 0.5058981632552302
355.5 0.7096401676589358 0.5041219286202339
355 0.7099957528077813 0.5046026628024437
354.5 0.709976763272976 0.50457722291949
354 0.709972832532268 0.5045874752747163
353.5 0.7097767901648304 0.5042926713513395
353 0.7098775797910896 0.5044467664459794
352.5 0.7097892025694723 0.504316144427203
352 0.7091542566605149 0.5034219659408149
351.5 0.7096878027499951 0.5041777860694228
351 0.7092661658723785 0.5035984959523452
350.5 0.7089413982376829 0.5031259677191776
350 0.709324827012439 0.5036656150734328
349.5 0.7092146819896354 0.5035040818230163
349 0.7081900064067163 0.5020616772784741
348.5 0.7086554284615169 0.5027167693278218
348 0.7093051771508958 0.5036367961663308
347.5 0.7079684409546644 0.501746169819634
347 0.708365491815051 0.5023038290732547
346.5 0.7080919657397259 0.5019276720002765
346 0.7084837871069705 0.5024660495515509
345.5 0.7077320703728662 0.5014115207827824
345 0.7081013686870485 0.5019500067143043
344.5 0.7081965261970404 0.5020685746594261
344 0.7073462428537748 0.5008628115246666
343.5 0.7079232195082417 0.5016723007845392
343 0.7078842354696389 0.5016358185245628
342.5 0.7070734643461973 0.5004636302874416
342 0.706943534025836 0.5002890716838946
341.5 0.7070366493817244 0.500424103357183
341 0.7068644324840182 0.5001838970244082
340.5 0.7069797953719911 0.5003462408964972
340 0.7067138825616789 0.49996952465664307
339.5 0.7067977411588766 0.5000818868294472
339 0.706777689641094 0.500076155430426
338.5 0.7056778066954301 0.49849400771933133
338 0.70670872786183 0.4999659322523242
337.5 0.7066595435508565 0.49988581300377194
337 0.706140203278635 0.49916002021013367
336.5 0.7053674477703453 0.49807333027437783
336 0.705534768162067 0.4983194041545026
335.5 0.7061872279170208 0.49922123271369123
335 0.7058955161617418 0.49882357492507795
334.5 0.7052125420483266 0.49785445979997284
334 0.7064907285323517 0.4996505721332066
333.5 0.7044635266279875 0.496800364205972
333 0.7052571311981604 0.49791824296997506
332.5 0.704299635195792 0.49657087781953646
332 0.7052375133736043 0.49788437299414656
331.5 0.7050177841082984 0.4975908715499986
331 0.7049561685591539 0.4974839659832318
330.5 0.7044269055765937 0.4967351068654311
330 0.70419804199514 0.4964300855213475
329.5 0.7044737936008622 0.4968022533019154
329 0.7043741371132621 0.49667238686241055
328.5 0.7037677314000772 0.49580748939134084
328 0.7043600971375156 0.4966496857868844
327.5 0.7037145476630119 0.4957489996525629
327 0.7035590240955041 0.4955216572314687
326.5 0.7034388036567694 0.49533989940570716
326 0.7036301930754117 0.495617520123239
325.5 0.703549982604244 0.4955084118526224
325 0.7033196829646388 0.4951825615369656
324.5 0.7032654361728533 0.49510218007520096
324 0.7033152693017994 0.4951688916771141
323.5 0.7027408960706631 0.49437803111403655
323 0.7024384391561856 0.4939551902508493
322.5 0.7019973288548716 0.4933288667587469
322 0.702434869505606 0.4939435315464174
321.5 0.7025437821927119 0.49410716953035044
321 0.7021098025759659 0.49347374469744315
320.5 0.7021332858705976 0.4935210465182779
320 0.7022235229201418 0.49363850299218476
319.5 0.7017177331209694 0.49292990312981616
319 0.7018710271501292 0.49314883762901623
318.5 0.7016708263527075 0.49286582961643366
318 0.7013700690739304 0.49246344997157987
317.5 0.7017718414362092 0.49301225909533924
317 0.7013251810561554 0.4923787902327855
316.5 0.7008935940090845 0.4917779806384334
316 0.7007792467369578 0.4916198886674561
315.5 0.7016242084813624 0.4927837135703381
315 0.7010524799840723 0.4920025395542128
314.5 0.7005611688640636 0.4913342447088032
314 0.7002975983479593 0.4909548667022549
313.5 0.7005166285453611 0.49126359725683977
313 0.7000929053509379 0.49065569556291044
312.5 0.7002804732297198 0.4909142540291648
312 0.6996128862978445 0.4899916809087366
311.5 0.6992550808395066 0.4894803572709943
311 0.6993926669470606 0.4896992331644965
310.5 0.6999043703315193 0.4903961944986942
310 0.6990365293286 0.48918112027467103
309.5 0.6987846923689244 0.4888454535981404
309 0.6995033670544956 0.48983727060680865
308.5 0.6990255212167729 0.48916838984451266
308 0.6991834269849511 0.4893813670001437
307.5 0.6985523770937652 0.48849822068999266
307 0.6986104897432405 0.4885863228710426
306.5 0.69858540804037 0.4885624238039426
306 0.6981134505189684 0.48788370038907486
305.5 0.6977377713616297 0.48737080086422313
305 0.6980911214535731 0.48786214492612945
304.5 0.6979985785297015 0.48772887718230334
304 0.6984448786705522 0.488359446267926
303.5 0.6977118745315913 0.4873254110659832
303 0.6971798716463691 0.48658803515025983
302.5 0.6972925147399166 0.4867448906384184
302 0.6971621673350602 0.48657185852267393
301.5 0.6966261826051049 0.4858083571789492
301 0.6970242770921427 0.4863667651369055
300.5 0.6965025174410037 0.4856444581103397
300 0.6966219228156508 0.4858170543152297
299.5 0.696173359995574 0.48519831945804565
299 0.6964885794278254 0.48562895313882326
298.5 0.6955590436098863 0.48433831347303263
298 0.6960138089290944 0.48497321755986766
297.5 0.6959188227675588 0.48483459942400875
297 0.6958348832261517 0.4847060608059656
296.5 0.6955356349452171 0.48430901400070875
296 0.6953000160095575 0.48398851638038726
295.5 0.6948963564343711 0.4834209293518274
295 0.6950094987869475 0.4835803154829143
294.5 0.6949454590127258 0.4834754845533881
294 0.6947781625493936 0.483254711508573
293.5 0.6947513117568607 0.4832213608865555
293 0.6936231305233734 0.4816424642221246
292.5 0.6942872791693857 0.48257982530629323
292 0.6940628630658774 0.4822515938052941
291.5 0.6940808238170628 0.4822656345388144
291 0.6942873521261436 0.48257060200473767
290.5 0.6936276041196826 0.4816578993093691
290 0.6938319997856918 0.48191791057318445
289.5 0.6928432399165046 0.4805666716459295
289 0.6929152255757427 0.4806571689900259
288.5 0.6926817341509072 0.48034296711952834
288 0.6923503227875325 0.4798746046598331
287.5 0.692121352667937 0.4795659255017438
287 0.6925815396302091 0.4801969881949908
286.5 0.6923153202000044 0.4798253676846828
286 0.6923310456250518 0.4798562744423454
285.5 0.6915011677780116 0.4787125124850822
285 0.6922172245670061 0.47969705133797214
284.5 0.6915667571930854 0.4787941214816332
284 0.6918830040907851 0.4792215515371652
283.5 0.6912213176348048 0.4783280799814277
283 0.691026938952401 0.4780453364155256
282.5 0.6911851566332203 0.4782707829843303
282 0.6896724695513459 0.47618364837983385
281.5 0.6903320980516634 0.47708782954906237
281 0.6905678067028548 0.47741434300166
280.5 0.6903547074816253 0.4771102607358266
280 0.6898847272124647 0.4764601495473496
279.5 0.6899761703075881 0.4766035970205143
279 0.690439019531552 0.47724674767763026
278.5 0.690165779308011 0.47686808841066514
278 0.6896682183921212 0.47618716459591437
277.5 0.6892733669818291 0.47563808816021774
277 0.6893183278877067 0.4756957039622375
276.5 0.6888341947446474 0.4750316920636545
276 0.6885641241730862 0.4746671269370368
275.5 0.6887527609157521 0.4749328385324038
275 0.6878423870505255 0.4736714108475811
274.5 0.6884861612772252 0.4745509053792701
274 0.6878077812657876 0.47361673746030275
273.5 0.6876338255408772 0.47338210370031203
273 0.6879313560547091 0.47377745079208444
272.5 0.6862724296892465 0.47152146803497
272 0.6878017212065206 0.47361941229209786
271.5 0.6880134431208751 0.4739099829766228
271 0.6867390987553333 0.47213307291692946
270.5 0.6867765996589755 0.47219185647224693
270 0.6865599048309039 0.4718964487859882
269.5 0.6858949271478554 0.47098470577027196
269 0.6862068381006088 0.471415316929546
268.5 0.6858023098208429 0.4708357931871404
268 0.6856547868829818 0.470676628359408
267.5 0.6853142524520153 0.47018796450729194
267 0.6854275939863896 0.4703463930383169
266.5 0.685084183963669 0.4698822112411271
266 0.6847442510059398 0.4694009101191062
265.5 0.6852369932800545 0.47009810800334134
265 0.6848244990052981 0.4695280343624136
264.5 0.6840839599345051 0.468521483253675
264 0.683943244874118 0.4683207591413566
263.5 0.684257607218265 0.46875675692429314
263 0.6846680761848034 0.4693098006581982
262.5 0.6839632854953553 0.46832589606765423
262 0.6835490600592774 0.4677762541048209
261.5 0.6836064810590377 0.467857806185943
261 0.6829401880682692 0.4669657226994886
260.5 0.6831605973866784 0.4672578696966103
260 0.6832110370901918 0.4673145700716285
259.5 0.6822164272599802 0.4659614841391909
259 0.6826432186351558 0.4665177893579403
258.5 0.6825665709942029 0.4664507372127846
258 0.6815071090757094 0.4650029856267886
257.5 0.6823653527259723 0.46616665376050337
257 0.6817421471735089 0.4653073341241961
256.5 0.6811032736390307 0.46443398976312233
256 0.6814772192980869 0.464941705299157
255.5 0.68074009336777 0.4639509051897111
255 0.6813097513170814 0.46471787818886134
254.5 0.6801412347720763 0.46312576813350553
254 0.6801743439047603 0.4631837513400943
253.5 0.6798275644373899 0.46271002023478547
253 0.6801379182125699 0.463134233378507
252.5 0.6793270593989468 0.4620246094328718
252 0.6794333690847595 0.4621647450919125
251.5 0.6791590745646282 0.4618036360392533
251 0.6791431896630893 0.4617650258119949
250.5 0.6780935740716393 0.46034882857475334
250 0.6789145746791749 0.4614701102234679
249.5 0.6786275944439631 0.4610782928538805
249 0.6785348029771373 0.46095777826954915
248.5 0.6773908404991188 0.45940243138800846
248 0.678538323532994 0.4609525716663838
247.5 0.6769730852511865 0.4588389603839775
247 0.6774681163580575 0.45951865975924217
246.5 0.6769938969073803 0.45885851424630353
246 0.6762651598194639 0.4578889137038714
245.5 0.6772909946335409 0.4592542178730033
245 0.6761512259003496 0.4577198569772047
244.5 0.6759770556292205 0.45748306918055837
244 0.6760051705773817 0.4575236975537676
243.5 0.6755083269699741 0.45683872474580023
243 0.6747965627156433 0.45590716914512924
242.5 0.6756529302117308 0.45704337131344974
242 0.6749078294944428 0.4560368429198248
241.5 0.6745674296123926 0.4555762631455661
241 0.6741004543804872 0.454948777891972
240.5 0.6741264238786319 0.4549951781581128
240 0.6740288571808033 0.45486623497515477
239.5 0.6743714939124997 0.455313186457827
239 0.6732083581582243 0.4537637689243187
238.5 0.6730591701896085 0.4535545284758685
238 0.6729534349375687 0.4534249286375117
237.5 0.6729910786060694 0.4534650062575871
237 0.6728489007793789 0.45325284506856467
236.5 0.6721272134828166 0.45229240107470353
236 0.6717281521240969 0.4517558620926644
235.5 0.6717964999804719 0.4518592827132175
235 0.671801836535609 0.4518633720319206
234.5 0.6705316347642857 0.4501496268114285
234 0.6706180923473517 0.45025892847633187
233.5 0.6706403726995546 0.450301360588574
233 0.6711481812318364 0.4510090624168098
232.5 0.6707475613081474 0.45044002963104757
232 0.6700217078049072 0.44946769359196237
231.5 0.6695899788974157 0.4489138224846089
231 0.6699880387007664 0.4494231394244845
230.5 0.6699091538513824 0.4493152651181291
230 0.6688606213429639 0.44789127181170635
229.5 0.6687319723991731 0.4477474011259607
229 0.6687673096490331 0.44779310403287076
228.5 0.6687942735543488 0.44782706478407186
228 0.6674747378391335 0.4460620510901803
227.5 0.6676132729220438 0.4462601434861396
227 0.6679540473650606 0.4467233111153575
226.5 0.6674504391246409 0.44602431586308927
226 0.6671309091784935 0.4456119841747807
225.5 0.6669247949552604 0.4453242020273361
225 0.6674400536329789 0.4460264583082307
224.5 0.666953551627693 0.44536402895412264
224 0.66632061710243 0.44453282889293017
223.5 0.6655591606175225 0.44351392447389204
223 0.6654887656216943 0.4434138704739323
222.5 0.6651095477710164 0.44291057531957173
222 0.665397135343899 0.44331341749099423
221.5 0.6646303820111952 0.4422886437805977
221 0.6647458074672675 0.4424376284587936
220.5 0.6647433200216287 0.44242381725693924
220 0.6632144311271309 0.4403964762880891
219.5 0.6631279355761245 0.44027993742351096
219 0.6631748662866086 0.4403566566207181
218.5 0.6628312027316257 0.43988925946078455
218 0.6624918017890444 0.43945087396595234
217.5 0.6625443378778166 0.4395045615708344
217 0.6624986963613838 0.43946098430690705
216.5 0.661563613241897 0.4382095086432911
216 0.6610383103029128 0.43752042251711853
215.5 0.6610943032537808 0.4375904029736551
215 0.6607183448215541 0.4370786461513295
214.5 0.6607741199029183 0.43716853809080186
214 0.6607015887686769 0.4370683448223865
213.5 0.6603549718009389 0.436601388653926
213 0.6596328491465185 0.43565033569526557
212.5 0.6590559394718317 0.43490980266562795
212 0.6592061023479561 0.4350929684946313
211.5 0.6589432147747206 0.4347492817311635
211 0.6584564317397806 0.43410550699996053
210.5 0.6582235018356856 0.43381675727019126
210 0.6575110857571952 0.4328692400196271
209.5 0.6572104742507132 0.4324664343377396
209 0.6583825032175784 0.43402384284307033
208.5 0.656940629510482 0.4321159018199324
208 0.6566926970094296 0.4317901572985554
207.5 0.6561459204819695 0.4310839506305193
207 0.6561607253616857 0.43109717344564275
206.5 0.6558526349876678 0.43067933584055673
206 0.655053538416441 0.4296664820042222
205.5 0.6550471609743578 0.42963141764710516
205 0.6544499001158355 0.4288433024111922
204.5 0.6544328053555498 0.4288134308600015
204 0.6540904656355566 0.4283859730961686
203.5 0.6535352390960875 0.42765303877103034
203 0.653871638429526 0.42811605999853275
202.5 0.6526377776310224 0.4264819276884461
202 0.6523258507012287 0.4260805154376057
201.5 0.6525747760027915 0.4264109280201877
201 0.6522689781313279 0.426017026286755
200.5 0.652027885789338 0.4256835683604742
200 0.6509065343787314 0.42421035140507796
199.5 0.651649088827353 0.42519606464757
199 0.6504689760259406 0.4236429659090882
198.5 0.6498889525322157 0.42291176822764764
198 0.6494333720072729 0.42228948086618084
197.5 0.6492224422963618 0.4220378482885784
197 0.6487426014155369 0.4214152828258299
196.5 0.648865244302231 0.4215479351017427
196 0.6487189388742178 0.4213935347682839
195.5 0.6478170658141055 0.42021658146324076
195 0.6486491057868491 0.4213029070345486
194.5 0.6476318611318592 0.41997249250866564
194 0.646671724396281 0.41875152676348737
193.5 0.6464145724631576 0.41840507001292393
193 0.6463284806407406 0.41827702927076416
192.5 0.6462247033446293 0.41815974196152367
192 0.6460601675901022 0.4179387014131496
191.5 0.6459949183543882 0.4178567933256359
191 0.6447994023174302 0.4163206143408839
190.5 0.6452500627151709 0.41690506215836526
190 0.6443215443941098 0.41568373532855846
189.5 0.6441088620500254 0.4154112631121233
189 0.6432211125958229 0.414298579061847
188.5 0.6427400839787366 0.4136657539058068
188 0.6425491637963945 0.41341236852154734
187.5 0.6427877746160371 0.4137283636615243
187 0.6422966029652376 0.41308081763260734
186.5 0.6412388188578565 0.4117288221740839
186 0.6413691261426904 0.4118914408402748
185.5 0.6406105155668091 0.410932469540863
185 0.6413011743426493 0.411825183184565
184.5 0.6403793085323753 0.4106374456243959
184 0.639738811319406 0.4098111891490065
183.5 0.6391517068238166 0.4090546283194226
183 0.638790644714387 0.40860064760482756
182.5 0.6387348871578041 0.40853392203570865
182 0.6379850967488326 0.4075835122974708
181.5 0.6374747947003491 0.4069282996403285
181 0.6370957091487425 0.40645795233247195
180.5 0.6370649875102719 0.40641286470602245
180 0.6369412800971618 0.4062298466837989
179.5 0.6364338623322159 0.4056069248288865
179 0.6353105987245403 0.40416359338655267
178.5 0.6352673715386131 0.4041076698496727
178 0.6339077166123085 0.40238750221650343
177.5 0.6343995191103581 0.40301530833742244
177 0.6337213223172881 0.402163977476627
176.5 0.6334912715003952 0.40186608619172665
176 0.6332278808188083 0.4015195294315993
175.5 0.6319975363267565 0.39995752625606834
175 0.6317517077522069 0.39966601997601536
174.5 0.6303912666214952 0.39795484946592635
174 0.6310913213514907 0.39881072892572483
173.5 0.6304690546052473 0.3980581643683536
173 0.6296882337159765 0.39707027850456494
172.5 0.6295889312403798 0.3969540710324792
172 0.6289876990942168 0.39618705237977897
171.5 0.6283206173522154 0.3953305581672248
171 0.6290573367710204 0.3962404000204603
170.5 0.6274301366234558 0.3942068669162289
170 0.6283046109744111 0.3953213102483281
169.5 0.6264027606665575 0.39292335232501624
169 0.626391981027128 0.3929219871475197
168.5 0.6262276053199486 0.392715741327541
168 0.6258545118229988 0.39224280995142713
167.5 0.6247427203867021 0.39086748167476815
167 0.6236811299989772 0.38953176451308164
166.5 0.6246037083899555 0.3906749103880901
166 0.6233470757948725 0.3891055961194092
165.5 0.6229990292587373 0.38867290762094686
165 0.6225433771880902 0.3881089612927433
164.5 0.622716447396371 0.3883201406816272
164 0.6216992075426782 0.38705825362191204
163.5 0.620908230972634 0.38606341229326935
163 0.6203847130108575 0.38542050835533226
162.5 0.6200406975769461 0.3850079016517745
162 0.6198964702546255 0.384818740624595
161.5 0.6184587728605706 0.38302834103677935
161 0.6177128994539721 0.3821129477200533
160.5 0.6181522594460913 0.3826359841192257
160 0.6173772743910614 0.381709791278659
159.5 0.6169368650896544 0.38112108766866953
159 0.616250793777614 0.38030983339642205
158.5 0.6154230963404258 0.3792808915741964
158 0.6150259836589259 0.37879998459085756
157.5 0.6141948928630224 0.37778477536277905
157 0.6147002206213705 0.378398209836469
156.5 0.614147639411757 0.37771126590587
156 0.6125479426650454 0.37576046457950407
155.5 0.6120458724985796 0.3751323200753923
155 0.6121396404723919 0.3752670215540863
154.5 0.6119170008118336 0.37500411975135534
154 0.6102991045791846 0.373004471692217
153.5 0.6106584733417453 0.37345116293487834
153 0.6089639787885565 0.3713811077020646
152.5 0.6080237041040546 0.3702138923552022
152 0.6086676801039158 0.3709879421287537
151.5 0.6082469427241567 0.37050322575445993
151 0.6070774471426346 0.3690954279299372
150.5 0.6066293610342987 0.36853919017320547
150 0.605484945158632 0.3671540160100618
149.5 0.6050770142967781 0.3666681128752731
149 0.6041245110224264 0.36550192553808264
148.5 0.6040207697530043 0.36537372730925727
148 0.6041401223540918 0.36553814629713444
147.5 0.6023762240621524 0.3633907562215578
147 0.6018918584163131 0.36280510145364764
146.5 0.6010594180274726 0.36181358502174266
146 0.6004772486642285 0.3611142896945293
145.5 0.6006651133911224 0.3613149556368963
145 0.5997521831175409 0.36023693561639125
144.5 0.5992376288551035 0.35961212639177
144 0.5986383872347072 0.3589150954395357
143.5 0.5975851760519162 0.3576609118137799
143 0.5969490407859521 0.3568624803109802
142.5 0.5961613364452439 0.35596515407176366
142 0.5961170991372485 0.35587191915144
141.5 0.5955481058003406 0.3552120110650518
141 0.5934341270001177 0.3526771659956007
140.5 0.5936639191726795 0.3529822006348902
140 0.5923252411955561 0.3514019331803297
139.5 0.5924435414522002 0.3515433635839646
139 0.5916416055453063 0.35055840362344615
138.5 0.5911175114991951 0.349937815651385
138 0.5900623866169327 0.34871081468723564
137.5 0.5905239426173018 0.34925105587404137
137 0.5880665197929252 0.3463443571881896
136.5 0.589158016499317 0.3476425033336249
136 0.5879800815676391 0.3462562748473387
135.5 0.5869194450069564 0.34501167898088697
135 0.5861408833844342 0.34408143318992096
134.5 0.5846938622690527 0.34240233607078213
134 0.5851268562402059 0.3428923108941168
133.5 0.5848327031526076 0.34254177045354944
133 0.5825114582916234 0.3398623374483016
132.5 0.5829917889948568 0.34043260574876816
132 0.5827161614470563 0.34007363971411436
131.5 0.5803427196147747 0.33731346566268094
131 0.5795234693904694 0.3363756943268041
130.5 0.5789664721192611 0.33573261632759205
130 0.5788604878114575 0.3356018964373232
129.5 0.5770684817105963 0.3335213652692848
129 0.577268382102261 0.333752357365024
128.5 0.5769331293578318 0.33336261493546854
128 0.5755423515668057 0.33178286090498926
127.5 0.5749535360068476 0.331094106311686
127 0.5745950159373217 0.3306728227084313
126.5 0.5737742244026471 0.3297442815146467
126 0.5727201283828075 0.3285259397852151
125.5 0.5715553098404786 0.32718597003547917
125 0.5695554375813676 0.32490019510963836
124.5 0.5701168017031677 0.3255528686521882
124 0.5680857921911773 0.3232329607807446
123.5 0.5678935325341982 0.32304116153475865
123 0.5659635208030089 0.32084234224589453
122.5 0.5661940251912968 0.32110096731520776
122 0.5650540611802396 0.3197990227843027
121.5 0.5642540750302091 0.31890368975029765
121 0.5635240270340376 0.31807369467546076
120.5 0.5621910209992084 0.31656409230812077
120 0.5628364726776304 0.31729480623471884
119.5 0.5611510748625648 0.31541319052529615
119 0.5598754662921342 0.31396790607072084
118.5 0.5596016742172377 0.3136750420384056
118 0.5573461482819031 0.3111418443743398
117.5 0.558468324797703 0.31240323481639676
117 0.5564880822334065 0.31018852500184607
116.5 0.5556945807217896 0.3093198550260952
116 0.5552540822580805 0.3088316208140157
115.5 0.5538297108607463 0.30723143687704146
115 0.5536600086507539 0.3070090892235298
114.5 0.5517156677305337 0.3048932493515669
114 0.5516898947105945 0.30486825323691935
113.5 0.5505009166368934 0.3035689453670771
113 0.5488114471244095 0.30168213883165995
112.5 0.5479301909421492 0.300719468081014
112 0.5469514350019052 0.29965717197729325
111.5 0.5466656413469196 0.2993407452638922
111 0.5441626273193327 0.2966288079236081
110.5 0.5443919314528775 0.2968427619578241
110 0.5427269928598021 0.295054599151889
109.5 0.5419583119565494 0.294205102703112
109 0.5398933355746603 0.291980661058656
108.5 0.5398445963644284 0.29192632448215733
108 0.5389546065002966 0.2909538364164164
107.5 0.5384889361507538 0.2904627968974024
107 0.5369315788126028 0.28877659110967835
106.5 0.535630572098089 0.28738739562369864
106 0.5342845576096482 0.28594798279397166
105.5 0.5319600074622799 0.28347769984670107
105 0.5313494400516589 0.2828121207842357
104.5 0.5307634598740936 0.28221061372965023
104 0.529583809002096 0.28094060670417226
103.5 0.5287345641743993 0.280021466975404
103 0.5275382002772033 0.27875415709771245
102.5 0.5253236083091845 0.2764389623381295
102 0.5263739202642309 0.2775524405366641
101.5 0.5234641922750118 0.2745018511653642
101 0.5230857024465491 0.27407769544754984
100.5 0.5223584022354939 0.273324960742093
100 0.5225877523024058 0.27356667775148513
99.5 0.5201620374191024 0.27103324865913314
99 0.5175542329206683 0.26831423634777996
98.5 0.5171622474168909 0.2679251774498985
98 0.5173027498810916 0.26805219264779445
97.5 0.515036058784242 0.2657043030271268
97 0.51398574323213 0.26466059935928204
96.5 0.5110428504437052 0.26161072631108295
96 0.5123967618656982 0.2629971768440855
95.5 0.5102313164970798 0.2607914002877184
95 0.5093595529545126 0.25988715796683726
94.5 0.5068761392690723 0.2573639928840566
94 0.5048709991333904 0.25536303037350866
93.5 0.5056545074515805 0.25613563985440224
93 0.504103715369313 0.25455959149536544
92.5 0.5048737530465853 0.25532961260639464
92 0.5014867244017288 0.25192163622483016
91.5 0.49851214935700244 0.24898300359870112
91 0.4980337618332323 0.2484719156436064
90.5 0.496998255042432 0.24745725235367297
90 0.4959368811165202 0.24635766781796087
89.5 0.493834339422686 0.2442604643609921
89 0.4937358129079641 0.2441974394345153
88.5 0.49147559590494083 0.2419585721445585
88 0.4911507646678047 0.24166236086208467
87.5 0.4890013827191405 0.23952979006140265
87 0.48835368964443915 0.23892463380375012
86.5 0.48580501112565433 0.23640631889664535
86 0.4847592722612581 0.235409275985713
85.5 0.48289150999155295 0.23358725445961318
85 0.48141534407270203 0.23215237918469886
84.5 0.4806967636543118 0.2314769662697505
84 0.47891618680882003 0.22974209768474776
83.5 0.4782478449334657 0.2291102558914108
83 0.47670918953206615 0.22765079195431528
82.5 0.4751172768193853 0.22612579177415099
82 0.4749911714015563 0.22603125016424347
81.5 0.47217320874906615 0.22333912454327437
81 0.47045056242756195 0.22171560637719204
80.5 0.46979046609892094 0.22107461631979192
80 0.468511763264552 0.21988790760851926
79.5 0.4671246497653218 0.21860264651933414
79 0.46467002763195053 0.21629474876915977
78.5 0.46368538976581136 0.2153834382247785
78 0.4606634118113602 0.21259141824107028
77.5 0.46053772290738765 0.21246482954120544
77 0.4599868247152073 0.21196848030728438
76.5 0.45685048446387516 0.20909328209574082
76 0.45548325701473635 0.2078391167882978
75.5 0.45371398310277655 0.20623281910708222
75 0.45201566239973795 0.2046932984185921
74.5 0.4507262747678236 0.2034956036915342
74 0.4477373904762898 0.20078864469156288
73.5 0.4482718506169708 0.20130298279803815
73 0.4453977384339003 0.19872634954042165
72.5 0.4429011219384992 0.19650505137101343
72 0.4431646776805437 0.19672185820535024
71.5 0.4416183215769699 0.19537318751083038
71 0.43848605586713846 0.19260345650640176
70.5 0.4387570439236354 0.19282648177207878
70 0.43652177312491386 0.19087700154761192
69.5 0.4329150481121643 0.187742125848048
69 0.43009859442995857 0.18529150023333704
68.5 0.4314502446678945 0.1864647508520917
68 0.42797962241364146 0.1834914860611132
67.5 0.4282622422860057 0.18371490445496363
67 0.42516045978872063 0.18106533649173714
66.5 0.42426620828843437 0.18030185276414884
66 0.42136749581076405 0.1778326103695487
65.5 0.42074323411503883 0.17733420459980417
65 0.4187732676196708 0.17568745323972948
64.5 0.41710588940877596 0.17425851571558548
64 0.4142749199466098 0.17189373667005728
63.5 0.4158459480665583 0.1732120445699504
63 0.4123947481867134 0.17034985292350835
62.5 0.4090118363707689 0.16756336483064968
62 0.4083230963150963 0.16700552902417715
61.5 0.4065523255850831 0.16556407697038827
61 0.40534971081905957 0.16456291949200136
60.5 0.4022222396127688 0.1620454153836565
60 0.3997189567498116 0.16002783936320827
59.5 0.39742572410742716 0.1581946751930716
59 0.39651321935248185 0.15748744153975774
58.5 0.3966483093709369 0.1575670117838109
58 0.394036515251619 0.15551372347346087
57.5 0.3922454985943738 0.15407067780572675
57 0.38940195480075157 0.1518770358660399
56.5 0.38691901331532025 0.14994529948404733
56 0.38576263346972806 0.14903980047868906
55.5 0.38457028619575473 0.14810979966885027
55 0.3824065247916675 0.14644925224038097
54.5 0.38184799493614413 0.14602852015466536
54 0.37875622412520626 0.14367821053893487
53.5 0.3762495822422177 0.141765735321484
53 0.375121301415305 0.140910797229034
52.5 0.374087560200077 0.14015216930085542
52 0.37001488453873704 0.13712004701358357
51.5 0.36795462568275045 0.13556034780918028
51 0.367587142974264 0.13531068264674884
50.5 0.3651255368553202 0.1335052166264189
50 0.36362271685083686 0.1324148543993977
49.5 0.3616135203301651 0.1309427054296823
49 0.35978399973760283 0.12961088871961976
48.5 0.3590389401236897 0.12907366874802353
48 0.3553273553579538 0.12641610236472306
47.5 0.35517911348529235 0.1263264056297374
47 0.35292528833349224 0.12472030968528412
46.5 0.35083591636522726 0.12325595963267925
46 0.3492930885950029 0.12215389742424729
45.5 0.3473328567760751 0.1208025190832546
45 0.34467850588203003 0.11895021777906066
44.5 0.3436156394593116 0.11821847007744175
44 0.3407992597371998 0.1162930915836706
43.5 0.33920990382466765 0.11520946264917316
43 0.33608220165226677 0.1130953708852314
42.5 0.33683189963804344 0.11358193338942434
42 0.3334315599737549 0.1112843395294172
41.5 0.33131309771554457 0.10987992964837164
41 0.3299948048845224 0.10902121107851526
40.5 0.32809977065974 0.10775643925527777
40 0.32751055914532534 0.10738555743799151
39.5 0.3261864110229181 0.10652267246978185
39 0.32316053776670856 0.10453571842776903
38.5 0.3211610943112965 0.10324573062370047
38 0.31921795348009685 0.10200272323792779
37.5 0.31781515042655206 0.10110879551157684
37 0.3176003037645515 0.10097169059258601
36.5 0.315230685972272 0.0994615577822903
36 0.31446426947624745 0.098982640620227
35.5 0.31268813946046137 0.09785030586227984
35 0.3100335932734445 0.09620017355224897
34.5 0.3083137991634369 0.09512959845785532
34 0.30653315593597424 0.09404309881289813
33.5 0.30596469496318834 0.09368610765755807
33 0.3011525574591702 0.0907669084914923
32.5 0.301420206422348 0.09092593178240395
32 0.30021188899964757 0.09017863896207666
31.5 0.29890166513490907 0.08940286842566436
31 0.29579100320562735 0.08754899885158492
30.5 0.2959608546571525 0.08764468014850352
30 0.2942980397004297 0.0866683905282318
29.5 0.29224047793224567 0.085456317718925
29 0.2906361214528041 0.08450955933276345
28.5 0.2886831934646583 0.08338160960863576
28 0.2879773698560293 0.08297395626861773
27.5 0.2873872079536438 0.08263192819341189
27 0.2862401371764727 0.08196628455723774
26.5 0.2840113885387279 0.08069544441874209
26 0.28486262763381387 0.08118419235828793
25.5 0.28329429924012856 0.0802937888833446
25 0.2825502242188425 0.07986656537560484
24.5 0.2794902709654512 0.07814482447502931
24 0.27844499287951835 0.07755751716464415
23.5 0.27604862206370373 0.07622506701832386
23 0.27767277973845855 0.07712458669627932
22.5 0.2744182798078502 0.07532346070845425
22 0.2720389618284919 0.07402120479351142
21.5 0.2736699481421287 0.07491135402764205
21 0.27451533798438843 0.07537790537619597
20.5 0.2713120457659885 0.07362165442577263
20 0.27154587336005237 0.07375099843204984
19.5 0.26805729951228846 0.07186928295134803
19 0.26973344886729944 0.07277024033988418
18.5 0.2667992078170376 0.07119322234510063
18 0.2682547641607569 0.07196771309229336
17.5 0.2648626654032131 0.07015972239120626
17 0.2630183469624407 0.06918404361644885
16.5 0.2633062691087615 0.06933679224678725
16 0.263241500041705 0.06930120650714645
15.5 0.261402095928286 0.06833369180818728
15 0.2606524986006297 0.06794169174965659
14.5 0.2623207939464466 0.06881609896171537
14 0.26289651607617337 0.06911827554588534
13.5 0.2617467042589924 0.06851320787457356
13 0.2624677932478994 0.06889122882652136
12.5 0.260871404496321 0.06805550798031373
12 0.2596040573253312 0.06739512361589145
11.5 0.2593978386890072 0.06728810924393844
11 0.25988629185554607 0.0675418718099997
10.5 0.25902585758095986 0.0670950260514303
10 0.2590578036404855 0.06711148474893133
9.5 0.25903125634458235 0.067097790617431
9 0.2587107062332771 0.06693157811080033
8.5 0.2585521582321116 0.06684953379764408
8 0.2584847756948646 0.06681473909562717
7.5 0.25838864101005576 0.06676488638901401
7 0.258339885791988 0.06673963683113929
6.5 0.25819644299445216 0.0666654852182484
6 0.25814840269516853 0.06664065415945757
5.5 0.258140554405208 0.0666366123286511
5 0.2580967663877697 0.06661399388139885
4.5 0.258038025800728 0.06658365579959506
4 0.2580079732213681 0.06656813514496594
3.5 0.25796436170893583 0.0665456209589125
3 0.2579736360730033 0.06655040901235677
2.5 0.257934678533203 0.06653030280065274
2 0.2579247869900495 0.06652519775188794
1.5 0.25791716708982004 0.06652126561037147
1 0.25791427180307464 0.06651977169412966
0.5 0.2579099612157698 0.06651754813695325
