1000 0.4992843517593933 0.24977538177590314
999.5 0.499613354776615 0.2500988337466267
999 0.5000883721461251 0.2505822150685553
998.5 0.4989942843098231 0.24949314686375706
998 0.49935031173201844 0.2498534106999334
997.5 0.4996730874256672 0.25016506247038467
997 0.4994465812712746 0.24992578805377832
996.5 0.499370323503349 0.24986135120714195
996 0.49990604697334634 0.2503993603428047
995.5 0.49997692913107045 0.25046631362352095
995 0.49952267057442107 0.25002137202774877
994.5 0.4995916678343862 0.25009106669267084
994 0.4998178083247356 0.250319091228579
993.5 0.49986315784983165 0.250363895732038
993 0.49985482913817436 0.2503376926884237
992.5 0.5000097313994375 0.2505037596960696
992 0.5003008736104579 0.2507817898649893
991.5 0.4997742150850395 0.2502617780053449
991 0.4994237574238365 0.24991936185051816
990.5 0.4993416239957646 0.249844662509211
990 0.49993202786582075 0.2504296989737719
989.5 0.4995833486890903 0.2500758949871551
989 0.5002242274789229 0.25071243869262416
988.5 0.499707714354239 0.25019773436256937
988 0.4994370554360974 0.24993047329983714
987.5 0.4993298630131031 0.2498161842666034
987 0.49956615055742265 0.25005257710898365
986.5 0.4993659730119572 0.24986447377308565
986 0.49922948214035173 0.24971834608535273
985.5 0.49947056243244303 0.24995350636356778
985 0.4997617634754808 0.25024957207027226
984.5 0.49924536058304364 0.24974464700786858
984 0.4992426118929575 0.24975117263087793
983.5 0.49929120568078195 0.24978567220800604
983 0.4993276475845398 0.24982695723716292
982.5 0.4992034106131713 0.24970230683934697
982 0.49922716823888524 0.24973029632238175
981.5 0.49910341021963095 0.2495994069241893
981 0.49902765589042125 0.2495237361797175
980.5 0.4994863189878306 0.24997391039456057
980 0.4994210074675256 0.24992226332321527
979.5 0.49907094262195656 0.24956539466686578
979 0.4996255933086567 0.2501295861809605
978.5 0.499543020729787 0.25003472412642636
978 0.49962318926615673 0.25012301686890154
977.5 0.5000092459448348 0.2504986861953171
977 0.49935442539691777 0.24984812930340508
976.5 0.4991084762226134 0.24960452359346508
976 0.49885413096353165 0.24935040778168868
975.5 0.4991230241166943 0.24961361548908798
975 0.4993103876140224 0.24979755971012177
974.5 0.49854671276784374 0.24906059541958608
974 0.4992761028418644 0.24976457340329314
973.5 0.4993298324685919 0.24982554012331712
973 0.4990874646684206 0.24958908695270085
972.5 0.49874974760513274 0.24924345842630438
972 0.49944508515876584 0.24994406873491304
971.5 0.49904936379333376 0.2495400172828355
971 0.4990992492272823 0.2495925502293713
970.5 0.49904138808411647 0.24953136646402888
970 0.4989830012374619 0.24948171248787396
969.5 0.49878420464340156 0.24928592627640234
969 0.4992547276051896 0.24975887212538905
968.5 0.4993180827035886 0.2498105869240228
968 0.49937158692848704 0.2498752990640417
967.5 0.49898955494084 0.24948347495783954
967 0.499512693755573 0.25000813950495854
966.5 0.4991697256722587 0.24967940139085065
966 0.4989480857212742 0.24944458060234895
965.5 0.4986973926825846 0.24920276597435645
965 0.49862068091976314 0.24912347531345047
964.5 0.4991496015965008 0.24963973496718644
964 0.49904162703383864 0.24953449385943471
963.5 0.4989077587239189 0.2493985652412969
963 0.4987105918508527 0.24919950506678532
962.5 0.4991809676306487 0.24968010919004188
962 0.498965659127873 0.24947404755390676
961.5 0.49898154428659686 0.24947559246780796
961 0.49890995161628165 0.24940892460657388
960.5 0.4990512050373526 0.24953959604349352
960 0.49869893465786114 0.24920123084096057
959.5 0.49922824041852165 0.2497225259556232
959 0.4991685257489263 0.2496623833838733
958.5 0.49868995118054454 0.24918976202839177
958 0.498598780039284 0.24908578688331826
957.5 0.4986661328000005 0.2491691182887498
957 0.49893880803096036 0.2494400070211124
956.5 0.4990649367490415 0.24956495567349718
956 0.4987832134533601 0.24928468499942932
955.5 0.49873127491394414 0.249213588235682
955 0.49869777691141093 0.24920677383914036
954.5 0.4988469405244666 0.24935030584232698
954 0.49835261925418883 0.2488448042165033
953.5 0.4989515061113395 0.24944404652185778
953 0.4983162345951387 0.24880960861503426
952.5 0.4986520126465992 0.24916673924688434
952 0.4986532718777804 0.2491519654765433
951.5 0.49833830017116354 0.24883104318605184
951 0.4991298170697481 0.24962473835966106
950.5 0.49897892092082946 0.24947254343139763
950 0.49865043466774406 0.24913703477447324
949.5 0.4988389264987034 0.24932569974904825
949 0.4982876430304717 0.24878861472336386
948.5 0.4991717839118867 0.2496701475843819
948 0.4991357221840607 0.24965249422261016
947.5 0.498639188554608 0.2491287492518859
947 0.4986653165474396 0.24915778717501824
946.5 0.498431547198835 0.24892762641594784
946 0.4982329320795663 0.24872956197563015
945.5 0.49801750953262053 0.2485129315980068
945 0.49855544329841667 0.24905052528246585
944.5 0.49880089323078763 0.24930684595460223
944 0.4981601134067548 0.2486667431504855
943.5 0.4981737866963695 0.24867753529341677
943 0.4985719310997257 0.2490597020177491
942.5 0.49822161000856247 0.24871832793195642
942 0.49763405953662254 0.24813312441325827
941.5 0.49819239147057487 0.24868931698472196
941 0.49875682488929457 0.24925137969574207
940.5 0.49856911559709444 0.2490714122987232
940 0.4984338236969775 0.2489286078676056
939.5 0.4984509842919211 0.24894205734173977
939 0.49825982524013157 0.24876269320787694
938.5 0.4982954072980338 0.24879112957586064
938 0.4984768683295393 0.24898416820216315
937.5 0.49831432736424613 0.24881220729365355
937 0.4982089479066935 0.24870819070754513
936.5 0.4980113719831936 0.24852134836608375
936 0.4983118650559155 0.2488076015147878
935.5 0.4977504755393531 0.2482444189543575
935 0.4984461469091469 0.2489441814378652
934.5 0.49848537037123736 0.248978814049802
934 0.497774567610926 0.24827402501653453
933.5 0.4977644034493329 0.24825565607133016
933 0.4985239979562875 0.2490277697106979
932.5 0.4983107533143478 0.24880090843549296
932 0.4979354684049956 0.2484392530594054
931.5 0.49794650542730606 0.2484521068898966
931 0.49781201501512073 0.24829940472466172
930.5 0.4976862262652711 0.24818813826438774
930 0.4978254880995778 0.24832129848346343
929.5 0.49851061533590335 0.24900546738582494
929 0.49775021476836867 0.24824099367138497
928.5 0.4979051754497738 0.24841093031394804
928 0.49767217040087175 0.2481713668272292
927.5 0.4975731952043242 0.248082183793514
927 0.49752962398650213 0.24802264702394175
926.5 0.4979430468672303 0.24843889693940968
926 0.49771903767795633 0.24821475683683228
925.5 0.49796451497163813 0.24846536082939277
925 0.4977489754751404 0.24825558223425548
924.5 0.4977574583191162 0.24826829232042824
924 0.49725294354288835 0.24774891268859
923.5 0.4975545934319103 0.24805859036094977
923 0.49813387063248193 0.24864060375086441
922.5 0.49769762326217987 0.24820802312957388
922 0.49731362403518214 0.24780272936216785
921.5 0.4978145596138312 0.2483170774193036
921 0.49757329285287194 0.2480903777719829
920.5 0.49764959060150854 0.24815944292147551
920 0.49789741598536263 0.24839711161462594
919.5 0.49713460033208423 0.24764062717564983
919 0.4976346198019798 0.24814175893799925
918.5 0.498246797845492 0.24873990407146915
918 0.49791999143950594 0.2484210260120485
917.5 0.49809348506808104 0.2485957979799744
917 0.4976130066569993 0.24812021299630296
916.5 0.4979775556412268 0.24848433022867872
916 0.4974501757558627 0.24796393221271032
915.5 0.4984794608151845 0.24898486980233106
915 0.49755121717809736 0.24805522317112835
914.5 0.4977966652690444 0.24830183664822167
914 0.4973820866992919 0.24788461696199268
913.5 0.49787118440116257 0.24837105598119621
913 0.4976264609232762 0.24813269847695102
912.5 0.4975062737804729 0.24801903687820734
912 0.49733052736752875 0.2478282180429186
911.5 0.49703641015662897 0.2475430462554036
911 0.4974407642735997 0.24794794684912952
910.5 0.4974081197491494 0.24791504760376243
910 0.4972905614787808 0.2478085740701095
909.5 0.4976625176722803 0.24814082270166943
909 0.49756235220912354 0.2480698652144991
908.5 0.49733370100059326 0.2478414522690336
908 0.49722246100920564 0.247725236080126
907.5 0.4976263965909561 0.24810480205359958
907 0.49692368774372775 0.2474274184138152
906.5 0.49744203318163993 0.24793498924434962
906 0.49744523015808045 0.2479648115887853
905.5 0.4971121314998815 0.24760915416919574
905 0.49719270722706077 0.2477008859186403
904.5 0.49739703071939617 0.24789587169525332
904 0.4967833104758376 0.24728948627962874
903.5 0.4972382067614001 0.24774741828078634
903 0.4968317794683561 0.24734209114364808
902.5 0.49772328536003707 0.24823478873065974
902 0.4971517464686294 0.24765626335416488
901.5 0.49710418653499566 0.24761543641788905
901 0.49754534828643293 0.2480450821128038
900.5 0.4975891245521433 0.24808746888277586
900 0.497368402839318 0.24786236958405333
899.5 0.49719254701789883 0.2477015556699758
899 0.49695545631123395 0.24746419467192057
898.5 0.4972872672261403 0.24778740132738142
898 0.4971870368960419 0.24769806127792143
897.5 0.4972120189689023 0.24770412422528523
897 0.49689011639560426 0.24739230739694817
896.5 0.49681472547680894 0.24732538859662329
896 0.49687024629051957 0.24736329617369726
895.5 0.49699889252325025 0.24751139401628602
895 0.49722824968570184 0.2477237891195311
894.5 0.49656656643622427 0.2470746162523845
894 0.4969083189805831 0.24741347540367456
893.5 0.496588164075153 0.24709452062158452
893 0.49666279629999704 0.24717492688128015
892.5 0.49694181265533477 0.24743695094111404
892 0.4969644894523799 0.24746147579617644
891.5 0.4972886201534441 0.24778511718300808
891 0.4969767689469629 0.24748983425420448
890.5 0.4967076007370051 0.24720662733108428
890 0.496823736037005 0.24731844016790042
889.5 0.49648903582591875 0.24701587192538993
889 0.49657240340351355 0.2470770591228211
888.5 0.4961833653438281 0.24669886857565917
888 0.496715292056608 0.24722171498765044
887.5 0.49671486901543904 0.2472248726935807
887 0.49694053344372185 0.24744254689178027
886.5 0.49700515104358167 0.24751212168181835
886 0.49697164718017267 0.24749242109056327
885.5 0.49597111516239956 0.2464879937230313
885 0.4970027191741099 0.24751843475297644
884.5 0.4962336666774663 0.24675442588035645
884 0.49705179118261583 0.24755892828496504
883.5 0.49691035066641936 0.24741007249388777
883 0.49664301563891194 0.24716208214845747
882.5 0.4961759978713378 0.24669398986506927
882 0.49616330051940366 0.24667031463422245
881.5 0.4967227714569822 0.24723694619949566
881 0.49640022438797526 0.24690714861505578
880.5 0.49640502461254565 0.246907240956252
880 0.49571076534368763 0.2462302457908275
879.5 0.49655813530793774 0.24706640029744786
879 0.4960438575293708 0.24653888861622933
878.5 0.49646334560915123 0.2469703355951171
878 0.49638634442681234 0.24689543976423559
877.5 0.49650282486455666 0.24700857682491914
877 0.49630522474945454 0.24680813687486997
876.5 0.49616295927134746 0.24667523534897878
876 0.49661847662888814 0.24712693071601657
875.5 0.4962668314709839 0.2467762291345939
875 0.49602527690530446 0.2465268623446048
874.5 0.4959176685465188 0.24644643429525476
874 0.49580218598216913 0.24631830617650644
873.5 0.49594369554227735 0.24645571285481638
873 0.4959059871285818 0.24642830412240327
872.5 0.4964317123430746 0.2469336347313844
872 0.49629246502790525 0.2468076411577632
871.5 0.49655494016322604 0.2470711985082648
871 0.4962939171689427 0.24681491935670077
870.5 0.49610014955633 0.2466025188883399
870 0.49597681885044254 0.2464836036493348
869.5 0.49590984475847466 0.2464216850375418
869 0.4957508326144795 0.24627130857451657
868.5 0.4958874063933875 0.2463937838441181
868 0.4961345622944536 0.2466443065068845
867.5 0.496242869741789 0.24675678439955648
867 0.4959964773856313 0.24651838454764996
866.5 0.4959961655470184 0.2465196447101126
866 0.4958172120019596 0.24632836733905222
865.5 0.495699762460366 0.2462100149428329
865 0.4963144497728194 0.24682803156816
864.5 0.49575755689646434 0.2462790219606065
864 0.4957287144473117 0.2462384197233396
863.5 0.49598649240273046 0.24649456315388515
863 0.4959235562099672 0.2464464775878367
862.5 0.4956493881963662 0.24617374518554558
862 0.495615426717459 0.24612985616736813
861.5 0.49561696297809993 0.24613552355755786
861 0.4954187372304598 0.24593355735028385
860.5 0.4959285009109738 0.2464418070501231
860 0.4960454495644356 0.24655991856114676
859.5 0.49555976187139544 0.24607649602965087
859 0.49591782984844335 0.24642321549357646
858.5 0.4953697391811639 0.2458926475491006
858 0.4959839746602125 0.24650666163396742
857.5 0.49531523839261205 0.24583556152943675
857 0.4956086073040864 0.24613254299539175
856.5 0.49554450980323594 0.24606173295491954
856 0.4956855644616571 0.24618716602692098
855.5 0.4952391867901984 0.24574979030393257
855 0.49575239936640564 0.24626997891942132
854.5 0.4956175495494032 0.2461345667310353
854 0.49604691753654384 0.24656888732784582
853.5 0.4954308749096045 0.24594569057036056
853 0.4959178621912537 0.24643033802756278
852.5 0.49559898483250464 0.2461189541731875
852 0.4951605313172233 0.24569480687472575
851.5 0.4955085224671222 0.2460373489579623
851 0.4956494588885158 0.24616313909678464
850.5 0.4953841481030055 0.24590760074650125
850 0.4957126595105325 0.2462178961984002
849.5 0.4955080023438997 0.24603146688295047
849 0.4957301767054491 0.24624313815652485
848.5 0.4953413758351747 0.24586226434532754
848 0.49548858419258657 0.24600453172007186
847.5 0.495313031082964 0.24582805337125763
847 0.49517420954848795 0.24568773245086642
846.5 0.49528684762374947 0.2458077691174335
846 0.49529496322024585 0.24581852156002568
845.5 0.4949306404369824 0.24544613178253716
845 0.4956692259010425 0.24619228631502393
844.5 0.49598032113072305 0.24647875828041854
844 0.49511290859391965 0.24564809636153684
843.5 0.4953150810891798 0.24583186459461379
843 0.4952163054552682 0.2457481201966094
842.5 0.49525639186174797 0.2457847434979939
842 0.4951745420451147 0.24570115276622906
841.5 0.49507391065864303 0.2455947895543459
841 0.4951429927134136 0.24567399570929996
840.5 0.49527560765326756 0.2458147108544099
840 0.49482422793895225 0.2453567397354294
839.5 0.4951859982683449 0.2457030732095435
839 0.49542721262568673 0.24594943655195858
838.5 0.49531579867349396 0.24584639183252974
838 0.4950807338551548 0.2455955212706188
837.5 0.49533672087765634 0.2458582228287637
837 0.49506712287180943 0.24559648730944536
836.5 0.49489882674734087 0.24541689158416277
836 0.4948362860715596 0.24536027057165372
835.5 0.4950336106846756 0.24555804084890323
835 0.49426381740150643 0.24480207257147543
834.5 0.4951303118571142 0.24565866448696103
834 0.49489574808001213 0.24542855622247942
833.5 0.4946626710712018 0.2451984854767675
833 0.4948711842638732 0.24540069748297047
832.5 0.49502803942812096 0.2455313247264406
832 0.49485317602572626 0.24537920802140897
831.5 0.49515057122766526 0.24568046474613883
831 0.494715960369168 0.24522949703518482
830.5 0.4944167546576321 0.24495078545825508
830 0.49469244547565544 0.2452236676908143
829.5 0.4945943851248073 0.24513032111575436
829 0.4945314420246331 0.2450709738476008
828.5 0.4948910459363105 0.24542313585841927
828 0.4949655009085541 0.2455023300989136
827.5 0.4945136790735279 0.24502498157950192
827 0.4947128277354637 0.24525135326582118
826.5 0.49477742707497735 0.24529557176129513
826 0.4949528507353564 0.24547503901605214
825.5 0.4945835839581321 0.2451194209967823
825 0.4944121118363261 0.24494494603876
824.5 0.494470648481275 0.24499834000091375
824 0.49434601079136375 0.2448699703487051
823.5 0.49415894594012366 0.24469196514767366
823 0.49471969966504253 0.2452570671611665
822.5 0.4943212715961225 0.2448476856246762
822 0.4946736376371972 0.24520502995647378
821.5 0.4941954605790304 0.24472982213496344
821 0.49453276261292106 0.24505766027989523
820.5 0.4947805456857775 0.24530907961862392
820 0.4942819309611781 0.24480923091841672
819.5 0.4943748669398846 0.24490548356544672
819 0.49435905677116027 0.24489857084092434
818.5 0.4945547915385224 0.24508339666623322
818 0.4943632127906706 0.24490125122952214
817.5 0.4944734707324398 0.2449914728754649
817 0.4942397998561836 0.24478380420821308
816.5 0.4943536954257504 0.24489398848688945
816 0.4938193254086852 0.24437038066995173
815.5 0.49459263362587436 0.24512808410883746
815 0.49396267014015227 0.24448903680970294
814.5 0.4942134983599495 0.24475157273436676
814 0.4942052710223535 0.2447344215455923
813.5 0.49460719216350124 0.24513569276437125
813 0.4943171429421607 0.2448549007786293
812.5 0.4943485075897007 0.24487893482995468
812 0.4939352783183424 0.24447403590670827
811.5 0.4941552578456809 0.24469318304323548
811 0.4941217641024154 0.24466063389705886
810.5 0.49363091664191844 0.24415455722841192
810 0.4940435230299202 0.24458036940832983
809.5 0.4935443263662668 0.24410337986877195
809 0.49387845958174287 0.24440890247285854
808.5 0.4939998447213899 0.24453428150028114
808 0.4939437617839537 0.24448028104132116
807.5 0.4938260650331331 0.24436720249677782
807 0.49422371697710915 0.24476515890615214
806.5 0.4933558367257009 0.2439153113763323
806 0.4940537290671338 0.24457753976331406
805.5 0.49409816479795443 0.24462999531557894
805 0.49415794693666837 0.24468933108579594
804.5 0.4937035656109703 0.24425074992250598
804 0.4939401811655934 0.24447683979820742
803.5 0.4936406882816484 0.24418183219322004
803 0.49375242395988905 0.24428414871869655
802.5 0.49295733496767885 0.24350334100166235
802 0.4936468862738868 0.24417396427494656
801.5 0.49389419224802844 0.2444330922439977
801 0.49343544708636494 0.24398028987818512
800.5 0.4936231125467663 0.24416010152419185
800 0.49324166766379657 0.24378703328633386
799.5 0.49323191833728314 0.24378240056112102
799 0.4932060911342927 0.24374795890631204
798.5 0.4937250536903675 0.2442569397616159
798 0.4936951036095037 0.2442299419734573
797.5 0.49389319404156157 0.24442610348116886
797 0.4934471538917977 0.24399429526610622
796.5 0.4938429996457077 0.24436204962062816
796 0.4937211491188113 0.24427371843500245
795.5 0.4936426529287041 0.2441784691323717
795 0.49330056953498586 0.24384834604413128
794.5 0.49353120871802747 0.24406623316254164
794 0.4933708856499067 0.24391420956408927
793.5 0.4935504124318858 0.24409083906706056
793 0.492848643712909 0.24339624071661406
792.5 0.49308901390832005 0.24364391604609933
792 0.4931730852161768 0.24370857091978837
791.5 0.49314020501349676 0.24368523032182868
791 0.4929363044919929 0.24347606354788598
790.5 0.49322876658282766 0.24378836781237448
790 0.49344861630336834 0.2440077290459918
789.5 0.49360425007010234 0.24413784924619192
789 0.49315311935135486 0.24369759930360677
788.5 0.49308164326643195 0.24362978702912097
788 0.49308707244328703 0.24363557051156223
787.5 0.4932860062018852 0.24383419008314902
787 0.49344600890162527 0.2439924653271357
786.5 0.4927542845921961 0.24330223028605769
786 0.4932557669418805 0.2438012138112175
785.5 0.49285097943754763 0.2434010456478273
785 0.4936070683168452 0.2441619105542509
784.5 0.49328199092629943 0.24381410788277266
784 0.4929770893022454 0.24353440534320805
783.5 0.4928071548983142 0.24335814695486255
783 0.4930484073693268 0.24357298458569243
782.5 0.4932099543581921 0.24375279920493897
782 0.49304362921805817 0.24359903835491792
781.5 0.4931544289421568 0.2437014375126454
781 0.4930520899993461 0.24359155641587754
780.5 0.4928763505224747 0.24341858073454595
780 0.4925918865872575 0.24315002809573472
779.5 0.4926158012285306 0.24316211274108593
779 0.4931730009476376 0.24371623761910355
778.5 0.49296010146824154 0.24350913738665828
778 0.49280651598910513 0.24335174402508367
777.5 0.4930061127943722 0.24356187626840747
777 0.4922641534798327 0.24283307815567148
776.5 0.4930067034826593 0.24356227065575403
776 0.49317991177459086 0.24372176987781294
775.5 0.4925067040859834 0.24306799433196122
775 0.4928589038665418 0.24341914790042263
774.5 0.4927747258167074 0.24333057886877354
774 0.49295737514223864 0.24349668738240896
773.5 0.49257584789477793 0.24312938434759587
773 0.493150924545498 0.24371712857598754
772.5 0.4924402217557984 0.24300471065921114
772 0.4928174283010195 0.24336205881196876
771.5 0.4923882261086991 0.24295052915938634
771 0.49301395693252 0.24355668870453606
770.5 0.49265022750849036 0.24322124370393444
770 0.49229727723344335 0.24285763485641573
769.5 0.49221434139165127 0.2427704127031645
769 0.4926030412314374 0.24315980538594711
768.5 0.49274604065210825 0.24329927862137027
768 0.4921701823694164 0.24272864605331718
767.5 0.4921931395286408 0.242752827019179
767 0.49279268843955715 0.24334191813329742
766.5 0.49209274233608363 0.2426582274939047
766 0.49196744828590966 0.24253061031423792
765.5 0.4923499168845545 0.2429093203258211
765 0.49208005868493043 0.24263272902791175
764.5 0.4919305968039482 0.2424988071213049
764 0.4921781814476308 0.24275521360416488
763.5 0.49157935405837155 0.24215550166563773
763 0.49224052079790404 0.24280027414673583
762.5 0.49256609540999857 0.24312284575701293
762 0.492077019343985 0.24261964623090723
761.5 0.4917549922785046 0.24232009959323375
761 0.49221160647109435 0.24276333527516222
760.5 0.4916632330521475 0.24224187607260061
760 0.49220420360307665 0.2427542587416892
759.5 0.49203639012989825 0.24260019128752894
759 0.492068255477287 0.2426431637665348
758.5 0.49152743568316837 0.24209474207278184
758 0.49238516588158593 0.2429598691794716
757.5 0.49177744986492467 0.2423512559209641
757 0.4920012027498032 0.24256547367285566
756.5 0.49211790990425713 0.24268036660355594
756 0.49206508280835803 0.242630303056884
755.5 0.4916245488983201 0.24218874352401962
755 0.49201949221416963 0.2425725874105211
754.5 0.49181908530090784 0.24239636336048762
754 0.4919687432006218 0.24253528999599575
753.5 0.49165698916136313 0.2422408943597865
753 0.49176442334666043 0.24233087028692324
752.5 0.49155859932408047 0.24212647650021812
752 0.4913606926400305 0.24194216817030445
751.5 0.4916076629245404 0.2421772195956318
751 0.4913537877237804 0.24192699595626965
750.5 0.4917869496246464 0.2423381041844678
750 0.4912734093713628 0.24185978311827808
749.5 0.49144998575311055 0.2420241102061462
749 0.49167602601156074 0.24225684938945988
748.5 0.4912027841819355 0.24178464675022945
748 0.49180447449911907 0.24237564434593753
747.5 0.4922487179792242 0.24281467041807225
747 0.4916906824857741 0.24225676745846797
746.5 0.49167050355802944 0.2422430426520753
746 0.49151713493063 0.2420912998132226
745.5 0.49121257623869485 0.2417943139073419
745 0.49104692331346006 0.24162454515288548
744.5 0.491515676972407 0.24208582697463613
744 0.49130860698826306 0.24187922354504293
743.5 0.49126743564623265 0.24184208505785215
743 0.49113467759423923 0.24170613838726993
742.5 0.4913908731103804 0.24198032233419983
742 0.4908604792532264 0.241440699350738
741.5 0.49146640505357836 0.24204889879050126
741 0.49138725213298695 0.24196689237426242
740.5 0.4915781277493336 0.24215156480921274
740 0.49089538483839285 0.24148481633411836
739.5 0.4912407828656889 0.24181597021847348
739 0.49074106910542703 0.24132935781259554
738.5 0.4908519855572933 0.24143154812971535
738 0.49076914857507253 0.24138775617205507
737.5 0.49094333902798987 0.24153228717738476
737 0.4905634219447158 0.24116231740200816
736.5 0.4911662312064374 0.2417647343025805
736 0.49075023059411144 0.24134036379270105
735.5 0.4907828565628726 0.24137155956021222
735 0.49158565592187 0.24216154418549407
734.5 0.4906985218467963 0.24128321743399794
734 0.4905851542024347 0.24117153269779718
733.5 0.4913387601956517 0.2419111002677832
733 0.490611399788188 0.24120463481069185
732.5 0.49136469675011535 0.2419473615385236
732 0.49092750529298645 0.24150962085325028
731.5 0.4908338991184549 0.24142282692117054
731 0.49088672778985165 0.24146149281223944
730.5 0.49086170515832933 0.24142946323137102
730 0.49076375860171423 0.24135480915154336
729.5 0.49062608180060924 0.24121910884190195
729 0.49066194560591886 0.24125068750513695
728.5 0.490380761221935 0.24098261210305222
728 0.4908239325640844 0.24141675870237211
727.5 0.4908802082355045 0.24146044075719125
727 0.4906480422987746 0.2412411709268259
726.5 0.4907405450777642 0.24132819142058282
726 0.49117750484526285 0.2417438848853625
725.5 0.49063255902802705 0.2412123163280627
725 0.490004469972284 0.24060258784258495
724.5 0.49035940535801764 0.24095101195626942
724 0.49043514958854656 0.24104316779741344
723.5 0.49047448884053024 0.24107443476649734
723 0.4901603451868979 0.24075500901994462
722.5 0.49065106917883095 0.24124984182818057
722 0.4904150579609548 0.2410200686963223
721.5 0.49047857880980394 0.24108023095561476
721 0.49048065543459257 0.24106865748496936
720.5 0.49036438036013663 0.24095354742346645
720 0.49011991774730596 0.24071060400005792
719.5 0.4901813872907577 0.24077464901542328
719 0.4902538192651771 0.2408367006116795
718.5 0.49088513255973704 0.24147017796705172
718 0.4899298992074859 0.2405511844319404
717.5 0.4897365465939774 0.24034531581362215
717 0.49006559160112156 0.24065356532096518
716.5 0.4895815661565653 0.24020111847785508
716 0.4897498353317354 0.2403529526076776
715.5 0.48960767946955713 0.2402166276201822
715 0.4901049605834785 0.2407071844189227
714.5 0.49058956367321066 0.24119218043175011
714 0.4901000656539292 0.2407021952928913
713.5 0.49009897142540976 0.24070783165207255
713 0.49008468677816913 0.24069100485353007
712.5 0.4896683286430515 0.24027901580911715
712 0.48951441685021535 0.24012393139973198
711.5 0.4899239563903391 0.24053068127562058
711 0.48935134761369675 0.2399794818335497
710.5 0.4901624239027267 0.24074687037965464
710 0.48949392884661674 0.2401132355060811
709.5 0.48948827882098156 0.24011214864673064
709 0.4897020462783588 0.24031950279831268
708.5 0.4896055318843723 0.24021579626005374
708 0.4890802146229964 0.2397112890720617
707.5 0.48961990192654964 0.2402280498895562
707 0.48963860085363853 0.24024783286024523
706.5 0.48986558326989665 0.24047611481067152
706 0.4896817085756359 0.24028975261010727
705.5 0.48913306245983157 0.23976908564910482
705 0.48960404065226987 0.24020314810316984
704.5 0.48919210403798713 0.239804472676657
704 0.48993444256159635 0.2405396106736666
703.5 0.4894094121167652 0.24002700374237015
703 0.4888556755590498 0.23948496880023187
702.5 0.4890928980435038 0.23971747292433918
702 0.4896244366123209 0.24023055759140854
701.5 0.48912309632430884 0.239752649602603
701 0.48934494681912377 0.23996509139587074
700.5 0.48922141049871226 0.23984209103974677
700 0.4898022916220894 0.24040399896917852
699.5 0.4894605100250009 0.24008373383994058
699 0.4890173306968376 0.23963835592131094
698.5 0.48936852568526856 0.2399836761170295
698 0.4890828569431086 0.2396944078349102
697.5 0.4893176533826262 0.23992904316202765
697 0.48924032706184223 0.23986158411889047
696.5 0.4891246464554403 0.23974646801946442
696 0.48896704771293686 0.23958767635899375
695.5 0.48920709685378816 0.2398367406068413
695 0.48900536427743363 0.2396487141610441
694.5 0.4887823834327604 0.2393996105920689
694 0.488943283195239 0.23957370155354793
693.5 0.4883740795435985 0.23900964476333125
693 0.4892363271518121 0.23986102043205085
692.5 0.4893899933536898 0.23999898133128644
692 0.4886974187698858 0.23932956492631927
691.5 0.48847623765826637 0.23911166400370792
691 0.48863270860189506 0.2392732586903377
690.5 0.4884205465269583 0.23905257959914528
690 0.4888106577638883 0.2394358151770434
689.5 0.48862177148586494 0.23924800567305401
689 0.48831600402850717 0.23897136294307267
688.5 0.4884334783539305 0.23908658188388837
688 0.4884277621165722 0.23905863421087772
687.5 0.4888120950403362 0.2394442761782224
687 0.4880444352843927 0.23867535329512282
686.5 0.48890417326911684 0.23953563780319906
686 0.48779358120664107 0.23845847057468866
685.5 0.48835370843231507 0.23898612918775214
685 0.4882246522337812 0.2388832121763941
684.5 0.4883981578557226 0.2390392605749487
684 0.48811225897628246 0.23875397075408558
683.5 0.4883385931867177 0.2389826093689282
683 0.488294268964235 0.23893205464597078
682.5 0.4884200825206638 0.2390540874063954
682 0.48861579724101756 0.23925481069350105
681.5 0.4888100934993616 0.23944166687755397
681 0.4882735909891344 0.2389131786097575
680.5 0.48787041578992046 0.23852283280562953
680 0.4882560725240842 0.23889073019833051
679.5 0.4880008263003622 0.2386471138406162
679 0.487375379624763 0.23804039472981195
678.5 0.4875812063933295 0.2382355124590876
678 0.4880678050102806 0.23870275066059277
677.5 0.4880147028338499 0.23865865565091335
677 0.4877469597022938 0.23840388546537492
676.5 0.48830470554697986 0.23894594502328317
676 0.48785793602887895 0.2385119497452592
675.5 0.48781921470424483 0.23848043559064844
675 0.4875555469111679 0.23822191342955062
674.5 0.4878180936845934 0.2384769140042289
674 0.4880368716450457 0.23867176964159154
673.5 0.48827982908574896 0.23892285512451866
673 0.48784003493031897 0.23849522284683972
672.5 0.4874681376084594 0.23813517223568806
672 0.48753774026220487 0.23818524716343925
671.5 0.48743785619343544 0.23809443159932367
671 0.4878038753243389 0.238457932096547
670.5 0.48755047238947663 0.23820678106999316
670 0.4869167493882677 0.23759817002443753
669.5 0.4876025991399768 0.23826585842606496
669 0.4873244383941022 0.2379911175586165
668.5 0.48709701921132215 0.23777745316973853
668 0.4874947762199701 0.23816255816304077
667.5 0.48779893526260004 0.2384493275844845
667 0.48751838568827327 0.2381769041827551
666.5 0.4869875220670125 0.237649577351892
666 0.4873183787671405 0.23798997573885355
665.5 0.48744533146769803 0.23810252496452336
665 0.4872253234895938 0.2378969274357687
664.5 0.4870114596474242 0.23768914191881008
664 0.4870157452131872 0.23768632926481606
663.5 0.48746008002193314 0.2381294502897333
663 0.48724081966798694 0.23791163916860492
662.5 0.48736377034382466 0.23803450127892034
662 0.48693888154181164 0.23760132327331618
661.5 0.48715250178191477 0.23782362010967914
661 0.487371366923488 0.23803701111628436
660.5 0.48677335034410435 0.23744920633799005
660 0.4870717577927336 0.23774020440784063
659.5 0.48683152707909366 0.23750910344890433
659 0.48676310293357533 0.23744588929951527
658.5 0.4869884102142185 0.23766910405663372
658 0.48707709407969363 0.23774359192801606
657.5 0.48737878890341063 0.23803671381290067
657 0.486832715607462 0.23749898535478062
656.5 0.4865811316824207 0.237283667900928
656 0.4871507300264519 0.23781082078667626
655.5 0.4866433531124474 0.23732143856157364
655 0.4869295213241845 0.23760104569939597
654.5 0.4870305789570395 0.23770880378098
654 0.4867972300866365 0.23749156496174956
653.5 0.4867092713644383 0.23739951227230305
653 0.4865536746487371 0.2372378528060131
652.5 0.4866341555055052 0.23730761961370891
652 0.4866434710538673 0.23732374913574183
651.5 0.4869671243778784 0.2376510477263741
651 0.4863424716378993 0.23703892717175237
650.5 0.4862585186888719 0.23694499511687242
650 0.4861161374384611 0.236823741249543
649.5 0.48633142085483105 0.23703281344238286
649 0.48625949837899846 0.23694223659650235
648.5 0.48644833911251695 0.23712485041239245
648 0.48625367407038794 0.2369515766791168
647.5 0.48621941533056684 0.23690840853549805
647 0.4862695499320358 0.2369681872337192
646.5 0.4865364671384811 0.23721887314340614
646 0.48592469047529535 0.23662264219276913
645.5 0.4861551704043962 0.23683738522498948
645 0.4859996845723578 0.2367145252102536
644.5 0.48617366180588556 0.23686381595480946
644 0.4860877367841905 0.23679052930880323
643.5 0.4859150179703757 0.23660902901304112
643 0.4859151017125226 0.2366312984138091
642.5 0.4859111558966322 0.23660823926530672
642 0.4859588596707493 0.23666510869146112
641.5 0.4854085567937313 0.23612043331036864
641 0.4857389726687975 0.23644865167508633
640.5 0.4857896386974426 0.2364800516787243
640 0.48573912286694204 0.2364555533873842
639.5 0.48581048285286027 0.236529582769186
639 0.4857422741230653 0.23645582293858097
638.5 0.48597675264240814 0.2366815590972468
638 0.48520420954321225 0.2359364766823028
637.5 0.4858969817038787 0.23659449918014602
637 0.48560785545936863 0.23632509206768007
636.5 0.4855790916006041 0.23629775204019257
636 0.48508480844288016 0.23581182063642175
635.5 0.4853420350299495 0.23606563634633063
635 0.48531208797584335 0.23603039904174683
634.5 0.4853776438833142 0.23609422566692848
634 0.4851526636798492 0.23588564763225875
633.5 0.4851713457337384 0.23589645646835536
633 0.485375174727555 0.2360896306587386
632.5 0.4841406256394827 0.23490517653004503
632 0.4850860944832266 0.2358110805957625
631.5 0.4850897925603606 0.23582315170536267
631 0.48499446894010145 0.23571403121904946
630.5 0.48575151699726327 0.23647454582543082
630 0.4852692407876564 0.23598902839505342
629.5 0.4852561148853367 0.23598221275728726
629 0.48485961915167947 0.23559065484342226
628.5 0.4844762455307908 0.23523079185449453
628 0.4847454868988845 0.23548190744760414
627.5 0.48523810525299743 0.23595803235855528
627 0.4847087786241042 0.235440658210654
626.5 0.48489856204688103 0.2356288666539167
626 0.4849524569492768 0.2356953803347367
625.5 0.4850316697934861 0.23577443623902747
625 0.4845380641964813 0.23529001811356973
624.5 0.4849115472102128 0.23564307579165203
624 0.48535847621703126 0.2360752381486176
623.5 0.4851669255612755 0.23589475978353966
623 0.48481321170973823 0.23555834493564698
622.5 0.4844858349884162 0.2352388018912894
622 0.4844427689938133 0.23519281188868332
621.5 0.48484954440196293 0.23558562945499664
621 0.48463388795100243 0.23538362892927195
620.5 0.4845307384150305 0.2352697043822614
620 0.48488861583658194 0.2356333233079179
619.5 0.48439881666467816 0.23514296904905246
619 0.484478675266091 0.23522308090779828
618.5 0.4840751399715532 0.23483963715846515
618 0.48441019690356996 0.23515697965999596
617.5 0.4838855311251799 0.23465464639512487
617 0.4840083450481273 0.234773951514547
616.5 0.4835988530584995 0.23438787991217622
616 0.48453074769921134 0.23526808905174512
615.5 0.4843622201203002 0.23511309744538442
615 0.48424479588656344 0.23500167654613177
614.5 0.4840189625409451 0.2347810966215799
614 0.4836259786978679 0.23440323267671892
613.5 0.4839207668330399 0.23469732938287888
613 0.4839418825477547 0.23469762916536044
612.5 0.4841619333212732 0.2349190794104509
612 0.4841698323496775 0.23492726579555673
611.5 0.4841767379915983 0.23494567746353046
611 0.48359865115903333 0.23438545923405843
610.5 0.4832008476336301 0.23399310979489937
610 0.4840795261444065 0.23482663175371266
609.5 0.48329632022918323 0.2340853650040207
609 0.4836128437160576 0.23437552399819175
608.5 0.4837508016015886 0.23452857153303508
608 0.48348764371162245 0.23427056171970242
607.5 0.48391222809371964 0.2346805867217049
607 0.48381741084058655 0.2346036821199822
606.5 0.4842894362314039 0.23504057224564434
606 0.48334526870931616 0.2341288553610423
605.5 0.483406899169971 0.2341775458442077
605 0.4832769148296159 0.2340744517785114
604.5 0.48402866778643644 0.234797071564743
604 0.4832209702996968 0.23401904859810851
603.5 0.48357222182482545 0.23434726591937066
603 0.4829636836916842 0.23376586181555403
602.5 0.48331590263794233 0.23410078522213368
602 0.48326066682922697 0.23405126807328655
601.5 0.48273371679910526 0.23355065517880128
601 0.48279625384310343 0.23360216155192395
600.5 0.4833387326093629 0.23413212799302813
600 0.4826138239718595 0.23342421602793215
599.5 0.4824758792796081 0.23328043398557366
599 0.4828205359188527 0.23363340537129496
598.5 0.48326914157920886 0.23406628336886615
598 0.4830150064253791 0.23381286648477606
597.5 0.48333674477404853 0.2341142157296586
597 0.4828513199978387 0.2336638181386198
596.5 0.4825882382020846 0.2334128272072003
596 0.4832989452098386 0.23408802602035503
595.5 0.4832697215960351 0.2340645146278364
595 0.48261145728678917 0.23340147138291129
594.5 0.48232491842100933 0.2331268550327213
594 0.48275379268709495 0.23355631909883734
593.5 0.48260227806925904 0.2334098786800474
593 0.4819079216606136 0.2327458876213093
592.5 0.4831255831804944 0.23391605891318368
592 0.4826699841174218 0.23347634915193227
591.5 0.4823681935429745 0.23319284353749845
591 0.48267263340253064 0.23348834358917012
590.5 0.4830022505926709 0.2338001782168628
590 0.48226971348228187 0.23309115623882126
589.5 0.48269725536944147 0.23350997864467374
589 0.48252602213858115 0.23333474921968134
588.5 0.48191555737634273 0.23274772848297473
588 0.4827159926815177 0.23352191312842122
587.5 0.48227589554303907 0.23310052161116185
587 0.48189346647330195 0.23273138774175836
586.5 0.48209550019133135 0.23293422754645837
586 0.48190356206718993 0.2327396038892007
585.5 0.4823258064101303 0.2331471477190925
585 0.4824031203556433 0.23323121079386855
584.5 0.4817632005091225 0.2326300829175776
584 0.4818288148373118 0.2326553089580891
583.5 0.48199368591770264 0.2328255564881396
583 0.48180137705273296 0.2326422166054641
582.5 0.48200507235624 0.2328367894673768
582 0.4818898137629466 0.23272712072735274
581.5 0.48217050356809477 0.2329956213979371
581 0.48167272714499626 0.23252022457945665
580.5 0.48142838568664653 0.23229082646749477
580 0.4815838682930076 0.23243080785223993
579.5 0.48180615208132577 0.23265311622513415
579 0.4812543688320648 0.23212370911944996
578.5 0.48182461649982933 0.23266348710970142
578 0.4812426424990317 0.23209968601758196
577.5 0.4816478335867948 0.2324978155449073
577 0.4812949461976158 0.23215154387706824
576.5 0.481574953033616 0.23241966940274433
576 0.48124692319933765 0.23208848302471274
575.5 0.4814318667564477 0.23227942752791605
575 0.4814581924883188 0.23231821119416737
574.5 0.4816571224827586 0.23248783936979828
574 0.48172226686589514 0.23256971505227733
573.5 0.4809257022518155 0.23178927997164517
573 0.48110507298948485 0.2319904264488378
572.5 0.4812056518808201 0.2320677773441225
572 0.4810440878164934 0.23190740412798105
571.5 0.48057357981819926 0.2314662956814946
571 0.4809780694908671 0.23185670780685375
570.5 0.4812800159633778 0.23214001750002825
570 0.48120798392056335 0.2320665418049603
569.5 0.4810573138006682 0.23193287361813497
569 0.48080047469873194 0.23167249821010563
568.5 0.48108528342577156 0.2319474217140934
568 0.480779946330075 0.2316713083082293
567.5 0.4802755920715538 0.23117553089023524
567 0.4806505662696262 0.23151700502186648
566.5 0.48101351564705563 0.23187593890858843
566 0.4803786818085762 0.23126141035056544
565.5 0.4805249816706371 0.23140185889033676
565 0.48033890112560423 0.23124676728069465
564.5 0.48043927227449446 0.23133157813716013
564 0.4803094264758837 0.23121556454140554
563.5 0.4803761658095628 0.23127347773498405
563 0.47986624188209587 0.23077495490486066
562.5 0.4807864807027584 0.23167112349223928
562 0.4800259416331385 0.23094239571535366
561.5 0.480611347572852 0.23150458562569462
561 0.4802396230518591 0.23114366093738706
560.5 0.4801959976666546 0.23109793784188698
560 0.48046827192048736 0.23136571722414812
559.5 0.48035241115089333 0.23124619947708241
559 0.47954795762812286 0.23046681498376595
558.5 0.48028272305620023 0.2311709043374573
558 0.4799928947311071 0.23091126268070433
557.5 0.47994551245981604 0.2308677457207779
557 0.47985186903375987 0.2307701252788658
556.5 0.4801044888318286 0.23099228101797806
556 0.4798717692427504 0.23079026394133614
555.5 0.47964550996837885 0.230560571974152
555 0.4798863029191571 0.23080422358138047
554.5 0.4796303100023265 0.23056703476928805
554 0.4801421460790023 0.2310435570939118
553.5 0.47938570516326057 0.23032095431197852
553 0.47950214808503105 0.23042869177490266
552.5 0.4795069757361139 0.23043173550468457
552 0.4794771065732646 0.2304092517627327
551.5 0.4795646716816075 0.2304886267145904
551 0.4797636969982759 0.2306852854371797
550.5 0.4787147498429841 0.2296657295790252
550 0.4791209999841673 0.2300723152649814
549.5 0.47913606606739056 0.2300782966968837
549 0.47892499976774433 0.22987026413111966
548.5 0.47938171312479233 0.2303150963772322
548 0.4791310158403295 0.23007422646826212
547.5 0.47893487061252316 0.22988585344734985
547 0.4790885639546936 0.23003216804451765
546.5 0.4790841301650727 0.2300293235217491
546 0.4788560006564997 0.2298196305628997
545.5 0.4787682449399428 0.22972537615849048
545 0.4792003144149185 0.23014378301932714
544.5 0.47845583218187904 0.22943964700804628
544 0.47874410937049133 0.22970649236438068
543.5 0.47889736485693735 0.22984669954376183
543 0.47877866366280997 0.2297260701606553
542.5 0.47889166958611745 0.2298447498795837
542 0.47876027360818224 0.22971362343153742
541.5 0.4786430675680583 0.22960288206731883
541 0.47840055496975786 0.22937016767581958
540.5 0.4787256255247186 0.22969096823266277
540 0.4783062068588772 0.2292969217911984
539.5 0.47824268204531206 0.22923593476758292
539 0.4789977299045534 0.22993302562553353
538.5 0.47821941075029034 0.22923213493784272
538 0.478490384707013 0.2294691874343043
537.5 0.4779996685194551 0.2290046984560829
537 0.4781298876226397 0.22911429438496808
536.5 0.478404980285718 0.22938200476855933
536 0.4781474518027395 0.2291268071870875
535.5 0.4786057197598224 0.22958135353977116
535 0.47785009369527925 0.22886090230384304
534.5 0.47781256669496147 0.22881212253970348
534 0.4779317509781948 0.2289268216862307
533.5 0.4782023630710429 0.22919514424284473
533 0.47742034886902857 0.22843559970810937
532.5 0.4771154614294288 0.22815442183957027
532 0.4777514699708599 0.22876360161256418
531.5 0.47722037384077703 0.22824978716871352
531 0.47713989250281713 0.22816251036295104
530.5 0.4778943205867331 0.2289108799122064
530 0.47746207381424094 0.22848769721650547
529.5 0.47711568076260896 0.22815739791382472
529 0.4775627493578169 0.22857349433782012
528.5 0.477703712755809 0.22872279563757109
528 0.4769698599009479 0.22801337485405015
527.5 0.47703715914355993 0.22807520653898491
527 0.477619545150661 0.22862395400950775
526.5 0.47694518001278063 0.22799436324908925
526 0.4771700971525344 0.2282051592103571
525.5 0.4771825661540579 0.22822296316929117
525 0.47688276182334893 0.22792252796440823
524.5 0.4770356348783603 0.2280808234558726
524 0.476632770713331 0.22769527201688938
523.5 0.47671628362064256 0.22775552741314234
523 0.4764363239199851 0.22749728589616414
522.5 0.4768170931926736 0.22786852175920846
522 0.4770381918023267 0.22806098820917686
521.5 0.47673187564099645 0.22779930240145743
521 0.4767428990363999 0.2277979148822207
520.5 0.4771024336357983 0.228134263293922
520 0.4766200959541167 0.22767881314151925
519.5 0.47641029086922276 0.22748508371473097
519 0.477145949029323 0.2281867681057394
518.5 0.4767345300199043 0.22779303517987318
518 0.4761397398332304 0.22721061142826063
517.5 0.4766647871016471 0.22771750990768413
517 0.47657642922233107 0.2276380220273463
516.5 0.47666490156749125 0.22771437542490378
516 0.4762572326449817 0.22732476916647226
515.5 0.4756543370814318 0.22675642187987585
515 0.4764432117311962 0.2274983083734948
514.5 0.4760443817408848 0.22713662988697905
514 0.476231854285404 0.22731600290248466
513.5 0.47591560408886247 0.22700990283091946
513 0.47624289570665973 0.22732291357818601
512.5 0.47587491813545485 0.22698245445752296
512 0.4763771295555697 0.22744805833206402
511.5 0.47563008522425093 0.22673516522296927
511 0.4755432998945767 0.22665139694704933
510.5 0.4761823551002509 0.22725224935285535
510 0.4758802512322547 0.22697959084210437
509.5 0.47514722343478566 0.2262850316303706
509 0.47604995352847224 0.2271368934949503
508.5 0.4759208440352371 0.22703495639868265
508 0.4752432311910809 0.22637445769422887
507.5 0.47541230524584244 0.22652189984420737
507 0.4749763274226 0.2261193776744491
506.5 0.47522804858341305 0.22636781109269816
506 0.4756885486422287 0.22680407282339657
505.5 0.47507416372818123 0.22620281725458133
505 0.47491378655597366 0.22605398388239673
504.5 0.4748321214129804 0.2259793654566959
504 0.4747725432894278 0.22592979206567085
503.5 0.4745176773158068 0.22568115455447704
503 0.47535753796121194 0.2264893021795202
502.5 0.47500555851023213 0.2261421969764807
502 0.4747429353045869 0.22588815578979152
501.5 0.4749185829437828 0.2260660015036273
501 0.47473606037661586 0.22588596599248725
500.5 0.4741778343042155 0.22535462534867637
500 0.4745004378434067 0.22566658409410925
499.5 0.4746159601297316 0.2257750126162231
499 0.47500671595496524 0.2261414109588146
498.5 0.47417841004666916 0.22537560002330395
498 0.4743403863428905 0.22551168994951265
497.5 0.47438768892768746 0.2255593122849284
497 0.4743087884245397 0.22549588009268237
496.5 0.47452792622463474 0.22569987272701195
496 0.47411692561798574 0.22531042370028712
495.5 0.47396226951115644 0.225148984487363
495 0.47364652719845207 0.22486532944149148
494.5 0.4735513960302783 0.22475798647584844
494 0.4739733562958044 0.2251687409457084
493.5 0.47414415558957274 0.2253159255635928
493 0.47371625298955705 0.2249189249429257
492.5 0.47363979983720716 0.22485505261209335
492 0.47381807717905616 0.22501232788514544
491.5 0.4738617100248291 0.22504809098786785
491 0.47394283060169756 0.2251310160984114
490.5 0.4737091402526479 0.2249228079847481
490 0.4738404482185291 0.22504777888525254
489.5 0.47330121091095284 0.22451999813170054
489 0.4737848470826945 0.22498306408659563
488.5 0.473491758273906 0.2247173757515702
488 0.47252046020293204 0.22378903423718707
487.5 0.47319985924946134 0.22442339891637328
487 0.47325873610432 0.22447961596979793
486.5 0.47315871171885965 0.2244078922856311
486 0.4728720696987837 0.2241267324773835
485.5 0.47292121307405777 0.2241648178428874
485 0.472911918589685 0.22415883529510364
484.5 0.47306208285393303 0.2242995624621069
484 0.47279307659917774 0.22405381721619144
483.5 0.47298847521917764 0.2242281602645642
483 0.4727094862082566 0.22396049133200813
482.5 0.47261946693229484 0.22387820466834293
482 0.4731600395589711 0.2243957485010669
481.5 0.47274781503256985 0.22400488289964476
481 0.47220541441433644 0.22349385138559472
480.5 0.47269354999023794 0.2239554581679339
480 0.4724359380732628 0.223703994884865
479.5 0.4723120710996134 0.22358639555477386
479 0.4721464160104214 0.22343431757248564
478.5 0.47240030000888733 0.22368365543064875
478 0.47213294551193113 0.2234160144525491
477.5 0.47194826294025016 0.22326120629711102
477 0.47226060145735743 0.22353476139832973
476.5 0.4723378568230164 0.22362815087601975
476 0.47217815718464196 0.2234658162381456
475.5 0.4721004192395239 0.22340280951514985
475 0.47195962975975425 0.22325161494884527
474.5 0.4722609444501895 0.22353630216006437
474 0.4720654780114812 0.22335788178456797
473.5 0.47172239299429425 0.2230372257404252
473 0.4720882449072082 0.2233769394645202
472.5 0.472060974195034 0.22335583051240954
472 0.47154867837827635 0.2228750091303284
471.5 0.47119334789269895 0.22253281399497496
471 0.47129796347463765 0.22264063100717987
470.5 0.47113536655106164 0.22247650387249887
470 0.47128710957780995 0.2226361738045961
469.5 0.47116026544888 0.2224977964252152
469 0.47060238394383447 0.22198207181601698
468.5 0.4709017329923443 0.22227363256934562
468 0.47090093094022667 0.22226876532479606
467.5 0.4714045852797185 0.22273673810138414
467 0.4706247800096343 0.2220013094625039
466.5 0.4713994237430973 0.22273272608077896
466 0.47098394902465784 0.22233867343584923
465.5 0.4710564360210538 0.22241026667744943
465 0.47068995690526455 0.22205419109234262
464.5 0.470876397090116 0.2222390403835889
464 0.4708825127276628 0.2222410797868493
463.5 0.4707927001667672 0.22215718098502849
463 0.47083324507958907 0.2222026704794863
462.5 0.4708907051620273 0.22224658096282657
462 0.470278974540263 0.2217019108204626
461.5 0.4703887988353665 0.22179796913850883
461 0.4703305554333823 0.2217174814569439
460.5 0.4702508561105946 0.2216663797716755
460 0.47039051728355863 0.22177512913371156
459.5 0.46993197645955764 0.22136703254152687
459 0.4703954968162294 0.22177822819149992
458.5 0.46972622109071954 0.22115601941551175
458 0.4700722172211121 0.22148550316365193
457.5 0.46982834590277617 0.22125319729944812
457 0.4696609251829132 0.22109917694950362
456.5 0.46964380691905805 0.22108716461879352
456 0.4697141930458979 0.2211476926623789
455.5 0.46929653662624915 0.22075591991827298
455 0.4696990084863869 0.22113417150785195
454.5 0.46946037193988366 0.22091924777723965
454 0.46886970573885345 0.22035593198560585
453.5 0.46885406582120437 0.2203485470515082
453 0.46901213747468307 0.22049081382834587
452.5 0.4695834790213972 0.22102951830550843
452 0.46887399038461613 0.22036289918744664
451.5 0.4690231240541688 0.2204914367544578
451 0.469376664108012 0.22083461301631407
450.5 0.4691648664380044 0.22064189325805944
450 0.4687713550328219 0.22026538069750323
449.5 0.4691807237406735 0.22064358411691734
449 0.46855964371386205 0.22006844391418875
448.5 0.46886373821298855 0.22036932533846396
448 0.468719636562647 0.22019958279615223
447.5 0.46876997481357596 0.22027100656772905
447 0.4687989639083494 0.2202947598897938
446.5 0.46894233496623294 0.2204501956913406
446 0.4683902899529607 0.21989624671518657
445.5 0.46823665378864204 0.21976063360026765
445 0.46843646776120323 0.21995974254493775
444.5 0.46785377224617897 0.21940941579283263
444 0.46774624684464955 0.219302369790985
443.5 0.46818452177957254 0.2197146549882351
443 0.468271793982504 0.2197903174399882
442.5 0.4678501888162097 0.21940125508134203
442 0.4675711194749917 0.21913226779393988
441.5 0.4682319158581048 0.21976483466904806
441 0.4674836814262993 0.2190627914231109
440.5 0.4681094413821195 0.2196425881993482
440 0.46723636529076784 0.21882590553356632
439.5 0.4678151214308191 0.21936491077017695
439 0.4675876284672801 0.2191502037283604
438.5 0.46715002863005606 0.21874468398948071
438 0.46791214888117955 0.21946551674268222
437.5 0.46700819489376866 0.2186173568292329
437 0.46663974864223146 0.21827738691191173
436.5 0.4667424490225491 0.21837209276567923
436 0.4675284498485226 0.21910770440576888
435.5 0.46698092484422915 0.21858508047726544
435 0.4668904644764571 0.21850769131434425
434.5 0.4669715068175676 0.21858754647525055
434 0.467184969452517 0.2187784560569609
433.5 0.466804360753987 0.21843560485415212
433 0.46643497349495755 0.2180779046220673
432.5 0.4666069709704315 0.2182351796789296
432 0.4664778475945688 0.21811230100490125
431.5 0.46609530198400123 0.2177722041227948
431 0.46645815966215654 0.21808971476524802
430.5 0.46590637864216555 0.21759056640867921
430 0.4666618891072951 0.21829292404221656
429.5 0.4660497906259324 0.21773424608418335
429 0.46641888306786256 0.21806125472021812
428.5 0.4658102781003488 0.21749216920166609
428 0.4662929077327854 0.21796966949276023
427.5 0.46590022784017077 0.21758033027451598
427 0.46591315162166835 0.21759477797194746
426.5 0.46513172668753117 0.2168646318131025
426 0.46578080491797 0.21746889236411407
425.5 0.4661888752364031 0.21784425270655036
425 0.46564988516418326 0.2173349553477444
424.5 0.4653600826448767 0.2170834021456222
424 0.4655894669095703 0.21728443996955857
423.5 0.4651387644998716 0.2168653426190281
423 0.464927953195905 0.21666651442086526
422.5 0.46533446666432743 0.217054330843403
422 0.46504301755020727 0.21678976983023132
421.5 0.46576991898021913 0.21745817766376804
421 0.46485292079958274 0.2165975169198678
420.5 0.46477517067241697 0.216537633458161
420 0.46459978059154816 0.21638198618789464
419.5 0.46442358802252903 0.2161970319161308
419 0.4650511176543009 0.21677730359000222
418.5 0.4645246359959255 0.2162923478814324
418 0.46478270269580085 0.21654450990655236
417.5 0.464422488011244 0.2162054456485439
417 0.4638864834557812 0.21571017347427773
416.5 0.4640260948184116 0.21583440403737297
416 0.4642533326750992 0.2160455658943744
415.5 0.4639182650188004 0.21573836506139293
415 0.46367504007418053 0.21551870273336102
414.5 0.4638688053169253 0.21568993767674274
414 0.46398619753641396 0.21579368475654503
413.5 0.4646021887824131 0.21636189837112488
413 0.46415742834812324 0.2159399325683854
412.5 0.46334199568264606 0.21521060137555453
412 0.4633388605292676 0.2151989572160691
411.5 0.4631571938935025 0.21504059174750847
411 0.46376546302509386 0.21560379809082353
410.5 0.4635352415233334 0.21538250886898538
410 0.46309205387544494 0.21498865264157882
409.5 0.4632286534233184 0.21510317988879393
409 0.4640164583248063 0.21583072504482004
408.5 0.462668521088565 0.21459570113574808
408 0.4627066037719693 0.21461757609317472
407.5 0.4634354416190389 0.21529404446998207
407 0.46259463381641003 0.2145174877323873
406.5 0.4625906752458705 0.21451186587837917
406 0.46222987775964935 0.21417637900611566
405.5 0.46178011956971665 0.21375315087942803
405 0.46288195495169954 0.2147869929846815
404.5 0.46227305304120053 0.2142147976057797
404 0.46251799415402955 0.2144519451465758
403.5 0.4617535981281378 0.21373769492292946
403 0.46209009050884914 0.21403899730449047
402.5 0.4614172804251771 0.21342424614972927
402 0.4621201368389632 0.21409141502364668
401.5 0.4617712116495477 0.2137480442124568
401 0.46159467857312136 0.21358167499371297
400.5 0.4619559086591736 0.2139374544777571
400 0.4615286798139045 0.2135166245765607
399.5 0.4613711676647332 0.21337256166717616
399 0.46139030444838364 0.2133903143439396
398.5 0.46157142485701275 0.21357562854418874
398 0.46121957197567814 0.21324839151283773
397.5 0.46174678090097504 0.2137241620660313
397 0.46141676128576203 0.21340904581755074
396.5 0.46150506422995313 0.21350613898162757
396 0.46172303459984737 0.2136881813872397
395.5 0.460904368839583 0.21296078149645856
395 0.46031639445297956 0.21241431799805222
394.5 0.46069440270444073 0.21276257788039754
394 0.4602732078717121 0.21238178674100913
393.5 0.46024248950353186 0.21234473669497578
393 0.46022056708083714 0.21231796953764145
392.5 0.46079279712804305 0.21284669573162784
392 0.4596704346386413 0.21181062452876429
391.5 0.46071788511305944 0.21278413181363356
391 0.4601961448975714 0.21229047981790117
390.5 0.4604905094594906 0.21257152913915603
390 0.4600907170679456 0.2122036690555635
389.5 0.4592172882991319 0.21140550027705027
389 0.4599243074024777 0.21203857111981808
388.5 0.45996319026172594 0.21208479445177167
388 0.45976206547412213 0.21189715182520305
387.5 0.45960969672984414 0.2117582987783152
387 0.45976547443930293 0.21191017844133914
386.5 0.4590582425603025 0.2112531226973854
386 0.4586559040041002 0.2108875166652954
385.5 0.45963363307942195 0.21177592988407185
385 0.45843445041491065 0.2106990967871352
384.5 0.4593118460278574 0.21148589151160468
384 0.4587912685103493 0.2110005562188782
383.5 0.4591789135945211 0.21137477904393714
383 0.4593351938634832 0.2115148969340511
382.5 0.4586776425823297 0.2109135302705041
382 0.4579990590304344 0.21027690398498008
381.5 0.458264777945023 0.21052159552627933
381 0.4578685779199475 0.21016742886229942
380.5 0.4577684558059122 0.2100708367167997
380 0.4582296068502348 0.2104984474696788
379.5 0.4584236292504717 0.21068478435915605
379 0.457971566190997 0.21027319778903306
378.5 0.45824484520393594 0.21050762304757575
378 0.45792969081900564 0.21020879612057608
377.5 0.4582230670050858 0.2104966333460319
377 0.4576918334768512 0.20999770256863895
376.5 0.4575100364194159 0.20984118864131876
376 0.4574948011180781 0.2098299917833634
375.5 0.45735766595927235 0.2096974471900161
375 0.45781027615894343 0.21010917524418102
374.5 0.4567813521853775 0.20916985118500642
374 0.45719620377418146 0.20954171514972522
373.5 0.4568583344041568 0.20924407510235724
373 0.45729361931656903 0.20964117971679574
372.5 0.4570591869795178 0.20941012472293552
372 0.45693596985688784 0.20931227965531
371.5 0.4565531455275314 0.20895286930866633
371 0.4566947039350329 0.20908793118112723
370.5 0.4563031388058859 0.2087434766730023
370 0.4565319796742771 0.20893808083325197
369.5 0.4561483924926284 0.20861286046780858
369 0.4563252354581086 0.20874345499689598
368.5 0.4559009558653394 0.20837669908038672
368 0.456967305566571 0.2093520274453758
367.5 0.45571195864908476 0.2082052451538275
367 0.4560490966244023 0.20849751623751608
366.5 0.45508905691053886 0.20762577468899035
366 0.4550879622134895 0.207628580445882
365.5 0.45558389963850354 0.2080736064511668
365 0.45528443939504315 0.20781150509776464
364.5 0.45524763390474093 0.20777468265602617
364 0.4552600249396506 0.20777360096458047
363.5 0.4549720995600677 0.20751020367305567
363 0.45491152577143334 0.20745916585324614
362.5 0.4551763406783616 0.2077090311898767
362 0.4548184943626405 0.20738244099236852
361.5 0.45445420411323223 0.2070654748058479
361 0.4543097385442178 0.2069186231960552
360.5 0.45391926462606175 0.20655962742968892
360 0.45467449291739204 0.20724403024332852
359.5 0.45454668945056076 0.207145641890701
359 0.4542572644083757 0.20688996351453337
358.5 0.45423647092658054 0.20684648466412667
358 0.4543843460205208 0.20698909620668085
357.5 0.4537875646567991 0.20644465288405595
357 0.4540349847009817 0.20668112761410676
356.5 0.4533171790662625 0.20601899759945871
356 0.45386975929616463 0.20651312143593578
355.5 0.45392751894197225 0.20656462293324904
355 0.45337129647380436 0.2060802613923457
354.5 0.45323516229862765 0.20593853568296266
354 0.4531851789316569 0.20588182830406157
353.5 0.4535770407395633 0.20626178738439124
353 0.4530833818363544 0.20583672127247574
352.5 0.4531312833160901 0.20584769431579952
352 0.4525762566920422 0.20534575396128354
351.5 0.452239438019705 0.20503944686451367
351 0.4530982382750896 0.2058128455654694
350.5 0.45240922361496305 0.2051962598895796
350 0.452299618253558 0.2050914057514591
349.5 0.45203052777162694 0.20485378481675232
349 0.45229167075986154 0.20509286201493118
348.5 0.45179979471769 0.20464378004133255
348 0.4522656781047515 0.20507532869245007
347.5 0.45163852635036245 0.2044960938156739
347 0.45119887549829835 0.2041054689802332
346.5 0.4514069315154809 0.20429468636562914
346 0.4516129189951583 0.20447840046931962
345.5 0.45119749601537174 0.20409251410556273
345 0.4514164632176888 0.2042849795458621
344.5 0.4507898226915455 0.2037474247955716
344 0.45144928952805397 0.2043185837737837
343.5 0.45115198538019485 0.20405743678065927
343 0.45099463596710504 0.20391343987638585
342.5 0.45068418484562434 0.20363825781668296
342 0.4512122113029541 0.20410813284008358
341.5 0.4506698712617966 0.20362366828247294
341 0.4500679737487019 0.20306587193082437
340.5 0.45064242660772047 0.20359827636107544
340 0.45025869479152025 0.20325551514705514
339.5 0.4501071297294189 0.20311075107506513
339 0.45013344290241863 0.2031405150943683
338.5 0.449792773244967 0.20283964821568132
338 0.449747086103268 0.20278224744232382
337.5 0.4497077157982527 0.2027543125209525
337 0.44889514050038387 0.20202668756197428
336.5 0.4493391649250587 0.20242436756565105
336 0.4494444103647295 0.20251887501651875
335.5 0.4489674747073312 0.2020965034335534
335 0.44927112422078574 0.202358085875097
334.5 0.44870593860812524 0.20185863158654313
334 0.4483086231645196 0.20149230270053306
333.5 0.44870540601209247 0.2018543369043125
333 0.4488704171112485 0.20201074581110956
332.5 0.4483073802906287 0.20149937352766936
332 0.4486865698467392 0.20184835393797942
331.5 0.44773566912173174 0.2009874900228634
331 0.4481783789738236 0.20138924071237743
330.5 0.44816336405642904 0.20137416309858766
330 0.44769428236805625 0.2009505558384595
329.5 0.44800890361384105 0.2012249493191675
329 0.4480810320464423 0.20129891168337968
328.5 0.446807045553283 0.2001582805847532
328 0.4464671558246927 0.1998622193388597
327.5 0.4471541169072896 0.20046551091485199
327 0.44680310412352575 0.2001573257378221
326.5 0.44682512154543425 0.20018177011910773
326 0.4465709237947756 0.19994329585663428
325.5 0.4467925224217394 0.2001569847265382
325 0.446365764188138 0.1997526178379643
324.5 0.4464637706860144 0.19985789365801965
324 0.4464134821628161 0.1998044979566056
323.5 0.4469138614396365 0.2002444079600234
323 0.44575879565510396 0.19922131864819015
322.5 0.44644104081894465 0.1998350490521708
322 0.4461050354730646 0.19952354651485485
321.5 0.4457778295936707 0.19923583161046843
321 0.44480645697573323 0.19836976438781437
320.5 0.4459382144443344 0.19937804972355755
320 0.4458207615191529 0.19927814354713722
319.5 0.44459840822742547 0.1982088762492475
319 0.4453763601863204 0.19886976558768124
318.5 0.4452570245260851 0.19877013017580047
318 0.4441699960375805 0.1978143841099085
317.5 0.4449287234759315 0.19848191328311848
317 0.44445637832241225 0.19806546887755597
316.5 0.4449545508373961 0.19851320902023878
316 0.44448057281239645 0.19809035759259278
315.5 0.4435129492720368 0.1972280264082023
315 0.44398068240490446 0.19764559004811325
314.5 0.44381422184697156 0.19749706836837203
314 0.44403438237566917 0.19768754444473965
313.5 0.44376970270405636 0.1974476940158075
313 0.4438815239132525 0.19754293030240366
312.5 0.44321014002107434 0.19695180628303308
312 0.44332691157847914 0.19706750686904292
311.5 0.44243523316994016 0.1962740336053162
311 0.4434283138239418 0.19716240005959276
310.5 0.4427842450003213 0.19658399283855202
310 0.442578526951406 0.19640926935669203
309.5 0.4424626611925123 0.19629397141883956
309 0.44238865309814634 0.19622474385149227
308.5 0.4424057084162129 0.19625473275048336
308 0.44235297518950123 0.19619500642192653
307.5 0.44190098976851494 0.19580477048463082
307 0.44141511103392955 0.19536951134948907
306.5 0.4416950773663499 0.1956107446916909
306 0.44124605982282206 0.19522168697101128
305.5 0.44145698143091916 0.19539460350701776
305 0.4421945716776402 0.19605445410359568
304.5 0.44075526527682624 0.19478649868464362
304 0.4410716819217129 0.1950629678074038
303.5 0.4411515902254102 0.19514056920543393
303 0.44056291842450174 0.19461525549818826
302.5 0.4406153290395279 0.1946599153906541
302 0.43972372665903814 0.19387862569154427
301.5 0.4407476700372593 0.194788040923083
301 0.44036093815472416 0.19442823450065913
300.5 0.44052839510097574 0.19458434452064863
300 0.439583813832967 0.19375574595977643
299.5 0.43982510138113634 0.19397127655371016
299 0.43923065227604796 0.19342352044372438
298.5 0.4392604004367902 0.19346865746616684
298 0.43878263785266114 0.19306653324970746
297.5 0.4387543342649848 0.19302318367482862
297 0.4389256779679619 0.19317290249634997
296.5 0.4389845302843255 0.19323287168452372
296 0.4384443283356047 0.19275458025148406
295.5 0.43851268779106833 0.19282871620581601
295 0.4380612758002177 0.19242770141589613
294.5 0.43847848252254484 0.19277977769516047
294 0.437839337630744 0.1922344154542055
293.5 0.43795489522486153 0.19233538184755852
293 0.4377644928587205 0.19215594633746536
292.5 0.43770800179855085 0.1921140597879158
292 0.43690741922297044 0.19141738723301868
291.5 0.43745269658776936 0.19187219594430832
291 0.43744896655384896 0.19189610252057776
290.5 0.4372571669277431 0.19171219146046273
290 0.43747861541650934 0.19190988782117682
289.5 0.43729237736151916 0.19175157605677706
289 0.43657941800911365 0.19113711601845
288.5 0.43602398849278035 0.1906435530804575
288 0.4357812957490977 0.19042293009097402
287.5 0.4364169522365541 0.19097500815709365
287 0.4362067956003397 0.19078289431155446
286.5 0.4357420964054418 0.190389313936529
286 0.43570716268722404 0.19035973403443204
285.5 0.43565591562693184 0.19032880339189792
285 0.43459047006399837 0.1894004147222199
284.5 0.4350375939119149 0.18977965090824891
284 0.4352321454852316 0.18994515725723005
283.5 0.434757759284082 0.18954213094901468
283 0.4344492218095174 0.1892747359285091
282.5 0.4344028838218981 0.1892198444312151
282 0.434245679265643 0.18908874834523925
281.5 0.43389086286688344 0.18877327928564586
281 0.4337767368705856 0.18868017372460175
280.5 0.4338473350476851 0.1887624490518937
280 0.43445942021315487 0.1892858363422491
279.5 0.4336407412151086 0.1885645790460466
279 0.4338190279713431 0.1887063476659591
278.5 0.4332100819532254 0.18819341579394813
278 0.4338360366055763 0.18874808104947421
277.5 0.43278437193890595 0.18782359440781374
277 0.43190706136116225 0.18707593835088565
276.5 0.4330589191516873 0.18806976608451262
276 0.4320984432517022 0.18722396454044235
275.5 0.43217134433080173 0.187290879197466
275 0.4322110222399397 0.18733274032854758
274.5 0.43204731201342095 0.1871866423417107
274 0.4316573443852692 0.18684894285669906
273.5 0.43176708072935566 0.1869463549685177
273 0.43097702965272056 0.18626809740063935
272.5 0.43117720811926746 0.18642940219253581
272 0.43146430550830506 0.18668074748697927
271.5 0.43082127916498736 0.18611555659007864
271 0.4309300808434144 0.18621204465322969
270.5 0.43107294337373236 0.18634596393503444
270 0.43000626244433476 0.18542879031869353
269.5 0.42962442199616474 0.18509790231523027
269 0.429853849617909 0.18529734978463352
268.5 0.4297754265104041 0.18522873358426892
268 0.4293912892804703 0.18490850406878404
267.5 0.4287989239531672 0.18437771095711375
267 0.42866734765357317 0.18428612726753013
266.5 0.42855965442636706 0.18419463831413235
266 0.4281926746174928 0.18387963663446008
265.5 0.4289059055021927 0.1844720788317726
265 0.42815157867063885 0.1838409524383404
264.5 0.4288174496883646 0.18440001653094887
264 0.4290221580022492 0.1845728534640893
263.5 0.4275043440837025 0.18327458641096173
263 0.42773370670567334 0.18347698401362988
262.5 0.4273251965381532 0.18312991058954195
262 0.42721576785293586 0.18301758750884106
261.5 0.42775506884942915 0.18348691401360112
261 0.4268490356889984 0.1827190882830577
260.5 0.42664520970478964 0.18254770118566954
260 0.4263916873419959 0.18234041244158933
259.5 0.42623705169504833 0.18219520339648917
259 0.42601360187272774 0.18200917651748572
258.5 0.4249780512718276 0.18112852668234883
258 0.4258625788309207 0.18189336654207125
257.5 0.42489844880189487 0.18106115554374755
257 0.42569580057772255 0.18173237767681594
256.5 0.4251653027143869 0.18128927247326013
256 0.4249683500823651 0.1811001418849349
255.5 0.42445826389616476 0.18067800386751995
255 0.42491996750732813 0.18108137360817922
254.5 0.42368166995110224 0.18000599417350327
254 0.42407818483111126 0.1803582564262309
253.5 0.424415045042498 0.18064478688402266
253 0.42407703067745317 0.18034120937444817
252.5 0.4234072111733828 0.17979784772227836
252 0.4232784401886631 0.17967750376042355
251.5 0.4234427093216063 0.17981799439724683
251 0.42296740355313 0.17942742197824457
250.5 0.42316033968509714 0.17959008315894262
250 0.4227111032815535 0.17920583462677958
249.5 0.4228282901764201 0.17929750428003266
249 0.4224429704489544 0.17898050565656376
248.5 0.4217557946373508 0.17838612786017555
248 0.4217740063374699 0.17838701384202563
247.5 0.42119508213191875 0.17791075052491154
247 0.4213081831726362 0.17800972007701601
246.5 0.42078186008800755 0.17758578203911918
246 0.42037265653763095 0.1772208661400239
245.5 0.42045711968910404 0.17728663739516098
245 0.4201683592006135 0.1770595581698911
244.5 0.41996863142544644 0.17689664070956446
244 0.42004365563395046 0.17695374787618778
243.5 0.41967009085832174 0.17664347256412968
243 0.4196989953927416 0.17664575007901648
242.5 0.418802002920805 0.17592241708998393
242 0.41858715236841854 0.17571470898962266
241.5 0.4190248393178836 0.17609388892520997
241 0.4184415227418897 0.1756170239936388
240.5 0.41860791388405655 0.17576683909028482
240 0.4188458807653386 0.17595326835585984
239.5 0.41799356504890245 0.17523779276061682
239 0.4172711378321246 0.17462961487174217
238.5 0.41781742884435225 0.17509034573377913
238 0.41708093593899986 0.17447096695110106
237.5 0.4171202226009943 0.17451305204964276
237 0.4164836326644626 0.1739642329985442
236.5 0.4169963819208498 0.17441564486999747
236 0.41736858137670774 0.1747039908698275
235.5 0.4162995659345453 0.17381552511594062
235 0.4160198585830806 0.17358781545398855
234.5 0.41498010031082594 0.1727117661765759
234 0.415130959111767 0.17284279994695675
233.5 0.41576428099495155 0.17337541569146134
233 0.4148962921925292 0.17264415309276432
232.5 0.4146914320777555 0.1724809355400487
232 0.41434840470951456 0.17219682290262678
231.5 0.4144674540006379 0.17228839931006878
231 0.4135649383664617 0.17154694335619144
230.5 0.4142976141377188 0.17213665132905717
230 0.4136813626086375 0.17164940827897646
229.5 0.4125606502098455 0.17072503101435654
229 0.41242515370865573 0.1706001524141574
228.5 0.4134861035016355 0.17149204737657664
228 0.41319203897493445 0.1712296710106558
227.5 0.41198360783240257 0.17025113587414967
227 0.41183320988147176 0.17011823354141356
226.5 0.411699487674235 0.17001062278182819
226 0.4114945762609125 0.16983090042849391
225.5 0.4121425370604938 0.1703678951463859
225 0.4114084812066337 0.16975163003885388
224.5 0.41069584364587464 0.16918621799118952
224 0.4112226882923139 0.16963134974220903
223.5 0.4106684205369924 0.16916447337622928
223 0.4105011104836663 0.16901768858560462
222.5 0.40962500166325216 0.16830575943900544
222 0.4089807989183228 0.1677797592335384
221.5 0.4090577344813291 0.16784610565114974
221 0.40958192950677136 0.1682741666290862
220.5 0.4087206334148126 0.16755955383258875
220 0.4087163976298283 0.1675538245690592
219.5 0.4089262218917613 0.16773323421600556
219 0.40793669048608755 0.16691901580124732
218.5 0.40753822360567293 0.1666001395488972
218 0.40759869346881505 0.16664806367236226
217.5 0.40719004528938463 0.16631659186653058
217 0.40734694996813203 0.16643823477015876
216.5 0.40701991718660985 0.1661610205200381
216 0.4063319633119663 0.1656074403178525
215.5 0.4064299048303505 0.16570597848156998
215 0.4056847764255264 0.1650948754344531
214.5 0.40628691439225334 0.16557123755766823
214 0.40515263376667315 0.1646576612343695
213.5 0.40494406885024475 0.1644775847229569
213 0.4043756248966528 0.16403030375785743
212.5 0.40449880896792745 0.1641388334139751
212 0.40462261017085116 0.16423637972643468
211.5 0.4040721005218784 0.16378947451468948
211 0.40376326429143267 0.16352644293224353
210.5 0.40358130049014934 0.1633923124485402
210 0.4032177608912545 0.16309125527196977
209.5 0.4028653156656438 0.16281306295250797
209 0.40147368697313596 0.16168254264164125
208.5 0.4024157534567665 0.16244585139721565
208 0.40179768649019776 0.1619534749399257
207.5 0.40146251441268227 0.1616761298561926
207 0.40221154473426857 0.16227680796545102
206.5 0.4010675152815747 0.16135223935260284
206 0.4005536092951735 0.1609596567609195
205.5 0.39969808445954913 0.16025617462269415
205 0.4001526699336543 0.16062513870723374
204.5 0.3994662090762454 0.1600800147768722
204 0.40030358765381396 0.16073651555187532
203.5 0.39966071480049364 0.160231384173539
203 0.39889511627778823 0.15962014836136112
202.5 0.3982859143096046 0.15913782032065718
202 0.3984736754964705 0.15929196188560604
201.5 0.39829195405255396 0.15914579467171433
201 0.39747543803614593 0.1584710402147309
200.5 0.3968255000274978 0.15796591137926097
200 0.3975611447272402 0.158560486749015
199.5 0.39669070405990764 0.15786433766546396
199 0.3971341048775891 0.1582208497478479
198.5 0.3973193421545401 0.1583496861782353
198 0.3960674906383913 0.1573678525209643
197.5 0.39556222571116945 0.15696638455339806
197 0.39522158913360156 0.15669401907086952
196.5 0.39509402165323937 0.1565892124773297
196 0.3941143772386901 0.15580721394010089
195.5 0.394101646729325 0.15581505259406492
195 0.39367135187380103 0.15549003215737522
194.5 0.393414513731396 0.15527306482647418
194 0.3926271978529572 0.1546641274862923
193.5 0.3924655055799692 0.15452370318304856
193 0.39238919559842544 0.15446767011925086
192.5 0.3923979845825757 0.15448158346015214
192 0.391333256897908 0.15363991821572615
191.5 0.39128388854287605 0.15360327821698844
191 0.3909374195657356 0.15333973503955517
190.5 0.39115398507192534 0.15349503388283733
190 0.39086872080997936 0.15328052113742452
189.5 0.3894597790969428 0.15217474967835296
189 0.38963069244394166 0.15230142083560083
188.5 0.3888781907141316 0.15172380858076182
188 0.3889243142278022 0.15176384376243734
187.5 0.38902096257220364 0.15182273561266282
187 0.3880167856458186 0.15105574671564068
186.5 0.3871581973614712 0.15038978920604393
186 0.38702597591827925 0.1502762367115287
185.5 0.38702216501416187 0.15027187317266996
185 0.38651790470381275 0.14986980959406423
184.5 0.38634033596671385 0.1497612862937966
184 0.38572449520071406 0.14927297709005313
183.5 0.38588151645328717 0.1493974107915
183 0.38597694095321056 0.1494698246393566
182.5 0.3852788613776924 0.1489283649754835
182 0.3850249988223656 0.14872734965768966
181.5 0.3837994575262481 0.14778660856004328
181 0.3845817092866482 0.14840687707123626
180.5 0.38393287945476634 0.1478968867995771
180 0.38337758359374635 0.14745975065184558
179.5 0.3826416627303483 0.14689738637952215
179 0.3827526242012774 0.14699788827968316
178.5 0.3819692668631472 0.14639937744223508
178 0.3817103484306223 0.1462080319884607
177.5 0.3806157536782659 0.14537215681795784
177 0.38106116337934803 0.14571341747110694
176.5 0.38078825800354077 0.14549149306090958
176 0.3802977815085577 0.14510471538860908
175.5 0.38066059278624015 0.1454006771793276
175 0.37933850466011987 0.14437506640157352
174.5 0.3793262451724663 0.14438968527386908
174 0.3789115819015248 0.14405645468463887
173.5 0.3782494850084829 0.14355659209924101
173 0.3775195553409249 0.1429982435214223
172.5 0.37729437451783926 0.1428345235657101
172 0.37747770532033137 0.14297958039803157
171.5 0.37684795599683785 0.14249333274543174
171 0.37595981247228794 0.14182464491240376
170.5 0.37575063582032703 0.14166242034637297
170 0.37477699194188474 0.1409419805163537
169.5 0.3750180876398869 0.14113051235449767
169 0.37386420990037106 0.14026025379997653
168.5 0.37309059671559286 0.1396888561460991
168 0.373391789701784 0.13989628049896777
167.5 0.3725877446606154 0.1393035472187488
167 0.37263605778126724 0.13932948395528544
166.5 0.3713567003463917 0.1383806288698897
166 0.37204843468048887 0.13889699983400422
165.5 0.3713980678683863 0.13839436326054874
165 0.37064535496093676 0.13785651321223663
164.5 0.3708346776123381 0.1379949124502598
164 0.37023151410447597 0.13753906147583925
163.5 0.3697200577694556 0.13715997624309384
163 0.36876219524284737 0.13647332021228173
162.5 0.3679549055861091 0.13585319859584416
162 0.36801488936213245 0.13589345345531112
161.5 0.36766977293443787 0.1356564408103326
161 0.36768490686106275 0.13565532935709845
160.5 0.366670243317649 0.1348989252036239
160 0.36640699424354123 0.13472711659061362
159.5 0.3663837256770474 0.1347030178004468
159 0.36633164520294326 0.13467132347210622
158.5 0.36521210907638946 0.13383831115868353
158 0.3647583080240833 0.13350480671091985
157.5 0.3643396419650447 0.13323003521621274
157 0.36326975991333704 0.13241638850298534
156.5 0.3631209429417651 0.13232167961118105
156 0.3630371052102176 0.13224773108957558
155.5 0.36195558991236476 0.13146111695089274
155 0.3617314069176234 0.13131839012550128
154.5 0.3599591245094944 0.13003479932689074
154 0.3602353777392301 0.13023225982217373
153.5 0.3600210170895932 0.1300694725889646
153 0.35974080742104664 0.12987054017468125
152.5 0.3596650694004704 0.12982884410322945
152 0.35878557219501156 0.12919605277865193
151.5 0.3586372137179636 0.12906046833804197
151 0.35677194949618096 0.12774966027609894
150.5 0.35776345057695763 0.12844903886283052
150 0.35664331727358073 0.1276779357933994
149.5 0.35642272158812094 0.12749625003085951
149 0.3553000110808428 0.12669105060224642
148.5 0.3561088498952048 0.12727651136271534
148 0.3546467145842804 0.12623067821503792
147.5 0.3542391720349073 0.12594621928852898
147 0.35327734560435753 0.12526105152387662
146.5 0.35306818391394645 0.12512091145526677
146 0.35345348313527314 0.1253836947399562
145.5 0.3520656843590904 0.12437850877051221
145 0.3517381106476135 0.12416682623926723
144.5 0.35137894084151006 0.12390916260011801
144 0.35058778215324815 0.12337632164836176
143.5 0.3499148676341719 0.12288296145810848
143 0.34876994479420836 0.12207606465413773
142.5 0.3495366689024957 0.12262599066535294
142 0.34955521197440964 0.1226309818396151
141.5 0.3481378974683337 0.12164911708144978
141 0.3469586978906176 0.12082524164747481
140.5 0.34631891743096527 0.12037600268957277
140 0.34607593331040276 0.12020711445840145
139.5 0.34553044560880164 0.11982588884099903
139 0.34415782737249867 0.11888333097313528
138.5 0.3449096318607659 0.11940345300491846
138 0.3440690511051554 0.11884109843184035
137.5 0.3442027661775644 0.118912178244334
137 0.3424086588142616 0.11767541266490615
136.5 0.3408657091544981 0.1166356940280457
136 0.34242550419985857 0.1176956440864017
135.5 0.3410823384749591 0.11677416886107822
135 0.34054340412562856 0.1164046970168644
134.5 0.33918543804225343 0.11548830804044906
134 0.33880766132132045 0.1152112208035119
133.5 0.33956620085022193 0.11574382849011114
133 0.33748503167201965 0.11432820487145684
132.5 0.3369490789674298 0.11396341803118414
132 0.33580030845800607 0.11319634635520325
131.5 0.3365591292018373 0.1137111230337833
131 0.33468965706877934 0.11244101577078709
130.5 0.33452716555578005 0.11232782226537771
130 0.333435365754697 0.11160762418470241
129.5 0.3339121802839225 0.11193062619360304
129 0.3329808944210571 0.11129922653885448
128.5 0.33222897199716594 0.11079532532182848
128 0.33242398942504015 0.11093525017879717
127.5 0.3316214615936359 0.11038597969870435
127 0.33081545648064514 0.10986664056583371
126.5 0.3295709762089991 0.10904823940267701
126 0.3284033293002199 0.10825761397629553
125.5 0.3281601671047046 0.10811347171750361
125 0.32752018025558827 0.10767811797824223
124.5 0.32768035417165087 0.10779271199248991
124 0.32680398809812383 0.10721719050309127
123.5 0.32594534166800543 0.10664077961410401
123 0.3255617922948599 0.10640451752358072
122.5 0.3239371492077286 0.10534194067465211
122 0.3237122610430844 0.10520114923056582
121.5 0.32299756821132714 0.10473584031877728
121 0.3214441197125792 0.10372409824392596
120.5 0.32230238540426387 0.10427202071027293
120 0.3213833358950395 0.10368541125072459
119.5 0.3205618453338582 0.10315624699782586
119 0.31904168660901033 0.10220397069647771
118.5 0.3187431959520283 0.10201191037459843
118 0.3189999918171996 0.10214858612509209
117.5 0.3181369722873072 0.10162072993747595
117 0.31725708198707386 0.10103391948830483
116.5 0.3163040378487511 0.10043361976854441
116 0.315037770596408 0.09964620732647425
115.5 0.31475708902306093 0.09945469978875322
115 0.3142247446926083 0.09913386839648215
114.5 0.31361719257411724 0.09875027684918025
114 0.3128087246388811 0.09823074508727582
113.5 0.311525752722494 0.0974293247968057
113 0.3108606484505715 0.09701853436001377
112.5 0.3108404000475859 0.09701408173290256
112 0.30916719782271385 0.09595419725057742
111.5 0.30860840254098637 0.0956104394024027
111 0.3066884074935288 0.09443626404222655
110.5 0.30742534440450103 0.09488810149130979
110 0.3071674386520757 0.09472561472705342
109.5 0.30536399767036404 0.093616715421308
109 0.30431691171267883 0.09298423498233821
108.5 0.30315279285628444 0.09227182874046187
108 0.3035586098340116 0.0925190157274263
107.5 0.3023852691839748 0.09179749330024511
107 0.30207495989593364 0.09161854519371553
106.5 0.3013364924295482 0.09117665452651996
106 0.30024815424701295 0.09050837007584937
105.5 0.29955375303679244 0.09008629167039946
105 0.2991830394440107 0.08987023361436139
104.5 0.29684281372899257 0.08847339525141158
104 0.29658143953754773 0.08831051343073076
103.5 0.2957248375302654 0.08779478633740233
103 0.2946340185748915 0.08715412134536064
102.5 0.2944613107324784 0.08705503025836087
102 0.293027594169463 0.0862126815964715
101.5 0.2930401437594812 0.08623880254543016
101 0.29163889588064096 0.08538677371660112
100.5 0.2906280505653737 0.0847866510581946
100 0.29011488651725026 0.08452223436451163
99.5 0.28886454304329884 0.0837651255995878
99 0.2887480934480799 0.08371552418717815
98.5 0.2877153558472247 0.08314026128464166
98 0.2874062589093131 0.08292697482669889
97.5 0.28577119905633447 0.08199570960776313
97 0.28512728194400866 0.08164051752107679
96.5 0.2849757713408568 0.08153607662656559
96 0.2836230447224491 0.08077041898405837
95.5 0.28325158954112273 0.08055198928334181
95 0.281903876927439 0.07977564416498682
94.5 0.28132369731862455 0.07945606507045651
94 0.2799634308292064 0.07869121135415819
93.5 0.27848692522809493 0.07788081433854568
93 0.2780174004738464 0.07760766678631478
92.5 0.27798981322165683 0.07758110275639557
92 0.27576754361594064 0.07636677144478254
91.5 0.27611135798678454 0.07653509167192678
91 0.2750332280981543 0.07594505992319646
90.5 0.273415942812616 0.07505709958984286
90 0.27245535225089346 0.07454865530736987
89.5 0.27126067219289773 0.07388907271685748
89 0.2696513182486046 0.07302191949814497
88.5 0.2685817662001177 0.07244573282206324
88 0.2680365241319802 0.07215433550134176
87.5 0.26702477521408235 0.07160540478241544
87 0.26649807626601807 0.07131490051593056
86.5 0.265085120802938 0.07055487359414236
86 0.2646393599446306 0.07032407426172459
85.5 0.26316813685076956 0.0695445558964496
85 0.2629105653967134 0.06939685918598587
84.5 0.2619406700813199 0.06890579603407085
84 0.2605478380962505 0.06816622711303776
83.5 0.2588904305264713 0.06729427785827141
83 0.2589647383671074 0.06734371088275905
82.5 0.2572160127397321 0.06642945359944036
82 0.2565069337004328 0.06607719089368036
81.5 0.2556365934736091 0.0656163802959371
81 0.2538470854843727 0.06470568044974453
80.5 0.25409443871260934 0.06483360100879858
80 0.2514703402507341 0.06349909578307507
79.5 0.2513263111354118 0.06343142288722597
79 0.2501643823808455 0.06283684440673215
78.5 0.24879644602824683 0.06216305194708089
78 0.24919766834974275 0.06236117594948831
77.5 0.24829437428606066 0.061897188536055095
77 0.24711738325257027 0.06132410407735833
76.5 0.2449201367716897 0.06023601563571905
76 0.24366803233170511 0.05963658040702173
75.5 0.2437415532583141 0.05964973685018581
75 0.241638114075389 0.05863710965901074
74.5 0.23991723054932437 0.05779914500349702
74 0.2399014974835324 0.057802687932860135
73.5 0.23908053297484191 0.0574068063775054
73 0.23749532472034074 0.05664100798603172
72.5 0.23669569183481196 0.05625002683402161
72 0.23493011475646564 0.055434927387893566
71.5 0.23364292734346837 0.05481613439470124
71 0.2339059377105323 0.054938947589708166
70.5 0.2322418006864725 0.05416969245742636
70 0.23152568541980534 0.05382472697977804
69.5 0.23011334908322287 0.053175292985629015
69 0.22817501408260715 0.05227072946485913
68.5 0.22835956978894995 0.05236037852371659
68 0.22666878910259544 0.051585280352190906
67.5 0.22456352285004674 0.050633356436685574
67 0.22336582937408442 0.05009490656277747
66.5 0.223197799961191 0.05000694859779741
66 0.2220364572492646 0.049509885132697745
65.5 0.22031768443663666 0.048745108585580496
65 0.21900674648026996 0.04816467970984003
64.5 0.21754256131613203 0.04752113649923447
64 0.2171728680954139 0.047362597121249315
63.5 0.21584586877637743 0.04677612544891504
63 0.2141427602313322 0.04604415737043437
62.5 0.21303017312332215 0.04557188130640574
62 0.2130235003680832 0.045565148901442365
61.5 0.21020657299678353 0.044365335356148165
61 0.20989831314329385 0.04423473196403118
60.5 0.20856167444332535 0.04368808065448773
60 0.20708456961434377 0.04305813444930934
59.5 0.2064125220605935 0.04277920327807764
59 0.20532919943502145 0.04233502105354999
58.5 0.20351507657250698 0.0415818263323607
58 0.20272675408352162 0.0412719345648007
57.5 0.2011932319228038 0.04065649711551226
57 0.1994665958764071 0.03994949384164292
56.5 0.19852348934695613 0.039568232595825474
56 0.1973260659391365 0.039084582409113125
55.5 0.1966906315246308 0.03883495828934846
55 0.1944330709757739 0.03795262334871369
54.5 0.194073939661916 0.03781587931559397
54 0.1921468625999114 0.037066514418511644
53.5 0.19162907864966627 0.036865990491450486
53 0.19043357392180715 0.03640431790936095
52.5 0.18906104957053993 0.035885076021563385
52 0.1870015586574061 0.03511490655715399
51.5 0.18632620681692505 0.03485086887046683
51 0.18473671272266323 0.03425620484805534
50.5 0.1846538812595749 0.03421899949895759
50 0.18193299693429532 0.033219709316644905
49.5 0.18042345044340566 0.032679402538478314
49 0.17981388626209668 0.03246451674040516
48.5 0.17805527765199122 0.0318337157768872
48 0.17648854889972343 0.031259647593061504
47.5 0.17589935877709476 0.03105489119168718
47 0.17495656027141648 0.030738232033504613
46.5 0.17297288733639332 0.03003004730086606
46 0.17196317777133127 0.02967488530532129
45.5 0.17012523253483736 0.029052063865175077
45 0.16914844758868083 0.028709794700927764
44.5 0.16677104219079542 0.027925865776289974
44 0.16698030147871212 0.027984445670870918
43.5 0.16545946105057635 0.027480964895618847
43 0.16371532627896304 0.026910221582729682
42.5 0.16276656838188694 0.026593557826265556
42 0.1611212852374053 0.026046614313264247
41.5 0.16021944539952257 0.025762593303480328
41 0.15836514927818413 0.02517392372536624
40.5 0.1578443139576278 0.025002853678859426
40 0.15617739572507328 0.024481969988425514
39.5 0.15403818133041283 0.023813359944461952
39 0.15371469972827834 0.02371069083533369
38.5 0.1515893752364192 0.02305703263257632
38 0.15029316562405748 0.022666820633484262
37.5 0.14850293031663842 0.022135591038237694
37 0.14671313507558625 0.021600030029719924
36.5 0.14673233941115324 0.021599659609750806
36 0.1454835993845997 0.02122708126573873
35.5 0.1446962262848819 0.021008408536573663
35 0.14200903987410274 0.020230503787053503
34.5 0.14096645199725866 0.019929165557199494
34 0.13952604728978474 0.019529856206393432
33.5 0.13707678484725458 0.018847460721474554
33 0.13607895729894573 0.018578033711678984
32.5 0.13570436297618177 0.018474430318644333
32 0.13413055171420696 0.018046441244348902
31.5 0.13289292231084066 0.017713335052462892
31 0.13145238535275444 0.017329026786737478
30.5 0.12993748147626083 0.016934955038555723
30 0.12893495908689792 0.01667240294876385
29.5 0.12765336001211822 0.016347458155908847
29 0.12468977878771519 0.015592504375273774
28.5 0.12464557140413422 0.015584619815151614
28 0.12384231691906283 0.01538807207566468
27.5 0.1220926781656266 0.01494475403193586
27 0.11981155898120044 0.014396713794010217
26.5 0.11947056161996808 0.01431492191989337
26 0.11689804541026598 0.01370490284403633
25.5 0.1162008437220978 0.013538093560958094
25 0.11513041491293478 0.013287828597493447
24.5 0.11355053173581209 0.012925652995658243
24 0.11199095345134769 0.01257135891650331
23.5 0.1108477621611637 0.012314208210071155
23 0.11010311707338355 0.012148233981531961
22.5 0.10857892233389892 0.011812258275539809
22 0.1072419677334943 0.011523879549969075
21.5 0.10669816162635386 0.011404540498823574
21 0.10498969110020931 0.011043588114242553
20.5 0.10387305334678767 0.010808283503713175
20 0.10248447715374795 0.010525047149354727
19.5 0.10093786685804669 0.01020544937537373
19 0.09978097698760789 0.009971608521400487
18.5 0.09780604751049835 0.00957981210146444
18 0.09888301495631963 0.009792692996423462
17.5 0.0965419305247121 0.00933282715910428
17 0.09667872090304792 0.009359386090754642
16.5 0.09506175659195587 0.009049235461340269
16 0.09474245609618295 0.008984581332700957
15.5 0.09358914837046875 0.008769517158314073
15 0.09137836575544345 0.008358799748714953
14.5 0.0909572357494644 0.008280901080640248
14 0.0906483334659377 0.008224120319916081
13.5 0.08977901880981058 0.008066143644374902
13 0.08874073743944824 0.007880914990514597
12.5 0.08696507204687613 0.007566781375722317
12 0.08779653993046806 0.00771296628752329
11.5 0.08663967336890571 0.007509282715949483
11 0.08488269959309716 0.007207543564816925
10.5 0.08453331202910919 0.007148719399839362
10 0.08395449882784786 0.007050916972827376
9.5 0.08360376006714183 0.006991661029652361
9 0.08317973505851763 0.006920601517702806
8.5 0.08256163047223011 0.006817684383869995
8 0.08212286524313837 0.006744922490664219
7.5 0.08184887832211266 0.006700239130999775
7 0.08106337357090304 0.006571916310116613
6.5 0.08062089535108244 0.00650004742858193
6 0.08072070622541846 0.006516231048443239
5.5 0.08063541988868399 0.006502331444281415
5 0.08058105915819978 0.006493602042875023
4.5 0.08025709682678096 0.006441310657082728
4 0.08008045690103913 0.006412965729493727
3.5 0.07991066726392232 0.006385760735260528
3 0.079787130411319 0.006366014512924913
2.5 0.07969827012630835 0.0063518253906795115
2 0.07964576370926742 0.006343454515625546
1.5 0.07960790643114618 0.006337421426593889
1 0.07958247685382053 0.00633337171314225
0.5 0.07956388136878 0.006330411421272032
