1000 0.49426615282861347 0.24478476314744582
999.5 0.49429798797111585 0.2448021083075973
999 0.4946036681462363 0.24509912761077804
998.5 0.494299487904338 0.24480300141976985
998 0.4941980013528064 0.24470555781634085
997.5 0.49403115438590467 0.2445442563696568
997 0.49406460679686176 0.24457398800626742
996.5 0.4940909510152477 0.24460136484940992
996 0.4932810376100943 0.24380197854630686
995.5 0.4943384559828791 0.24484082912648392
995 0.4940643281563131 0.24457192986257428
994.5 0.4936097410028162 0.24413012280408913
994 0.4936046112302521 0.24412476945885747
993.5 0.493770607039425 0.2442783482313223
993 0.49460651088483376 0.24511355035770355
992.5 0.49341522147996425 0.2439287586878865
992 0.49418212000327355 0.24469983146804067
991.5 0.4940777460779844 0.2445842967886628
991 0.49381277117484573 0.24431864572969367
990.5 0.49392334739126614 0.24443167189507473
990 0.4937157848580439 0.2442445060367077
989.5 0.4937124523635676 0.24422782068280524
989 0.49398692877980976 0.2445060907834838
988.5 0.4938272086999814 0.24433682939709978
988 0.49384461189943984 0.24435594918599804
987.5 0.4940494157719689 0.2445623642604543
987 0.49366094611328915 0.24417619917343286
986.5 0.4938567605467562 0.24437635368544122
986 0.4939539387689933 0.2444701652202413
985.5 0.4938200172006639 0.24433823382487016
985 0.4934252871375155 0.2439477831193822
984.5 0.4938341241218526 0.24434921699308185
984 0.4941140268827876 0.24461274399861202
983.5 0.49414988736011317 0.24465892738019407
983 0.4936758611573944 0.24418708756682794
982.5 0.4941724474451525 0.24468673259930177
982 0.49419311078087924 0.2447040317457755
981.5 0.49396178864997764 0.24447556082406183
981 0.4937885476907635 0.24430712828171075
980.5 0.493252015583623 0.2437709792667902
980 0.4936907278348746 0.24420459986114823
979.5 0.4933300391369952 0.24385811502900798
979 0.4931828905712055 0.24369337773521776
978.5 0.4936160228650946 0.24413954572438482
978 0.4936916920545596 0.24420306585178594
977.5 0.493691204062674 0.2442088848294164
977 0.49350329121657877 0.244017042750464
976.5 0.49362509001479155 0.244140473301095
976 0.49409919361712484 0.24460593437016462
975.5 0.493843161921422 0.24436319428297457
975 0.49327083876299826 0.2437943478775702
974.5 0.4938777586678091 0.2443984804735653
974 0.49305701339865465 0.24357922595485315
973.5 0.4932907398137215 0.2438092420561605
973 0.49356301894721094 0.24407143651847582
972.5 0.4936636715558686 0.24416782600202355
972 0.4938087737316051 0.24432307831231984
971.5 0.49357115428471304 0.24407436062604046
971 0.4934664727855256 0.24397823581647773
970.5 0.4934667193229195 0.2439764703625024
970 0.49330356930835123 0.24382868202121782
969.5 0.4929757624724755 0.2434856370925743
969 0.49343551006495184 0.24394459632916582
968.5 0.49352481228417067 0.24403465355881465
968 0.49338787121629457 0.24391257311187914
967.5 0.4935821230680123 0.24408477132994202
967 0.4932798457171681 0.24379865289487013
966.5 0.4930198671067301 0.2435451161718725
966 0.49334547977479537 0.24386205074152043
965.5 0.4935014819923047 0.2440030418383387
965 0.49343199944650146 0.24394885718135942
964.5 0.49319526617269377 0.24369615922798094
964 0.49389050912578175 0.24440001314575782
963.5 0.4931561772931214 0.2436751527263601
963 0.49361783536359694 0.24412616597112546
962.5 0.4935162851854486 0.24402449118415467
962 0.4937446126934352 0.24425760988770068
961.5 0.49322349774096097 0.24375014855159371
961 0.4930839432066333 0.2435944566180415
960.5 0.4928054142487391 0.24332859838325302
960 0.49289645825925105 0.2434257783438885
959.5 0.49340673903633725 0.24392021912911133
959 0.49282694748117567 0.2433491262790478
958.5 0.49340241397843354 0.24392934652223938
958 0.4932599454997521 0.24378377899182643
957.5 0.49260356753547135 0.24314132047283266
957 0.4930557135928269 0.24358036713850723
956.5 0.4932001230214004 0.24371596008088445
956 0.493232550942655 0.24375183338228362
955.5 0.4922381857114258 0.24277469948634633
955 0.4933073197072502 0.24382453951383745
954.5 0.4935229936308537 0.24402658582392595
954 0.4928185386106378 0.24334360081441167
953.5 0.4926571823931856 0.2431873584706878
953 0.4932003783285348 0.24371446799950536
952.5 0.4926461228040891 0.24317481806472369
952 0.49282537470392557 0.24335541838669594
951.5 0.49255239592115574 0.24308537591084597
951 0.4924512431820277 0.24299300618098651
950.5 0.4929925226020631 0.24352627652713163
950 0.492762239676364 0.2432886891746605
949.5 0.49276800692413153 0.24327871449301203
949 0.4928053458780429 0.24332684740368196
948.5 0.49349145868232835 0.24400752664578765
948 0.4927557840175933 0.24328638995056226
947.5 0.4927148343535928 0.2432397787392809
947 0.49293408620622103 0.24347027975422858
946.5 0.4928209075344498 0.24333855452768618
946 0.49274498868343897 0.2432720932950835
945.5 0.49294668557357985 0.24347512530618437
945 0.49302221086600007 0.24354787016940133
944.5 0.49275483600329073 0.24329336530052806
944 0.4934498763429421 0.2439587825347671
943.5 0.49302104034419536 0.24354678128255625
943 0.4931265655063938 0.24363599193702062
942.5 0.4928521549952841 0.24337098241396257
942 0.49319333849887614 0.24371729394275612
941.5 0.49226550450731166 0.24280485558450637
941 0.492630642784527 0.24317343093470675
940.5 0.492564607490781 0.24310401714329155
940 0.4922208620616025 0.24275225096785816
939.5 0.4930394610834149 0.2435687952724347
939 0.49290594247452546 0.24343696011541538
938.5 0.49331659450133797 0.24383811718787765
938 0.49241812008105473 0.24294714841953313
937.5 0.49267764292500715 0.2431971688663349
937 0.49310278895976706 0.24363450983942028
936.5 0.49251830349327497 0.24304751568396302
936 0.4924154038783339 0.24294279596566257
935.5 0.492331303479592 0.24286839050506528
935 0.4927025688152827 0.24323861473535055
934.5 0.4926623740380517 0.24318322007479976
934 0.49244425484394 0.24297690645942427
933.5 0.492711566057421 0.24324399014463782
933 0.4924726043974611 0.24300671880478042
932.5 0.4923564350972318 0.2429063885244651
932 0.4925463132136326 0.2430865142634995
931.5 0.4925648494633684 0.24308627897788926
931 0.49235140644251335 0.24288331874551
930.5 0.49242586576584785 0.24295923648691672
930 0.4929112537331376 0.24343325872382188
929.5 0.49262371576837144 0.2431551435010314
929 0.49297594667579053 0.2435008541691388
928.5 0.49265763286143244 0.2431898584525242
928 0.4923557052507002 0.24288973943672562
927.5 0.4924242749523431 0.24295297622815618
927 0.49283698989971936 0.24337679864145217
926.5 0.49216625762627325 0.2427104961727071
926 0.49199227698603926 0.24254376575710052
925.5 0.4920986612262367 0.2426236243038254
925 0.49238710023008975 0.24290577057029794
924.5 0.49220853194160386 0.24273762346291056
924 0.4920703952482966 0.24261065892985484
923.5 0.49209002469263224 0.24261810030564407
923 0.49227688706976025 0.2428231892217964
922.5 0.49229866699777297 0.24283690322774357
922 0.49191959379911393 0.24246315726900708
921.5 0.4920733854476629 0.24261628648568503
921 0.4924874821776531 0.2430082715817081
920.5 0.49253861149584355 0.24307178149879777
920 0.4922968007063508 0.24282442902140022
919.5 0.4918196123740493 0.24237908903966923
919 0.4924212775451518 0.24295475744518824
918.5 0.4918770181160762 0.24241542327746007
918 0.49205152868466245 0.24258926664430464
917.5 0.4921812747489475 0.24272122851375902
917 0.4917712359212995 0.2423210866047469
916.5 0.49170482364370866 0.2422517951082647
916 0.4919555420651492 0.2424903923961833
915.5 0.49192035635731457 0.24246282366913596
915 0.4921232188773409 0.24265647296413284
914.5 0.4920782395451179 0.2426104776312204
914 0.4919673094629395 0.2425014599476723
913.5 0.4919704766136309 0.242505129117872
913 0.49236152600538613 0.24290737417522562
912.5 0.4924367461578592 0.24297048361805093
912 0.4920692654157359 0.24260160176373438
911.5 0.4920062688161163 0.2425511234102276
911 0.4918300337768484 0.24237442254990527
910.5 0.49175353635040897 0.2423111097265958
910 0.49231073334617664 0.24284415535707554
909.5 0.4917236745069457 0.24226565452401222
909 0.4922869220996587 0.24280997219372671
908.5 0.49126105159653605 0.24180966007909457
908 0.49187623238114 0.24240753162571044
907.5 0.49193876760604893 0.24247913505548083
907 0.4918277389887648 0.2423655163832221
906.5 0.4914639541498395 0.24201201428328226
906 0.49174057034145857 0.24228866901460103
905.5 0.49175577606158244 0.242293838220755
905 0.49197760817318376 0.24251109199578144
904.5 0.4913496291988186 0.241902464117646
904 0.49167782909081814 0.24221801951429014
903.5 0.49201875712829035 0.24254719311105633
903 0.49098725824831313 0.24155770165588353
902.5 0.49156327823949697 0.24211100668234964
902 0.4918877811885709 0.24241837787186168
901.5 0.4916902936414194 0.24223214242834523
901 0.49175866651943745 0.2422980259645027
900.5 0.4911489486397299 0.241693967968319
900 0.4915929189159515 0.24212841379538125
899.5 0.4914955341266788 0.24204828111790086
899 0.4909251927580452 0.2414670314958849
898.5 0.49179816756486416 0.24232455266793235
898 0.4920452644845968 0.24259769823308228
897.5 0.4911053011628468 0.24166384188559575
897 0.49149860032380477 0.24203936754569516
896.5 0.4918158040066881 0.2423594973152321
896 0.4916419619519597 0.24219770526549042
895.5 0.49152191153445673 0.24207507923707458
895 0.49129406902373157 0.24184612325478078
894.5 0.4917867593551057 0.24233876381408567
894 0.49096600767677695 0.2415207425657677
893.5 0.49165867124238855 0.24219975283175632
893 0.49113032489927116 0.24168948474586258
892.5 0.4911316360980915 0.2416781687836614
892 0.49134414881990374 0.24189474300011138
891.5 0.4914422954235438 0.2419932137417763
891 0.49104422001873843 0.24158845353915437
890.5 0.4912665067727995 0.24182498830834676
890 0.49135344851954715 0.24190288038876437
889.5 0.4912060809141519 0.2417619364981405
889 0.4915246092690637 0.24205684748799808
888.5 0.49091958422438453 0.2414682595501731
888 0.49095442608982093 0.24151450436553581
887.5 0.49128384133761144 0.24183186774019338
887 0.49081206847477216 0.2413693283056038
886.5 0.4915227942873283 0.24206745431492804
886 0.49097074515574635 0.24153679741167847
885.5 0.4911879374963536 0.24174438435594858
885 0.4911215106990004 0.24167380700370555
884.5 0.49125419633773826 0.24181072711882592
884 0.4912707354023756 0.24183211869037308
883.5 0.4913064594950508 0.24185924261118882
883 0.4910130942605616 0.2415658530324796
882.5 0.4912113764507148 0.2417600718730402
882 0.49098891181447685 0.24154967265738977
881.5 0.4906123685283117 0.24117558515759221
881 0.4908425517874828 0.24141397905474465
880.5 0.49138601083381683 0.2419365189489977
880 0.4912258808432361 0.2417734036328954
879.5 0.4908269986477325 0.2413768114830761
879 0.49126775700861297 0.24180583089951047
878.5 0.49063678070243777 0.24119132008445054
878 0.49078458887024773 0.2413495226933646
877.5 0.490707986229673 0.24127494115301856
877 0.4911339845715686 0.2416845367952409
876.5 0.49128846104764706 0.2418372087963885
876 0.4904211522034012 0.24098519092818402
875.5 0.49060621948644656 0.24117168401228284
875 0.49079132056851943 0.24135924336830167
874.5 0.4911435295049481 0.2416922622788979
874 0.4907286345769042 0.24129136320841263
873.5 0.4904071992342294 0.24096095514684024
873 0.4907186436719763 0.2412678323958965
872.5 0.49000230168373865 0.2405750064182197
872 0.49084193651836805 0.24139859288106277
871.5 0.4908244138599021 0.24140077539161062
871 0.49061397669137274 0.24118356770519267
870.5 0.49073686200889094 0.24130647585059484
870 0.49086525021476657 0.24141714843839526
869.5 0.49007238332708747 0.24064682090686104
869 0.49083449982188104 0.24138968871901403
868.5 0.4910182716206708 0.24158348768506926
868 0.49032417953910135 0.24088710375219632
867.5 0.49066947113650133 0.2412225723925534
867 0.4903867465637627 0.240951943853603
866.5 0.4911053014738186 0.24166728299613044
866 0.4904404225900289 0.24101956559705234
865.5 0.49037566418345313 0.24094758558425214
865 0.4909167044197761 0.24148190647738896
864.5 0.49070767405842874 0.2412720201006906
864 0.4903935572097343 0.2409493817607885
863.5 0.4906920383263719 0.24124829173788034
863 0.49079857923391157 0.24135281057008945
862.5 0.4904826429838728 0.24103850642914965
862 0.49047675241373917 0.24103242789148274
861.5 0.49024737426223197 0.24081107456920472
861 0.4898126504052379 0.24039195695364374
860.5 0.4904171215851332 0.24098476622668633
860 0.4906834646715311 0.2412526691812183
859.5 0.48997496993464573 0.2405631831324509
859 0.48992809149829275 0.24050185399758872
858.5 0.49013679659322257 0.24071448738275117
858 0.4901204952555981 0.24068832569630083
857.5 0.49053402673095825 0.2410912616100863
857 0.49032155202662214 0.2408896503298351
856.5 0.4902188590407613 0.24079488390251536
856 0.4902333279075171 0.24081546472428195
855.5 0.4899991710363184 0.24058203435277672
855 0.4901654248404387 0.24073898008372766
854.5 0.4904051576579874 0.24096680393632097
854 0.4906743943252657 0.24124458837700466
853.5 0.49024722113886376 0.2408234667606547
853 0.4900850907946395 0.24065334809985145
852.5 0.489691097179095 0.24027694460368862
852 0.48992204960497004 0.24049844078092106
851.5 0.4899481129003171 0.24052149034020723
851 0.49025532201523647 0.24082254276822052
850.5 0.49032264373930107 0.24089671500354282
850 0.4896396120856594 0.24022879431624278
849.5 0.49033837597252244 0.2409009884711001
849 0.4897453620054104 0.24032911736242296
848.5 0.49041256286157103 0.24097705845420292
848 0.4899850328881747 0.2405624772698659
847.5 0.4896735783090476 0.240253662276068
847 0.4896194320467874 0.24021163963603678
846.5 0.48949570431969314 0.2400809157875008
846 0.4901990497286881 0.2407695914697557
845.5 0.49043862166443836 0.241009273267758
845 0.48937934273179157 0.23996285626233774
844.5 0.48998181595141876 0.24056521708317993
844 0.49008040110751755 0.24065414149812991
843.5 0.4895218297374591 0.24010528295070957
843 0.4894838118770296 0.2400807405520156
842.5 0.4893096857081722 0.23988399786618164
842 0.4898934153714999 0.24046384250423883
841.5 0.48974381394796723 0.24032014565759066
841 0.4898951719415896 0.24046626962228657
840.5 0.4897028629505593 0.2402860607637941
840 0.4891345989639393 0.23972966395763023
839.5 0.48976559839791156 0.24034684469738876
839 0.4900052033625976 0.24058546382534943
838.5 0.4889630638305611 0.23955841057056756
838 0.4897962346315621 0.24038004797735613
837.5 0.4889878095423303 0.23957915461191923
837 0.489212426320263 0.23981094016210333
836.5 0.48964137099983085 0.24023842339060797
836 0.489839137698738 0.24041999578937875
835.5 0.48973301703170874 0.24031256667836626
835 0.4894273926535224 0.24001862354451048
834.5 0.4899538943704547 0.24052422954322367
834 0.48911003744667814 0.23970471106205785
833.5 0.4895931001714518 0.24018047327448003
833 0.4894290337599125 0.24000678578025503
832.5 0.48965408624202644 0.2402381750162857
832 0.4897169391611465 0.24030926692669918
831.5 0.48961334921313426 0.2401996523891345
831 0.48904975069994605 0.23964930473215698
830.5 0.48894469414168457 0.23955017577815804
830 0.4896219146656869 0.2401938500886817
829.5 0.48907825612723094 0.23967406990397172
829 0.48909120888038915 0.23968139150241702
828.5 0.4897538259365592 0.24033977577485055
828 0.4897748941426403 0.24034806268645675
827.5 0.489346412635099 0.23993428654936844
827 0.4896378164047824 0.24023233125452292
826.5 0.48931108589272776 0.23989869053120233
826 0.4888611584528968 0.23946634626447208
825.5 0.48978191284390266 0.2403598757781262
825 0.48855910659032437 0.2391604279393689
824.5 0.4888367400272437 0.23943308888478657
824 0.4890491316116172 0.2396527681064593
823.5 0.48895777015006536 0.23955800991687462
823 0.489416938894784 0.24000182079650617
822.5 0.4887470394883189 0.23933824915815513
822 0.48923960132869654 0.23983141829264562
821.5 0.4885435549150198 0.23914142838388103
821 0.489355804178565 0.23995278666888512
820.5 0.48917300346792286 0.23977550944808582
820 0.48866713434840714 0.2392791994884927
819.5 0.4885771299305274 0.23919317819799094
819 0.48839501120637707 0.23900691090539047
818.5 0.48866859713467853 0.239281948940792
818 0.48900048297437276 0.23959139271240437
817.5 0.48854184165140907 0.23915449269449843
817 0.48906303941326273 0.23965921757447875
816.5 0.48853732689266527 0.23915330686309308
816 0.4887029161685406 0.23930395825153727
815.5 0.48858155701539097 0.23921125705116847
815 0.4888771689993162 0.23946541732831186
814.5 0.48859600961122795 0.2391936190754698
814 0.4887507616558076 0.2393553054208092
813.5 0.4887551407213429 0.23936071727285888
813 0.48841997356842504 0.2390291603536077
812.5 0.4885997823056261 0.23920468013771312
812 0.48894200596168946 0.23954527525868083
811.5 0.4887811965517938 0.23938695479865413
811 0.48878237166312977 0.23939561154628544
810.5 0.4881942479702194 0.2388010872615518
810 0.4891842283902397 0.23977720495879046
809.5 0.48892715294181294 0.23952911252511022
809 0.48868091056683405 0.23928500823367632
808.5 0.48863980022639547 0.2392524900643577
808 0.4883604240303255 0.23897942565010208
807.5 0.48854903301811226 0.2391563158643369
807 0.48880812587196676 0.23940398172930746
806.5 0.4886573408589895 0.2392701548929416
806 0.4888138365862861 0.23942224109319526
805.5 0.48882091647848613 0.23942967283374766
805 0.48859356278510596 0.23920218842627672
804.5 0.4890045586400185 0.23961580996402942
804 0.48837189448878354 0.23898902227984983
803.5 0.48905042665697573 0.23963625198030136
803 0.4878908020110454 0.2385128853675731
802.5 0.48843793256561335 0.2390603994492133
802 0.48815827709138043 0.2387814044451297
801.5 0.4883104547489644 0.238932341201417
801 0.4883380446308014 0.23896311242086946
800.5 0.48833843198964777 0.23895006757871423
800 0.48791475283204894 0.23854471320035184
799.5 0.4883295925672031 0.2389441038293635
799 0.4881781162420821 0.23879381133220484
798.5 0.4880040698771891 0.23862611689917157
798 0.48833410217258344 0.2389512357185825
797.5 0.48807001737349237 0.2386885299003066
797 0.48816392732471187 0.23877711960194753
796.5 0.48796947997526685 0.23860150695140234
796 0.4885416225787518 0.2391603961106564
795.5 0.4879571454901911 0.2385705375437843
795 0.4879656484007561 0.23858925037858605
794.5 0.48761802648010344 0.2382551609788335
794 0.4879440669293835 0.23857252549318564
793.5 0.48798829728162324 0.2386055263269419
793 0.4876636505781604 0.23831062856860077
792.5 0.4879843623715369 0.23860547970710327
792 0.488129018950726 0.23876095312176215
791.5 0.4876198140180286 0.2382558988583148
791 0.48802587631244326 0.23865245547136546
790.5 0.4881050519937757 0.2387216257637152
790 0.4877415667687558 0.23836812606467872
789.5 0.4878713298447311 0.23849624547301546
789 0.487885387623509 0.23851666880713313
788.5 0.48784481965865883 0.2384707259215998
788 0.487952675386125 0.2385716831803054
787.5 0.48799707265493547 0.23862968080496985
787 0.48784901232475264 0.23847623905107312
786.5 0.4879947986391806 0.2386111438947353
786 0.48756909518784375 0.23819356289363605
785.5 0.48731597375098545 0.23795422018472515
785 0.4878818572455546 0.23852595245009695
784.5 0.4877418642424807 0.23836458893421195
784 0.48772023097263395 0.23833532713574293
783.5 0.48813061604774255 0.23876360010604938
783 0.488376797883072 0.2390005861969338
782.5 0.48762457117606756 0.2382617993702385
782 0.48776669127250655 0.2383959576878875
781.5 0.48741949512895316 0.23806254213975234
781 0.48763098750818 0.23825936228035421
780.5 0.48768216736331094 0.23832173145623964
780 0.4877343790207872 0.23836989666006703
779.5 0.4876342294536721 0.23826173962743954
779 0.48769021611029223 0.2383142716750085
778.5 0.48727352188596473 0.23791246866333313
778 0.4876618224668424 0.2382950126342375
777.5 0.4867528264145883 0.2374138140016861
777 0.4870957785543533 0.2377475953078451
776.5 0.4869445650732329 0.23760370798275962
776 0.48738304646356084 0.2380244029290643
775.5 0.4870560699341348 0.23770347161613514
775 0.48734380711318115 0.23799054859400148
774.5 0.48730697632805975 0.23794266329048316
774 0.48706174940738167 0.2377023345467557
773.5 0.4878338035767277 0.23845996293029867
773 0.48629422444246506 0.23697234806655437
772.5 0.4871737191634385 0.23780478889446113
772 0.48747748407740016 0.2381189134781829
771.5 0.48727115008634353 0.23790918452639653
771 0.48694127924080355 0.23759130023659625
770.5 0.4874925131633938 0.238126715955337
770 0.4866887511236949 0.2373487268558827
769.5 0.4868543430237492 0.23751834411969847
769 0.4871991070251943 0.23783847658240745
768.5 0.4872973008920269 0.23794791750534547
768 0.4870764136042427 0.2377236765365052
767.5 0.48698399927089014 0.2376282980059556
767 0.4869215227712726 0.2375644014215267
766.5 0.48661894558531743 0.23728612130807375
766 0.4868851946603515 0.23753557851374804
765.5 0.4864317421369984 0.2371015726210167
765 0.4871570282474506 0.23781024720859598
764.5 0.4871638136147813 0.237811789840689
764 0.4867798827660681 0.237428165548968
763.5 0.4865434821143916 0.2372061165238934
763 0.48704484998283537 0.23768990354873956
762.5 0.4863987161848638 0.2370653796982066
762 0.4869827755301758 0.2376274330110122
761.5 0.48685338185886173 0.23751041425628636
761 0.4869572191914909 0.23760152746347454
760.5 0.4862302874801044 0.23690039894725634
760 0.4864983964554555 0.2371569381880532
759.5 0.4870317943380118 0.23767867723002317
759 0.48590484310539545 0.23659783296835857
758.5 0.4864122030702737 0.23707288544125527
758 0.4870710529463592 0.23771637140032173
757.5 0.48645902204966535 0.23711992892985934
757 0.486590370064261 0.2372427006186545
756.5 0.48631133700184376 0.2369634951143524
756 0.4859498131202711 0.2366239854564943
755.5 0.48633967927588456 0.23701365701669325
755 0.48696268931479103 0.23761499893095062
754.5 0.4864305747957912 0.2371079902504798
754 0.48659143227114576 0.23724198773968141
753.5 0.4862994901198407 0.2369652749537192
753 0.48631515467352004 0.23697047527611476
752.5 0.48646316280345864 0.23711690204178426
752 0.48627011318650887 0.23693354652373583
751.5 0.4860418248487715 0.2367106803636316
751 0.4860869083272672 0.23676668039413956
750.5 0.4862662824275016 0.23694641934292784
750 0.4863724958561833 0.2370455844848312
749.5 0.4860770860314862 0.23675461311425505
749 0.48593975904380576 0.23662426655334529
748.5 0.486024056174487 0.23669786083156097
748 0.48605526214871014 0.23672402145882954
747.5 0.48606283574776804 0.23674591764043118
747 0.4861559652456225 0.2368433873175605
746.5 0.4859298148614838 0.23660177243548708
746 0.48609613190964374 0.23677740827928473
745.5 0.4859000213582682 0.2365868026603154
745 0.48665935990051407 0.23733046417482848
744.5 0.48606839946414304 0.23674071742268601
744 0.4859128294376876 0.23658267305102054
743.5 0.48621077233980825 0.2368814210102995
743 0.4857435218048992 0.23643266988767034
742.5 0.48615055357338116 0.23681986415330203
742 0.4857980281093598 0.23648913439785044
741.5 0.485887859665618 0.23657184250672883
741 0.4856361974409859 0.2363136637699543
740.5 0.48583057575822264 0.2365214034542391
740 0.48596765275350384 0.23665309316561098
739.5 0.486195873793028 0.23686831101720962
739 0.4856890700236615 0.2363758544646334
738.5 0.485646170002866 0.236336069519081
738 0.48595389323983784 0.2366307154854991
737.5 0.4861515047112052 0.23683223579440918
737 0.48573621330339617 0.2364198472342095
736.5 0.4858466493867163 0.23653881920012265
736 0.4856609449327834 0.23634473661144634
735.5 0.48589667798977465 0.2365665753498863
735 0.4859765683422003 0.2366534279249346
734.5 0.48597432151392395 0.23665723315774093
734 0.4853427328375564 0.2360446359514946
733.5 0.48506639749705627 0.23577253724604452
733 0.4854527832921046 0.236131087240607
732.5 0.4856972372463638 0.23638157815000566
732 0.48535396909259565 0.23605068651334105
731.5 0.4859892867890256 0.2366740239963586
731 0.4859564891157198 0.2366341723102848
730.5 0.48512609868584444 0.2358351455405786
730 0.4850506749864742 0.23577197992646423
729.5 0.48524004975399726 0.23593944548698884
729 0.4854116987368484 0.23610390054302513
728.5 0.48531801113573836 0.2360170887743972
728 0.4855361169872557 0.23623841530486414
727.5 0.48538150628755106 0.23606900486330726
727 0.4847583975442105 0.23547204426144128
726.5 0.4846199287939253 0.23532983763417703
726 0.485147110434042 0.23585192061688262
725.5 0.48533578950695816 0.23602916318040323
725 0.4851586042191358 0.2358598588147235
724.5 0.4852738285978078 0.23597811925892778
724 0.4848455918852585 0.23555744039340465
723.5 0.4848578910739491 0.23556947071725648
723 0.4852069414555909 0.23591381541035555
722.5 0.4849397511181025 0.2356507394610087
722 0.4847094888823232 0.23543520448077512
721.5 0.4849316868577171 0.23564752557257343
721 0.48505570811686943 0.235761571859833
720.5 0.4850881758158512 0.23579422936440977
720 0.48540044379178293 0.23611239652960636
719.5 0.48463662621733244 0.23535457247745567
719 0.4843086775425056 0.2350552104094475
718.5 0.4846597521444648 0.23537708983554778
718 0.48463685825141256 0.23534996902404554
717.5 0.4846125907860611 0.23533946961534277
717 0.48490327957970153 0.23560771355710286
716.5 0.4847454582168412 0.23545785733805635
716 0.48473580422833545 0.23544806347839442
715.5 0.4843097088071739 0.23504348278302417
715 0.48449127000335 0.23520958467281644
714.5 0.4849262540557985 0.2356448869585523
714 0.48445378359921837 0.23517859718812067
713.5 0.48453507689256525 0.2352505902395501
713 0.48490456919991237 0.23560434353076165
712.5 0.48492800216114174 0.23564636231597635
712 0.484455466312406 0.23517318773396975
711.5 0.484078396290887 0.23481911912770734
711 0.4845555141506888 0.23526830232282492
710.5 0.4847243313713632 0.23544763793108656
710 0.48452229578733774 0.2352505725329554
709.5 0.4846296957385001 0.2353398786334752
709 0.48417529695023864 0.23490127507465583
708.5 0.4844117631268827 0.2351381948643743
708 0.48395191478600014 0.23468696844490414
707.5 0.4843773933273188 0.2351033607003161
707 0.48421967682954403 0.23494500438722019
706.5 0.48391036552326344 0.23466353549627963
706 0.484288925653609 0.23502870813455132
705.5 0.4837914674924498 0.23454120110513585
705 0.48413319755363177 0.23487020539331677
704.5 0.4842978584102199 0.23503709708310194
704 0.4842198877937997 0.23494237652469785
703.5 0.4835380077376835 0.2342901020585318
703 0.48390658134211756 0.23466417479146434
702.5 0.48454489348825186 0.23526474523406726
702 0.48386509871776634 0.23460259062409228
701.5 0.4841125378335576 0.2348549718532242
701 0.48441415269443705 0.23513669306981633
700.5 0.48374683858765427 0.2344909029642123
700 0.483775985570183 0.23452183885233704
699.5 0.483902678963417 0.23465623163216634
699 0.483707199579391 0.2344545667470172
698.5 0.48394928937035026 0.234700784567965
698 0.4839066592808915 0.2346438069519316
697.5 0.4841244648588559 0.23487196380307776
697 0.48403144999089726 0.23477407636918599
696.5 0.48383998911623066 0.23459044301367085
696 0.4840957753725401 0.23482725808055835
695.5 0.4832897043589961 0.2340549294368236
695 0.4839928504788293 0.23473338527880278
694.5 0.48335368057815964 0.234110981446197
694 0.4838601128751751 0.2345975080064867
693.5 0.4836144249234814 0.23436587105012902
693 0.483720430932102 0.23446048734058722
692.5 0.48343141032226133 0.23417243755613323
692 0.48328916188548815 0.2340464771292835
691.5 0.48317381225046785 0.23394604461547563
691 0.4832125016231291 0.23397977093217415
690.5 0.48396661430552435 0.23470745425526823
690 0.4841047988091248 0.23484126702963212
689.5 0.4827146914099337 0.23350299464314628
689 0.48362088314762824 0.23436387164711645
688.5 0.48312681666310786 0.23388821748621808
688 0.4832488829217794 0.23400432359187684
687.5 0.4833770831462155 0.23413340998989945
687 0.4834884406790747 0.23424548046875038
686.5 0.48317929736242193 0.23394031831577747
686 0.4831016210488726 0.23387146733001718
685.5 0.48281337539631375 0.23358084102230015
685 0.4829984374066666 0.23375287769982508
684.5 0.48282359436037847 0.23360581940458952
684 0.4828156165441292 0.23359446948775398
683.5 0.48341315711593413 0.2341760157020848
683 0.4829784865775097 0.23374666600031274
682.5 0.4828543104211466 0.23361948291035284
682 0.48279535507230964 0.23358413911890855
681.5 0.4832121157789042 0.2339733909304565
681 0.48281629896291506 0.23359944196650193
680.5 0.4829670759917763 0.23374657957909875
680 0.48271983545186425 0.23349858769308057
679.5 0.4831196459524057 0.23388310331657394
679 0.4830670017254662 0.23382310948965282
678.5 0.48289804804504927 0.2336650712700013
678 0.4826128710713754 0.23340270300619298
677.5 0.48248131972163855 0.23326246038322818
677 0.4825051193391443 0.23329358085740443
676.5 0.48341062760723197 0.23416763214079317
676 0.4828207537791891 0.23359356855893934
675.5 0.4832073795157518 0.23397996887884798
675 0.48318360303484265 0.2339407716639641
674.5 0.4825980753340528 0.23337697363446147
674 0.4820484085647286 0.23285748704326364
673.5 0.4824943265078267 0.23329161715139046
673 0.4830338896548849 0.23379499552575117
672.5 0.4828101052812768 0.23358631125911528
672 0.4824328143072054 0.23323916494150734
671.5 0.4825772415730945 0.23336286088588698
671 0.48246108020224127 0.23326373222399294
670.5 0.48248530392551314 0.23328988721904284
670 0.48199126085648675 0.23281028462494763
669.5 0.4828950300525316 0.2336776451780249
669 0.4821963153901105 0.23301467888355434
668.5 0.48222296103112405 0.23301586573583255
668 0.48246264866955274 0.23326045563820738
667.5 0.48205061505345737 0.23285456313147054
667 0.482728871406828 0.2335109276167443
666.5 0.48198611131599256 0.2327920512918649
666 0.48253378703711425 0.23332131903554054
665.5 0.4820501003047669 0.2328523862925127
665 0.4820086530241073 0.23282475310279782
664.5 0.48200162489204135 0.23282288944331
664 0.4820393774106631 0.2328382829533775
663.5 0.48161050151171847 0.23244316022258996
663 0.48301269377569395 0.23378614354383476
662.5 0.4820337526275312 0.2328405115520751
662 0.48240288021713645 0.23319766635637906
661.5 0.48184592948156674 0.23266239223299157
661 0.4820966451995041 0.23290780773929515
660.5 0.481824932522387 0.23263372274749536
660 0.48134218808042945 0.23218211897098714
659.5 0.48225344132949716 0.2330580683048342
659 0.48172457835859667 0.23254019725301492
658.5 0.4817364229778202 0.2325508414195832
658 0.48216574937236917 0.23296679029190762
657.5 0.48195794276158965 0.23276702919344383
657 0.4820296328759402 0.23283654911882157
656.5 0.4810987281262638 0.23194593774811692
656 0.4814557523762107 0.23228947844589676
655.5 0.4814496797311535 0.23228802135671786
655 0.48224922312109764 0.23303902241439767
654.5 0.48205573874782925 0.2328579117532892
654 0.48187687032486914 0.23269336974810148
653.5 0.48198108569729703 0.23279825670598364
653 0.4814796058983607 0.23231385808131821
652.5 0.4814232879125014 0.2322549875071423
652 0.4814964661678813 0.23231541949863566
651.5 0.4816718197627334 0.2324942957104169
651 0.48167016311305555 0.23248505942728112
650.5 0.4811112668812215 0.23193486398136023
650 0.4816290263176273 0.2324509989940348
649.5 0.48121575665356725 0.2320461209080744
649 0.48106596187053813 0.23189264341854277
648.5 0.4819043772928343 0.2327111629680083
648 0.48111081489447 0.23195330769277464
647.5 0.4809888644574883 0.23183875311540358
647 0.48110385421174645 0.2319416040257081
646.5 0.48117395682172664 0.2320162250372914
646 0.4819938968750584 0.23279680238989903
645.5 0.4807373919757646 0.23159604152714253
645 0.480901120062118 0.23175405620424308
644.5 0.48107295418573653 0.23190814210869762
644 0.48070950503885734 0.23156770030881538
643.5 0.4805510855423742 0.2314093644749387
643 0.4808844427370998 0.231733425858371
642.5 0.4808302208163944 0.23168703903839688
642 0.48035888639819063 0.23123698485702915
641.5 0.48099145155868905 0.23183379518014016
641 0.4812577089029023 0.232095341238622
640.5 0.48069134680953207 0.23154328053457582
640 0.4801506653625255 0.23103695442562622
639.5 0.48138691385925386 0.2322124467910267
639 0.48114870148921746 0.23198321506370673
638.5 0.4805967113034498 0.23145660478724944
638 0.4805802437813842 0.23143499508456328
637.5 0.48058689285407197 0.23144675554791716
637 0.48037410983332623 0.23124614148845948
636.5 0.48026345323954533 0.23114303469467778
636 0.4800677232130736 0.23095525813351403
635.5 0.4805249553927026 0.23139508340818188
635 0.4808268466266389 0.231676450748087
634.5 0.48042408317840357 0.23130158063347386
634 0.4801029346705082 0.2309905951235373
633.5 0.48020947846734674 0.23107005700634423
633 0.48024706792707156 0.23112300326743437
632.5 0.48034176559152375 0.23122472273080105
632 0.48017601225599266 0.23104945572537833
631.5 0.4798726726054773 0.2307570680894924
631 0.4801898904398634 0.23108055427534294
630.5 0.48004039580454505 0.23092030827892915
630 0.47998359029070925 0.2308697736193609
629.5 0.47961778776979697 0.23051949858121706
629 0.48022131480267155 0.23110235060396675
628.5 0.4797848345934357 0.23066610408505153
628 0.48018026115188167 0.23107904922861375
627.5 0.4797018124318838 0.23059762565428862
627 0.4799846059518258 0.23086291042326754
626.5 0.4798135984640842 0.23071444734699692
626 0.47960832914804585 0.23051710552686164
625.5 0.4797369275734969 0.2306384111740465
625 0.48016113118928244 0.23104430706563336
624.5 0.47964374808728566 0.23055091780565953
624 0.4793709330902562 0.23027755763683314
623.5 0.47999906029843953 0.23088407102012132
623 0.47954636788349797 0.2304496953208287
622.5 0.47950246086932025 0.23040583041574095
622 0.47963440761161874 0.2305442335652015
621.5 0.4793114458714969 0.2302313110636118
621 0.4795606548726711 0.23046121755191265
620.5 0.47928603357630484 0.2302031481025998
620 0.4790665041402436 0.22998826135912012
619.5 0.47905856022279497 0.22999014487890992
619 0.47867675682063215 0.22961082502461538
618.5 0.47917343409772395 0.23009723204178734
618 0.47936990423056214 0.2302889717418063
617.5 0.47919693495453713 0.230125508978042
617 0.4790692788813493 0.22999104350632368
616.5 0.4795296991365558 0.23043721739484055
616 0.4793388567484044 0.2302486696609224
615.5 0.47958425706823354 0.23050159371581172
615 0.47903306223271896 0.22996928132019012
614.5 0.47869326927060923 0.2296261719755616
614 0.478815626825171 0.229754208393022
613.5 0.4787411805210291 0.22967406621189496
613 0.4791808129599334 0.23009533114042735
612.5 0.4791078310718261 0.23004675939755223
612 0.4792458782843654 0.23017714154719573
611.5 0.47855008131042714 0.22949788615583566
611 0.47897273473983365 0.22989102436009407
610.5 0.47856420931110555 0.22952938135827114
610 0.47813646314658936 0.22911815651209386
609.5 0.47905777785854387 0.22998584137350886
609 0.47874599267277684 0.22968782341755672
608.5 0.47903938542606034 0.2299674024521632
608 0.47898275352864095 0.2299080190728104
607.5 0.47900322865866696 0.22993507306821867
607 0.4792486066920998 0.23016644158157126
606.5 0.47883852876853367 0.2297745540916695
606 0.47907518836505575 0.22999941761095447
605.5 0.4787583258704125 0.22970759898558124
605 0.4783090366878019 0.22926718461203682
604.5 0.47827483558051725 0.22923891838121047
604 0.47849886810166675 0.22946325163952536
603.5 0.47847014747419214 0.22941707425644922
603 0.478168219064 0.22914068583372937
602.5 0.4775858440973658 0.22858085223717167
602 0.4786745648348322 0.2296053199067014
601.5 0.47810719243608796 0.22907036017940574
601 0.4782347359079204 0.22919152469015527
600.5 0.4782081432330539 0.22917644637007856
600 0.4783817299007618 0.22933301575124435
599.5 0.4783875682651733 0.22935071329480672
599 0.4777868635693453 0.2287714415423631
598.5 0.4778420136420013 0.2288197484709649
598 0.4779657819248463 0.2289372860733713
597.5 0.47779691127046864 0.22877635159965126
597 0.4784351943152924 0.22938099950854235
596.5 0.4777768379367916 0.2287490753942053
596 0.47821309264408696 0.22917607596847597
595.5 0.47768996091111204 0.22867669046036196
595 0.4780741905733105 0.22903113484646156
594.5 0.4776366735844435 0.22862873670064943
594 0.4773470792561985 0.22835731844752796
593.5 0.4778464546299347 0.22882732456354254
593 0.47774388271330975 0.22872392793107454
592.5 0.4776707804568817 0.22865819010933192
592 0.47714440773921174 0.22815928691005985
591.5 0.47770904282068694 0.22870147940328053
591 0.477831409526914 0.228819427692168
590.5 0.47702038021386484 0.2280411494031727
590 0.47741748351665386 0.22841951568647972
589.5 0.47783914804624167 0.2288143523184557
589 0.47751977222939795 0.22851358458390061
588.5 0.4777901057197144 0.2287710932232459
588 0.47777143032041924 0.22875550666413846
587.5 0.47717593693441895 0.2281992872411732
587 0.47707121582594897 0.2280820565806709
586.5 0.47716130606649226 0.22817089435409546
586 0.4768276332927373 0.22786429652525036
585.5 0.4765757549329054 0.2276164932289426
585 0.4770613902865888 0.22807599309057028
584.5 0.4768133427439534 0.2278412644437102
584 0.47723468832549054 0.22824091019080434
583.5 0.4763144531475388 0.22736439999187422
583 0.47761299911088856 0.228613675633401
582.5 0.47699732453032895 0.22802038219735343
582 0.4772033408724777 0.2282110247775065
581.5 0.476942699983943 0.22797219836188917
581 0.4770574220039631 0.22807969487141183
580.5 0.4768725081270077 0.22790642671294212
580 0.47651278100216643 0.22755530646329009
579.5 0.47690209630716834 0.227926035293826
579 0.4768475841638182 0.22788386110141914
578.5 0.4769231354509412 0.2279466797397411
578 0.4773036156650447 0.2282995617178907
577.5 0.47677364303847475 0.22781103381266762
577 0.47645208256176336 0.22749638225741692
576.5 0.4768265044837108 0.22784237956613035
576 0.47632412533816804 0.22738225682254956
575.5 0.4767806344515524 0.2278225921577152
575 0.4760983313452704 0.22715908995680875
574.5 0.4767718190115025 0.2278099404837754
574 0.4764251983704743 0.2274794830115022
573.5 0.4761636598395894 0.22721640861408016
573 0.4762200960383537 0.2272652084948746
572.5 0.47550823896590166 0.22660122962933862
572 0.47650785635381526 0.22755183370088622
571.5 0.47654840910023827 0.22758894848701008
571 0.47668104784037496 0.22769227606062936
570.5 0.4764064577328241 0.22745328581777968
570 0.4762231293344638 0.22727933386857077
569.5 0.4756768225523533 0.2267499048334141
569 0.47543275531359086 0.22653265926584915
568.5 0.4763509349730295 0.22741020978667092
568 0.47568580398219734 0.22676846403185855
567.5 0.47570635738805606 0.22678502257058844
567 0.4761451134205261 0.22719956024987656
566.5 0.4758217058462077 0.22689703738478112
566 0.47572367627999534 0.22679135328079317
565.5 0.4758115822776054 0.22687562045264034
565 0.4756751598457823 0.2267585399100323
564.5 0.47537700934067556 0.22648559628556614
564 0.47563833927603427 0.22671213562115078
563.5 0.4756870919236698 0.22676770015456074
563 0.4759240998606917 0.22699209566953438
562.5 0.47514849134511994 0.22625404302087418
562 0.47526803013206315 0.22638744146250436
561.5 0.47558515153320513 0.22667766736665704
561 0.475199511421342 0.22631079494034206
560.5 0.4746405498516881 0.2257684698025498
560 0.4755251284044385 0.2266253190239923
559.5 0.47479675918968944 0.22592327796748138
559 0.47490522319712924 0.2260150125672206
558.5 0.47512665741440346 0.22625358565320097
558 0.4751199954371516 0.22623023293625735
557.5 0.47516105215981824 0.2262752808857492
557 0.474876956024286 0.2259992396107296
556.5 0.4746266229735616 0.22576412294502335
556 0.4747074437994063 0.22584463777090893
555.5 0.4752403778592841 0.2263569337758315
555 0.47452708729096804 0.2256536035762648
554.5 0.47548182292635455 0.22658451490310938
554 0.47487798476764603 0.2260058855104873
553.5 0.47487060056284885 0.22598675970852164
553 0.4746917432164458 0.22581767696916039
552.5 0.4748403043989368 0.22596340700477652
552 0.47468657869540926 0.22581556309727216
551.5 0.4748040018783029 0.22594020357641856
551 0.4748733408144236 0.22600118628683652
550.5 0.4749838649174281 0.22609074652462716
550 0.4748476578089473 0.22597395864823497
549.5 0.4743744127360278 0.22552951530532558
549 0.47382375594792103 0.2249967160582479
548.5 0.47449564767565716 0.2256359813804069
548 0.4746789311405324 0.22579947434459555
547.5 0.47414032384044474 0.22529768061976105
547 0.474225336593645 0.22537044932649605
546.5 0.4740039245620173 0.22516906810513782
546 0.4740516141301579 0.2252135347063475
545.5 0.47424832138812123 0.2253982380272118
545 0.4743342167656976 0.225490580785655
544.5 0.4741543903533004 0.22530286703837465
544 0.4740418018602766 0.22520425767028476
543.5 0.47352563171463474 0.22472305691051914
543 0.4733971432356122 0.2246076069130902
542.5 0.47387424537990713 0.2250493361161287
542 0.47417742495745147 0.22533966696428614
541.5 0.4733935469254108 0.22459611204043242
541 0.474310751744898 0.22546371538287874
540.5 0.47388880257837224 0.22505515642688942
540 0.47362649662545164 0.22481538523793235
539.5 0.47378677246225587 0.22494972952349274
539 0.4730584570099265 0.2242807672804836
538.5 0.47286767368648963 0.22409004847729164
538 0.4735589127016618 0.2247409276641964
537.5 0.473308879850262 0.2245187386984029
537 0.4735813306821703 0.22476799278343862
536.5 0.47348387311476575 0.22468142036652736
536 0.4734800768469895 0.2246759358092643
535.5 0.4729965923130303 0.22421868708616854
535 0.4726929710090489 0.2239349780158282
534.5 0.47389490174522875 0.22506632099978977
534 0.4736994428425993 0.2248786361753466
533.5 0.4732323685219841 0.22445337697520046
533 0.47328907768325873 0.22450714092194132
532.5 0.47267285967470335 0.22390779261954386
532 0.4729527877363951 0.22417857564321997
531.5 0.47246252495337415 0.22371328777131472
531 0.4727575605389739 0.22399770318875806
530.5 0.47291352419381144 0.22414585138488183
530 0.47256603364109745 0.2238012150629534
529.5 0.4729760072711693 0.2242036447893038
529 0.47298876617787766 0.22422190028539196
528.5 0.47276718554926694 0.2239874644044447
528 0.47300954015326013 0.2242170522254611
527.5 0.47266313640232044 0.2238978751091661
527 0.4728114243970614 0.2240422887874804
526.5 0.47197953221266903 0.22325380953296844
526 0.4722369065116948 0.22349377732992995
525.5 0.4722107057803383 0.22348131553913814
525 0.4719720492746209 0.22324535049447305
524.5 0.47233018840289326 0.2235710341967498
524 0.47203870874605813 0.2233141918011891
523.5 0.4724642079857606 0.22371706994938398
523 0.47251587809651224 0.2237618616066208
522.5 0.471892937039967 0.22318964789188023
522 0.47234680326825274 0.2236089356866665
521.5 0.47189092703828095 0.22317874160926793
521 0.4723602757865848 0.2236140619722118
520.5 0.47213674171987685 0.22341514661433495
520 0.47211141414640695 0.22338945631670284
519.5 0.4717639916172196 0.22306409460189613
519 0.47131155195146246 0.2226221340477593
518.5 0.47179400295952256 0.22307221289531598
518 0.47127883969609696 0.22259313700474792
517.5 0.4716521158305236 0.22295595990407105
517 0.471785694822595 0.22306134724563376
516.5 0.4713807156152765 0.22269500646893273
516 0.4714813142795663 0.2227909291898264
515.5 0.47126486129135864 0.22258726760770595
515 0.4719222845725514 0.22319825605634375
514.5 0.47097618952652676 0.22231946635615507
514 0.47124105318644843 0.22256811446028255
513.5 0.47125633818471324 0.2225665054671901
513 0.4714516230397691 0.2227577323020303
512.5 0.471830437665301 0.22312901496364673
512 0.4710905812656988 0.22241048124429433
511.5 0.4703600740198474 0.22173538723056016
511 0.4712395880585913 0.22255403913379776
510.5 0.47082512307574187 0.2221753980068537
510 0.47049011861886353 0.22186046310296048
509.5 0.47056702996668043 0.22193778050668234
509 0.4711445943708472 0.22247651283999884
508.5 0.4708636533991787 0.2222093643145461
508 0.4710153356952784 0.2223593095190344
507.5 0.47082467558649654 0.22217050546983824
507 0.47022577438451507 0.2216180850247437
506.5 0.47028103605887966 0.22166518404500285
506 0.47049563512043413 0.22186004170820742
505.5 0.46987928762692 0.22127204793464622
505 0.4700923968361574 0.22147603853843614
504.5 0.47045951844770545 0.2218234324665622
504 0.4708942052410756 0.22223549467622164
503.5 0.46967085978600126 0.22108880691792399
503 0.4698113000341667 0.22120364323151528
502.5 0.4700584644756485 0.22143502423963593
502 0.4704564647898355 0.22183378197456197
501.5 0.4705705093047971 0.22191584945248477
501 0.4701722157257058 0.2215665622972855
500.5 0.47024030972646114 0.22161723950893564
500 0.469688250295341 0.22109652428840215
499.5 0.4702040657312181 0.22157947482981355
499 0.4702175136567465 0.2216052617592642
498.5 0.47014642194242395 0.2215353245774953
498 0.4696378847003217 0.2210610952382608
497.5 0.47069870599829355 0.22205575047033288
497 0.46978684782747554 0.2211828599578723
496.5 0.4697972606106643 0.2212052351881453
496 0.4700607957071267 0.22145459396023784
495.5 0.4696447966857969 0.22106973100101207
495 0.4692880731732114 0.22072587502953478
494.5 0.4692575521666258 0.22069193382207353
494 0.4696215706793407 0.2210598845576198
493.5 0.4699797799832121 0.22137488287748203
493 0.469027817127328 0.22049954617826997
492.5 0.46958690624285043 0.2209916826958232
492 0.46920420873502544 0.22063959209583317
491.5 0.469307698108149 0.22074506801176783
491 0.4688524262583204 0.22031468574008983
490.5 0.4693180879654697 0.2207530890405399
490 0.4687888540898789 0.22026898321491223
489.5 0.4695263337492122 0.22093895005711672
489 0.46890367849065884 0.22036458619477606
488.5 0.4682606597633512 0.21976162958819473
488 0.46858242895979124 0.2200608896521086
487.5 0.46841501183125717 0.21990260608276038
487 0.46880817510845385 0.22027435872880935
486.5 0.4683644917726777 0.21985166030461004
486 0.4686550081315146 0.22012916958691003
485.5 0.4683422131179842 0.21984500546909921
485 0.46872054325252016 0.220197192523335
484.5 0.4683042167208775 0.21981273831857132
484 0.4683380451647411 0.2198318033224197
483.5 0.46824130941768716 0.21974445751913896
483 0.4680160761153683 0.21952064556275855
482.5 0.4683891530644773 0.21988155188997113
482 0.4683868482571848 0.21988314323433036
481.5 0.46875635751353284 0.2202256840848428
481 0.46798577707030303 0.21950837089437145
480.5 0.4680215274728583 0.2195375015913449
480 0.46829550497757144 0.21979912725912065
479.5 0.46794915911450446 0.2194825858286359
479 0.4674570997040048 0.21901342162967155
478.5 0.4681583044716204 0.21967600728136086
478 0.4676535379540623 0.21920507534206063
477.5 0.4675030131197681 0.21905866652918746
477 0.46731753826838657 0.218901748493413
476.5 0.4676592821752424 0.21919695694032992
476 0.46740585322592015 0.21896239102780599
475.5 0.4672380440401304 0.21881199473904833
475 0.46756271540151634 0.21912746456427343
474.5 0.46739217688073015 0.21896182065010614
474 0.4671441469751748 0.2187251323932964
473.5 0.4670623185589241 0.2186325419084157
473 0.46668259969429265 0.21828852765436124
472.5 0.4669377010104411 0.21852963186250476
472 0.46730340362598255 0.2188715225620573
471.5 0.46686168436298314 0.21846012378842602
471 0.46692550608143796 0.21852200640033714
470.5 0.4670671878214685 0.21864964898998773
470 0.466831830696307 0.21842263779786167
469.5 0.4671337144547798 0.21871222151639585
469 0.46680896987289683 0.21840722080435168
468.5 0.46581380075058926 0.21748675642372578
468 0.4664215358594907 0.21804525608904382
467.5 0.46590466584784734 0.21757174045239747
467 0.4664570254176107 0.2180902534658207
466.5 0.46630537895910323 0.21793762000270883
466 0.46658798154208964 0.21820520510571476
465.5 0.4661365966796879 0.21778828989151017
465 0.46580545581100785 0.21749027330605986
464.5 0.46588784321475457 0.21755548367356614
464 0.4662186712739641 0.21786198850639985
463.5 0.46579152798976714 0.21746092433894454
463 0.4658111188432669 0.21746467051351254
462.5 0.4657736663542053 0.21743065155182265
462 0.4661061459402973 0.21775942048578634
461.5 0.4657248128948676 0.2173917000115707
461 0.46536691261205954 0.21706559531737374
460.5 0.46622759768102373 0.21786744372899008
460 0.46568261119911303 0.217353222974725
459.5 0.46535377806303674 0.2170343424539096
459 0.46549636263842553 0.2171850339745374
458.5 0.4650144641727499 0.21673035621577488
458 0.46625176877782304 0.21789053562867022
457.5 0.46536802874081 0.21705900882358914
457 0.46534948241563867 0.2170464787053353
456.5 0.46512747101296387 0.2168371416525864
456 0.46518738516007024 0.21687507081785964
455.5 0.46510496057131456 0.2168129724500846
455 0.4650653048372424 0.21679321182869016
454.5 0.4649362292369449 0.21666421657161195
454 0.46498142374611234 0.21671241415389478
453.5 0.46512283739815174 0.2168346176856298
453 0.46495863683294786 0.21668216947853308
452.5 0.464226042567158 0.2160058752859323
452 0.46484628348876356 0.21657681023748837
451.5 0.4651213672961129 0.21684097110874379
451 0.46419925370054793 0.21598479063862194
450.5 0.4640552247518606 0.21585002327998218
450 0.4639356719969434 0.21572916130948208
449.5 0.4645094268816795 0.21627695537082828
449 0.4641208887169078 0.21590831740898386
448.5 0.46405873128517655 0.21584560012268642
448 0.4640543112445723 0.21583819994078773
447.5 0.46441518906123275 0.2161771265009104
447 0.4641241502537028 0.21591343268736138
446.5 0.46381499481542976 0.21561483490297456
446 0.46426052743418283 0.21604451825178433
445.5 0.46364677246885805 0.2154809862613434
445 0.4635216987653866 0.21535685913570315
444.5 0.4641991190782359 0.21598276230129868
444 0.46359080114954077 0.21543187202130656
443.5 0.46316575540144395 0.2150205885310445
443 0.46408557394795613 0.2158813430847285
442.5 0.46361330209840085 0.21544315601241362
442 0.4634172177861523 0.21525065540018667
441.5 0.46313161535234937 0.2149704740575587
441 0.4633844514423858 0.21522768867488065
440.5 0.4632336626410455 0.2150977677862672
440 0.4630246738166008 0.2148979546540062
439.5 0.46321602878154455 0.21507149857778177
439 0.46277405707082264 0.21465328985278453
438.5 0.46269775221104303 0.21459433740495418
438 0.4627754761646293 0.214667628673915
437.5 0.4628259742841031 0.21469109506368098
437 0.46279786974543274 0.214685023064101
436.5 0.4630841154816684 0.2149531954827494
436 0.46271250994091573 0.21459980143658114
435.5 0.46243710401026855 0.21436424143865335
435 0.4619176854584694 0.21387097911738176
434.5 0.4625560968644807 0.2144597449259722
434 0.4615754363627124 0.213548271325211
433.5 0.462817407480404 0.2147082483920493
433 0.4620734557829031 0.2139949707589912
432.5 0.46194735413549415 0.21389987629672966
432 0.46230681423634246 0.2142223902568541
431.5 0.4622951021944296 0.2142054805079455
431 0.4619725082466891 0.21391774786264153
430.5 0.4618682490412154 0.21381237812699644
430 0.46165418866452945 0.21362941727982152
429.5 0.4618476833779447 0.21379445429418856
429 0.4618321895023371 0.21379985919244268
428.5 0.46176797913539885 0.21373454810813067
428 0.4614964160556032 0.21347865101953134
427.5 0.4617012991113601 0.21367332006366543
427 0.461928126998435 0.21387355920873766
426.5 0.4609938441537689 0.21300447945208192
426 0.46165980888522845 0.21362128576709902
425.5 0.4610868312510577 0.21310999845633888
425 0.46089190191544943 0.2129159367353343
424.5 0.4608088778177747 0.21283888961275718
424 0.4609271478536981 0.21295051454687863
423.5 0.4607220662780121 0.21277026772151186
423 0.46095411996021857 0.21297771165941692
422.5 0.46116316610302577 0.21315149016500703
422 0.4608417572574369 0.21287472203934082
421.5 0.4602837496315262 0.21236295648774206
421 0.46017693782043956 0.21225389891786714
420.5 0.46082878560710233 0.21287071744550065
420 0.46094390190153794 0.21297660324742
419.5 0.4603812645545062 0.21245185068992714
419 0.46003403441743285 0.21213807708789953
418.5 0.460800155413001 0.21284774079377813
418 0.4607096655642836 0.21275368351723892
417.5 0.4602006655075855 0.21229450603727995
417 0.4600473918140374 0.21215196893982988
416.5 0.4598157945313292 0.21194137812756542
416 0.45942183751502075 0.21155308495539282
415.5 0.4599391135398904 0.21203505885658133
415 0.4598112294149041 0.21193027423093988
414.5 0.458981765567218 0.21116783053424487
414 0.4593318371271156 0.21147531875549128
413.5 0.45922941497436154 0.2113821669120456
413 0.45912766617090306 0.21128866303325788
412.5 0.45954184623967637 0.2116798285250219
412 0.4592806991915213 0.21144730747072585
411.5 0.45893902598636943 0.21112413580519437
411 0.4590406272690846 0.21122505212010734
410.5 0.4585376699009236 0.2107697342439184
410 0.45875044979662527 0.21095791125825267
409.5 0.4591689305285331 0.2113349138509939
409 0.45849296656639715 0.21070990105840198
408.5 0.45890123012413275 0.21109830477098435
408 0.4584412972478597 0.21067880009986406
407.5 0.45921483628361937 0.21139268707250278
407 0.4584527197200948 0.21067708945565114
406.5 0.45776519437927027 0.21004184291978106
406 0.458089642442054 0.21035671809925097
405.5 0.45846574881591073 0.21069648697485083
405 0.458340118296769 0.2105687540916138
404.5 0.45736329975804985 0.2096841838290569
404 0.45811173261939336 0.2103770441282707
403.5 0.4579813828954972 0.2102498146909832
403 0.45765027568850164 0.20995917077472348
402.5 0.45821709062057525 0.21046676866457445
402 0.4581433777475765 0.21039388349055263
401.5 0.45845988650443836 0.21068229321249968
401 0.4577899441791185 0.21006494850403232
400.5 0.457662670347348 0.20996447238194554
400 0.45737933803960834 0.20969881180039582
399.5 0.4575134949421817 0.20981172060722608
399 0.45685283154512046 0.2092100463945368
398.5 0.45708971740238213 0.20942380342985606
398 0.4570400929282253 0.20938087567368813
397.5 0.4570696313120893 0.20941821218662685
397 0.45677535169257977 0.2091437576607595
396.5 0.4574130775093682 0.2097248640902648
396 0.45682450871536395 0.2091961770708684
395.5 0.45648137202833655 0.20887556466231597
395 0.45652118732805125 0.2089047565663914
394.5 0.45608563405318664 0.20851610813430563
394 0.456527143810803 0.20891853584820097
393.5 0.45650990915690015 0.20890632814088095
393 0.45643297688657386 0.20883229748787488
392.5 0.4564682888486975 0.2088744461230711
392 0.4561184144941481 0.2085350892397459
391.5 0.4563735527058441 0.20876814660337145
391 0.4560943393181999 0.20852880816122266
390.5 0.4559309537691958 0.20837178218419472
390 0.4559970538746131 0.20841981791298747
389.5 0.4559206566049671 0.20836843732961682
389 0.4562247819655563 0.20863332110282232
388.5 0.45539358342361336 0.20787810517663843
388 0.4551785979684016 0.2077022693912154
387.5 0.45475540812137305 0.20732059414264495
387 0.4554369453768022 0.20793140051387532
386.5 0.4551161381888865 0.20763561798119637
386 0.4550875574062388 0.20761627912535327
385.5 0.45562535174221663 0.20809249052342138
385 0.4548964119569962 0.2074394663519767
384.5 0.45508660563853914 0.20760731995786524
384 0.4552959804099017 0.20779461281777442
383.5 0.45493132523104746 0.20745638575520953
383 0.4545396712259471 0.2071068936173489
382.5 0.45422812468813917 0.2068154160171579
382 0.4547170289531842 0.20725886044775
381.5 0.4548384345249829 0.2073983604129541
381 0.4545708835214589 0.2071374523420685
380.5 0.45401336982820106 0.20662724122412046
380 0.4536897750111959 0.20632867094635124
379.5 0.4545780021289331 0.20714337784303102
379 0.4541567930005133 0.20677174416438196
378.5 0.4539835898485305 0.2066071772804607
378 0.45398539075244015 0.20659343086520762
377.5 0.4527648176291867 0.20548972797220083
377 0.45333071408881653 0.20603875567472982
376.5 0.45317148104168165 0.20586797341731
376 0.45319277198074437 0.20588800469763105
375.5 0.45371856083058604 0.20635901245698168
375 0.4534979805777156 0.2061617027807025
374.5 0.45325568856010234 0.20593931538800742
374 0.4528070305818694 0.20555216543455437
373.5 0.4527820869046694 0.2055141363252341
373 0.45336123562066016 0.20604479972706566
372.5 0.4526702999143649 0.2054110837513077
372 0.4530781668578468 0.20578454247647593
371.5 0.4529307210285766 0.20563620876904046
371 0.4526504426169185 0.20540407545484354
370.5 0.4526273079047401 0.20536629158258599
370 0.4523563998078281 0.20512783394020434
369.5 0.451943277177732 0.20475631065309505
369 0.45238456214224537 0.20514541628495675
368.5 0.4516219771743646 0.2044704072731731
368 0.452091969902083 0.20488218811662215
367.5 0.4519245346060689 0.20473344599888926
367 0.45230021681292354 0.2050813428858457
366.5 0.4519974637611088 0.2048100600264565
366 0.4516330557874553 0.20446721972308435
365.5 0.4516573201659894 0.20450516374236363
365 0.4512288711778556 0.20411030672697308
364.5 0.4509530068849193 0.20384162942129028
364 0.4516683664846554 0.20450906618971157
363.5 0.4507033828424269 0.20362818249464937
363 0.4514646246629554 0.204325053241033
362.5 0.45112814666783924 0.2040169196579869
362 0.4512050782290242 0.20408098562878718
361.5 0.45091837314666877 0.20382437810844978
361 0.4509256109046554 0.20383578410706413
360.5 0.4505028285941426 0.2034648747617268
360 0.4502602762257718 0.20323592707957558
359.5 0.45031533264559687 0.20327859913056792
359 0.45007633200713354 0.20306934507435165
358.5 0.4502116537079214 0.20319609070721154
358 0.4503926327934205 0.20335868406698715
357.5 0.4500432894408301 0.20303938639229843
357 0.4500419473942224 0.2030619648903314
356.5 0.4499921107714784 0.20300203638593614
356 0.4501367899185228 0.20311350008418103
355.5 0.4494407787777756 0.20249310047515118
355 0.44933769870750784 0.20240864459611346
354.5 0.44959838157628895 0.20265164066636113
354 0.449180280269018 0.2022630282544249
353.5 0.4491877633556284 0.20227526075721786
353 0.4492025436826353 0.2022976654471848
352.5 0.4492508959520486 0.2023360464224489
352 0.4488985290679646 0.20201523353874035
351.5 0.448957365439436 0.20207605660513844
351 0.44901746701109857 0.20214157487655007
350.5 0.4484044768377261 0.201572004227925
350 0.4484763654604182 0.20162890132134437
349.5 0.44866939070117556 0.20179951039410282
349 0.44817835840298387 0.20135772598250434
348.5 0.44840975791723114 0.20159020010132306
348 0.44827707739769945 0.20146418139441413
347.5 0.44751378405793696 0.20077212089944882
347 0.44773842869410013 0.20098164558777923
346.5 0.447439751579679 0.20070620407008097
346 0.4479691165552783 0.20119024909366817
345.5 0.44747954614720786 0.20074459354863242
345 0.44781046643202366 0.2010318133591304
344.5 0.44694937520474315 0.20026500921617063
344 0.44765883455694366 0.20090207731892593
343.5 0.44694535491717513 0.20026866603089402
343 0.44664208345877293 0.2000107897459641
342.5 0.4468073024768991 0.20015623975352495
342 0.4469693423005336 0.2002939130415977
341.5 0.44717863672708946 0.20046901594367222
341 0.4466241000856564 0.19996446062560286
340.5 0.44635605991437904 0.19974079208074466
340 0.4460421264989105 0.1994594181531896
339.5 0.44648679266369373 0.1998575043170212
339 0.44585171062191586 0.19929800171531456
338.5 0.4462336569135413 0.19962804566657438
338 0.4458242402576513 0.19926597879399757
337.5 0.4457413887775996 0.1991980024699395
337 0.4459807260675051 0.19941750744663853
336.5 0.4457159924796202 0.19918293887498684
336 0.4455479030439869 0.19902497882010203
335.5 0.44541171758096404 0.1988918197917201
335 0.44525879896758447 0.19875849878630578
334.5 0.4453480428293861 0.19884977078451874
334 0.4445682325603333 0.19815181032583745
333.5 0.4445945797570726 0.19817900432197144
333 0.4447296223590997 0.19829154103390614
332.5 0.4444602771944688 0.1980579977436192
332 0.4439044409884724 0.19756633419530706
331.5 0.44479742742377054 0.1983581124726291
331 0.44404057588907847 0.19769178207335586
330.5 0.4448747392534976 0.198417634875364
330 0.44356908860402305 0.19727534410300168
329.5 0.4445816224481846 0.19815940984035355
329 0.4438207222915957 0.19747982541748316
328.5 0.44347171886669917 0.19719119352648445
328 0.4438676531090225 0.19752511814491
327.5 0.44384668405497 0.1975016758342016
327 0.4435457900596054 0.19723670016304246
326.5 0.4430897852813983 0.19683120089079653
326 0.4429572495499453 0.19671625036697407
325.5 0.44225596086004293 0.19610767961142364
325 0.4429007689027881 0.1966649396650896
324.5 0.44268120660668087 0.19647642159608497
324 0.4425826032658663 0.1963854347952646
323.5 0.4427247711731628 0.19651820630073044
323 0.44261899888684303 0.19642645088933816
322.5 0.4422411786756533 0.19608626162060008
322 0.44217611951699554 0.19601776255859168
321.5 0.4419460035308729 0.19582571866924942
321 0.4425234815737842 0.19634017044253285
320.5 0.4422450963742863 0.19607957427673878
320 0.44178089370089396 0.19568946008557425
319.5 0.4422716731675581 0.1960918660559753
319 0.4418911652597162 0.1957776141110405
318.5 0.4408703355195693 0.19487759072165173
318 0.4409850736167615 0.19498570395894121
317.5 0.44124405258030835 0.19519805144429953
317 0.4408999024557443 0.19490396426204817
316.5 0.4407811429685152 0.19479695159839297
316 0.4401977169436574 0.19426872929074315
315.5 0.4406917850477803 0.1947149225769714
315 0.4401896098537 0.1942784919554221
314.5 0.44032797512901406 0.19440644356453796
314 0.44000380644412734 0.1941023588116334
313.5 0.4402792371224857 0.19435263722358304
313 0.43957263052651 0.19373021215043904
312.5 0.43957489199666044 0.19373694874766614
312 0.4394218422890651 0.19360843950158602
311.5 0.43948384879690877 0.19365319245032808
311 0.43939307129826644 0.19357091219205932
310.5 0.439154623848759 0.19336864473761695
310 0.4388998432549987 0.1931345347475721
309.5 0.43961059693712473 0.1937760929832815
309 0.43910200184027665 0.19330914816768777
308.5 0.43876176990152976 0.1930073106353214
308 0.4390745109662918 0.19329033792591518
307.5 0.43762294551126985 0.19201550257261304
307 0.43844869694988314 0.1927493101701764
306.5 0.43844245721781555 0.19273233512662907
306 0.4383208981038772 0.19263450733479817
305.5 0.4377843221749259 0.192159638775572
305 0.4373229749492645 0.1917593805233782
304.5 0.43762697767247494 0.19202144249648148
304 0.4373580369194284 0.1917860725104348
303.5 0.437091745322916 0.19155389975863105
303 0.43680775968634533 0.1912919484455209
302.5 0.43711565214888 0.19157219283146917
302 0.4367213587046398 0.19123833713251245
301.5 0.4369626594114874 0.19143015143248104
301 0.436884710337923 0.19136408454113304
300.5 0.43630413426922643 0.19086722851826407
300 0.4362318744606121 0.19080391990738887
299.5 0.436600253185599 0.1911293173609739
299 0.4363864216978704 0.19094249417379588
298.5 0.4358697895126982 0.1904916822416598
298 0.43608073439979694 0.1906854819620108
297.5 0.4351030875441729 0.18982390566293367
297 0.4351834600385491 0.18988027135106444
296.5 0.43554596534832646 0.19021363363410956
296 0.4350239456629412 0.18974883177832527
295.5 0.4349527862623973 0.1896889557415056
295 0.43566635709835144 0.19032737706675754
294.5 0.43489858456236347 0.1896463030583195
294 0.43489563623318545 0.18964477625764345
293.5 0.433948812558581 0.18882382338749473
293 0.43445332369885237 0.189256107636628
292.5 0.4338640012500835 0.1887433599428864
292 0.4340639441351565 0.18891210341671816
291.5 0.43389668672089976 0.18877483440513
291 0.4334903436020197 0.1884310764724793
290.5 0.4336767791655587 0.18859257724523032
290 0.43364763257268 0.1885553935740566
289.5 0.43363200695686255 0.1885395302351807
289 0.4333133529464747 0.1882608534399798
288.5 0.432830998387383 0.18785979757548332
288 0.43289498576950514 0.1879146396343796
287.5 0.4328606787501404 0.1878708061309698
287 0.4324623702067716 0.1875244537625526
286.5 0.43211987524419887 0.18723055411674364
286 0.4326320347299422 0.1876802442591371
285.5 0.4323185951451163 0.187416054459208
285 0.431315440846932 0.18654643983271724
284.5 0.4311798808490404 0.18643093320494653
284 0.4320407417191839 0.18716164142562736
283.5 0.43166576311584925 0.18684242334891216
283 0.4306407862832017 0.1859640861715314
282.5 0.4312849185159813 0.18650871204489874
282 0.43096150795306776 0.1862457426997685
281.5 0.4309117559269177 0.18619537223855712
281 0.43066846002384124 0.1859882732558519
280.5 0.43058169052871903 0.18591004372501374
280 0.4304084714032011 0.18575634988116302
279.5 0.42987050688096134 0.18529816648852937
279 0.4299956491271439 0.18541457845043413
278.5 0.4301908228698346 0.18558990048412047
278 0.4296858446791191 0.18514558642045365
277.5 0.4294771616542132 0.18497560059297247
277 0.4292748173751321 0.18479237899811077
276.5 0.42941119238175157 0.18490077059989984
276 0.4293487547551532 0.18485448189807513
275.5 0.4284844876167007 0.18411208383286734
275 0.42890838344757726 0.18447202023482437
274.5 0.4282631516714503 0.18391412344150693
274 0.4287393895344748 0.18431373522731911
273.5 0.42852469876034865 0.18414736325717718
273 0.428141778567597 0.18379632886950653
272.5 0.4275818817638586 0.18332959237105195
272 0.42774062663096857 0.18345677226523163
271.5 0.42745236787543645 0.1832151204602973
271 0.42765410826941264 0.18339772530874512
270.5 0.42765091012323886 0.1833815154163767
270 0.4266368423581963 0.18252114810023762
269.5 0.42670472381417673 0.18257117500877992
269 0.4269099737628113 0.18275060419554917
268.5 0.4266353364298871 0.18252279022925383
268 0.42612331189954056 0.18208213921049274
267.5 0.4257856864848117 0.18178986446055131
267 0.42629564614284254 0.18224305534488075
266.5 0.4258734723141552 0.18188517515987668
266 0.42575363766712027 0.18176835307557218
265.5 0.4250576636387001 0.1811802468508618
265 0.42491303378669726 0.18104643390062194
264.5 0.424970566700209 0.18112417424526134
264 0.424935783823687 0.18107745692990437
263.5 0.4245688201305121 0.18076571839994762
263 0.42461671596272654 0.18080054531213577
262.5 0.42410806918693184 0.18037378270126625
262 0.423681575500593 0.1800254087915373
261.5 0.42396765896510963 0.18025500490156435
261 0.42407080261517377 0.1803442675872934
260.5 0.42299390581680285 0.17941983132587194
260 0.42326196453281667 0.1796510305646715
259.5 0.4227304096472868 0.1792237171434942
259 0.4225834865535089 0.17907192870485672
258.5 0.4232217182737668 0.17962102405838534
258 0.4229436717523597 0.17940005964770253
257.5 0.422303569587734 0.1788634716593759
257 0.42186248158429246 0.1784700121341667
256.5 0.4222320213215736 0.1787768299978712
256 0.4221103280107472 0.17867130359788783
255.5 0.42155383796062845 0.17822809925858793
255 0.42155174140639035 0.17819902623930786
254.5 0.4209229375714192 0.17768563738304355
254 0.42193088845042775 0.1785316103797094
253.5 0.4214800658614827 0.17815791044178317
253 0.4204185128599171 0.17726925074572844
252.5 0.42031901915021563 0.177173448410699
252 0.42055013902936755 0.17737029732399723
251.5 0.4199290818229156 0.17684933458638777
251 0.4203630268795965 0.17719900041383935
250.5 0.4204020288821371 0.17724222689664879
250 0.41887337510294115 0.17595012228017878
249.5 0.41941795628665685 0.17642002341110027
249 0.41883536106788427 0.17593135080208355
248.5 0.41827118019983905 0.17546085096760972
248 0.41925387383113893 0.17629426718752636
247.5 0.41864508649464627 0.17576751151007627
247 0.4176325080388891 0.17493973827474418
246.5 0.41800757351189444 0.17524009087551223
246 0.4178723965771694 0.1751089567054473
245.5 0.41759202753204455 0.1748886545969621
245 0.41701094203033695 0.17442080280927855
244.5 0.41716222855279744 0.17453810216891946
244 0.4166922973771599 0.17413771158079386
243.5 0.4172137598895233 0.17456244566014403
243 0.4166230741122966 0.17408041049107945
242.5 0.4167288570195048 0.17418019467645043
242 0.41615671503396745 0.1736805982282954
241.5 0.41579727188241405 0.17338664162697778
241 0.4161785072371688 0.17371016827990393
240.5 0.4156319561225329 0.17325143896767958
240 0.4149955049684256 0.17273845122764608
239.5 0.41525782101214087 0.172951170094931
239 0.41430143870931085 0.17217047700611773
238.5 0.4154399693355987 0.17307886627550423
238 0.41407958389234717 0.17195569485699566
237.5 0.4139966023817353 0.17188499274692084
237 0.41381489035498414 0.17174202188154472
236.5 0.41335983585737074 0.17136528654331204
236 0.41334522690578984 0.17135307447825013
235.5 0.41229532187130097 0.1704975688192786
235 0.41277449929365856 0.17088676951816237
234.5 0.4124504139687162 0.1706269810541963
234 0.41303250483671095 0.17111239764260622
233.5 0.4127675920502064 0.17087298000800574
233 0.41236086681635903 0.17054919107776537
232.5 0.4115092626465221 0.1698375940721825
232 0.411397335339492 0.16975606012529623
231.5 0.4114538420473206 0.16979041194506359
231 0.41168068517024337 0.16997806251036776
230.5 0.4107749441202156 0.16924398785587577
230 0.41073781927136066 0.16921265893963927
229.5 0.4102335859298394 0.16879852897766703
229 0.41015444404673446 0.1687203967677651
228.5 0.40947169371573877 0.16818303557383976
228 0.4101296053426626 0.16870082366398303
227.5 0.40970582468891226 0.16835977512696948
227 0.4094428410756892 0.1681421256872933
226.5 0.40860378414306103 0.16746819624374443
226 0.4085759351254129 0.16744249929928906
225.5 0.4087121806807001 0.16754057247863763
225 0.40944937290165845 0.16813903286853993
224.5 0.40788304761748845 0.1668799973313369
224 0.40751917316682795 0.16656550237540454
223.5 0.40707212005174964 0.16621913429507423
223 0.4065433090986551 0.16577690266151235
222.5 0.40670643181190763 0.16592330905069266
222 0.4063934319857972 0.1656509351237173
221.5 0.40742690850307894 0.16651212761328735
221 0.40623626037841065 0.16552045807316185
220.5 0.4059475463100885 0.16530251025272039
220 0.4050356358209315 0.16455932267600276
219.5 0.40547094504753606 0.16490370703409707
219 0.4050956879343189 0.16461447864383702
218.5 0.4054269396731107 0.16486193662778292
218 0.40453930046953424 0.16415175579559038
217.5 0.40414537624217617 0.16384759864075835
217 0.40452289101658045 0.16413853327523817
216.5 0.4039173111492707 0.16365787226839185
216 0.40311131923346366 0.16299575565359034
215.5 0.40348339907258896 0.16332436840236528
215 0.40325811206204454 0.16310670920611806
214.5 0.40239637335656403 0.1624215004948721
214 0.40234441985989555 0.16237293813344747
213.5 0.40198076253917464 0.16207933878123973
213 0.4021669474751941 0.16224011554510911
212.5 0.4018779738378983 0.16199702636378724
212 0.4019677749518326 0.16207538678928238
211.5 0.4015186795762046 0.16172834916879603
211 0.40049254327676925 0.16089407197765324
210.5 0.4006026856123986 0.16099383644725626
210 0.3998470392975371 0.16037734815340887
209.5 0.40014710992558766 0.16061207750958006
209 0.3993200469908433 0.15994298320685635
208.5 0.39902430890760615 0.1597017979836173
208 0.3993704720108673 0.15999273368101988
207.5 0.39911561886491154 0.15979574008450692
207 0.39710313309916445 0.15819710089695568
206.5 0.39796126477788235 0.15886291890082926
206 0.39831572584499136 0.1591582474132551
205.5 0.39796224646629813 0.15885413459812817
205 0.39764771748932615 0.15862852057066873
204.5 0.3972581246771209 0.15830511091182864
204 0.39747946267553746 0.15847562045078595
203.5 0.3965561951885043 0.15776202515395302
203 0.39682254048972193 0.15796578813533813
202.5 0.39654275023024743 0.15774110623435575
202 0.3952155729870626 0.15670319783439962
201.5 0.39529611621838934 0.15675407921987167
201 0.39442009089637975 0.15606317799682745
200.5 0.3945513197061145 0.1561783877980427
200 0.39413609500626795 0.15583402996519732
199.5 0.39408111225393416 0.1558010719552005
199 0.3936550770905669 0.15547305695822308
198.5 0.39243792976448344 0.15450668799218975
198 0.39317303892690597 0.15506102706969005
197.5 0.3930540753755033 0.15496444399001225
197 0.3928100786695526 0.1547964757996256
196.5 0.39157192495232257 0.1538281136087213
196 0.3916914171187387 0.15391206379280672
195.5 0.3920440707806842 0.15418769552357603
195 0.3909011410604931 0.1533123823508554
194.5 0.390777453047934 0.15319200184690618
194 0.3904999094343242 0.15299473085745674
193.5 0.3903123972551787 0.1528414282199427
193 0.39022729630808545 0.1527677966009133
192.5 0.3895063056989675 0.1521976702872346
192 0.3895519407362019 0.15224912294078424
191.5 0.38811729558819885 0.15112482164249055
191 0.38864101496409365 0.15154607255408772
190.5 0.3883968147588867 0.15134849928560973
190 0.38798636012994814 0.15101169962325667
189.5 0.3871055011884323 0.15033852289769736
189 0.38693143335931884 0.1501987254749413
188.5 0.38677751873311456 0.15007769499817813
188 0.38699048294759875 0.15026154009846276
187.5 0.386388289699196 0.14979040820028555
187 0.38621681236593675 0.14964929308958155
186.5 0.3846471913796066 0.14844941557395103
186 0.3853794583221279 0.1490064098183651
185.5 0.38447176862477755 0.14829100240076826
185 0.38438001461939736 0.14824209495806312
184.5 0.3836145873665355 0.14764624238107832
184 0.38427893846013755 0.14815216739253945
183.5 0.38357211994908075 0.14761804294332687
183 0.3830233281599142 0.14718239671588806
182.5 0.38328491364983236 0.1474056817408559
182 0.3820302100823764 0.14643164553174884
181.5 0.3815415704228156 0.14605357794633259
181 0.3811006718520976 0.14572503282823723
180.5 0.3813783943012441 0.14591418039687173
180 0.38124326121723084 0.14582971595119806
179.5 0.3798416056148057 0.14476127494374635
179 0.38034125213616127 0.14514364090453327
178.5 0.38004714383510685 0.14490473394276102
178 0.3787862384983818 0.14394334081159657
177.5 0.3779718486033263 0.1433555766085869
177 0.37884957660695284 0.14400264603163015
176.5 0.37747607749081047 0.14297392527612968
176 0.37807585726359494 0.1434301714970055
175.5 0.37660171289303235 0.1423101577975206
175 0.37806203828271734 0.14340410035674617
174.5 0.37658219476787397 0.14229215201363205
174 0.3761364179180743 0.14197410261117413
173.5 0.3761711927252453 0.14197935630207284
173 0.37476580364430234 0.14093651745869337
172.5 0.37448597178618365 0.14071249792845694
172 0.3739977302102639 0.14036108117927376
171.5 0.37377204352205634 0.14019747549883985
171 0.3737088427903862 0.1401321446896852
170.5 0.3728567825332906 0.1395038586302772
170 0.37221554158506487 0.13902297720685478
169.5 0.3723825900304536 0.1391448690644445
169 0.37167825208119654 0.13863735112966966
168.5 0.3714774019583132 0.13847406443950375
168 0.37068742492248113 0.13790005881551776
167.5 0.3702657832648713 0.13755623274896384
167 0.370048046222725 0.13740399828656477
166.5 0.36971972759382504 0.13715990374136774
166 0.3695087851388673 0.137025490328464
165.5 0.36891926676945785 0.13658085385822014
165 0.3685820768564234 0.13631330153137364
164.5 0.36831732446695215 0.1361428545137476
164 0.36679879758036055 0.1350195928016037
163.5 0.3672101131169993 0.13533256304034497
163 0.3668679133075626 0.13504748839154843
162.5 0.3661029610639835 0.13449567055650347
162 0.3659051610751345 0.13435676754865003
161.5 0.36581851236249935 0.13427323738082408
161 0.3647152416983107 0.13348502647193
160.5 0.3647587843257052 0.1334953432118364
160 0.36388649513326726 0.13289631352386724
159.5 0.3637109905167342 0.13276024591562638
159 0.3632802782446041 0.13243293650899593
158.5 0.3630555231181717 0.13228620556277573
158 0.3628566094352464 0.13212745667935633
157.5 0.36092899634541703 0.1307348685550342
157 0.36114910344137646 0.13088088656248895
156.5 0.36084931244327323 0.13066227501794367
156 0.3600698104444452 0.13011807220363936
155.5 0.3600073538872907 0.1300691794758967
155 0.3591959972253213 0.12949033773906563
154.5 0.35936581018699115 0.12961325332927717
154 0.3585892905342307 0.1290550486805402
153.5 0.3573695328505625 0.12816815757241823
153 0.3577462186625752 0.1284455243869577
152.5 0.3567582150007733 0.12774197394356196
152 0.35737221009884046 0.12818555228052048
151.5 0.355842390765816 0.12707133978725324
151 0.35641415081526595 0.12750052844336981
150.5 0.3548644188414724 0.12638608843075655
150 0.3540921031820017 0.12583633025891972
149.5 0.3545405720616937 0.12613966196466986
149 0.35322272573897256 0.12523137734647596
148.5 0.3527238087470067 0.1248831426280215
148 0.353688777537973 0.12555509812736088
147.5 0.3517596987548766 0.12419454295333202
147 0.35118426947474457 0.12378202047685848
146.5 0.34987504846959966 0.1228517312829367
146 0.3506589293404594 0.12341739107045313
145.5 0.35066172030758536 0.1234177317582241
145 0.3495563789077115 0.12264224611866846
144.5 0.34858472959575615 0.12195387946607752
144 0.3478664614467502 0.12146280638405432
143.5 0.3484452114937835 0.12187350611547015
143 0.3475386194222132 0.12123657026332031
142.5 0.3458242666823485 0.1200281584429365
142 0.34617047118602307 0.12027953898860273
141.5 0.34556046487800873 0.11984766270392667
141 0.34428710870240414 0.11898864396962536
140.5 0.3447482496223639 0.1193088909502881
140 0.3440920366752007 0.11883315341669065
139.5 0.3433491924235487 0.11833443619195916
139 0.3421441892684261 0.11750323553047948
138.5 0.34277570969225907 0.11792931446632374
138 0.34163376913157917 0.11715100737209978
137.5 0.3407239459333952 0.1165346643415005
137 0.3399691795548667 0.1160087281385487
136.5 0.3401549578411214 0.11613331449289215
136 0.3387967280401195 0.11521990350571379
135.5 0.33913329549184645 0.11545064995043101
135 0.33805197195493286 0.11473289329993824
134.5 0.3371901286800095 0.11412802011730978
134 0.33650269910970493 0.11367662694150525
133.5 0.3367991093293337 0.11385468881815373
133 0.33613296262528386 0.11341889500370719
132.5 0.33591852626487656 0.11325874714640866
132 0.3350134102299601 0.11265961089877992
131.5 0.33424483395923976 0.11213839692053476
131 0.33257896562045214 0.11104886510026557
130.5 0.33245224928031497 0.110950503465292
130 0.33116130328392496 0.11011337127866834
129.5 0.3314383953769927 0.11029069105702038
129 0.33051272242414564 0.1096512342528482
128.5 0.32945232235979527 0.10896000763283502
128 0.32996359663378866 0.1093108456144407
127.5 0.3285800190804819 0.10836544828197857
127 0.3285118717142457 0.10832713798481973
126.5 0.328262712754135 0.10817171795268221
126 0.3260903579067985 0.10675884353275057
125.5 0.32583094044713645 0.10656609005159869
125 0.32486955345277446 0.1059448876358743
124.5 0.3248847513693932 0.10597674609787777
124 0.3241128709078557 0.10545466680094985
123.5 0.3236510444923143 0.10516083421984937
123 0.3235255544914457 0.10507838963595711
122.5 0.3217150380249634 0.10391581792078704
122 0.3216680910453948 0.10388067246596858
121.5 0.32060421953553553 0.10318967330473407
121 0.32000014161420276 0.10279680337980954
120.5 0.3196573042981178 0.1025833920306039
120 0.3196653863610049 0.10258565809778608
119.5 0.3177562163546731 0.10136476728444692
119 0.3171674864195199 0.10099625738678725
118.5 0.3161974934635361 0.10037972311936849
118 0.31586302933896054 0.10016581937777311
117.5 0.3156998493977036 0.10005737938982713
117 0.3147066484931243 0.09942414719997505
116.5 0.31348995395812707 0.09866414308140434
116 0.313784723790176 0.09884382119090158
115.5 0.3116511094141954 0.09751297061629195
115 0.31155458311313045 0.09745384844840688
114.5 0.3110814545101012 0.09718576715595671
114 0.30933257353626314 0.09607580837089434
113.5 0.3091952986355365 0.09598643530687286
113 0.30795670435307665 0.09521174056580332
112.5 0.307688509488341 0.09505948451421675
112 0.3076623783498241 0.09505303406359923
111.5 0.30664674009310483 0.09440854964216874
111 0.3060837675695591 0.09408928561081342
110.5 0.304818166664609 0.09328386840175068
110 0.30404813113860574 0.0928437743596658
109.5 0.30355849437019344 0.09252318877157219
109 0.30203673030850214 0.09159522837818268
108.5 0.3015147776537549 0.09128051126153734
108 0.30166615720434053 0.0913831766559372
107.5 0.2995362533246501 0.0901119136644721
107 0.2996696928948333 0.09016752551051065
106.5 0.2983736919622215 0.08939581265009446
106 0.2980908606536504 0.08922386190302017
105.5 0.2966547281422831 0.08837749665117293
105 0.29544848752362635 0.08764737684132404
104.5 0.2944782379831717 0.08707260113242188
104 0.2938522258429535 0.08670199753853249
103.5 0.2941656724710272 0.08688905448004165
103 0.2931626385797421 0.08629392796347392
102.5 0.2914579812746773 0.08530227360593605
102 0.2915449960348265 0.085347758961963
101.5 0.2901113181754365 0.08452301868797234
101 0.2892860907043886 0.08404461068342996
100.5 0.2884630751742159 0.08356028100936785
100 0.28746724861024714 0.08298932688567762
99.5 0.28674863080551766 0.08257289416881294
99 0.2853835693988157 0.08177919408918612
98.5 0.28519388675784985 0.08168824052815758
98 0.28438358277896303 0.08121238892546385
97.5 0.2833853502082628 0.0806475955885913
97 0.282170022430677 0.07994113395509107
96.5 0.2807792223782998 0.07916852547276834
96 0.28132536423270776 0.07948361908650992
95.5 0.2792926157731546 0.07833933115436792
95 0.2777199829457807 0.07746338566180756
94.5 0.2779821951488702 0.07760047662897647
94 0.2763102983679709 0.07667011520033955
93.5 0.275644763390184 0.07630195721739513
93 0.2749677589475238 0.07592675584309459
92.5 0.274138233525784 0.07548419515661975
92 0.2733170854366558 0.07501795933280549
91.5 0.2719687871391906 0.07428459155397972
91 0.2710130851232776 0.07375844554618582
90.5 0.2691206767504082 0.07272313328621968
90 0.2686720064834031 0.07249195611735174
89.5 0.2688939059495559 0.07261223131499046
89 0.26747130709326483 0.07186338907890581
88.5 0.26683311605436594 0.07150765247831187
88 0.26532457224407086 0.0707100648727403
87.5 0.26454488133391735 0.07027537013469513
87 0.2633840458116895 0.06967483204957224
86.5 0.26257070142515454 0.0692309850135325
86 0.2612509887234937 0.06855685976616982
85.5 0.2610214200873099 0.06841043947167753
85 0.25799402897591217 0.06684802619193807
84.5 0.25686073497083495 0.06626887539172499
84 0.2580761082859534 0.06688773422238953
83.5 0.2566442354684298 0.06614289818614166
83 0.2556029701206716 0.06560685369882412
82.5 0.25403611480002536 0.06481785950788513
82 0.2535504286845031 0.06456104191554533
81.5 0.25253651542340977 0.06406474090337462
81 0.25185638765270024 0.06370893982360751
80.5 0.2499783733918807 0.06275965540252863
80 0.24964722253991867 0.06260363745537037
79.5 0.2484331454009221 0.062007825827297414
79 0.2466473078578835 0.0610945009569363
78.5 0.24609144045108733 0.06081752129545381
78 0.24503319566590245 0.06030535985889445
77.5 0.24390150894096885 0.0597469712083442
77 0.242626045209196 0.05913526760040349
76.5 0.2418355870054169 0.05874085616080915
76 0.240739457165325 0.058201576107708194
75.5 0.2407094433928352 0.058181468110609334
75 0.2387823377122954 0.057256691432079655
74.5 0.23694095748334176 0.056387011439627106
74 0.23741965302795467 0.05660619272071873
73.5 0.23561958651449394 0.05575615012926172
73 0.23432159942953465 0.05515300361603368
72.5 0.23244794845481706 0.054263707746252714
72 0.23108344948491655 0.05363152839822552
71.5 0.23111778663823923 0.05365485219755542
71 0.22928069002443097 0.05279909360441446
70.5 0.22900701614349978 0.052670617794168054
70 0.22766801788537824 0.05207120835353622
69.5 0.22546463839334865 0.051059770484341495
69 0.22432586207844715 0.05054062912931533
68.5 0.22409792056036415 0.05043741874215162
68 0.22271497716428634 0.049827515700789055
67.5 0.22104603974661377 0.04907223384331582
67 0.22015202704569642 0.048678431372983846
66.5 0.21930972725726738 0.048308842147734295
66 0.21832424213000032 0.04788004858166132
65.5 0.2171503591950989 0.047363764080388074
65 0.21507800200409713 0.04646261599525364
64.5 0.21404713234018666 0.04600300356861877
64 0.21322016115519737 0.04565671113117451
63.5 0.2118974163440914 0.045100836476132285
63 0.21117374957696142 0.04478011979629373
62.5 0.21030597581022967 0.04441384885474813
62 0.20776506176154058 0.04334073160268328
61.5 0.20713932071283117 0.04308643113596523
61 0.20548813230870724 0.0424164420930115
60.5 0.20461045745431763 0.04205322986439302
60 0.20334052578490527 0.04152687444103492
59.5 0.2021410254593874 0.04103784206032626
59 0.20055515868270818 0.04039499939502125
58.5 0.20079892810728728 0.04050709016431947
58 0.1986270112590523 0.0396302442035307
57.5 0.19712167501180228 0.039022435325482996
57 0.19600349734981382 0.0385936293284789
56.5 0.19519270096790595 0.038264920771599036
56 0.19300286735394676 0.037420225418966946
55.5 0.19216173153373267 0.03708424826200611
55 0.19045678295864468 0.036416196751921336
54.5 0.1899265306305587 0.03622086239992003
54 0.18850931393389941 0.03568405721200711
53.5 0.18642489096298828 0.034911851077899084
53 0.18590699936468347 0.03469041889421621
52.5 0.1846506936745652 0.0342446433582147
52 0.18403376340766897 0.03401236423077666
51.5 0.18250254845203656 0.03342989481644958
51 0.1800826574415361 0.03256681634874569
50.5 0.17978642164711237 0.032458673405597195
50 0.1788103375795652 0.032110284460101286
49.5 0.17718066844433797 0.031518429172595924
49 0.17403171633770623 0.030420746245618652
48.5 0.1745737361051831 0.030597769098285897
48 0.17319173247115083 0.030109705115992647
47.5 0.172148352922429 0.029748107333623895
47 0.17039554941995042 0.02915121232118026
46.5 0.1684544067033428 0.028496686935364775
46 0.1676157267058588 0.02821246944525094
45.5 0.16590395218911083 0.02764247029842607
45 0.1648869834332039 0.027290203012071395
44.5 0.1639889717157971 0.027004042825511415
44 0.16098365474351348 0.026021367122242456
43.5 0.15968291243497432 0.025598657123951495
43 0.15903482395169405 0.02539933114749906
42.5 0.15910647985652257 0.025413384672362926
42 0.15759098161426363 0.024930976788346278
41.5 0.155097671893297 0.024155058933439385
41 0.15479224441968267 0.024050076264435356
40.5 0.15360595014950126 0.023679055671333705
40 0.15150962444004346 0.02303143500397306
39.5 0.15050727739699826 0.022736265211303702
39 0.1487485983635827 0.0222133114579433
38.5 0.14739537413815199 0.021795766980011205
38 0.14439543999690307 0.020930144726708434
37.5 0.14471870784468327 0.02102486447677456
37 0.1423799952606709 0.02034829475661829
36.5 0.14237439635234156 0.020341067397609228
36 0.14180207740836767 0.02017641586827413
35.5 0.14021991364981617 0.019731752303357428
35 0.13776607109884217 0.01904225654810481
34.5 0.13699220928292682 0.01882711313885299
34 0.13532106736538088 0.018374694910371487
33.5 0.13424438704647274 0.01808099414689921
33 0.132641935016919 0.01765474488926622
32.5 0.13017083023663537 0.01700511155188859
32 0.13062679303584981 0.01712385820534053
31.5 0.12897784095342754 0.016683829636899142
31 0.12675192870800517 0.016119678014342873
30.5 0.12545386401976413 0.015788227449494718
30 0.12482801424096422 0.01563256946809811
29.5 0.12267856383300202 0.015095082353932435
29 0.12255492879298989 0.015058927581410333
28.5 0.12052276561904399 0.014571495176581224
28 0.11820885858284508 0.014021671085714114
27.5 0.11834272045700812 0.014043932262385012
27 0.11700302940350953 0.013724444832061795
26.5 0.1150465724411614 0.013270367158922687
26 0.11455541063382146 0.013155613720497002
25.5 0.11264471662828346 0.012725361751985288
25 0.11177033156379437 0.012530794969654684
24.5 0.10966427356058742 0.012052291144047024
24 0.10841874521478993 0.011781168611280968
23.5 0.10741891256661208 0.011565160989899551
23 0.10737779980791128 0.011554878044421997
22.5 0.10548680177197808 0.011156901502232279
22 0.1044326550319134 0.010931486041429218
21.5 0.10315760584612205 0.010669789201342575
21 0.10207379831665299 0.01043833397235644
20.5 0.10024632782962288 0.01007022763882704
20 0.09929909486183303 0.009879394814484261
19.5 0.09731306351495078 0.009484554687425697
19 0.09626002169821496 0.009282535402587909
18.5 0.09563390950506336 0.009162089862309824
18 0.09420496295911322 0.008889314683498788
17.5 0.09404153910134577 0.008855717713867539
17 0.09299412603984546 0.008659266489445316
16.5 0.0919681591955235 0.00846823166640898
16 0.0910373674659915 0.008299652592688106
15.5 0.08994261802178367 0.008097005259844997
15 0.08877763574887688 0.007887703683867058
14.5 0.08783808508358812 0.007721715203598646
14 0.0882175755133001 0.007789042660666748
13.5 0.08616440422980404 0.007431042726217527
13 0.0849653329424727 0.007224284090279367
12.5 0.08513531511363905 0.007253185614394664
12 0.08384035689158156 0.0070324822805855796
11.5 0.08401145842836863 0.007061584517453014
11 0.08264984088428509 0.006833923587330435
10.5 0.08222799438819876 0.0067643866920142955
10 0.08162285630559132 0.00666516158328271
9.5 0.08033560658386647 0.006456203500148707
9 0.08011710151722072 0.006420172136520054
8.5 0.0797068357188096 0.006354837031419338
8 0.0787127847474506 0.006196592452276242
7.5 0.07869975362396828 0.006194746511043836
7 0.07813169766879796 0.006105092323575616
6.5 0.07760828452309931 0.006023531948902267
6 0.07746207591277413 0.006000667605531629
5.5 0.07719130122252915 0.005958787466834307
5 0.0770203009705125 0.0059323415832537646
4.5 0.07679001781779211 0.005896829439304169
4 0.07674139608719374 0.005889341168768678
3.5 0.07649034726898248 0.005850820633883372
3 0.07639558750836474 0.005836309869667835
2.5 0.07631839934632806 0.005824513637498858
2 0.07626940264839989 0.005817032336755173
1.5 0.07621915788792007 0.00580936268749253
1 0.07619288408726009 0.005805356490183623
0.5 0.07617729663261237 0.005802980608315226
