1000 0.6370801470847675 0.40636431335276463
999.5 0.6372260966426019 0.40652064139887006
999 0.6374024930261836 0.4067685485997373
998.5 0.6375101117298299 0.4069286049329742
998 0.6376200157253292 0.40704140138586736
997.5 0.6377858581673865 0.4072628655791448
997 0.6373854627235958 0.4067500075048271
996.5 0.6374426353665613 0.4068263678534577
996 0.6373625824182464 0.40671848360890733
995.5 0.6376782042158567 0.40711195298474834
995 0.6374078519211598 0.40676813164208353
994.5 0.6376808553666369 0.4071301806128468
994 0.6376259924391057 0.40707477246433244
993.5 0.6367691823919722 0.40597425785459307
993 0.6374937985478121 0.4068775762413771
992.5 0.6370121825158989 0.40627334685595967
992 0.6371699124718038 0.406459605177567
991.5 0.6369397089583562 0.4061980044220003
991 0.6377431616916217 0.40720868604595545
990.5 0.6374479539206577 0.40683121513104875
990 0.6373553601338904 0.4067183791636465
989.5 0.6375003773012315 0.40690093498162155
989 0.6372645900280929 0.40659236554096984
988.5 0.6375963027325092 0.4070104801962572
988 0.6374164729545898 0.40678602334440755
987.5 0.637546112087542 0.40694642779029366
987 0.6375115808573689 0.4069158951163425
986.5 0.6373243591447485 0.4066613077901616
986 0.6370490263591673 0.40631057264542053
985.5 0.637295657444618 0.4066386476994623
985 0.6374603965292716 0.40684382263823576
984.5 0.6370081401219247 0.40626558931499235
984 0.637262818163619 0.40660138190013445
983.5 0.6367940236110791 0.40599717222614334
983 0.6371052702452352 0.4063973191684547
982.5 0.6370507074471848 0.40632796338052635
982 0.6370181397862865 0.40628169962551913
981.5 0.6377149295235565 0.407166210034005
981 0.637379137397861 0.4067423669996851
980.5 0.6370788496122078 0.40636027273670733
980 0.6367705745426331 0.4059646488761931
979.5 0.637310908287114 0.40665935216599164
979 0.636956833497164 0.4062024864442178
978.5 0.6366783280698564 0.40584985853159744
978 0.6372222239439325 0.40654129224228774
977.5 0.6371005107614471 0.4063814617882711
977 0.6367359068749797 0.4059202925325397
976.5 0.636792674012839 0.4059957858050388
976 0.6371775532077895 0.40648296026178743
975.5 0.6367707323635782 0.4059691545247648
975 0.6367821596556046 0.4059746044743689
974.5 0.636589563815933 0.4057426418263
974 0.6370390572933431 0.4063040877685411
973.5 0.6368367046757143 0.4060368601445423
973 0.6369004414829642 0.40613159397613263
972.5 0.6368563008698008 0.406071349319804
972 0.6370072381822948 0.4062682485325328
971.5 0.6370669752499404 0.40634734600178735
971 0.6365323896110026 0.4056736306759421
970.5 0.6371341932526002 0.4064303848275497
970 0.6363867077268148 0.4054774189805165
969.5 0.6370353313014019 0.40629262945603584
969 0.6367568529716094 0.40595574861126
968.5 0.6361389903748149 0.4051600112365315
968 0.6367726951596625 0.40597456140947297
967.5 0.6370088987149389 0.406264234473412
967 0.6367150553484185 0.40590709652023305
966.5 0.6369554195198579 0.40620185083221166
966 0.6369129715880302 0.4061511130044464
965.5 0.6366984291720301 0.40587743647678814
965 0.6367894374898062 0.4059922565434004
964.5 0.6369179776287099 0.40616466317517
964 0.63645565451913 0.40556500011289515
963.5 0.6368380389160139 0.4060514326721514
963 0.6364288835731865 0.4055262229360932
962.5 0.6365812883114254 0.4057327274821993
962 0.6369881444267674 0.4062426272532643
961.5 0.6367447802192829 0.4059377570681703
961 0.6367601782383747 0.40594816275018414
960.5 0.6364417550087472 0.4055581973230294
960 0.6362768666692279 0.4053404695794539
959.5 0.636864786911065 0.4060985802255376
959 0.6363535501038184 0.40542858084881195
958.5 0.6366441439621723 0.4058103076585175
958 0.6368228108665518 0.4060334164417817
957.5 0.6368377169556612 0.40605617801044314
957 0.6368197332889652 0.40602862877406776
956.5 0.6368647290786638 0.4060902987836601
956 0.6367055516403188 0.4058739358789407
955.5 0.6365565322525866 0.40570601846288107
955 0.6361096151059331 0.40513101301800436
954.5 0.6366044406596721 0.4057551268908273
954 0.6359681689335716 0.40495115150761585
953.5 0.6361251125658824 0.40513894348214424
953 0.6366111061073675 0.4057638827036655
952.5 0.636507800890882 0.4056251981615984
952 0.63629716196718 0.40536473678372487
951.5 0.6363726174901873 0.40546430023989244
951 0.6366974306307845 0.4058819584602643
950.5 0.6363242938807109 0.40539812083821547
950 0.6360750799175131 0.4050886987775064
949.5 0.6362726111672524 0.4053377318482472
949 0.6357953228202212 0.40473649692096686
948.5 0.6365245986321221 0.40564594275683696
948 0.6366108424092702 0.4057615135023941
947.5 0.6360828783873279 0.4050986043396726
947 0.6363530801206093 0.4054351219920469
946.5 0.6359654994857606 0.4049493345047571
946 0.6361385929602789 0.4051741255606416
945.5 0.6364774773546913 0.4055885135035736
945 0.6359567426530361 0.4049268295530378
944.5 0.6365014931005716 0.40562493178140197
944 0.6361023786988592 0.4051230629051584
943.5 0.6367491963169094 0.40593863019965987
943 0.6361151308668447 0.40513522622152726
942.5 0.6355236332208135 0.4043858792813736
942 0.6361927084992135 0.40523326098964196
941.5 0.6357456835666339 0.4046658519304646
941 0.6356941425538453 0.4046108494007956
940.5 0.6358474204552361 0.4047976202636896
940 0.6363512543272342 0.4054384659494922
939.5 0.6359023703892905 0.4048683640824774
939 0.6359531135104197 0.4049269487422438
938.5 0.6363914180635654 0.40546928683563904
938 0.6362285920200305 0.40525842429359765
937.5 0.6361857019501725 0.4052149646448904
937 0.6357615747541265 0.40468266838504696
936.5 0.6358938643349172 0.40487136991738987
936 0.6362946729059766 0.4053598910316367
935.5 0.635572537474631 0.4044466623651339
935 0.6360715091683755 0.4050750554884897
934.5 0.6355355406043134 0.40439925548858313
934 0.6358872794239724 0.40483157114245377
933.5 0.6359256308196576 0.40490479192027784
933 0.6354960743064866 0.40435293876493694
932.5 0.6361545523986558 0.4051838215634284
932 0.636051060116041 0.405058587371736
931.5 0.6356929227886761 0.4045906114220061
931 0.6356728217718395 0.40456632984483737
930.5 0.6357542262007254 0.40466762466289724
930 0.6355631100631194 0.4044289203755375
929.5 0.6355960146971178 0.4044784193327906
929 0.6358982545123896 0.40486089151829474
928.5 0.6353061446656546 0.4041110375349588
928 0.6360468822515416 0.4050461847112093
927.5 0.6353512532809928 0.4041614907164269
927 0.6354106568549851 0.40423926769763807
926.5 0.6350693431755888 0.4038112916907964
926 0.6354792436580987 0.4043244249998349
925.5 0.6354767717684803 0.404337193228761
925 0.6353650531204849 0.4041963455202118
924.5 0.6360956352914773 0.4051115574390107
924 0.6354910047590208 0.4043281013953215
923.5 0.6358751760474405 0.40483391019044174
923 0.635523460913515 0.4043841285208429
922.5 0.6356470897840218 0.40453766160388943
922 0.6354502877676629 0.40429382400377023
921.5 0.6353480948523376 0.4041610849947581
921 0.6350809630826858 0.40381749657242744
920.5 0.6352061785387959 0.4039846326132668
920 0.6354880114105625 0.40433991397006874
919.5 0.6349650611869451 0.40366302459098974
919 0.6355048885969494 0.4043612851241145
918.5 0.6352962259233477 0.4040891078859642
918 0.6356688057312073 0.4045581974909267
917.5 0.6351749221776016 0.4039442514030921
917 0.6352996939551737 0.4040971646887901
916.5 0.6354751239757042 0.4043163207317421
916 0.6358227574655322 0.4047572683557555
915.5 0.6351464883474196 0.40390402678125037
915 0.6353528652994307 0.4041576276214434
914.5 0.6354800307383778 0.4043172535436204
914 0.6354751335904502 0.4043265513890461
913.5 0.6350640897446226 0.4037964284661394
913 0.6356396229721359 0.40454545277961196
912.5 0.6352368428660057 0.4040246422117788
912 0.6354835338187895 0.40433027494026624
911.5 0.6352426630355836 0.4040301059113067
911 0.6349446665441075 0.4036427850577363
910.5 0.6353879426376702 0.4041997599753995
910 0.6352824841175322 0.4040650978121504
909.5 0.6347562482808187 0.403405767823724
909 0.6350358517567869 0.4037666651374082
908.5 0.6351733369688594 0.40393585810644017
908 0.6349143262915699 0.40361955561582263
907.5 0.634945012046826 0.4036501055245775
907 0.6348350212347253 0.40350781427076116
906.5 0.6350312404084634 0.40376754119567104
906 0.6350620278349723 0.4038098551504468
905.5 0.6343544866411334 0.4029038027024347
905 0.6347907237009794 0.40345209617937783
904.5 0.6346186692977399 0.4032325784448021
904 0.6353180504073322 0.40412341365262616
903.5 0.634681728434918 0.40331889441250346
903 0.6350921941057084 0.40383620613977994
902.5 0.6346026979481608 0.4032078560884724
902 0.6351640237379517 0.40392826350507693
901.5 0.6348092078442898 0.4034868623828524
901 0.6347569702739947 0.40340910263397156
900.5 0.6343547292196878 0.4028918193830503
900 0.6350665744189927 0.40381088283059907
899.5 0.634665446380144 0.4032903175026529
899 0.6348934323823605 0.403579207282625
898.5 0.6350405383479644 0.40376768680313907
898 0.634560387275541 0.4031497647908407
897.5 0.6352435871880554 0.4040295824975693
897 0.6349194210320005 0.4036189158810127
896.5 0.634837365734241 0.40351656801688757
896 0.6347802799139294 0.4034405914498936
895.5 0.6341733815836463 0.4026697751933122
895 0.6344545895727656 0.4030334188035607
894.5 0.6347802609598034 0.4034437618789521
894 0.6345481202248281 0.4031455480183171
893.5 0.6345812156808538 0.4031917507281527
893 0.6345967516944458 0.40321203240282477
892.5 0.6347864000803513 0.4034498181565299
892 0.6345480478757182 0.4031439980247782
891.5 0.6349082591691014 0.40359879845414703
891 0.634892940483566 0.40358645545212696
890.5 0.6345046243302243 0.40309137065507306
890 0.6342410670993408 0.4027422012075985
889.5 0.634581029692996 0.4031918050816815
889 0.6347455920526984 0.4034020747221356
888.5 0.6339342090562489 0.4023767927496212
888 0.6342438149546736 0.40275640901362525
887.5 0.6347376175380234 0.4033844006891291
887 0.6342107556541683 0.40272114304549284
886.5 0.6345691109063467 0.4031796467558801
886 0.6340706258843466 0.40253354768287936
885.5 0.6342968028949565 0.40282161576487413
885 0.6345589622368805 0.4031558348148807
884.5 0.6344356949290598 0.40300109984029
884 0.6343927463494202 0.4029382042112306
883.5 0.6342743891152418 0.4028073619108074
883 0.6341981834281433 0.40270952139141086
882.5 0.634464737695871 0.4030383132627175
882 0.6344280592208392 0.40299265417555585
881.5 0.6340093503953831 0.4024643142333164
881 0.6342367656096863 0.4027511881815468
880.5 0.633738950245287 0.40211658557306196
880 0.6344242289019443 0.4029977279746556
879.5 0.6339019780364242 0.40232515962953563
879 0.6343006360774034 0.40281810224585424
878.5 0.6338703988620076 0.40228791269253694
878 0.6346034965859423 0.4031999362527892
877.5 0.6342534177111355 0.4027653411898365
877 0.6345551657325379 0.4031548438569952
876.5 0.6343291266657014 0.40286257154354405
876 0.6341222293029515 0.4026073021839132
875.5 0.6336774236603926 0.4020326662396491
875 0.6341351445027175 0.4026166594176611
874.5 0.6341473519274248 0.4026568439308817
874 0.634046911292878 0.40251418261505695
873.5 0.6344664096178799 0.40304029031207045
873 0.6340072831451414 0.4024573325696564
872.5 0.6338587845351457 0.40227545654730196
872 0.6338158513138573 0.40220724262051494
871.5 0.6339667309517348 0.40238765323549014
871 0.6337494729104868 0.4021412786416283
870.5 0.6335264851849499 0.401865949409584
870 0.6340587779069141 0.40254782910998493
869.5 0.6344486971392836 0.4030152618537054
869 0.6338565060475589 0.4022591012370178
868.5 0.6340525902826911 0.4025224865969278
868 0.6338306529465619 0.4022430713031168
867.5 0.6338582365298349 0.4022658245645477
867 0.6340894708217624 0.40255466426622244
866.5 0.6338366880296811 0.40224691332765344
866 0.634025970628573 0.4024713962773338
865.5 0.633946638940033 0.40238770439640287
865 0.6337660953189574 0.402162104817498
864.5 0.6334276160440886 0.40172915425951977
864 0.6339159843453477 0.40234902405683226
863.5 0.6335137672704068 0.4018351670814963
863 0.6337458728405861 0.4021339458071403
862.5 0.6339029061127939 0.4023274660132123
862 0.6335036107134632 0.40182336971443994
861.5 0.6336394617101349 0.40198869026866146
861 0.6332927977316376 0.40155919849120714
860.5 0.6332309437025455 0.40146385010899555
860 0.6334256612700361 0.40172480436262764
859.5 0.633939598713432 0.40237434101805225
859 0.6329039095511102 0.4010799841275407
858.5 0.6337052171386383 0.40208316984343795
858 0.633456487963889 0.40174477616154836
857.5 0.6332242297103873 0.40146310225490833
857 0.6335794454296506 0.4019071553826488
856.5 0.6336908835384124 0.4020638244339814
856 0.6337546660002539 0.4021469870148167
855.5 0.6335536113893669 0.40189811181780405
855 0.6335023105648502 0.4018124355330746
854.5 0.6333950699470454 0.40168971725348107
854 0.6334724789963111 0.40177256135248174
853.5 0.6331956782685043 0.4014304330962414
853 0.6331656640314093 0.40139014467171624
852.5 0.6332117107334163 0.4014413516742598
852 0.6335206431663402 0.40183562035033493
851.5 0.6334482368009795 0.4017595494396451
851 0.6334088654911847 0.4016890399147467
850.5 0.6329213980432488 0.4010930407717636
850 0.6328721439906986 0.40103404480986404
849.5 0.6330311664525041 0.40121673340223424
849 0.6330406769319242 0.4012237885964
848.5 0.6337648412227946 0.4021497154207743
848 0.6339304184336767 0.4023611445076137
847.5 0.633097934532144 0.40130782118373115
847 0.6331476176391111 0.40137208824163345
846.5 0.6330748340216734 0.4012816332082747
846 0.6331805447146887 0.40141269254604217
845.5 0.632792372401707 0.4009237384239117
845 0.6333546898075428 0.40162427808615336
844.5 0.6323620873691922 0.40038124987588103
844 0.6328541278773728 0.4009953361106184
843.5 0.6331169896495847 0.4013253242386842
843 0.6329706547539644 0.40115471553122384
842.5 0.6330058109427898 0.4011768041668816
842 0.6328312904598057 0.4009761766890093
841.5 0.6329222086865749 0.40108603047302416
841 0.6332144857268858 0.40145453688617033
840.5 0.633080039827994 0.40128332131315236
840 0.6327397739674072 0.40085516680828936
839.5 0.6328461084187228 0.40099374063078547
839 0.6333321362695977 0.40161317345713243
838.5 0.632508822521922 0.4005653091471461
838 0.6330258821547575 0.4012214924965081
837.5 0.6328693189275898 0.401027653487791
837 0.6328257080678716 0.40095634196228663
836.5 0.6329179738715082 0.40109061493363374
836 0.6324097846953901 0.4004492654308178
835.5 0.6328488543564212 0.40100999980995994
835 0.6322279647214781 0.4002173691411915
834.5 0.633049698555333 0.40123726807742305
834 0.6325254604359724 0.4005765499244627
833.5 0.6326197115767281 0.4006966862715976
833 0.6332813677647863 0.4015521043569778
832.5 0.632656447460013 0.40073936933097365
832 0.6328327604084328 0.40096755821914115
831.5 0.6330308289101948 0.40121721385718656
831 0.6331417675541453 0.4013714015085929
830.5 0.6321169114987857 0.400071892811137
830 0.6327866754412825 0.4009128527602219
829.5 0.6325944338774329 0.40067705978976875
829 0.6321779228208578 0.40014633272395617
828.5 0.6322201138740168 0.40019972917951663
828 0.6327278464284382 0.40084223439347727
827.5 0.6322764976882297 0.40027749537877283
827 0.6322042817703003 0.40016892242144375
826.5 0.6330499267882892 0.4012477812180223
826 0.6321022606171182 0.40004201309638454
825.5 0.6324457232586363 0.4004818713440631
825 0.6319911856903709 0.399901161422373
824.5 0.6322240690580053 0.40020406741379266
824 0.6322984982984442 0.4003088196878881
823.5 0.6317917198519247 0.3996564616358153
823 0.6330540837874626 0.4012606004113854
822.5 0.6320053411098477 0.39993017170132755
822 0.6315401666195095 0.399339873459016
821.5 0.6321073667298043 0.4000680953187835
821 0.6322053064651373 0.4001745324481622
820.5 0.631925557454847 0.39982120203039345
820 0.6323429483666545 0.4003527201371192
819.5 0.6322142195747975 0.4002065730470634
819 0.6318118326962249 0.39967813513283695
818.5 0.6328416501059642 0.4009842421204766
818 0.6326466089182481 0.4007383193021586
817.5 0.6316148532594854 0.3994360289510666
817 0.6323102039818234 0.4003087531422939
816.5 0.6318386619075681 0.3997144150202928
816 0.6313542284100233 0.3990890169136843
815.5 0.631691423871983 0.3995311419756969
815 0.631879277958707 0.39976185964632194
814.5 0.6325198938695027 0.4005737997463097
814 0.6315371846343925 0.39933236129211414
813.5 0.6318083089509001 0.3996835156637318
813 0.6319637434974011 0.3998657401291736
812.5 0.6317202512081617 0.39956249944145117
812 0.6321694882781783 0.400141788489939
811.5 0.6318042482963384 0.39968002040982126
811 0.6319722575435063 0.39987911986030306
810.5 0.6316111506653246 0.3994304037814669
810 0.6320148232717252 0.39992634942019994
809.5 0.6323230157208855 0.4003218866085235
809 0.6316337362250009 0.3994675469618709
808.5 0.6315913230093603 0.3994126157090292
808 0.6315880171060276 0.3994046032182847
807.5 0.6314999128496318 0.39929224609205877
807 0.6317530766742964 0.39960566229475686
806.5 0.6318350557307283 0.3997125447548793
806 0.6317960035183611 0.3996607315203352
805.5 0.6311734214078085 0.39887249327064284
805 0.6311038244504432 0.39879247101938275
804.5 0.6316048663367524 0.39942998422986076
804 0.6315229270573237 0.3993187755589529
803.5 0.6312623415256927 0.39898956032779165
803 0.6320226346740931 0.39994548953016235
802.5 0.6312997728945495 0.39904900169938756
802 0.6315799525724388 0.3993851745354016
801.5 0.6313948567924408 0.39915706856368727
801 0.6315467634050981 0.3993534113015314
800.5 0.6310922579839968 0.39877338613569
800 0.6310192042459601 0.3986725418372787
799.5 0.6315660948160348 0.39936921115430224
799 0.6308761796915429 0.39849300443649244
798.5 0.6313679929721601 0.3991328833260525
798 0.6309912920436411 0.39864730352015687
797.5 0.6314381057076898 0.3992097515938632
797 0.631676222066509 0.399511284332298
796.5 0.6315793396288402 0.3993903561317316
796 0.6311548783877285 0.3988533099428991
795.5 0.6310692548504175 0.398734063106494
795 0.6311487763741833 0.3988354488583014
794.5 0.6311690133000499 0.3988863062544667
794 0.631452062584783 0.3992231224704036
793.5 0.6310155255015096 0.39868241205096405
793 0.6308432228684778 0.3984393076397346
792.5 0.6309112836697504 0.39855052046030987
792 0.6306697788599658 0.3982360008880519
791.5 0.6311359126881118 0.39882889095272483
791 0.6309883939615227 0.3986537178918972
790.5 0.6307631043754242 0.3983593447230125
790 0.6305297161657826 0.3980571273235141
789.5 0.6311844701507157 0.3988909830085002
789 0.6313024636765626 0.3990452538065781
788.5 0.6312563942715482 0.398984804028264
788 0.6308066361228174 0.39842193272237564
787.5 0.6310622708179008 0.3987390065177729
787 0.6308219350952298 0.39844187426280975
786.5 0.6309598898806269 0.39860084465194
786 0.6308231103651802 0.3984457190795818
785.5 0.630812549616398 0.39843151711325087
785 0.6307506271129619 0.39834109880161095
784.5 0.6308081081693455 0.3984262007195827
784 0.6307880963594878 0.3983748923134288
783.5 0.6304927543319205 0.3980202846861857
783 0.6309549034146015 0.3985935423334738
782.5 0.6302527255437527 0.3977196783375658
782 0.6308908095662831 0.39851191286003607
781.5 0.6306629377765475 0.39823156785769565
781 0.6305856999298021 0.3981440143399164
780.5 0.6305586595739519 0.3981028452211403
780 0.6300942575897883 0.39751672922610803
779.5 0.6306918813401328 0.3982761498222725
779 0.6304413549847812 0.39795464424322735
778.5 0.6304115095243099 0.3979147051990346
778 0.6305490302633447 0.3980981974827174
777.5 0.6302569163859174 0.39772654477099845
777 0.6302867971366177 0.3977620812303495
776.5 0.6305239070065245 0.39805181375709275
776 0.6309698467023774 0.39860977464259884
775.5 0.6303653180875838 0.3978736028723168
775 0.6302299174167988 0.3976859200315989
774.5 0.630075500738106 0.39750063243696904
774 0.630480784444744 0.39799562947079187
773.5 0.6306006815527903 0.398169772667102
773 0.6304889142806956 0.39800637045732506
772.5 0.6302126543567108 0.3976614894551585
772 0.6301165425647236 0.39755582746764995
771.5 0.6297741976198147 0.39712122037439834
771 0.630122022236471 0.3975509913919357
770.5 0.6300515956754392 0.3974506042522225
770 0.6300791288826331 0.3975008317374622
769.5 0.6299259620481128 0.3973021756061205
769 0.6298505377633705 0.3972032113733877
768.5 0.6306032771091323 0.3981657583506879
768 0.6299388400050863 0.39731314725305455
767.5 0.6296750117698272 0.3969818696551336
767 0.6302249271419864 0.39767892138425026
766.5 0.629950489878889 0.3973302290785733
766 0.6304243701598734 0.3979348873611859
765.5 0.6300124543092227 0.3974257541199416
765 0.63020998909539 0.3976755956241406
764.5 0.6297795536488701 0.39712060595859117
764 0.6297806828081345 0.39712140488410125
763.5 0.6301888233894034 0.3976377518770611
763 0.6297575208227482 0.39708099147737164
762.5 0.6297082928445582 0.397033566552009
762 0.6300182648099503 0.39742921869128695
761.5 0.6304677128942924 0.39799247634103735
761 0.6297128875746166 0.3970384937213806
760.5 0.6296055545644353 0.3969041988180013
760 0.6299634964979999 0.39734656872074586
759.5 0.6304461908914127 0.3979591780027741
759 0.6294872302441019 0.3967498441054626
758.5 0.6297894794882546 0.3971316842415436
758 0.6293051402260161 0.396522596436152
757.5 0.6301192266425688 0.39753692134077584
757 0.6299212299910768 0.3973011903329171
756.5 0.6300113494054597 0.3974231264279447
756 0.6293668709691748 0.39660849436001716
755.5 0.6299083106420968 0.3972789720960403
755 0.6293999975813667 0.3966385478825039
754.5 0.6299211484743942 0.3972862079360628
754 0.6295380106311549 0.39680632492843576
753.5 0.6293390624209301 0.3965734448409545
753 0.6297063107294243 0.39701909681871594
752.5 0.6297400675842757 0.3970580560019655
752 0.6298991312010273 0.39727296254373873
751.5 0.6292310242354182 0.3964423029079528
751 0.6292782946948678 0.396484999988258
750.5 0.6293325229927285 0.3965632036767691
750 0.6291045147921256 0.39628105565348654
749.5 0.6288871805662577 0.3959919329897665
749 0.629538802479944 0.3968214754025242
748.5 0.6291247342961792 0.39629395327027034
748 0.6296463479830252 0.39695287114120664
747.5 0.6294304029154268 0.39667123616837296
747 0.6287030352348277 0.3957653499668164
746.5 0.6293226557544712 0.3965541403841849
746 0.6296160963288002 0.39690888919044703
745.5 0.6290884691820522 0.39626943863063874
745 0.6291641996301357 0.39634619245000396
744.5 0.6288468562487594 0.39594625456618143
744 0.6292554146427589 0.3964725657916467
743.5 0.6289689973152006 0.39610498213483053
743 0.6289163122694791 0.39603341319689017
742.5 0.6288887497517566 0.396011198679189
742 0.6290665673303383 0.39622984021656915
741.5 0.6290379038044589 0.3961766164162603
741 0.6291035251548838 0.3962683784095937
740.5 0.6289798190773788 0.3961191917878738
740 0.6291640504221857 0.39634157689535693
739.5 0.6284631975225979 0.39546600156667117
739 0.62851770421342 0.39552885514337194
738.5 0.6289660657138684 0.39609523928406604
738 0.6294046203995514 0.39665071168129157
737.5 0.6287751671303309 0.3958651760860919
737 0.6288561290623121 0.3959723461057862
736.5 0.6288876112052055 0.395997276386856
736 0.6286411475566428 0.3956981457307637
735.5 0.6294271246658061 0.39666566876956477
735 0.6286539823169213 0.395696839135881
734.5 0.628865429984496 0.39597355725723815
734 0.6288533558300593 0.3959676758087702
733.5 0.6286163194968349 0.39565819861019424
733 0.6289796250376559 0.3961077886596127
732.5 0.628334882089104 0.3953036033970886
732 0.6281155716741901 0.3950225839041664
731.5 0.6281060019499258 0.39501397791558296
731 0.628706808749104 0.3957709436651775
730.5 0.6288809463016908 0.3959915139581857
730 0.6285158419276504 0.39553529059946335
729.5 0.6283797072615442 0.39534532650309484
729 0.6284646932383042 0.39546124925513143
728.5 0.6281914544912569 0.3951308175220633
728 0.6284357503381631 0.39543696226498054
727.5 0.6287519004295199 0.39583303307938295
727 0.6284749174480473 0.39546668027717835
726.5 0.6285687708362692 0.39560028307140904
726 0.6278042042519917 0.3946384756588399
725.5 0.6278790688993019 0.39473428926852466
725 0.6275205690776886 0.39427846957423984
724.5 0.6288619859374297 0.3959754918931389
724 0.6280337198860079 0.3949185912140638
723.5 0.6280367978871455 0.39493163385910063
723 0.628588599233055 0.39563467986532014
722.5 0.6277425891566573 0.3945598237205941
722 0.6281778926413261 0.3951117061354411
721.5 0.6277949915795111 0.3946402231647825
721 0.6284190521048895 0.3954304205373272
720.5 0.6279578710376342 0.39482932572434276
720 0.6281035557266562 0.39501634743469594
719.5 0.6282206638726762 0.3951552404531735
719 0.6280021832284381 0.394878983530225
718.5 0.6280433137691825 0.3949508298345282
718 0.6281468314754667 0.39507431760350586
717.5 0.6281953102992476 0.39513469086468056
717 0.6277103530554419 0.3945277257896047
716.5 0.6274609004084754 0.3942094207642888
716 0.6284131923207338 0.3954076512704528
715.5 0.6277630188342758 0.39457634172330946
715 0.6278859029538618 0.3947495315243759
714.5 0.6278000872533963 0.3946348694773937
714 0.6277231632749952 0.39452522890922076
713.5 0.627890701610963 0.3947393127224559
713 0.6279187287031961 0.3947840206240712
712.5 0.6273924874383895 0.3941154652598593
712 0.6275124684245125 0.39427231916550437
711.5 0.627993003014349 0.3948728724604067
711 0.6276779922910933 0.3944922170991989
710.5 0.6279200354749835 0.3947778759412543
710 0.6271719922360337 0.39385626136085655
709.5 0.6275552183056995 0.39433040349436727
709 0.6272676060687752 0.39397332766653265
708.5 0.6275545655926399 0.3943219759643836
708 0.6273383602204631 0.3940552939628057
707.5 0.6276753952721399 0.3944776852024539
707 0.6270748381394448 0.3937260733763942
706.5 0.6271937181466029 0.3938603838108854
706 0.6273579318708802 0.3940804336766136
705.5 0.627065661839935 0.39371213662970095
705 0.6269596061090479 0.39359135506876647
704.5 0.627107230622498 0.3937541612793311
704 0.6275414380085493 0.3943126348540775
703.5 0.6273988659360012 0.3941342681816342
703 0.6272631521449432 0.3939697250201072
702.5 0.6266884998078418 0.3932314212431886
702 0.6272926650159517 0.39398534564919896
701.5 0.6267463831515777 0.3933054141888161
701 0.6272856785840012 0.3939815521939747
700.5 0.6268849572527047 0.39348045061006776
700 0.6275816912591955 0.3943563260104225
699.5 0.6272234073973197 0.39391268354932396
699 0.6270736294657334 0.39373231726618213
698.5 0.6267927805707877 0.393367818802429
698 0.6272369761991247 0.39392583071839704
697.5 0.6270611324904718 0.39371523193002744
697 0.6267327301554391 0.39329865123766466
696.5 0.6268256715836309 0.39342307380937686
696 0.6268447650943229 0.39343058948783516
695.5 0.6266475185912507 0.3931933576989578
695 0.6271348938878278 0.3938101319792179
694.5 0.6266207165003984 0.39316139913748194
694 0.6269500001219338 0.39356922523397625
693.5 0.6270346090106017 0.393668897071561
693 0.6267751274522664 0.39334624114783634
692.5 0.6263606708857968 0.39283871829438516
692 0.6262869118339631 0.3927345717976046
691.5 0.6261435887692829 0.3925512676811982
691 0.6264550201035375 0.3929618091979197
690.5 0.626434219811321 0.39292325866868455
690 0.6265575375463696 0.39307438306976294
689.5 0.6260458266111779 0.39243220812758867
689 0.6263008033300278 0.3927579175245181
688.5 0.6265178114216345 0.3930368207643264
688 0.6261470587199224 0.39257032230765115
687.5 0.6260926757414428 0.39250980899568483
687 0.6263072780438425 0.3927693321726939
686.5 0.6260310744667964 0.3924224833542506
686 0.6260479326056618 0.39243727267350814
685.5 0.6264591044128086 0.39295201555374204
685 0.6262828910277132 0.39273952107422055
684.5 0.6261825023780236 0.3926164492266851
684 0.6258587524376068 0.39219622707446766
683.5 0.626473256744293 0.3929886850471859
683 0.6262679147008765 0.3927236899459457
682.5 0.6258470167902896 0.39218248460530397
682 0.6265692935141334 0.3930951455335738
681.5 0.6259218476647914 0.3922830725961806
681 0.6263333370185504 0.3927970322735099
680.5 0.6257183771396893 0.39201962891437236
680 0.6260922951174611 0.39248501409151454
679.5 0.6263573116183738 0.3928309267763104
679 0.6262642982374473 0.3927041975376855
678.5 0.6254886450438493 0.39173815455807165
678 0.6256506681975542 0.39193420746644647
677.5 0.6260060631933578 0.3923910359454882
677 0.6254796546572053 0.39172688992700483
676.5 0.6255786189638303 0.3918526589505546
676 0.6258532897423131 0.3922052577257766
675.5 0.6259837281233959 0.3923536313071299
675 0.6252096937201959 0.3913906715707217
674.5 0.6255089378795752 0.39177410375057664
674 0.6259685311885644 0.39233519817008544
673.5 0.6257037669713845 0.39201230864871467
673 0.6257279209613836 0.3920387454286075
672.5 0.6258233000017838 0.39214356449159654
672 0.6258052456397846 0.3921380842695868
671.5 0.6251123813820474 0.3912736127910946
671 0.625364424489318 0.3915804747811993
670.5 0.6252510506761838 0.3914420050810591
670 0.6249854333503895 0.3911067276015957
669.5 0.625506625403192 0.3917571706612563
669 0.625278875678703 0.3914720911373442
668.5 0.6250496081384305 0.39119292838490666
668 0.625661849854533 0.3919557711709839
667.5 0.6254797109432518 0.3917258524873039
667 0.6251522630539372 0.3913230597148486
666.5 0.6253907954273473 0.39160919581402365
666 0.6252927050975701 0.39150540193490097
665.5 0.6252821460378949 0.39149107743237344
665 0.6248550617345712 0.3909347075282614
664.5 0.6245087336217464 0.3905172567739796
664 0.6250163900798107 0.3911567439011581
663.5 0.6253565477729432 0.3915693877872323
663 0.624957979818672 0.39108671688054314
662.5 0.6251419893260408 0.3912973740198497
662 0.6253369090620834 0.3915536414137393
661.5 0.6249790750067917 0.3911097691481013
661 0.6249544283257248 0.3910784051610425
660.5 0.6252296615070664 0.3914067275195627
660 0.6247047160475815 0.39076563826736904
659.5 0.624851066792039 0.3909331384335025
659 0.6246368297006715 0.3906713529447135
658.5 0.6246573404372313 0.39070911678979015
658 0.6247586497951524 0.3908203941159874
657.5 0.6251333219263117 0.39130761308551437
657 0.6244540614183544 0.39044884948577235
656.5 0.624626256661616 0.390674943283126
656 0.6253317944628741 0.39153875137329724
655.5 0.6247463243789543 0.3908036681195902
655 0.6245131886347346 0.3905341299177602
654.5 0.6247636435322926 0.39082295906926734
654 0.6242132511435123 0.3901433895141521
653.5 0.6241847446490462 0.39011698554259017
653 0.6242605950982186 0.39020384286958354
652.5 0.6239829059783195 0.3898664458464782
652 0.6241584468983858 0.3900708356093927
651.5 0.6244221201564016 0.39040846176292393
651 0.6243386081560105 0.39030639046678944
650.5 0.6241568203570489 0.3900828200758477
650 0.6245804287617851 0.39059444509948305
649.5 0.6240194746302269 0.38989500325792537
649 0.6239349012877228 0.38980122590132393
648.5 0.6237297268987814 0.3895363868146184
648 0.6241668513611753 0.39008590815890537
647.5 0.6237341567392934 0.3895555892876542
647 0.6241749257866119 0.3900877744548977
646.5 0.6238294513082216 0.3896704447225322
646 0.6237446753799408 0.38956793170318055
645.5 0.6240447618942855 0.3899376215521792
645 0.6240982538509524 0.3900067815252774
644.5 0.6238373984720714 0.38967957723761726
644 0.6236125002226393 0.3894090625450889
643.5 0.6237973546220335 0.3896294841320278
643 0.6241521263322932 0.39006771489313263
642.5 0.623816852608194 0.38966674823523734
642 0.6235903205395225 0.389371663847657
641.5 0.6234988942617745 0.38925324825489915
641 0.6236079089320483 0.38939034839057335
640.5 0.6231301769465779 0.3887995437565447
640 0.6236781856821679 0.3894850513107309
639.5 0.6236009885763458 0.3893765702526779
639 0.6234281049146889 0.38915601407598854
638.5 0.6236629217210388 0.3894656773511958
638 0.6233528992869027 0.38907402590919876
637.5 0.6238580573983014 0.3897104336439997
637 0.6236328358078271 0.3894283066511935
636.5 0.6234408904544573 0.3891808025580438
636 0.6234769682281909 0.38922160397971695
635.5 0.6237009360572655 0.38950923035726
635 0.6232279554767923 0.3889160748494556
634.5 0.6235454547216346 0.38931361824424415
634 0.6233705034620222 0.3890898258148489
633.5 0.6230997837713556 0.38875325824436857
633 0.6229598247188614 0.3885981519631279
632.5 0.6232691526434556 0.38897279672866225
632 0.623320149726318 0.38903772775008166
631.5 0.6227933778824345 0.38838044854346365
631 0.6230732892952638 0.3887387984327049
630.5 0.622929024236175 0.3885407642302691
630 0.6231240134746098 0.3887856554878597
629.5 0.6230795955725699 0.3887346241092579
629 0.6226843738545567 0.38825661250991206
628.5 0.6231083856877476 0.3887831927809167
628 0.6226510249782828 0.38821316359338914
627.5 0.6233912407496788 0.3891310521925809
627 0.6232109897000107 0.38889585429409756
626.5 0.6228686032136344 0.3884671320179446
626 0.6229934303496105 0.3886193616114742
625.5 0.6226572654134972 0.38821375483803083
625 0.6227432717160608 0.38832139872674243
624.5 0.6229841047546074 0.38860385633073297
624 0.622554619555781 0.3880803088771985
623.5 0.6225872719545651 0.38811378031098076
623 0.6221756825701809 0.38760146323563766
622.5 0.6226469313462546 0.3881876014050039
622 0.6228199786280955 0.3884132164119931
621.5 0.6223758102486228 0.38785744871711836
621 0.6224551333197651 0.3879627219820005
620.5 0.6222721021490637 0.3877247477299802
620 0.6220581711641496 0.3874691735542515
619.5 0.6223445874856868 0.38781851659357724
619 0.6222028067381556 0.38764896713953023
618.5 0.6223078654271363 0.3877604864592759
618 0.6222104203837037 0.387650418477955
617.5 0.6216254029454492 0.3869298062997573
617 0.6220696950786313 0.38747946423911295
616.5 0.6222278306460908 0.3876686399425878
616 0.6223108311264826 0.387781688064424
615.5 0.6222317275142032 0.3876799449197535
615 0.6220073416141307 0.38739373072737826
614.5 0.622036289067404 0.3874369980963781
614 0.6220802560733425 0.38747647893611026
613.5 0.6215603511775085 0.38684173319269805
613 0.62213852780702 0.3875640349862443
612.5 0.6218656763557486 0.3872324615925241
612 0.6216567550720741 0.3869628750336023
611.5 0.6219005053155144 0.3872591366776362
611 0.6215009598836401 0.3867604771434271
610.5 0.6213789344116266 0.38662465590493944
610 0.6218255901090527 0.3871770020188587
609.5 0.6217585154411688 0.387081819942389
609 0.621936609641801 0.3872975983686681
608.5 0.6220966194755453 0.38750419071416775
608 0.6216472093444375 0.38696421823341304
607.5 0.621879440107532 0.38724222430227256
607 0.621416118687959 0.3866825510065414
606.5 0.6214648998696005 0.38672211367370446
606 0.6217929577907035 0.38713751048545525
605.5 0.6207745398353018 0.3858621817408757
605 0.6211615798663894 0.38634325012039955
604.5 0.6212475391392636 0.38645968101997125
604 0.6207234829061533 0.38582042014218354
603.5 0.6209672974992255 0.38611912697514994
603 0.6215457012177795 0.38683604769540486
602.5 0.6213618424606366 0.38659639753410846
602 0.621339729665443 0.3865748655696793
601.5 0.6207340244122831 0.3858279524900685
601 0.621036554274456 0.38619111231200987
600.5 0.6213455894279604 0.38657220422167476
600 0.6205466197699523 0.3855765178530047
599.5 0.6208617571660496 0.38598352302642874
599 0.6213567329193844 0.3866010459631405
598.5 0.6208840106977365 0.38600332162720596
598 0.620747626296756 0.38583814542383127
597.5 0.6209905450700767 0.38613428082845014
597 0.6210170943811345 0.38617323288718464
596.5 0.6207267614947323 0.3857963640130019
596 0.6208921902832475 0.38600418150397975
595.5 0.6207458939366725 0.38582568163974085
595 0.6204375082346105 0.38545053361273546
594.5 0.6209196520051917 0.3860439828754383
594 0.6207271632317449 0.3858170762837237
593.5 0.6213014269271431 0.3865375770284831
593 0.619948413733768 0.38484687205250007
592.5 0.6201684049691363 0.38511943650509467
592 0.6204420025251711 0.38546125534471765
591.5 0.6200952792373027 0.3850274553765069
591 0.6200071917390619 0.38491058308705467
590.5 0.6198810777969167 0.384753723487208
590 0.6201094900529106 0.3850503379604069
589.5 0.6209129764646955 0.38604230251267985
589 0.6204317658925519 0.38545688460310923
588.5 0.6198097980836783 0.3846827473746424
588 0.6200019684334506 0.38492694847881315
587.5 0.6197682298378907 0.3846141455392764
587 0.6200095686373074 0.3849205494763338
586.5 0.620273315453873 0.3852541903932687
586 0.6193564356844732 0.3841190386790861
585.5 0.6200354982297073 0.3849515800366973
585 0.6198790832846968 0.3847545613179664
584.5 0.6197674353525957 0.3846215543030192
584 0.6200694664896984 0.3849882461506118
583.5 0.619709870421754 0.3845595899921224
583 0.619902776104022 0.38479108355462127
582.5 0.619767295240416 0.38461094396341083
582 0.6203005083181263 0.3852780225521429
581.5 0.6195540328811652 0.38435940516953987
581 0.6193104756439068 0.3840520303612775
580.5 0.6197942250060154 0.38465026456477375
580 0.6188780484062378 0.38352327815301446
579.5 0.6192482807661482 0.383972563552494
579 0.6195066972894671 0.3843048391874859
578.5 0.6189150735922085 0.38357507684365194
578 0.6189595437966083 0.3836219091262736
577.5 0.619778098245226 0.3846411686066795
577 0.6194055388181263 0.3841705865660578
576.5 0.6192419979950441 0.3839617911416871
576 0.6194621779272372 0.3842447400021904
575.5 0.6186564920498814 0.3832490009415781
575 0.6193723960690884 0.3841311859423835
574.5 0.6189839911304217 0.38363848163668257
574 0.6191481106776956 0.3838470449183321
573.5 0.6190752250430839 0.38376198607465156
573 0.6189672311614064 0.38363689500693565
572.5 0.618775723369111 0.38338439138283076
572 0.6185065060429915 0.3830732664802582
571.5 0.6189896647400628 0.3836595156404378
571 0.6194473768383225 0.3842327804991834
570.5 0.6188026884083633 0.3834348831372622
570 0.6182799546886915 0.3827801368097098
569.5 0.6184419433039166 0.38298456279066634
569 0.618463202137191 0.3829948774652392
568.5 0.6183783213166348 0.3829038872612029
568 0.6186668603186629 0.38325830834380875
567.5 0.6184931157470192 0.3830581177506313
567 0.6185814527029668 0.3831545059395317
566.5 0.6182980387452824 0.3827981586305751
566 0.6191223906049997 0.38382557703317766
565.5 0.6181683408782573 0.3826308219653127
565 0.6184386200436626 0.382972838299884
564.5 0.618289909921258 0.3827848724583875
564 0.6183506394252044 0.38285133260365634
563.5 0.6183988040080369 0.3829345727538972
563 0.6183666059435707 0.382882709799324
562.5 0.6179769602489955 0.3824016861044643
562 0.617870270304882 0.38228259084312494
561.5 0.6183442811396335 0.38286201276687315
561 0.6183584743942014 0.38288001653899495
560.5 0.6179367165682068 0.3823590934571292
560 0.6182190544087193 0.38271948615913
559.5 0.6176928467079502 0.38204356417425905
559 0.6181103183906481 0.38256403251552057
558.5 0.6176170085883085 0.38196446821287244
558 0.6177282939979305 0.3821037674932364
557.5 0.6177582099627636 0.38214355231367436
557 0.6178195103839985 0.3822100231660732
556.5 0.6172026891701622 0.38144678246908414
556 0.6178267781223415 0.3822174173758207
555.5 0.6173574196339606 0.38164834607314524
555 0.617569127438543 0.38191049154358203
554.5 0.6174172142534949 0.3817073979754807
554 0.6170397888505383 0.3812542980320203
553.5 0.6172817595110152 0.3815640613780247
553 0.6176184944637051 0.3819507514559908
552.5 0.6174339467422737 0.3817352883391225
552 0.6176104083964165 0.38195888957780705
551.5 0.6167823389617144 0.3809375639621693
551 0.6171266691917913 0.3813463478642062
550.5 0.6171286269006404 0.3813535010447092
550 0.6171220348277793 0.38135427685763124
549.5 0.6171286039797718 0.38135836488963476
549 0.6171273792758705 0.3813340102681441
548.5 0.6166936982823701 0.38082212024888884
548 0.6168826316607114 0.38106042179812516
547.5 0.6167014743580864 0.3808154822253631
547 0.6171129281985058 0.3813401082719244
546.5 0.6167065556993461 0.3808382899955267
546 0.6169741298594605 0.3811595454520415
545.5 0.6177096424601026 0.38208074639821643
545 0.6171492798545978 0.381384142317523
544.5 0.6166765100980537 0.38081063053501685
544 0.6168049913658563 0.38095639971645995
543.5 0.6164041658486581 0.3804646291874893
543 0.616193752461564 0.38019613598163804
542.5 0.6162027149753054 0.38021650379473576
542 0.6164492472351364 0.38050732923228275
541.5 0.6162154567258294 0.38022988345296516
541 0.6162246454465241 0.3802509978302295
540.5 0.6166983031660409 0.3808306800773949
540 0.6171286254403308 0.3813529738442829
539.5 0.6159413076090318 0.3798992640085767
539 0.6157784253761938 0.37970071354603985
538.5 0.6161195718754723 0.3801005109265664
538 0.6160771918168898 0.3800576084481422
537.5 0.616145478742859 0.3801537642931425
537 0.6161461128106259 0.38015153076804536
536.5 0.6157581899987296 0.3796614767866869
536 0.6160744950155173 0.3800470028406276
535.5 0.6163776039505131 0.380433469598055
535 0.6158688292381906 0.3798024974525368
534.5 0.6154935058373805 0.3793482688006499
534 0.6156653361738924 0.37956793753231943
533.5 0.6158293287751487 0.37975668730918616
533 0.6161600462646598 0.3801468300488343
532.5 0.6160811311380664 0.38007952637528036
532 0.6154239986138854 0.3792730733817411
531.5 0.6156529304294298 0.37953436124946033
531 0.6155072530885406 0.379369253831095
530.5 0.6159200819419288 0.37986907156364846
530 0.6153943817082775 0.3792256457171696
529.5 0.6157731747567721 0.37969630202552695
529 0.6152324830720236 0.3790326950101271
528.5 0.6154321047513172 0.3792556448444901
528 0.6149662294160687 0.37869586409613576
527.5 0.615148787556105 0.3789306315512462
527 0.6149799613609183 0.37871192808502135
526.5 0.6149142524770517 0.3786297625424834
526 0.6149364019936532 0.3786607421666922
525.5 0.6147390748672279 0.3784249558719719
525 0.6149990727623609 0.3787447429992774
524.5 0.6149665913516682 0.3787027712208352
524 0.6144704869430274 0.378111136164989
523.5 0.614714560279273 0.37840506024226295
523 0.6150040519055782 0.3787355739083485
522.5 0.6148409275072171 0.37853213289268617
522 0.6149549681214725 0.3786858029043372
521.5 0.6145000380346771 0.3781277431944825
521 0.614533043425892 0.37816898799441834
520.5 0.6145502068879478 0.3781826825081036
520 0.6145357142432241 0.378170408830152
519.5 0.6139270756279658 0.37742374626833736
519 0.6139127205512275 0.37740163572311297
518.5 0.6138230325783924 0.3772907365994287
518 0.6137908311329422 0.37725547349336186
517.5 0.61443311566934 0.37804118633377143
517 0.6139761984795684 0.377481997860678
516.5 0.6139983944906917 0.3774999170356226
516 0.6139611601593833 0.37747050777208396
515.5 0.6137243728803015 0.37718485582692773
515 0.6144095369639042 0.3780040745444871
514.5 0.6136598526197677 0.37710533512412436
514 0.6139286825659421 0.3774177333078357
513.5 0.6134936716426306 0.3768832790941041
513 0.6133225080110978 0.376683495740157
512.5 0.6135920759289577 0.37701980407427405
512 0.6135516088575605 0.37696220044850476
511.5 0.6133898294577901 0.37676790188581705
511 0.6137164803225442 0.37717303170523037
510.5 0.6138025670917139 0.3772692483296716
510 0.6137397493857555 0.37719290814716405
509.5 0.6134718906877381 0.37687275856989033
509 0.6133845951614691 0.37675308091309345
508.5 0.6128791267286471 0.37613412089711257
508 0.6134655151625668 0.3768562433122348
507.5 0.6128081557370001 0.3760495191488471
507 0.6125500827781063 0.37571315023471014
506.5 0.6129199755586826 0.37619763272580936
506 0.6134959488947085 0.3768912574691699
505.5 0.6133002936278662 0.3766574051258743
505 0.6130517205543726 0.3763562398438719
504.5 0.6131759029871762 0.37649622746426104
504 0.613395333160278 0.376779408897448
503.5 0.6129964622462659 0.3762667794009225
503 0.6129148141506894 0.3761811167185795
502.5 0.6131634198168164 0.376484685003851
502 0.6129063131677985 0.3761653973500356
501.5 0.6124240067621757 0.37557740694074015
501 0.6128173851890949 0.37607123813407195
500.5 0.6128558972411641 0.37609211467865633
500 0.6122834793836813 0.3754127747375068
499.5 0.6123811539970493 0.3755263327115278
499 0.6121083248986511 0.37518296836033443
498.5 0.6125027508957767 0.3756720438437913
498 0.6120853035697972 0.37516686181067826
497.5 0.6121695066617681 0.3752705974475931
497 0.6120976616847645 0.37519069990132625
496.5 0.6117911188336035 0.3748173891829904
496 0.6114018858636228 0.37434362834241436
495.5 0.6123205507560928 0.3754628265819289
495 0.612132869177907 0.37522375044312484
494.5 0.612115190678521 0.3752012060832913
494 0.6113374062020673 0.3742589383745962
493.5 0.6117703648607361 0.37478576328619506
493 0.612013111638555 0.375077488115174
492.5 0.611940337918395 0.37498793888892556
492 0.611334546381843 0.37424024483622376
491.5 0.6116566235483646 0.3746397107817384
491 0.6115082178131259 0.3744680375580397
490.5 0.6118169942477651 0.3748445062025456
490 0.6117908222850158 0.3748061532977775
489.5 0.6109580327062565 0.37378447149012284
489 0.610977753613047 0.373812825910288
488.5 0.610544441877918 0.37328398216025876
488 0.6117100041011829 0.3747041141568132
487.5 0.6108933763552431 0.3737097958509912
487 0.6107787851861197 0.3735580501770048
486.5 0.6108424965087489 0.37364911414733853
486 0.6107788628231138 0.3735620042203314
485.5 0.6109300476666085 0.37375128147474806
485 0.6106337421579954 0.3733991308356928
484.5 0.6103038995997004 0.372990122570229
484 0.6106630897730141 0.37341575927794163
483.5 0.6103820069340872 0.373088480603101
483 0.6102628939479583 0.37295452118533734
482.5 0.6102855681845332 0.37296815418115165
482 0.6107278360105133 0.37351491395407643
481.5 0.6105287206645056 0.3732620191561035
481 0.6101548199737358 0.37281299483439906
480.5 0.6106409997141455 0.3733872896757975
480 0.610095459603604 0.37271837021423626
479.5 0.6102582962029695 0.37292244717549194
479 0.6108249837864855 0.37363298718998633
478.5 0.609903718763984 0.3724966170611059
478 0.6096202715789637 0.37215663464804555
477.5 0.6095193695095616 0.3720304409080801
477 0.609853594799842 0.37243779542484384
476.5 0.6094537506472376 0.37195986611860826
476 0.6096378268273358 0.3721793545285954
475.5 0.6099436603826055 0.37255304784508836
475 0.6091686808392633 0.3716055379927263
474.5 0.6099267022018026 0.3725329805386265
474 0.6093814789139035 0.3718617332112807
473.5 0.609484854954978 0.3719897212894057
473 0.6096128969539021 0.3721412252048902
472.5 0.6090793371938991 0.37149066780186685
472 0.6089019770488336 0.37127832048229015
471.5 0.6090792844475638 0.37148339023465893
471 0.6084394141653394 0.3707165232384556
470.5 0.6092079946902442 0.3716488845539763
470 0.6093970593205276 0.3718931854751862
469.5 0.6093622642865635 0.37183401926390225
469 0.6092476540432782 0.3717095789326323
468.5 0.6088167734400941 0.37116537559420654
468 0.6088233633793095 0.37119887231184023
467.5 0.6088146972393382 0.3711712515286793
467 0.6087118792962213 0.3710534424385781
466.5 0.6094476767227736 0.3719472204785829
466 0.6089405640206803 0.37132765097993237
465.5 0.6094232754615322 0.37192032018165133
465 0.6090171056364833 0.37142092220281914
464.5 0.6085758142984417 0.37088190193030907
464 0.608275425030867 0.3705114316291026
463.5 0.6083089639437952 0.37054547748536076
463 0.6077320156551465 0.3698629293525925
462.5 0.6083234481685471 0.37056697554992873
462 0.6082631528344673 0.37050677619823896
461.5 0.6080197214237373 0.37020957673078164
461 0.6083026110240538 0.37054155062967065
460.5 0.6079020143486242 0.3700655598044278
460 0.6079134548078127 0.3700810578648291
459.5 0.6080207889532759 0.37020456055157186
459 0.6075666797125996 0.3696505054642382
458.5 0.6076833458082999 0.3698043052623062
458 0.6075818999017012 0.3696666066458323
457.5 0.6078937876818634 0.370045843630758
457 0.6079349990696392 0.3701009218054132
456.5 0.6078206854766003 0.3699654326769833
456 0.6077157991962068 0.3698338799536856
455.5 0.6072592210503278 0.3692724539348507
455 0.6070266806730295 0.36901297838058633
454.5 0.6076233129991839 0.3697196811022706
454 0.6075731505163162 0.3696728641686188
453.5 0.6071949328646301 0.36920542132295
453 0.6070887984825291 0.36906753675613224
452.5 0.6068092692266487 0.3687557265246528
452 0.6068254186295291 0.36875954481117157
451.5 0.6069803311323868 0.36895080943803654
451 0.606852205073879 0.3687889896181419
450.5 0.6065400124276863 0.36841029937508346
450 0.6068479862112177 0.36878499404876464
449.5 0.6064116324395303 0.36825652221025545
449 0.606757801525559 0.36867283442658094
448.5 0.6064221891581888 0.3682689318851097
448 0.6058934187856557 0.36761908463465576
447.5 0.6061519559999964 0.3679531360643672
447 0.606615281578823 0.3685107022168839
446.5 0.6059972933110566 0.36774135829228805
446 0.6068976447016643 0.36885237825336165
445.5 0.6062076348624048 0.3680082929494325
445 0.6059738892336979 0.3677211112675856
444.5 0.6063376554869717 0.3681684653812133
444 0.6062440518331729 0.3680475877246936
443.5 0.6054179281491068 0.36704931970082166
443 0.6054938366825263 0.3671285515115164
442.5 0.6052593608093333 0.3668519132250353
442 0.6052998135899214 0.36691148645125304
441.5 0.6059785092836306 0.36773757623490844
441 0.6052445094099176 0.36685242465948775
440.5 0.6046621621134705 0.3661422651997879
440 0.6052210866000854 0.3668120444156759
439.5 0.6054302458180936 0.3670575486235602
439 0.6051792098057709 0.36675998507461127
438.5 0.6048564348302333 0.36637881125042304
438 0.6047613566798011 0.36625276199467244
437.5 0.6052254920520039 0.36682730819920023
437 0.6046834656909545 0.3661701518675515
436.5 0.6054672157685759 0.36711845941981397
436 0.6047249770295465 0.36622385686000086
435.5 0.6048531719662205 0.3663741466089457
435 0.6044977348151886 0.36595831330609174
434.5 0.6044890723574764 0.3659337891189829
434 0.6044976007476109 0.365952448569881
433.5 0.6041608393860027 0.36552073253010936
433 0.604101858129666 0.3654603623827923
432.5 0.6045819312990814 0.36604076050493173
432 0.6046486892100474 0.36612812113811194
431.5 0.6042652037698849 0.36565044593011015
431 0.6041086423660678 0.3654685836473094
430.5 0.6038029943364733 0.36509596057814186
430 0.6035144289662875 0.36475023085226493
429.5 0.604120993690449 0.365477470262498
429 0.603476974514654 0.3647153252340796
428.5 0.6036827304992383 0.3649562291443332
428 0.6038056324290915 0.3650984199595957
427.5 0.6037581720253175 0.36503951142855273
427 0.6031288194578612 0.3642856596319727
426.5 0.603118470663308 0.36428354750371517
426 0.6034244318387169 0.3646425502751721
425.5 0.6037466652224251 0.36503708743504204
425 0.6038775774226124 0.36519078763267787
424.5 0.6029155689553043 0.3640378474747962
424 0.603049681359811 0.36420619667199444
423.5 0.6032564018408155 0.3644468410279618
423 0.6031061942651006 0.36426279440626064
422.5 0.6028265987859247 0.3639203462452893
422 0.6035574601990153 0.364809473311575
421.5 0.6019283329839158 0.36283015352854875
421 0.6028284793467575 0.36393307437308275
420.5 0.6029683912431771 0.36410307261799524
420 0.6021916633321907 0.36314882660970693
419.5 0.6027681636343398 0.36385411972554654
419 0.6022432039973079 0.3632146113613695
418.5 0.6029872381345731 0.3641092588183601
418 0.6019995872842728 0.3629232744450326
417.5 0.6024436636888127 0.36345493912111804
417 0.6021090841966209 0.36304802148840604
416.5 0.6019130339137635 0.3628126949765365
416 0.602331119477159 0.3633297614249227
415.5 0.6020173508035336 0.3629588923871326
415 0.6012605401721437 0.3620408991835651
414.5 0.6013878327367781 0.362197399698618
414 0.6014186651188802 0.36222699845722667
413.5 0.6008848472249237 0.3615958109882186
413 0.6016330738113895 0.362488572533
412.5 0.6011639337757623 0.36191265750725055
412 0.6012827986467915 0.36204882992321014
411.5 0.6016175635182694 0.3624695400865732
411 0.6007869682292974 0.36147174683650385
410.5 0.6009291168927245 0.3616422598999213
410 0.601275475590553 0.36206726210300627
409.5 0.6019483494238886 0.36286638656741993
409 0.6011068847053521 0.3618554482300565
408.5 0.6004577482558171 0.3610762035815953
408 0.6008896873872375 0.3615842873377999
407.5 0.6007565936418127 0.36143979107629415
407 0.6006142250566299 0.36125974993611015
406.5 0.6011427328253512 0.36189071479684654
406 0.6000363576746539 0.36057076379042907
405.5 0.5999129625158703 0.3604241149505183
405 0.6004855646799054 0.3611177007865261
404.5 0.6003721013933366 0.36096077092106765
404 0.60062064652232 0.361270044886974
403.5 0.5999113729426437 0.36042665909831845
403 0.6001824845281418 0.36075058515297775
402.5 0.6000820443826379 0.36062791715664305
402 0.5995412650464711 0.3599797211221128
401.5 0.5995380260485127 0.3599730268667657
401 0.5995516264863888 0.35997933278220123
400.5 0.6000151661422651 0.3605512213415661
400 0.5996219163798064 0.36006356923347593
399.5 0.5993525966326558 0.35975465449006
399 0.5991505742483872 0.35949828059898087
398.5 0.5991695993378277 0.35952301648842555
398 0.5992758099126468 0.35967719563741
397.5 0.5992574579749816 0.35963565656467383
397 0.5988409595555024 0.3591290368429797
396.5 0.5989264684004155 0.3592460228037756
396 0.598724429239874 0.35898709485636326
395.5 0.5984725231234457 0.358694300147484
395 0.5988118878882214 0.35910090529204164
394.5 0.5984616038908701 0.3586822219162008
394 0.598877529782397 0.35917311497763627
393.5 0.5982828745044404 0.35847161157612556
393 0.5981385508876229 0.35830799159023724
392.5 0.5979951500306833 0.3581223044793583
392 0.597957279905177 0.358072122733073
391.5 0.5979215170240446 0.3580450297352057
391 0.5979867244186443 0.3581159392572303
390.5 0.597543043140957 0.35758550474174783
390 0.5981169714433783 0.35826518600903884
389.5 0.5977886240866501 0.35787368260738023
389 0.5978251069242746 0.35792005880964556
388.5 0.5971792496672659 0.3571639992577229
388 0.5970470705249652 0.35699565096368385
387.5 0.5977255238782798 0.3578074821754538
387 0.5971502770943214 0.35710577061175836
386.5 0.5974653850241108 0.35749037841118486
386 0.5972921550128036 0.3572765219293603
385.5 0.5966053166851955 0.3564694403945497
385 0.5970438814659574 0.35698533949485384
384.5 0.596158933742734 0.35593450035318147
384 0.5965068414621315 0.3563468488717026
383.5 0.5970912874315156 0.3570338681177845
383 0.5961520038624997 0.3559381161435302
382.5 0.5959618301453888 0.35569760724111227
382 0.5964836268277424 0.35633231872941407
381.5 0.5959483587034825 0.35568854150759893
381 0.5965093408642502 0.3563502337809538
380.5 0.5959990144856042 0.35573832053428084
380 0.5958607115997079 0.3555873790317482
379.5 0.5954986807954207 0.35515874572202427
379 0.5958371841542313 0.355544273388367
378.5 0.59578897652063 0.35549135769153734
378 0.5956284814878929 0.3553039448652668
377.5 0.595678086232794 0.35536324201114117
377 0.5948357354666117 0.3543593697369534
376.5 0.5955188738468008 0.35517944201806334
376 0.5953510393034692 0.3549690497559581
375.5 0.5946236215222046 0.35411610417650374
375 0.5945238746442021 0.35399478080666896
374.5 0.5953561660786373 0.35498145493349065
374 0.5941851352034732 0.35359444122950523
373.5 0.5949597711406798 0.35450256369606475
373 0.594823567753833 0.3543439109860838
372.5 0.5948024127046098 0.35431358006271946
372 0.5946819999823907 0.35418791150906803
371.5 0.594441337295692 0.3538919092584526
371 0.5941203238845322 0.35349310328180045
370.5 0.5937687789245935 0.3531014946628518
370 0.5934499568656464 0.35272342344679064
369.5 0.5937387422484445 0.3530499764455367
369 0.5933557860282413 0.3525881330077547
368.5 0.5940050199442632 0.3533813456867768
368 0.5936439291277882 0.35295166372093706
367.5 0.5933971149024655 0.35265900562169966
367 0.5932976430357757 0.3525460481648938
366.5 0.5934670142453172 0.35274073897284586
366 0.5927390089853665 0.3518782201549173
365.5 0.5927116463822567 0.3518211476475382
365 0.592907844989752 0.352057731475152
364.5 0.593067111898847 0.3522577288461047
364 0.5916060046159776 0.35052332325044316
363.5 0.592541796172142 0.3516482106955258
363 0.5924735228871603 0.3515512609161053
362.5 0.592508196057211 0.35159792842226967
362 0.5922743906366885 0.3513214741755786
361.5 0.5919258940472568 0.35091008822000413
361 0.592113660607245 0.3511430403663944
360.5 0.5917780709436884 0.3507175695127639
360 0.5921197442587905 0.3511483940166451
359.5 0.5920293439654694 0.3510485653341623
359 0.5915924324555566 0.3505058579920425
358.5 0.592100372735696 0.35111332156421987
358 0.5915587401574588 0.35047160439084324
357.5 0.5917485736935851 0.35070197524581653
357 0.5913016434674848 0.3501682226814738
356.5 0.5919063110466227 0.3508705033033155
356 0.5913680210235777 0.3502471309732734
355.5 0.5908512541857744 0.34963350688752515
355 0.5913162358291868 0.3501986554450218
354.5 0.5911170182286892 0.34995140628987303
354 0.5903913591369199 0.3490839225875781
353.5 0.5908785375965483 0.34967533953468566
353 0.5899375781193403 0.3485883242957714
352.5 0.5908172978153816 0.3496099243118157
352 0.5900536672479882 0.3486940428344737
351.5 0.5894680916887252 0.34801537915379666
351 0.5906110258991069 0.34935527994542787
350.5 0.5896846031478717 0.34827241518223073
350 0.589947451335285 0.34855385215753887
349.5 0.5895496433765989 0.34810656425908454
349 0.5901432685458995 0.34879439354958724
348.5 0.5902914018708959 0.3489638949271511
348 0.5892631968321028 0.3477602700700883
347.5 0.5894787038357907 0.3480101428893909
347 0.5889062201826134 0.34736067909475193
346.5 0.5890527395056729 0.3475149714740613
346 0.5890260902869995 0.3474943800615961
345.5 0.5898098584666022 0.348413755844951
345 0.5889213295564625 0.34737739382349636
344.5 0.5894275241963339 0.34794171043590405
344 0.5886247669284248 0.34700511666026024
343.5 0.588113481670209 0.34640666370285633
343 0.5885654427033099 0.3469464169162313
342.5 0.588400420297316 0.3467697015524473
342 0.5882814994398404 0.3465913365833619
341.5 0.5883062321775102 0.34663704893781533
341 0.5872967909973367 0.3454458276616387
340.5 0.5877006319310181 0.34593180522185213
340 0.5878755904143664 0.3461242235340674
339.5 0.5876777092263374 0.345880535391492
339 0.5872654696650533 0.34541212883220485
338.5 0.5876500650899326 0.3458671525816114
338 0.5867937149992585 0.34487225111249176
337.5 0.5873258593005793 0.345494794452707
337 0.5868104434061496 0.34488339040456994
336.5 0.5866449187955688 0.34467770975700346
336 0.5864663939537349 0.34446897256050907
335.5 0.5869923056351103 0.34507272371342435
335 0.586670239004443 0.34471688416455964
334.5 0.5863988151883438 0.34439060129206683
334 0.5860177726790606 0.34396355833378034
333.5 0.5856743680054564 0.34354540500789954
333 0.5859134305385881 0.3438194130884723
332.5 0.586074969789026 0.3440177208937853
332 0.5861435940247606 0.3440817967178564
331.5 0.5857192948352765 0.3436113013730666
331 0.5856256425107175 0.34348436137658545
330.5 0.5853275308918656 0.3431437844065569
330 0.585649887960335 0.3435350199415651
329.5 0.585737474290725 0.34361417304468034
329 0.5848566769942599 0.3425957338997946
328.5 0.5850763656202111 0.3428534293673989
328 0.5845705653117641 0.34226103529328517
327.5 0.5840381846339473 0.3416441135271126
327 0.5843461510068695 0.34199265706218446
326.5 0.5849679021654292 0.3427133364832317
326 0.5847135817829235 0.34242387416718706
325.5 0.58384104558593 0.3414086838697057
325 0.5837971360160183 0.3413524042915606
324.5 0.584422313892357 0.34209386496226213
324 0.5832344683669014 0.3407078792009012
323.5 0.5840433336370535 0.34162749863054315
323 0.5836683002474599 0.34120258218979405
322.5 0.5833293018275016 0.3407870606091471
322 0.5828870442285029 0.34029772249399737
321.5 0.5832920747925529 0.3407616282798234
321 0.5833747143212494 0.3408606212119216
320.5 0.5831937251524728 0.34063020711566055
320 0.5830741776476228 0.34051413198856034
319.5 0.5832501534726517 0.34070257631164574
319 0.583319060156038 0.3408113792813954
318.5 0.5826606821642191 0.34002740379376545
318 0.5825335443892167 0.33988030109115963
317.5 0.5824395129471022 0.3397921068575227
317 0.5815481944976127 0.3387389772423113
316.5 0.5814899762386843 0.3386777684284532
316 0.5814439217434018 0.3386217485419099
315.5 0.581396464082427 0.3385638020436488
315 0.5812173417577201 0.3383627051766009
314.5 0.5818625919605636 0.33910030845422756
314 0.5814259227256184 0.3385812776272985
313.5 0.5810000429923189 0.3381052700520521
313 0.5806772579101676 0.3377200687094232
312.5 0.5803712138957371 0.33736519412975513
312 0.5811899929468215 0.33832322269142723
311.5 0.5811349942890317 0.3382414066900869
311 0.580520393827637 0.3375399249238537
310.5 0.5803112262731835 0.3373093921078437
310 0.5798582033507184 0.33678141166547826
309.5 0.5795524915122824 0.33641090599141826
309 0.5795377112134015 0.33640182132310853
308.5 0.5799480536676608 0.3368869558577993
308 0.5792095021740356 0.33602271691965474
307.5 0.5789848515152471 0.3357741934359933
307 0.5794609230783607 0.3363007068588183
306.5 0.5785084453093291 0.33522348285751186
306 0.5787558050394459 0.3354974325511074
305.5 0.5789301183366388 0.3356885180293917
305 0.5791804208177369 0.33598669886967103
304.5 0.5785856790761743 0.3352937192649605
304 0.5777539493808819 0.33434687211649217
303.5 0.5784809714654394 0.3351702498311136
303 0.5778996929285619 0.3344941450315974
302.5 0.5786290586682388 0.3353486616514437
302 0.5781929516474672 0.3348453697710893
301.5 0.5771560919138146 0.3336457264875111
301 0.5773890798179981 0.3339250714791541
300.5 0.5767996687444616 0.33324462876843597
300 0.5772416382350515 0.33374054727465796
299.5 0.5763652399396489 0.33273913025140744
299 0.5766564678871943 0.33306544458246073
298.5 0.5763021569737337 0.332656086720038
298 0.5772128941730162 0.3337169947180804
297.5 0.5762936532462732 0.33265081099082006
297 0.5756945486843624 0.33195547520353946
296.5 0.5759463143836766 0.3322539136745768
296 0.575783588969047 0.33206071831568074
295.5 0.5765374608537209 0.332922215010445
295 0.57605997760592 0.3323827918014947
294.5 0.5759304797440111 0.33223941012239433
294 0.5756417876420404 0.33188836858512777
293.5 0.5753344772096617 0.33155196890123506
293 0.5753954917838411 0.3316084171755652
292.5 0.5747132911441767 0.33081436826342947
292 0.5748449629647876 0.33098548834192393
291.5 0.5747364825106277 0.3308643879578725
291 0.5738595855065668 0.3298575664620295
290.5 0.574212682997329 0.33027102985301365
290 0.5737688204598506 0.32973192602714946
289.5 0.574362027727921 0.33044237525625775
289 0.5740699889408006 0.3300920595235463
288.5 0.5736274547586994 0.3295898470024747
288 0.573387114271402 0.3293008665858168
287.5 0.5732330428134571 0.32912335445852015
287 0.5725229490666468 0.32832288739275634
286.5 0.5729115133297504 0.32877385790113783
286 0.5730807874457295 0.3289702323999362
285.5 0.5732983645311653 0.3292126258747769
285 0.5724220139997289 0.3282161477270333
284.5 0.5721788782743732 0.32791635070879255
284 0.5717270553744962 0.3274045793229601
283.5 0.5719579404950909 0.32768507863715357
283 0.5719146264197903 0.32763463098731893
282.5 0.5717508973291614 0.32742941296902883
282 0.5717833203164477 0.327476287215474
281.5 0.570865719723643 0.3264202199824711
281 0.5703571309107276 0.32585084176481965
280.5 0.5703872885638716 0.32589057809752914
280 0.571077850604917 0.32667432266902324
279.5 0.5707859898927666 0.3263374852309477
279 0.5710396081507193 0.32663310253823724
278.5 0.5701761408036141 0.3256419664500468
278 0.5708343501828377 0.3263840636271573
277.5 0.5701994406925622 0.3256603194724421
277 0.569620475654669 0.3250079512264201
276.5 0.5690123060349367 0.3243037947527943
276 0.5696699225759021 0.3250690985295037
275.5 0.5689280814515779 0.32422118537763484
275 0.5691104698688401 0.32442606843606175
274.5 0.5691421026963716 0.32445293259802005
274 0.5679906654673302 0.3231677924174241
273.5 0.5688180630789625 0.32409699372043427
273 0.5685354507347667 0.3237852267264592
272.5 0.5683579183600904 0.32356625557618174
272 0.5675080798998672 0.3226122718486757
271.5 0.5680968036200416 0.3232815664544372
271 0.5687395278259675 0.32401787377145885
270.5 0.5678044093688882 0.3229388811808416
270 0.5671281780990574 0.32216318828916757
269.5 0.5670871515932031 0.32212502041602115
269 0.5664970933266726 0.3214682850597522
268.5 0.5668826636180008 0.32188722505246686
268 0.5663969816754545 0.32133181890372386
267.5 0.5671077040214345 0.32215232438216307
267 0.5660003951837314 0.32089658587850656
266.5 0.5657113903243424 0.3205728000263979
266 0.5662401244871955 0.3211622012082055
265.5 0.5655548614452836 0.3203934524876201
265 0.5655586502994595 0.3203984621129911
264.5 0.5651466617900966 0.319935079950264
264 0.5646723604128663 0.319374375149765
263.5 0.5648721947949361 0.31961611716465466
263 0.564689361524061 0.319414491855007
262.5 0.564587231494134 0.31931874314781056
262 0.5636110833235441 0.3182135811685936
261.5 0.5631253535799953 0.3176529563732198
261 0.5640262260308578 0.318667693230185
260.5 0.5633925750497242 0.3179409791150309
260 0.5633467589587469 0.3179066808005133
259.5 0.5630326277457987 0.3175588978990447
259 0.5627615027042854 0.3172236618494912
258.5 0.5631671493880773 0.3177022417300369
258 0.5625366583714599 0.31699123032392973
257.5 0.5621489115988082 0.3165379647930653
257 0.5625050351863832 0.3169497093056018
256.5 0.5612316210192128 0.31551379370444155
256 0.561552545867196 0.31587107272336945
255.5 0.5612658029119221 0.3155602141869009
255 0.5611338256757693 0.3154084328425971
254.5 0.5612277487739823 0.3155213749441975
254 0.5611513202367053 0.31543880884548847
253.5 0.5609876335696876 0.3152540138498662
253 0.5606049872328346 0.3148135249960077
252.5 0.5596866939104412 0.3137836915047849
252 0.5612040210471344 0.31549055637527385
251.5 0.5596787909188944 0.31377240098790127
251 0.5596411503107609 0.3137385814421179
250.5 0.5593432668170278 0.3134062928552984
250 0.5591660151219225 0.3131854794727672
249.5 0.5594344086155991 0.3135200394502271
249 0.5583893688596113 0.3123314858899443
248.5 0.5586186715673148 0.3125962623181535
248 0.5574704421690528 0.3113244556024594
247.5 0.5585136882060573 0.3124790381006604
247 0.5570569619725493 0.31086319667956475
246.5 0.557182369173405 0.31099219936167877
246 0.55765951821346 0.31152374542115496
245.5 0.5575158700264862 0.3113635698216952
245 0.5566957266772855 0.3104602956614753
244.5 0.5557764512397889 0.3094376167229418
244 0.5565292818804708 0.31025515966573686
243.5 0.5559111859104788 0.30956762974682034
243 0.5559031629689919 0.3095598900686636
242.5 0.5557212510783544 0.3093760051000578
242 0.55527694758846 0.30886453712088885
241.5 0.5555027599488601 0.30912900966868434
241 0.555295233987315 0.3089007860508538
240.5 0.5551953355336107 0.30879214628866986
240 0.5550918976295083 0.3086661071705783
239.5 0.5548384036530564 0.30837972821945026
239 0.5536936262575699 0.30712250746716435
238.5 0.5540717967262306 0.30753730990628697
238 0.5530349990255689 0.3063943499511527
237.5 0.553894624813767 0.307318636269839
237 0.5527570970195453 0.30609655345296394
236.5 0.5529478138217755 0.30632421286748385
236 0.5521316472793272 0.3053862961188827
235.5 0.5526617465509054 0.3059925139384921
235 0.5525784006991722 0.3058749575065955
234.5 0.5518311571006306 0.3050590697925472
234 0.5517001236282478 0.30491646269093486
233.5 0.5517896788996907 0.30501404786340575
233 0.5512304917321985 0.30437990736037696
232.5 0.5515143025332925 0.3047044463961007
232 0.5509276712064599 0.304072302387099
231.5 0.5509317164973885 0.3040837114116977
231 0.5496827104993218 0.30268740264191074
230.5 0.550221881981797 0.30328554056480267
230 0.5496592091702722 0.30267628240845307
229.5 0.5492081057297147 0.30216167839621905
229 0.5487222906598958 0.3016431554020066
228.5 0.5481668305453058 0.30103071311198987
228 0.548711441138006 0.30161961156952755
227.5 0.54791301069673 0.3007678800482773
227 0.5480240032488662 0.3008796511490418
226.5 0.5479258558170341 0.3007682003042146
226 0.5481083713280138 0.30096679197313936
225.5 0.5476701760886126 0.30048879502086195
225 0.5472217730537646 0.29999050259666377
224.5 0.5471628607358756 0.2999199400927536
224 0.5470749253983545 0.2998222594900604
223.5 0.547121688257627 0.2998817698378364
223 0.5457327677623466 0.29837963457143857
222.5 0.5452912244466577 0.2978720679178623
222 0.5454329398846534 0.2980261001536668
221.5 0.544944007715109 0.2975103393950628
221 0.5444009539943376 0.2969172356240863
220.5 0.544737176011426 0.29728528061243353
220 0.5446810350962827 0.2972389742175452
219.5 0.5444921511593027 0.2970140786531056
219 0.543895161020886 0.2963867016485736
218.5 0.5434451119733633 0.2958694189830975
218 0.5432004171176513 0.2956166710864561
217.5 0.5433887532974716 0.2958085820566313
217 0.5435122990857291 0.2959385747685014
216.5 0.5427151197201691 0.29507545004129054
216 0.5420214031635576 0.29435276185533965
215.5 0.5414617394668687 0.2937292947217443
215 0.5411625607798485 0.29339380159118517
214.5 0.5406623662447669 0.29287759239090455
214 0.5408367052584583 0.2930364390080281
213.5 0.5405241103038084 0.29272540268485403
213 0.5397563562834204 0.29186977334500447
212.5 0.5402441710516327 0.29241036737332116
212 0.5396562107046361 0.29177643810394926
211.5 0.5390134785011521 0.2910792988428857
211 0.5385641137905345 0.2906000288126854
210.5 0.5387434068951301 0.29078204168674127
210 0.5384480499159878 0.2904682353573983
209.5 0.5385046365170745 0.29053299819358896
209 0.5380268624068313 0.29001866170568197
208.5 0.53786470830883 0.2898436316789157
208 0.5367788740977217 0.28868298770957757
207.5 0.5369519367753902 0.2888763490282981
207 0.5364959928189885 0.28836753186179287
206.5 0.537775881265347 0.28974078834836353
206 0.5361736165661646 0.2880313570154834
205.5 0.535459827667976 0.2872437770131884
205 0.5353034213801557 0.28708505643956983
204.5 0.5348451563593938 0.2866135155649877
204 0.5346932315438601 0.2864285327332679
203.5 0.5351421860084971 0.28692042858974975
203 0.5336058848215876 0.2852852072508557
202.5 0.533771819383927 0.2854632654625978
202 0.5335581632142853 0.2852063036119146
201.5 0.5338948403360435 0.2855704645350702
201 0.5333009184508255 0.2849639394603757
200.5 0.5324505653166512 0.2840439924958252
200 0.5319913611086721 0.28357209672878053
199.5 0.5315182244444309 0.28302643046264275
199 0.5315660270550814 0.2831234940858268
198.5 0.531207050362557 0.28271261410469506
198 0.5306498158972441 0.2821325028036555
197.5 0.5303641016257059 0.2818158732641302
197 0.5295728871668199 0.28098291885237237
196.5 0.5295743698071199 0.28097915089365927
196 0.5295097223133487 0.2809345520539541
195.5 0.5287384970684309 0.28009317571170295
195 0.5287423300342324 0.28010810194258573
194.5 0.5276960934268503 0.27901741581297224
194 0.5281588607727052 0.2794767728398793
193.5 0.5278796644089628 0.2791838248977098
193 0.5274118319726268 0.2787038400609825
192.5 0.5262821931774341 0.27751972511576933
192 0.5269334571177866 0.27821294333221264
191.5 0.526313750882869 0.2775333350876979
191 0.5254412253726597 0.27663712042824923
190.5 0.525520920464204 0.27669804756011396
190 0.524336764376254 0.27546325198338256
189.5 0.5250691662507443 0.2762236487513409
189 0.5241864111832802 0.2752991934091257
188.5 0.5234119890139814 0.27449591096272125
188 0.5231975740296378 0.2742747762706825
187.5 0.5239439078156621 0.27504576916519574
187 0.5228092308796648 0.2738632742047717
186.5 0.5223344581706626 0.27336248365001875
186 0.5220357630802767 0.2730640468392926
185.5 0.5214795887479805 0.2724642695807588
185 0.5220058541639957 0.27301987615103673
184.5 0.521031588796123 0.2720030704354573
184 0.5204025259784424 0.2713583404819903
183.5 0.5209215164338254 0.2718979542051961
183 0.5192590055999533 0.27016922594449283
182.5 0.5192967671896375 0.27021693864848806
182 0.5187566607865196 0.26965218042058736
181.5 0.5187486064182733 0.2696393108422827
181 0.5181403979384197 0.2690120527144074
180.5 0.5168249110155845 0.26763806273537755
180 0.5174666506253384 0.2683029476173127
179.5 0.5165852864324662 0.26739495679868436
179 0.5165734307739102 0.2673953051339654
178.5 0.5158856570053618 0.2666598923766548
178 0.5152699195169123 0.26603170792797065
177.5 0.5144274682664062 0.2651773146316444
177 0.5149560622062083 0.265711764849974
176.5 0.5142030551741796 0.26493074319901827
176 0.5139646153478236 0.26471375498161415
175.5 0.5133081986006629 0.2640153424695436
175 0.5126872859492693 0.26337461688214686
174.5 0.5124199638076634 0.26309635321391184
174 0.5114907793831823 0.26215208823629765
173.5 0.5112316934984537 0.26189779018647297
173 0.5112772243115137 0.26192278700410193
172.5 0.5108882147386674 0.26154526169866366
172 0.5098351721490803 0.2604720131024103
171.5 0.5090652606833749 0.25967200108383715
171 0.5096866922590756 0.2603153373008519
170.5 0.5088660491020363 0.25946638231168295
170 0.5087329057011387 0.25933080447578777
169.5 0.5088343101742635 0.2594352164095809
169 0.5082749307268516 0.2588703011468146
168.5 0.5067712542476821 0.2573643110767193
168 0.5069065743000727 0.2574734743547905
167.5 0.5070111567783382 0.25755942278672583
167 0.5053795531636739 0.2559351655058593
166.5 0.5048828718324069 0.2554269121499955
166 0.5050570894865437 0.2556034238799777
165.5 0.5041517495350074 0.25468525126346436
165 0.5029164220434453 0.2534559058626741
164.5 0.5029365282776694 0.25347339423501175
164 0.5025498267118677 0.25309170728276276
163.5 0.5019834623988971 0.252519985351873
163 0.5021159664626733 0.2526465758936427
162.5 0.5013561772334941 0.2518932504441079
162 0.5007936997507975 0.2513325345337128
161.5 0.5010639673317347 0.25157045990072713
161 0.5005215173271389 0.2510592113501726
160.5 0.4992841739609734 0.24978889224962128
160 0.4991338872356195 0.24965984746894473
159.5 0.49903138408596215 0.24955841829494388
159 0.49743405776302496 0.24796510680503753
158.5 0.4979239713923926 0.24844180698250437
158 0.4971535046305548 0.24768314048249188
157.5 0.49651400567661125 0.24705643054337
157 0.4958965380106359 0.24643016570910833
156.5 0.49583926101964915 0.2463572329477361
156 0.49465402350559134 0.2452058841639324
155.5 0.4938884813354905 0.24445534686098488
155 0.49267474911389053 0.24323270273658898
154.5 0.4923761785085865 0.24294154173177296
154 0.49183377115645693 0.24242797916507922
153.5 0.49256933112863127 0.24312350839309527
153 0.492021761665771 0.24257734734796363
152.5 0.491064923698283 0.2416399592460622
152 0.49084644534658795 0.24145208873430804
151.5 0.49001985293984124 0.2406381014138984
151 0.4887765506963296 0.23942202291185047
150.5 0.48879862567981563 0.23943691932980235
150 0.48727935088941543 0.23795227393052468
149.5 0.4872413120035532 0.23791225955392503
149 0.4875715572204423 0.23823981590005286
148.5 0.4862080748599217 0.23690291376534509
148 0.48549779773027046 0.2362039051402623
147.5 0.4845425330805981 0.23529077061336046
147 0.48460280665492533 0.23534752915623613
146.5 0.4828795558384603 0.233678224835768
146 0.4831280746820357 0.2339056801249588
145.5 0.48248754850320885 0.23329808753402026
145 0.4820937180650393 0.23294616996917242
144.5 0.481514503430988 0.23235848835486037
144 0.48184153051926537 0.232663844402785
143.5 0.48013370370985603 0.23105349866604977
143 0.47991901900532763 0.23084160493219003
142.5 0.4797941014825297 0.23069360312064485
142 0.4781955776210715 0.22917883532752523
141.5 0.4779766943135602 0.2289686578453013
141 0.476850383044544 0.22789273230626575
140.5 0.4771595986144287 0.22817599043852074
140 0.4765980714839316 0.2276474982503383
139.5 0.4755322119621009 0.22661090415713595
139 0.47511142420192914 0.2262222205156701
138.5 0.4747924675287457 0.22590776657513167
138 0.4735397188766023 0.2247603383297796
137.5 0.47365900793803606 0.22484928041447097
137 0.472107924435886 0.223386687640615
136.5 0.47080244631184254 0.22215345483539892
136 0.47102470129797547 0.22237519705854714
135.5 0.469781763462314 0.22118298809651238
135 0.47015560984308774 0.22153772070246477
134.5 0.46889979772422924 0.22034779123707812
134 0.46731782067410194 0.21887653098933815
133.5 0.4673011540104779 0.21884741119792078
133 0.466097455855071 0.21773288094063328
132.5 0.4663852381396119 0.2180040895897916
132 0.4656844582824107 0.21734799080303532
131.5 0.464370199174002 0.21612902180523585
131 0.4638867597277632 0.21568191048771668
130.5 0.4624754657765151 0.21436994858903874
130 0.46292249935822033 0.21476106668933187
129.5 0.46209164050481216 0.21403117621990597
129 0.46091858480768794 0.21294819909458823
128.5 0.4600337786386416 0.212126419135212
128 0.4592198062989974 0.21135473990572218
127.5 0.4599657060690946 0.2120414463535608
127 0.4578042391039676 0.21006967497208423
126.5 0.45760764526495934 0.2098834982566972
126 0.4569391047829509 0.2092535720510391
125.5 0.4553478612057115 0.20782687283858983
125 0.45408421594545145 0.20665149058515034
124.5 0.4549136033306269 0.20743025500502302
124 0.45293207908227684 0.20560758428561784
123.5 0.452509361525078 0.20521758553557973
123 0.4509338724156072 0.20381760530052093
122.5 0.4520119576571105 0.20481922435447714
122 0.4514770393140434 0.20431353600045019
121.5 0.4490707437928956 0.20212850568929674
121 0.44973073385863477 0.20271661297825644
120.5 0.447275399502491 0.20052979906024226
120 0.4462822012493655 0.19962821930759378
119.5 0.4464052247109646 0.19974229313161773
119 0.4453826340465317 0.19882322876690117
118.5 0.44466173552444443 0.19819240977100794
118 0.44433640680554465 0.1978983228870978
117.5 0.443795781030016 0.1974228945051807
117 0.44105817384337 0.19500138743921655
116.5 0.44105284546295015 0.1949888773966476
116 0.43972159167419994 0.1938310967541013
115.5 0.43920553468114226 0.19336320747519964
115 0.43946770998358803 0.1935706633318593
114.5 0.43789871680269804 0.19220800982046848
114 0.4365118011700127 0.19099813601696902
113.5 0.4357977532788162 0.19036460237065098
113 0.4352963388400957 0.18992388985374473
112.5 0.43435359923772343 0.18911292288612683
112 0.43356689898320283 0.18841702784528586
111.5 0.4329612664954916 0.1878892374132023
111 0.4322345072774913 0.18726371244603648
110.5 0.4317326445444479 0.18684277235179375
110 0.4305864075536105 0.18583479798315966
109.5 0.429043461758426 0.18451153147578958
109 0.4280024263604434 0.18362504036614075
108.5 0.4268417316574615 0.1826400411720396
108 0.4249946979778169 0.18104988313067805
107.5 0.42452570915895443 0.1806586264093354
107 0.42407079184946533 0.1802730676638962
106.5 0.4247162304064589 0.18080869275692574
106 0.4226860281957034 0.1791272560875932
105.5 0.42112285705286034 0.17779196163267075
105 0.42092671578250374 0.17758942864831237
104.5 0.4194603282310785 0.17636487155430078
104 0.4175402780957673 0.17475468447803297
103.5 0.4174261881202954 0.17465376265802593
103 0.4162992099707649 0.17372600111930592
102.5 0.4166703727077683 0.17404048550535034
102 0.41479829637886306 0.17249921920562616
101.5 0.41284311716007377 0.17084821018056628
101 0.41288620937621623 0.17088488507326532
100.5 0.41234106185303926 0.17043425402604478
100 0.41052110672845615 0.1689331755227211
99.5 0.4090214314521359 0.1677014483920749
99 0.40771951999597605 0.16665351795164943
98.5 0.40724368730037536 0.16623224178955695
98 0.4059326941861625 0.16518554849295314
97.5 0.4052361492352805 0.16461059389434302
97 0.4051134788742876 0.1645365132699579
96.5 0.4025504242860832 0.16244191796482133
96 0.40176972787799925 0.1618312359563624
95.5 0.402299810180376 0.16224259214855183
95 0.4000060189989752 0.16039671699078983
94.5 0.39986351296070216 0.16029127367739546
94 0.3981513271896686 0.15891521216384868
93.5 0.3963165064843824 0.15744909798570206
93 0.3952023000765468 0.15657700033326055
92.5 0.39554988726636037 0.15686389037307757
92 0.39379982933051955 0.15546758195739951
91.5 0.39289202129046247 0.15475196126214258
91 0.39121139526056703 0.15341352167986907
90.5 0.390572979140845 0.15294528441635352
90 0.38879180524743323 0.15152609686347415
89.5 0.3868374620546431 0.15002339006354246
89 0.3871143789858433 0.15020851172948033
88.5 0.38409734845582577 0.1478996513354562
88 0.38386336821601325 0.14771222801296388
87.5 0.3824273861637802 0.14662288480236862
87 0.38108421368352335 0.14557961742649936
86.5 0.3802617420372848 0.1449730880928297
86 0.37885891672353256 0.14389310934491836
85.5 0.3773103427300087 0.14271246552883618
85 0.37582788909003256 0.14159674043299644
84.5 0.3752974974800233 0.1412107958117681
84 0.3734044696072015 0.1397948455410945
83.5 0.37123902644085643 0.13817917736190777
83 0.3711144747895633 0.1380676186353461
82.5 0.37023913927398105 0.13742099482266684
82 0.3690307012734816 0.13651670642874325
81.5 0.36748057953794727 0.1353859868032385
81 0.36769566896038614 0.13555536873518534
80.5 0.36475381326156675 0.13337381723935718
80 0.36342100600773336 0.13241080832463273
79.5 0.3626937198378489 0.13187799621379062
79 0.36104631462391173 0.13069489706625687
78.5 0.35980746953729253 0.1297928714592458
78 0.3583592949548711 0.1287494841952616
77.5 0.35879793795490156 0.12907341219054255
77 0.35615988412951793 0.12714578761187056
76.5 0.3543807307008352 0.12590169126782114
76 0.3530957723966342 0.12498878567837331
75.5 0.3519824501568888 0.12419977554591681
75 0.3509596781751795 0.12349208628061814
74.5 0.34951984942516845 0.12248203062807278
74 0.34831124707729794 0.12162589512847234
73.5 0.3472048381826399 0.12084133679196538
73 0.34536164784599266 0.11955311144057988
72.5 0.34394582558830405 0.11858600211270727
72 0.3422464244626485 0.1174236307265923
71.5 0.3418898550786193 0.11716568673970325
71 0.33949636861188043 0.11554620987077349
70.5 0.33820432310933357 0.11467217584615055
70 0.33756928849259676 0.11423220538762727
69.5 0.33532254473725687 0.11270293748425907
69 0.3355332487286242 0.11283491503150166
68.5 0.333034929995262 0.11119976317427294
68 0.3305922166688052 0.10954585587931309
67.5 0.33089284444426814 0.1097621873267426
67 0.3294381298866846 0.10878739955423551
66.5 0.3256777949419424 0.1063438711338934
66 0.32440685782438694 0.10551158332370865
65.5 0.3231744198083221 0.10468700911543276
65 0.32281044579222 0.1044414305097818
64.5 0.3215480060949537 0.10365234569838727
64 0.31861178613432767 0.10177205172638183
63.5 0.3179299917207986 0.10132186888633793
63 0.31700686438771913 0.10075555833600008
62.5 0.3143966809115047 0.09908976954071978
62 0.3137839865225813 0.09869992184162793
61.5 0.31184236522543596 0.09747632656390053
61 0.3100225554646902 0.09633917642339213
60.5 0.3083182883901151 0.09530195700885237
60 0.3081187794300664 0.09516429045407629
59.5 0.30574902941642823 0.09369659719105275
59 0.30519813512096194 0.09335321419535818
58.5 0.30301395896561045 0.09203030909565643
58 0.3012095101001428 0.09093523314272625
57.5 0.29834597414740127 0.08921639614503203
57 0.2976558019956066 0.0888061548136233
56.5 0.2966877932622624 0.08822029834659492
56 0.2940801099133428 0.0866679687766823
55.5 0.29149123872096244 0.08515687060617452
55 0.29240498045560376 0.08570633436230671
54.5 0.2898553167318354 0.08420464766081863
54 0.28721542235866443 0.08268679343984953
53.5 0.2873133714796297 0.0827373016056454
53 0.2840446359893464 0.08086442672960886
52.5 0.28263695682936457 0.08004950979467307
52 0.2820439303170679 0.07974101515867997
51.5 0.27999370068389945 0.07857680451809304
51 0.27822155498650275 0.07757458766768917
50.5 0.2767864653357012 0.07675963555488388
50 0.2745185230400988 0.07551084160850974
49.5 0.2732793841832292 0.07483110113134825
49 0.27029311070831585 0.0732118115375785
48.5 0.27035411301808204 0.07323548863938348
48 0.26796361871775587 0.07196427675502544
47.5 0.2685301661687153 0.07226443582356443
47 0.26495530415469165 0.07035743861506803
46.5 0.26360478321909786 0.06963104899502959
46 0.2613393274360939 0.0684431889785546
45.5 0.2603041520754053 0.06791690699525733
45 0.2595874603561952 0.06752091995586855
44.5 0.2584147389386111 0.06691561072438056
44 0.2553910244127705 0.06536186657716209
43.5 0.25387409284052764 0.06458271685922358
43 0.2516356530550871 0.06344678801165979
42.5 0.24996321965846685 0.06259877364691867
42 0.2481591636769488 0.0617002233886715
41.5 0.24699587347419552 0.06111675616744485
41 0.24390465521253718 0.059612220803994004
40.5 0.24377017524178224 0.059534616731608904
40 0.24275076290476055 0.05902720517004382
39.5 0.24032126566517323 0.05785501257955911
39 0.23945214093757727 0.05745300456873613
38.5 0.23729085452614157 0.0563998506837193
38 0.2358746965558541 0.055728359104961836
37.5 0.23494385549142358 0.05528611549505445
37 0.2309162499373118 0.053420057101932567
36.5 0.23111559409863808 0.0535020186883499
36 0.22820540703685857 0.05215744339299026
35.5 0.22824949324044963 0.05217559958679564
35 0.2264799451602685 0.05137040220436684
34.5 0.22488935856701042 0.05064164648545924
34 0.22242771882851867 0.049547530980987346
33.5 0.22192767882970263 0.0493105900789838
33 0.21974859597648805 0.048355050661080104
32.5 0.21786912847203752 0.04752807926550107
32 0.21701878839379943 0.04715882217591486
31.5 0.21586672797209797 0.04665568117066054
31 0.21378453549170917 0.045762935186875915
30.5 0.21157499198633606 0.04481809453795856
30 0.2109862933307595 0.044564118254522264
29.5 0.21019114445630943 0.04422513078119173
29 0.20838736767511779 0.04347274776604435
28.5 0.20601463445720367 0.04248634422111865
28 0.20536134851803262 0.04222518654593459
27.5 0.20365308077290595 0.04151233039005373
27 0.20175820384582405 0.040746184184416306
26.5 0.20101972638959123 0.040439499369585706
26 0.19804452088709154 0.03925515687103357
25.5 0.19872860615072382 0.039520742787820466
25 0.197699556662652 0.03911553713110659
24.5 0.19648097759635633 0.0386381962738057
24 0.19482911713855153 0.03798332182167511
23.5 0.19328006703480935 0.037381043104844316
23 0.19330134680893507 0.03738844730545175
22.5 0.19187915435875252 0.03684390570667765
22 0.19095008331349844 0.036481258715849334
21.5 0.18923018658629007 0.03582491555578225
21 0.18886244731933696 0.03568749975077686
20.5 0.18698205892824762 0.03497960680056933
20 0.18621421574541785 0.034691801570637566
19.5 0.18569225937037664 0.03449486558491582
19 0.18547529659069242 0.03441207834798601
18.5 0.1830369436399877 0.03351367348215772
18 0.18299870769151644 0.033500264942780536
17.5 0.1820831115920136 0.03316283289454689
17 0.18038217592497965 0.03254558276328216
16.5 0.1802618416859809 0.03250226977573666
16 0.18049550205421586 0.032584071387787863
15.5 0.1792056606528145 0.03212089470870278
15 0.1782642032959729 0.03178518339087244
14.5 0.17728363381152995 0.031433658467857103
14 0.17635154467051742 0.031104457549439538
13.5 0.17577535386989157 0.030899347376820836
13 0.17558968694739957 0.030834433585626563
12.5 0.1762440688228372 0.031064590789944845
12 0.17592666371657067 0.030953104100821797
11.5 0.17465530932148438 0.030507055461926266
11 0.17384512266068536 0.03022389181250682
10.5 0.17291745215772086 0.02990209778727721
10 0.17315892532016122 0.02998547025953145
9.5 0.17327685236769752 0.030025888365558393
9 0.1726610229233777 0.029812639540254746
8.5 0.17250261116226376 0.029757848811917047
8 0.1721406415859479 0.029632957307302393
7.5 0.17167061190144903 0.02947119089706021
7 0.17186085015492378 0.029536599857924624
6.5 0.17139340849490592 0.029376019619581074
6 0.17112276291391598 0.029283192706872057
5.5 0.171158893295266 0.02929551940341086
5 0.1711349065694434 0.029287253483948512
4.5 0.17115006676158676 0.029292413475807768
4 0.17121473323146985 0.02931453359973601
3.5 0.17093219823432118 0.029217861230908613
3 0.1708183402393193 0.02917894900804034
2.5 0.17071939820257892 0.02914512055990829
2 0.17070943333524025 0.029141714745614146
1.5 0.17066548850648441 0.029126709632558576
1 0.17066066796489227 0.02912506367142556
0.5 0.17065985877812642 0.029124787398179468
