1000 0.3017641354974564 0.09145248086435719
999.5 0.3016158312039232 0.0913700241539818
999 0.3023632776368232 0.0918196229756172
998.5 0.3026257849102515 0.09198033246997118
998 0.30238657281824305 0.09182895904355057
997.5 0.30229425178595654 0.09177979546820976
997 0.3018825988807579 0.09152722349316304
996.5 0.3021200257925762 0.09167829854419246
996 0.3020348515733964 0.09163206312972029
995.5 0.30231729585029776 0.0917964830728444
995 0.30176727328240316 0.09146056684345806
994.5 0.3017152427458897 0.09143422334922736
994 0.30253857820837127 0.09193092516922262
993.5 0.30185194371680035 0.09151091990548994
993 0.3019776173836612 0.09159333700767824
992.5 0.30203746902233497 0.09163125264184593
992 0.30208718137697427 0.0916589856984808
991.5 0.3022563266636823 0.0917657950009512
991 0.30181304735533354 0.09149057178874857
990.5 0.30149116100329587 0.09129939897106326
990 0.3021001797099993 0.09167084031487986
989.5 0.3020127237924589 0.09160068219792332
989 0.3022816603924015 0.09176540411782935
988.5 0.3016183762559139 0.09136343245481796
988 0.3023778910861767 0.0918323075064428
987.5 0.3019062672520028 0.09153448923997512
987 0.30176489682676017 0.09145778489125828
986.5 0.3016105861360109 0.09136336025391914
986 0.30221030243475344 0.09173969624452889
985.5 0.3019543858839131 0.09157962176401017
985 0.3018250807472051 0.09150666938389154
984.5 0.3020290071884683 0.09162263829134135
984 0.3015734839377091 0.09133859022111153
983.5 0.30169525002459224 0.09141769826235895
983 0.30159628977385755 0.09135917643835668
982.5 0.30165758949283533 0.09139411708788381
982 0.301920695132885 0.09155911244230514
981.5 0.3013639922092982 0.09121881997121582
981 0.3018958109076615 0.09154237810678367
980.5 0.3015261588189524 0.09132088383448371
980 0.3019716524452407 0.09158520743713595
979.5 0.30212980663064853 0.0916896679203899
979 0.3016554414804671 0.09140416312130975
978.5 0.30158976950399663 0.09136370416377793
978 0.3012829263093409 0.09117250445908244
977.5 0.30164191970562576 0.09138758850391321
977 0.30148855690550846 0.09129263206760789
976.5 0.30120329323928546 0.0911258169956213
976 0.30148187045920993 0.09129063258272621
975.5 0.30193991324774183 0.09156687393786102
975 0.30175368495833427 0.0914520196363939
974.5 0.302057997600437 0.09163606794159802
974 0.3012780997694011 0.09116240706700367
973.5 0.30125785321031184 0.09116904243034342
973 0.30157658611555643 0.09134647096956006
972.5 0.30127857837145616 0.09118100039087
972 0.3017316924927481 0.09144241121035677
971.5 0.3016708326721599 0.09141036764475247
971 0.30141075304045506 0.09124645414504211
970.5 0.301642110715981 0.09138493300269455
970 0.30145797483286996 0.0912696032715732
969.5 0.3015218664373932 0.09131677004845666
969 0.3016815864722262 0.09141602459196692
968.5 0.30133922518443956 0.09120241483711024
968 0.3012713219693509 0.0911636371398984
967.5 0.3015350781089629 0.09132891565329432
967 0.30154910620104974 0.09133165625081092
966.5 0.3013588429091772 0.09121463930534657
966 0.30166153708037213 0.09140369555652238
965.5 0.3013657184797147 0.09122425083047324
965 0.3016271776950264 0.09137855379466706
964.5 0.3015864453884273 0.09135944714402838
964 0.3014333457440687 0.09127182543684603
963.5 0.301491991311905 0.0912907625916167
963 0.30181988429414824 0.09148854522870573
962.5 0.3014607577293817 0.09128449091574702
962 0.30120486564630244 0.09111675923516886
961.5 0.3012823963312599 0.09117750169527582
961 0.3010723122981753 0.09104914806113815
960.5 0.301252796625173 0.09115756178443664
960 0.3014954183115497 0.09130630388723882
959.5 0.3011880041964132 0.09111683202410563
959 0.3012949646962539 0.0911838360337584
958.5 0.30143402483871096 0.09126131645389442
958 0.30131802151842557 0.09119633124834274
957.5 0.30107160209889894 0.09104808954981207
957 0.3014205917610245 0.0912594652748101
956.5 0.30119734116385066 0.09112097568264386
956 0.3013013574735431 0.09118876562290279
955.5 0.30117114866222144 0.09111138519704598
955 0.30173592887406414 0.09144726858362398
954.5 0.30117823518684034 0.09110899982318794
954 0.30125415084500395 0.09116262255290998
953.5 0.3010444906504579 0.09103235582124541
953 0.3011023368246813 0.09105134987162154
952.5 0.30137417333592814 0.09121834325652213
952 0.3009054911464745 0.09093812338266262
951.5 0.30107274205282175 0.09104070938506606
951 0.3010538136523478 0.09103939142963628
950.5 0.3013076555640297 0.09119106012665862
950 0.3013707614359321 0.09123276466614381
949.5 0.3010821985095158 0.09104704254307182
949 0.3012966604372997 0.091186924263336
948.5 0.30095475694733176 0.09096604331567232
948 0.3007861991475249 0.0908744565467476
947.5 0.30096456600800425 0.09098450507253213
947 0.300908960743541 0.09094783148840697
946.5 0.3009839471603268 0.09098420295562974
946 0.30089489973630296 0.09094140573067792
945.5 0.3014158544067367 0.09125421705041832
945 0.30082790645502255 0.09090754943453701
944.5 0.3006065748986849 0.09076754830391183
944 0.3008042484739944 0.09088668729792643
943.5 0.3013378472693352 0.09119322428788791
943 0.30059006239756914 0.09075615826822185
942.5 0.30093627327805805 0.09096193137742387
942 0.30090791796228467 0.09094873075639
941.5 0.3002578121219002 0.09055630449136803
941 0.3010150831575279 0.09100377663023687
940.5 0.30103737008434706 0.09103038260511612
940 0.301154749791821 0.09109395799183748
939.5 0.30118007857768686 0.09110100564205972
939 0.3006113192279005 0.09077061034013682
938.5 0.30080497887461227 0.09087791414435474
938 0.30132525440977054 0.09120150279488502
937.5 0.3009866343060555 0.09097928436012194
937 0.3012010973550653 0.09112994533102942
936.5 0.3007144663087163 0.09083886157588607
936 0.3007196518037848 0.09082831472669123
935.5 0.30081497925426565 0.09089315697587019
935 0.3009677346847065 0.09097792844174907
934.5 0.3003665294236739 0.09062902248275793
934 0.3004744248725377 0.09069580987425088
933.5 0.3008680672389096 0.09092687082689722
933 0.301283773563151 0.09116631706263752
932.5 0.300759098061459 0.09085893143570203
932 0.3009268406737145 0.090959324700952
931.5 0.30023094647048054 0.09054293735930902
931 0.3004452862130272 0.09066313824835569
930.5 0.3006021879507055 0.09076607629752871
930 0.3007530529901666 0.09084825219740617
929.5 0.30026267633991754 0.09055073165447536
929 0.30068286918722253 0.09082585919437526
928.5 0.30042659041773956 0.09066299188857142
928 0.3007071707667391 0.09082502035276972
927.5 0.3001648323000891 0.09049404848568687
927 0.3009646065961695 0.09098309540184261
926.5 0.30094251192069493 0.09096220864666113
926 0.30096327457255523 0.09097148168890615
925.5 0.3007438611464788 0.09085937508062374
925 0.3007009131638579 0.09082136104629283
924.5 0.3003125065049669 0.09059099160601043
924 0.30000550279419613 0.09040429564813221
923.5 0.30075559736223917 0.09085354498924361
923 0.30074539774754394 0.09084352309040657
922.5 0.3004794253010656 0.09068743782064309
922 0.30043506178120427 0.09065731079112789
921.5 0.3002287435041533 0.09053371076509842
921 0.30085301363165645 0.09090998701289746
920.5 0.30044402320212577 0.09067537731422713
920 0.30054164756521606 0.09072619937685875
919.5 0.3006110738130345 0.09076954028503349
919 0.3008117736338802 0.09089194249965336
918.5 0.2997606609199394 0.09024531266959133
918 0.30104392148868986 0.0910192774043264
917.5 0.30039455493680517 0.090632634317407
917 0.3003621793496608 0.09062484732017458
916.5 0.3002479648489667 0.09056292478787471
916 0.29963504539227537 0.0901856737000345
915.5 0.30032726724120523 0.09059310577080074
915 0.3006216038675286 0.09077199478694115
914.5 0.3003411838528139 0.09059755504504095
914 0.3002166722828465 0.0905325257094859
913.5 0.30044240143724765 0.09067295013931899
913 0.3003181460348883 0.09059399029618906
912.5 0.30022260126443573 0.09053538013565159
912 0.30045055589802633 0.0906698609395358
911.5 0.30033126861615056 0.09060096083142707
911 0.29994019118113946 0.09035807872052178
910.5 0.3002275167507319 0.09053945459369604
910 0.30036724937451786 0.09061932378488899
909.5 0.3003474921049874 0.09060883449734117
909 0.3002271178015527 0.09053691838793881
908.5 0.30005930415269805 0.09042945003680475
908 0.29977786651023053 0.09025639440904494
907.5 0.30036516028527255 0.09061590062633575
907 0.3001612611503149 0.09050436423214488
906.5 0.30023978058702505 0.09054025377242501
906 0.2997269497850413 0.09023579870248015
905.5 0.30036188449902307 0.09062242199010863
905 0.30013609428814725 0.09048314892873352
904.5 0.30002528156212815 0.09040819559759992
904 0.30042290993115517 0.09065012360388215
903.5 0.29971654115829777 0.09022960695705766
903 0.30019568777335914 0.09051244010033582
902.5 0.30034036582882817 0.09059986113858315
902 0.3003456436745397 0.09062408273710197
901.5 0.2993417248372934 0.09000576404780043
901 0.30016782814552734 0.09048978356822668
900.5 0.2998667951723692 0.09032474459151191
900 0.30034749839235536 0.09061575394827866
899.5 0.30006449061286283 0.09042991674499085
899 0.29996600268831713 0.0903792351298264
898.5 0.3000437924640208 0.09042257083875158
898 0.2998866696227426 0.09033682412235969
897.5 0.2998801815219217 0.09033400607166168
897 0.30035721334656956 0.09061101405860839
896.5 0.3000676107671962 0.0904511996431395
896 0.29956609774100607 0.09013573251369615
895.5 0.2997512518872782 0.0902503717536425
895 0.2999892314389567 0.09041445334738957
894.5 0.30000638117069245 0.09040297891286432
894 0.29963445119504856 0.09018437693042174
893.5 0.29927798660006016 0.08997807797686787
893 0.29943135623805067 0.09005373177248323
892.5 0.2999187675894407 0.09035456764861144
892 0.3000196157710063 0.09041744272768178
891.5 0.30015147113765706 0.09048371451004082
891 0.29991115355969034 0.09035816386189637
890.5 0.29916705829792245 0.08989665180359359
890 0.29988230970003493 0.09033661490674767
889.5 0.2994958758105374 0.09010484856158726
889 0.2998914539962442 0.09034438158433673
888.5 0.2993531992695126 0.0900204139346665
888 0.2997892061260518 0.09028062587294759
887.5 0.2998136983927957 0.09027889786072531
887 0.2999523220737984 0.0903718225636555
886.5 0.2999365769724908 0.09036888771014286
886 0.2991847394317609 0.08991355147871254
885.5 0.2994838627516857 0.09009966125063575
885 0.2994159698540172 0.09004896745019773
884.5 0.2996384712946461 0.09017767488216115
884 0.29956521378471446 0.09013640713638692
883.5 0.2995435140052258 0.09012386928358802
883 0.29971422195751035 0.09023112877576107
882.5 0.29937438520659876 0.09001554856065791
882 0.29930996305280494 0.08998451671523586
881.5 0.2993629985206624 0.09001196442744361
881 0.2989533420667665 0.08978423605413674
880.5 0.29951351952063365 0.09011369462909918
880 0.2994215732235565 0.09005313692236062
879.5 0.29940211836395414 0.09005273379075222
879 0.2989723458476296 0.08978420664014419
878.5 0.2997668429826783 0.09025970165112479
878 0.29918188119405903 0.08991115659335203
877.5 0.2993584408857438 0.09001203987622394
877 0.2993017304602912 0.08997959518804995
876.5 0.29966452900669477 0.09020391723297182
876 0.29919457648499215 0.08992881492966247
875.5 0.2989328403122977 0.08975544734848408
875 0.2997813177644232 0.09027452674417852
874.5 0.29959119216562435 0.09015916060405488
874 0.2992877092250637 0.08997632833839976
873.5 0.2990192198474029 0.08980480875401485
873 0.29926387387376296 0.08995715471487305
872.5 0.2992181409851051 0.08992849254326873
872 0.298975928309584 0.08978204911133601
871.5 0.29913395275822946 0.08988237753598186
871 0.29917239125256406 0.0899001615736227
870.5 0.29890755948299824 0.0897560017531689
870 0.29937585852079146 0.09003367818941359
869.5 0.2990629135394153 0.08983258521715566
869 0.29878305662030147 0.0896715649231683
868.5 0.2993266016204404 0.08999312852828602
868 0.2992310598730688 0.08993434419968388
867.5 0.29921437768726616 0.0899410562729198
867 0.299064053580591 0.08982815786366688
866.5 0.2994511872205568 0.09006860866971943
866 0.2992590197392089 0.08996173249936411
865.5 0.2988415620871634 0.08970502626290044
865 0.29946790232824216 0.09008462774475982
864.5 0.2990318415757506 0.08981490456852283
864 0.29849691404200646 0.08950447416911794
863.5 0.2990805609550311 0.08985949003424824
863 0.29936286419759317 0.09000800346395323
862.5 0.2993677178981825 0.09002018684803013
862 0.29893795062591433 0.08977091221540104
861.5 0.2986527061293705 0.08960454237657135
861 0.29883501267768087 0.08971241141464725
860.5 0.2986272964717932 0.08958128594549122
860 0.2986860234506064 0.0896092006295647
859.5 0.2988343765340709 0.08970684588374653
859 0.29860188175532554 0.08956720016086524
858.5 0.2984300981236332 0.08946327395733501
858 0.29896657576680236 0.08979436122171662
857.5 0.29912969029836295 0.08987635450559008
857 0.2992595621081428 0.08995289367563111
856.5 0.2990232958262914 0.08982121820831322
856 0.29912551724903547 0.08987163328824768
855.5 0.29838493052327536 0.08943064001686775
855 0.29833759138533383 0.08940768663366364
854.5 0.2987338265843257 0.08964704786920791
854 0.2990360225711487 0.08982488126618232
853.5 0.29877446093611987 0.08966777116083968
853 0.2984926256379365 0.08950228773409928
852.5 0.29844559195106596 0.08946257708217857
852 0.29879430210785657 0.08968059651590453
851.5 0.29895093971672165 0.08977534776005038
851 0.29856484023714863 0.08954563427605608
850.5 0.29860052861723896 0.0895643889192982
850 0.2988768655078102 0.08972275952073885
849.5 0.2985285495515063 0.08952843190970662
849 0.29897816925530885 0.08979335101466471
848.5 0.29849284429387096 0.08950415488098336
848 0.2984889351930736 0.08949349314036145
847.5 0.29900104203347677 0.0897970204848955
847 0.2984709118479338 0.08948763982529503
846.5 0.2984320444485659 0.08946686454177004
846 0.29882719611149694 0.08970127191093266
845.5 0.29821957703773944 0.08934299060112763
845 0.2985627876271492 0.0895481102220527
844.5 0.2983379535339068 0.08940540208027938
844 0.2988171878433664 0.08968072413541418
843.5 0.2984631531846663 0.08947657133193165
843 0.29844303122286264 0.08948280903926756
842.5 0.29861576662711364 0.08956653229271351
842 0.29883050325200156 0.08970417519559387
841.5 0.2980275396400911 0.08921525580008453
841 0.29881890828747926 0.08969217271388626
840.5 0.2980378729721514 0.0892281977830449
840 0.2984993399017438 0.08950990201393612
839.5 0.29849905182040576 0.08949937979639187
839 0.2988387537374069 0.08970580568693824
838.5 0.2982597575121847 0.0893629307922786
838 0.2981642529427117 0.08931531088410187
837.5 0.298509652048696 0.08951004236002015
837 0.2982484780208373 0.08935798739586508
836.5 0.2984468638725869 0.0894713913525893
836 0.29810692803592276 0.08926659611635729
835.5 0.29816743437791665 0.08931954541864569
835 0.29835541983436525 0.08941425111648885
834.5 0.2978835193374352 0.08914175959988112
834 0.29811982523092156 0.08927696123522598
833.5 0.29819488587165915 0.08932895189476117
833 0.29805148536339976 0.089243764403107
832.5 0.2981592590124762 0.08931099385594293
832 0.29860553005117313 0.0895626082768507
831.5 0.29839979920440024 0.08943887327776952
831 0.2983844506662573 0.08943775721486953
830.5 0.2984200312798021 0.08945354269586185
830 0.297767465581271 0.08907014818550185
829.5 0.29846741286012973 0.08949412914606934
829 0.2981749375264007 0.08930861410496999
828.5 0.2982289351894778 0.08934252646430646
828 0.2977377160183141 0.0890598152437447
827.5 0.2979406903713007 0.08917164854789965
827 0.2979917453052341 0.08920258635637889
826.5 0.29832025147773067 0.08939379070784692
826 0.2979433358725154 0.08918005212196248
825.5 0.2982021267657085 0.08932866990337789
825 0.2981742341403536 0.08931475891086002
824.5 0.29782116923020263 0.08909649473964312
824 0.29763955807948334 0.08899154342956887
823.5 0.29788653176596136 0.08913642794216257
823 0.29807039298650867 0.08925818911006139
822.5 0.29798803432861387 0.08920237514382565
822 0.29780164256431096 0.08908025282626734
821.5 0.29750977728543637 0.0889051607146619
821 0.2976748525124193 0.08900909581821843
820.5 0.29777779823529804 0.08907242283233388
820 0.2972076194652365 0.08873906907640988
819.5 0.29767784449143 0.08900665547922758
819 0.29786865348799874 0.08912966187332559
818.5 0.2976404632097748 0.08899731949373828
818 0.2979276574984395 0.0891680383215992
817.5 0.2979292055330084 0.08915665252635027
817 0.297296057394405 0.08879968794110564
816.5 0.2972812863966707 0.08878171712944631
816 0.29771525234740187 0.0890357576379164
815.5 0.297585765264768 0.0889559910594216
815 0.2974433443463868 0.08887509083989942
814.5 0.29788622426867833 0.08913219567075448
814 0.2974273248579725 0.0888777836994924
813.5 0.2975179088805978 0.08891487950125028
813 0.29714073729683854 0.08869620583171449
812.5 0.29737577349607 0.08883515852381861
812 0.29757938344460094 0.08895336735517947
811.5 0.2969849908137909 0.08860330824212191
811 0.2981735811645438 0.0893085121727701
810.5 0.2971839123916035 0.088729404244604
810 0.2975377271428448 0.0889290443020592
809.5 0.2973067244704854 0.08879321276622001
809 0.29784255536941534 0.08910317677923538
808.5 0.29773614122729203 0.08905453551676334
808 0.2971412399772735 0.0886865612871927
807.5 0.2974687324132283 0.08888854005617852
807 0.2977373664003032 0.08905173577007422
806.5 0.2973753357903739 0.08883971719711284
806 0.2971588695579596 0.08870235169380535
805.5 0.29695999174367427 0.08858933588654411
805 0.2974561153603928 0.08887486921322303
804.5 0.2971319903161344 0.0886967527629375
804 0.2976218974745155 0.08899376480364629
803.5 0.2974263745054316 0.0888514838312057
803 0.29736310574799546 0.0888318213464067
802.5 0.2974838886889732 0.08890098325361973
802 0.2971746523816348 0.08869866753376168
801.5 0.2976085542311622 0.08897842936596329
801 0.29697490525199766 0.08859880883720424
800.5 0.29684025652862095 0.0885093620391894
800 0.2969948775142758 0.08859936534156768
799.5 0.2975353771328883 0.08893023204606235
799 0.29714629589316605 0.08870623117583364
798.5 0.29703053991765727 0.08863042647972803
798 0.2971052297846159 0.08868126962036169
797.5 0.29699018595925814 0.08861227410766608
797 0.2972273216074411 0.0887455137777941
796.5 0.2971288870635188 0.08868946394584783
796 0.2968830225942216 0.08854357232635131
795.5 0.2970935138165007 0.0886630399187647
795 0.29662369100635205 0.08839583539285037
794.5 0.2967727418860303 0.08848114494797159
794 0.29652927518279487 0.08833234569871978
793.5 0.29685009500898685 0.08852731785895657
793 0.2970677896411686 0.08865145424575942
792.5 0.29698230689536553 0.0886111065839347
792 0.2969337303883301 0.08857626516719551
791.5 0.2969305093289427 0.08857618434448143
791 0.29664180560601494 0.08839900312991811
790.5 0.29692731231183567 0.08856813948448146
790 0.2965522168019189 0.08834773235039495
789.5 0.29682506593702584 0.08850367560267562
789 0.29708449829641165 0.08865985908953121
788.5 0.29680920296269486 0.08849685528909135
788 0.29645064240410635 0.08828474860310612
787.5 0.29701804967187595 0.08862734772732137
787 0.296518734185631 0.08832537276194162
786.5 0.2971729321716505 0.08871361272141676
786 0.29649773582098643 0.08830802249382097
785.5 0.2964802321304643 0.08829369575795863
785 0.296516217609946 0.08832797572869183
784.5 0.29682805088897374 0.08850399847298007
784 0.29709757972553036 0.08865700746572948
783.5 0.29654579541286913 0.08833114282911834
783 0.29663774767173734 0.08839739805161329
782.5 0.2969157344484716 0.08856174069936809
782 0.2967420684481873 0.08845273941961462
781.5 0.29716592140754294 0.08871790654612224
781 0.296406017240038 0.08824797719068284
780.5 0.29655435628585675 0.08835560711702109
780 0.2965620946363358 0.08835165339423066
779.5 0.29661788489348645 0.08837875104569082
779 0.29623567074783597 0.08816099301522186
778.5 0.2965987231833303 0.08837027732589049
778 0.2960866244724174 0.08806562855580674
777.5 0.2965624972176906 0.0883407859648345
777 0.29631618577437 0.08820313368544623
776.5 0.296545513491713 0.08833094986045253
776 0.29623924495187504 0.08816134676893067
775.5 0.296247044958069 0.08816143204178546
775 0.2959827394827499 0.08801578817484922
774.5 0.29619270625565275 0.08813057815080177
774 0.2964829546980395 0.08829429285270476
773.5 0.29628184908456623 0.08818760252417039
773 0.2963546581766535 0.08823260166481195
772.5 0.2965516932701673 0.08834293888478674
772 0.29656772942103415 0.08835626576450203
771.5 0.2959633551409458 0.08799711669268262
771 0.29628699594024044 0.08818557805270957
770.5 0.2963644293730683 0.08823650761825078
770 0.2964640016206287 0.08828839779587598
769.5 0.295730768328247 0.08787624233912993
769 0.2964285425188358 0.08826017194413616
768.5 0.2960159210015497 0.08802785897109552
768 0.29631220836145744 0.0881868989671164
767.5 0.296244608110431 0.08816909911349957
767 0.29591501746432325 0.08797263292256757
766.5 0.29604759021173377 0.08804811079562748
766 0.29591733690908306 0.0879697922893681
765.5 0.2958361913719391 0.08791662421001809
765 0.295921570635755 0.0879772496555311
764.5 0.2962249625134825 0.08814828028635127
764 0.2961521966624183 0.08809901039237901
763.5 0.2962008308081882 0.08812730527712262
763 0.2955871966554607 0.0877793570654413
762.5 0.29607529459150167 0.08805816610453462
762 0.296023986482439 0.08803198948361449
761.5 0.2957191707610898 0.08784878032405631
761 0.29551585687866294 0.08773707351536635
760.5 0.29640366066122864 0.08826466790176975
760 0.2959814635704615 0.088008468448602
759.5 0.29550480590647715 0.08772245580384307
759 0.29573793790641223 0.0878624618902453
758.5 0.2955895260511097 0.08777096685342926
758 0.2960016894281471 0.0880217374097872
757.5 0.2952568124074569 0.08759041301178701
757 0.29573000330570537 0.08784979814656267
756.5 0.29584585969924937 0.08792167703008384
756 0.295850224599487 0.0879335108375208
755.5 0.2954002039974049 0.08767067941774594
755 0.2959436039215337 0.08799153433488079
754.5 0.29575371536326217 0.08786198650736779
754 0.29534159810755234 0.08763033332886824
753.5 0.295037295811058 0.08744237322970917
753 0.2956696859928997 0.08783114353931232
752.5 0.29529521135863673 0.08759029571430063
752 0.2957985968410717 0.08789449331877164
751.5 0.2953732115634275 0.08764869473072259
751 0.29570334903380247 0.08785034791278896
750.5 0.2957896862633842 0.08788936954068817
750 0.29527509242057853 0.08758626235079918
749.5 0.2950859571478333 0.08748141473825609
749 0.2951691947411356 0.0875257757496096
748.5 0.2952740534395534 0.08759698153201553
748 0.2953476856486475 0.08762681298725798
747.5 0.29489511330339513 0.08736427482288729
747 0.2952671414880731 0.08757905035538967
746.5 0.2958418398588025 0.08792627075160704
746 0.29533737127729826 0.08762581486644669
745.5 0.2951844815038121 0.0875365592585405
745 0.2953689334856888 0.0876463134149223
744.5 0.2959402722261265 0.0879905036217345
744 0.2951718067564915 0.08752939938128955
743.5 0.2954282973312616 0.08767091403782734
743 0.295377668144734 0.08765313090569199
742.5 0.2952756348627763 0.08758235555763492
742 0.2949896523239588 0.08742812288229933
741.5 0.2954313609384205 0.08767363888667375
741 0.29494467350570397 0.08739655133119784
740.5 0.2951996897887595 0.08754047705534762
740 0.29514172713331305 0.08750474859092346
739.5 0.2947295885939681 0.08726607755910179
739 0.2951183464692555 0.08750041436505016
738.5 0.29489289667388113 0.08736723573362958
738 0.2950281995121505 0.08744435064147864
737.5 0.2948661759891107 0.08735039683807332
737 0.2950134382921518 0.08742781101662422
736.5 0.29459490953813977 0.08718902643688871
736 0.2948000816065751 0.08732208450023357
735.5 0.2946697163013735 0.087233803427043
735 0.29505108126873614 0.08745553028636831
734.5 0.2950677826566648 0.08745491650860475
734 0.29465711089167934 0.08722336883869734
733.5 0.294938995815086 0.08739426332520497
733 0.2945152087186383 0.08714419617078419
732.5 0.29476234284300207 0.08728089383913991
732 0.2947614361806853 0.08729029224134281
731.5 0.2947240778292371 0.08726461102656262
731 0.2950269428468974 0.08744104917632912
730.5 0.2951914270289256 0.087538148969014
730 0.2949853341921791 0.08742934870533019
729.5 0.2947093561972875 0.08725912183225215
729 0.29473339003408267 0.0872676898039654
728.5 0.29500483769401736 0.0874297078914964
728 0.2948121023024657 0.08730608863058188
727.5 0.29445781200024584 0.08710324688572323
727 0.2946030453232134 0.08719817652030173
726.5 0.29461952239240696 0.08720576422209159
726 0.2945805949989187 0.08719004953000359
725.5 0.2946077665397288 0.0871794134530267
725 0.2940484600729738 0.08687207445274818
724.5 0.2947049953702205 0.08724902103034379
724 0.2941396114191716 0.08691841186163204
723.5 0.2942135689369072 0.08696138300028283
723 0.2947039403222543 0.08726307458583347
722.5 0.2939536960137989 0.08681833042088764
722 0.2946512659520632 0.08721904795710003
721.5 0.2947091020883133 0.08725703186715819
721 0.2945104921476023 0.08714570742872847
720.5 0.2941828787050482 0.08693785297126506
720 0.2942311819715902 0.08696897506161347
719.5 0.2944385695095097 0.0870956956080535
719 0.2944183597348165 0.08707732250346528
718.5 0.2945557465384939 0.08716712197932831
718 0.2941008874526765 0.08690195082732785
717.5 0.29443126727735963 0.08708798318431471
717 0.29410938329761194 0.08689466902623298
716.5 0.2941871516647812 0.08694816315812266
716 0.2940127452226409 0.0868617490720065
715.5 0.2944485156404249 0.08710587194213629
715 0.2945330299330114 0.08715031935035338
714.5 0.29441995081822153 0.08709580530608657
714 0.29401855002435223 0.0868422294177498
713.5 0.29447680875094645 0.08710993449473249
713 0.2940892075285148 0.08689916679077431
712.5 0.29385505373593446 0.08675968704854435
712 0.29400318666568687 0.0868399787204266
711.5 0.2934941746613803 0.08655292095756609
711 0.2938979785590973 0.0867798050469562
710.5 0.2937733992929647 0.08670721427926611
710 0.2944482611512649 0.08710514713052037
709.5 0.2938428932990654 0.0867461897457832
709 0.2940865257542334 0.08689491839492111
708.5 0.2940760380574973 0.08688224517536551
708 0.29362371175265956 0.08661086252095923
707.5 0.2935751376048178 0.08659440189803758
707 0.29368117845818964 0.08665594695453838
706.5 0.2936648205182774 0.08664328991407522
706 0.2933798780239273 0.0864659797483537
705.5 0.29412853244417325 0.08691583380176027
705 0.2936734399853623 0.0866379450685955
704.5 0.293638649285007 0.08662854732451665
704 0.29378079398826207 0.08671631014434422
703.5 0.2938433931960479 0.08673666369801732
703 0.29415019162102557 0.08693227347482
702.5 0.2934798502967315 0.08653340246116273
702 0.294043973277594 0.08686318219575662
701.5 0.29368235804420745 0.08665639103139917
701 0.2935911262107735 0.08659871818306498
700.5 0.2935427354540722 0.08657252931266346
700 0.2939823387369787 0.08682308161331913
699.5 0.29361535211752904 0.08660864164106938
699 0.2935619943283007 0.08658461107604291
698.5 0.2933383778389049 0.08645358892003693
698 0.293544297566155 0.0865721938580222
697.5 0.2937008172841146 0.08666820550409118
697 0.2938485043015417 0.08674956737929584
696.5 0.29371685091445043 0.08668110451474312
696 0.29350292734093975 0.08655570869378826
695.5 0.29345918143279776 0.08652324485614285
695 0.2934535635584291 0.08651633590806064
694.5 0.2934332279818703 0.08649669031555544
694 0.2936494568691565 0.0866308505440376
693.5 0.2930565486468949 0.08628736588722734
693 0.2931080925333595 0.08631953717016119
692.5 0.293154822591532 0.08634786151082129
692 0.29266230344693983 0.0860534703710387
691.5 0.29339320636460237 0.0864984777827003
691 0.2929320644554082 0.08620840857308291
690.5 0.2929548142559101 0.0862167887473032
690 0.29259348794596857 0.08601360068593202
689.5 0.29331877350641156 0.0864376278553871
689 0.2932564316884516 0.0864083105406053
688.5 0.2932573886149206 0.08639213844981788
688 0.29295611439630576 0.08622649964351953
687.5 0.29318018633333365 0.08635916447999946
687 0.292665454406592 0.08605649160497536
686.5 0.29312907709133346 0.08632204529442968
686 0.2929564369349669 0.08622785931184901
685.5 0.2928199694179442 0.08615004206012605
685 0.2930730916649561 0.08628602397636366
684.5 0.2933477831834439 0.08645522033726265
684 0.2928139437914334 0.08614375466842998
683.5 0.29272680022251774 0.08608906529008395
683 0.2930378130246728 0.08626562297764898
682.5 0.2929800353510405 0.08625046803033057
682 0.2927549540701836 0.08612267093170198
681.5 0.2928146168148917 0.08614245386152353
681 0.2926689777139418 0.08604836515700627
680.5 0.29248322103486085 0.08594407524073883
680 0.29263090555417787 0.08603418994133458
679.5 0.2928158141231859 0.08614706908780306
679 0.2929571481187531 0.08621575336433066
678.5 0.2927254201018625 0.08609224012509174
678 0.2927945376466833 0.08612162761936497
677.5 0.29252345572301747 0.08597706655145745
677 0.2925873564593474 0.08602303441323307
676.5 0.2925272977803346 0.08596959225371904
676 0.2931534339154855 0.08634138075894772
675.5 0.29254951108403887 0.08599447855115812
675 0.29278354664074974 0.0861226913475172
674.5 0.2924500939234403 0.08593275310356006
674 0.2928146881905343 0.08614368678955761
673.5 0.29205035031591414 0.08569767411181503
673 0.2922637498983809 0.08581981161274985
672.5 0.29190829058204926 0.08561255130706735
672 0.2920401431168448 0.085689874753255
671.5 0.2923501012568108 0.08586451578030656
671 0.2924313887598347 0.08591931110839256
670.5 0.29209473165050714 0.08571937647003357
670 0.29233313552092494 0.08586522640479191
669.5 0.2925164929697293 0.08597131575246153
669 0.29233459080794416 0.08586092385378125
668.5 0.2924310437078452 0.08591937187537779
668 0.29246061721718697 0.085927026633895
667.5 0.29233274593033 0.0858692020046236
667 0.2921746753483948 0.08576447120693614
666.5 0.2917028437234831 0.08548803602643844
666 0.29206259669547363 0.08570305732376615
665.5 0.2921687557900677 0.08575956171287878
665 0.2920727304803923 0.08570909939804881
664.5 0.29240042036200653 0.08590839338579154
664 0.29207845502028695 0.08570488899155827
663.5 0.29193045366707415 0.0856337673169431
663 0.2919810463237543 0.0856450031522416
662.5 0.29213104905489506 0.0857382935551459
662 0.2918162319328663 0.08555566919102163
661.5 0.2922285241353185 0.08580083637187295
661 0.2918077284394957 0.08555464056980275
660.5 0.2920216842835504 0.085691137305505
660 0.29161806619658937 0.08544535393348913
659.5 0.29172971384706486 0.08551270766461061
659 0.2920521179300917 0.08570376323675755
658.5 0.2917621597812859 0.08553546920222797
658 0.291685661806542 0.08548796379896546
657.5 0.29142793496462127 0.08533300986225906
657 0.29195744914643834 0.08564293336721959
656.5 0.2915654166810151 0.08541838718577015
656 0.29130413500569147 0.08525292414438179
655.5 0.292266599247473 0.08584011009418267
655 0.2911365852121549 0.08516052005001465
654.5 0.2910447106864968 0.08511216925874829
654 0.2915623343129931 0.08541167031884442
653.5 0.29165489300890446 0.08547011830963998
653 0.2917898869445436 0.0855392031714935
652.5 0.29151935089677034 0.08538812488404583
652 0.2917167874687671 0.08549987088790105
651.5 0.29138401209610054 0.08530713423831456
651 0.2914929242233671 0.08537329921739956
650.5 0.29093450893326306 0.08504979759501247
650 0.29122460471648337 0.08521630369490613
649.5 0.2912848422272539 0.08524780898702977
649 0.2918828603367974 0.08559184469259414
648.5 0.29107400856947946 0.08511930503596461
648 0.29121390639765243 0.08520286243476902
647.5 0.29114688701258157 0.0851695413550727
647 0.2909136413449727 0.08502069863501072
646.5 0.2912571551823094 0.08523359839966967
646 0.29087132394449633 0.08501600348203231
645.5 0.29133252786039704 0.08527537103913163
645 0.29114675124707284 0.0851806327488487
644.5 0.2906857948650311 0.08491366773271518
644 0.2910785463857133 0.0851212810104457
643.5 0.291259066938258 0.08523717034662164
643 0.2907153092055524 0.08492956476594145
642.5 0.2908983534857996 0.08502812319537424
642 0.29065871618656547 0.08488647787627611
641.5 0.2907403957337853 0.08493348521929377
641 0.291221450340663 0.08521831313572324
640.5 0.29095960747367156 0.08506285506607165
640 0.29098495475974584 0.08507938401149183
639.5 0.2911433466155324 0.0851684043103788
639 0.290559452285202 0.08483032478410205
638.5 0.29069891376494383 0.08491226423752173
638 0.2908581586002114 0.08501304773120152
637.5 0.290721266125975 0.08492392942466329
637 0.2911235582175514 0.08515815172393179
636.5 0.2908079905776461 0.08496565325872264
636 0.2906732764505977 0.08489894301769403
635.5 0.2906407485335739 0.08487836244994282
635 0.2907631842799248 0.08495749726670175
634.5 0.2908090152049223 0.08497717111428876
634 0.29017628575266496 0.08460046859209405
633.5 0.2904326892618477 0.08474701815143368
633 0.291187820052496 0.08519908886148488
632.5 0.29021638647266174 0.08462872938472052
632 0.2904810072705661 0.08476874774105293
631.5 0.2904647859200812 0.08476989782986484
631 0.29021264214624976 0.08463167103509489
630.5 0.29041907847623377 0.08475094370255953
630 0.2904753282570369 0.08478570534228032
629.5 0.2901490892832014 0.08460036948140712
629 0.29013701499581684 0.08457811889603097
628.5 0.2904144067822181 0.08474899699922266
628 0.290431371600238 0.08474747344725574
627.5 0.2901850784834445 0.08461055514040638
627 0.29034473246753123 0.08470840070874203
626.5 0.2903487464722371 0.08471125600688827
626 0.2899772057265543 0.0844853587321093
625.5 0.29035802495765356 0.08471756206556362
625 0.2899847656954526 0.08449965134509832
624.5 0.2901114040957577 0.08456918366414873
624 0.28989241437333874 0.08444638321546889
623.5 0.29009385182947406 0.08456442158655515
623 0.29004289982968756 0.08452981532300087
622.5 0.2902210700740934 0.08462440896250494
622 0.2898837251736023 0.08443110747887775
621.5 0.2900175346922635 0.08450307589036184
621 0.2899654385490267 0.08448382421931654
620.5 0.2898304919650344 0.08440673138940849
620 0.2897228424957889 0.08434132368143274
619.5 0.2903663938988752 0.0847041795184777
619 0.2903549294589594 0.08470921896080996
618.5 0.2899275883912094 0.08445078627342421
618 0.29004618980902985 0.08453126495236132
617.5 0.28963098872934995 0.08428882892442639
617 0.2893307574367449 0.08412632642367364
616.5 0.28996929539583605 0.08448973329745545
616 0.2896705427496516 0.08430589019857078
615.5 0.2896438934259962 0.08429358832910389
615 0.28980239596362845 0.08438706999682342
614.5 0.28975809393026264 0.08436507884431817
614 0.2896637555690676 0.08431397134176911
613.5 0.2897234818241858 0.08434511313773796
613 0.2889220707381767 0.08388266870360049
612.5 0.2893245683975769 0.08411124703273447
612 0.2893283303408938 0.0841041223960747
611.5 0.29041145899223275 0.08473928613924693
611 0.2894678339974233 0.08419312614278666
610.5 0.2892224626318268 0.08405113706269815
610 0.2890384521865802 0.08394939156107652
609.5 0.28908092880551106 0.08396888921522332
609 0.2893400925413635 0.08412171622634926
608.5 0.28895529627983507 0.08390236817788513
608 0.2890202220322464 0.08393861999871702
607.5 0.2894818568409623 0.08420934760531358
607 0.2889812594676038 0.0839220144952582
606.5 0.2890543590658444 0.08395166205506306
606 0.28933415019868675 0.08411086944247777
605.5 0.28901250793190003 0.08393131033413925
605 0.2888630289665851 0.08385238229519015
604.5 0.2888362384724983 0.08383026517697002
604 0.2885118924995796 0.08364373673399166
603.5 0.28862673873361105 0.08370714262009306
603 0.28867750603347536 0.08373812657120493
602.5 0.289053548908852 0.08395311443163492
602 0.28884953068965624 0.08383496233643925
601.5 0.28857029017541713 0.08367182837648976
601 0.2885715899051245 0.08367237225336052
600.5 0.2887376957736237 0.08377950603375801
600 0.2887996324713964 0.0838192390694939
599.5 0.2889639323320169 0.08389852616718191
599 0.28890783826989097 0.08387182040300578
598.5 0.2890326555876798 0.08393242890557474
598 0.28875389772505006 0.0837837006300877
597.5 0.2885195183379945 0.08365659641953192
597 0.28860148464646257 0.08370940022392034
596.5 0.28893297789656397 0.08388254347934257
596 0.28841059689120924 0.0835802522796277
595.5 0.2888074356667116 0.08381738152389881
595 0.2880417429668233 0.08337161633865219
594.5 0.28877618051169013 0.08379336020190757
594 0.28828006213736107 0.08350680906695786
593.5 0.2887507803276116 0.08377484544650625
593 0.2883699652183871 0.08355926174563015
592.5 0.2881998824007557 0.08346138000480341
592 0.28865228617852784 0.08371958498437103
591.5 0.2881166005538589 0.08340318289209547
591 0.28831234324930327 0.08353133840294362
590.5 0.288389721375005 0.08357241362449651
590 0.28796174019120596 0.08332867913822906
589.5 0.2879390850505539 0.08331920443663189
589 0.2882350761199691 0.08348753214480731
588.5 0.28839017653342713 0.08357526789796171
588 0.28832967561786527 0.08354042193879099
587.5 0.2880781194320381 0.08339201792245705
587 0.2876956702364561 0.0831657675774507
586.5 0.28827881964346974 0.08350965859320197
586 0.2877157544401862 0.08317928998515929
585.5 0.2874219746571173 0.08301710392386141
585 0.28758010599051 0.0830993545260089
584.5 0.28795717568594 0.08331539507416609
584 0.28799572163200754 0.0833451439787695
583.5 0.28802769625963404 0.08336559448533615
583 0.28730570585845205 0.08295826985617569
582.5 0.28799224487654557 0.08333787434048184
582 0.287495609367724 0.08305128272080095
581.5 0.2877796308921806 0.08321881816359951
581 0.28745082157541685 0.08303139802940779
580.5 0.28791237393041774 0.08329754152299487
580 0.28751634895529604 0.08307723354444525
579.5 0.2873861019141733 0.0829876538241644
579 0.2877632565233075 0.08320018110969082
578.5 0.2878167821839639 0.08325828290240264
578 0.2872698957156496 0.08293193350590024
577.5 0.2874515479329697 0.08302746215840465
577 0.2870540021244157 0.0828059603768636
576.5 0.2875183344534591 0.0830785745580175
576 0.28754136599331587 0.08308718089121811
575.5 0.2874053949341162 0.08299137496489645
575 0.28713250973721965 0.08284732463387702
574.5 0.2871378524631892 0.08285662283585168
574 0.28723867547963955 0.08290937536669701
573.5 0.28758847708423513 0.0831126244100925
573 0.2875466261553402 0.08307929238886962
572.5 0.28731240946574443 0.08294063875772803
572 0.2866141481779423 0.0825551088658121
571.5 0.2871874518360082 0.08288391599061286
571 0.28718092352374114 0.08287164686901104
570.5 0.28726518249084904 0.08292118866232434
570 0.2870489114920544 0.0827979764268003
569.5 0.2867765723111531 0.08263261771782465
569 0.28677733828681135 0.08263673955285479
568.5 0.28670797037344986 0.08259372969163527
568 0.28682640233760553 0.08267311333308273
567.5 0.28636609342618397 0.08240261304865105
567 0.2865959992171095 0.08253846525301674
566.5 0.28660896394530316 0.0825511083904184
566 0.28645485856070724 0.08246217494922191
565.5 0.28732771910485994 0.0829518908138883
565 0.2864195775197454 0.08244011084848786
564.5 0.2862545683324931 0.08235283623341272
564 0.28639893319916876 0.08242469778948643
563.5 0.28649112834133084 0.0824792884930826
563 0.2861280388730395 0.0822710943220243
562.5 0.28705672100755214 0.08280686884618177
562 0.2862075063508534 0.08232405357872587
561.5 0.28631905361386034 0.08238523899309078
561 0.2862791607273813 0.08237103864102102
560.5 0.2863486292488081 0.08240593205576371
560 0.28593759934846474 0.08216980262519727
559.5 0.28661324162031987 0.0825590144434857
559 0.28616980810174447 0.0822956564777283
558.5 0.28630740648495084 0.08237768361313483
558 0.28611429908755326 0.08226150897689562
557.5 0.2863252542582439 0.08238823996730106
557 0.28619643747053 0.08231805437492651
556.5 0.28611986333266054 0.08227511388749718
556 0.2869776388195517 0.08276063427860438
555.5 0.2858721409376598 0.08212587245486125
555 0.28564130265597776 0.08199292916966694
554.5 0.28587110741813043 0.0821316785232253
554 0.28642181294872787 0.08244745271647393
553.5 0.28639694227668017 0.0824178419760233
553 0.28602652300690673 0.0822082388607808
552.5 0.28583361945460056 0.08210773727751786
552 0.2853488491079001 0.08182609474033085
551.5 0.2859559940575467 0.08217310964320598
551 0.28567813670535985 0.08202301260102426
550.5 0.28576815560349766 0.0820701346902454
550 0.28645134326607086 0.08245972885502982
549.5 0.28570823261911615 0.0820373451064574
549 0.2859345552869151 0.08216527075607719
548.5 0.285620624464818 0.0819823550753329
548 0.28568422956599615 0.0820069733976586
547.5 0.2857126588857504 0.08204154786469359
547 0.28514492228799926 0.08171047175307787
546.5 0.28588637137561007 0.08213796681416087
546 0.28533922785124943 0.0818161391363108
545.5 0.28546903677636953 0.08189252504821552
545 0.2852599176303498 0.08177114741002597
544.5 0.2855257664225853 0.08192704037677209
544 0.2852830539883382 0.08178701206278512
543.5 0.28516168574577483 0.08170918144524489
543 0.28498906455242246 0.08162659300747054
542.5 0.28527768195313447 0.08179026281780803
542 0.2853272333358856 0.08181015836990191
541.5 0.28511575847591847 0.08167624260398582
541 0.28549699504153986 0.08191360748969338
540.5 0.2850705546785209 0.0816640531745853
540 0.285274700746871 0.08179513539080414
539.5 0.28460565426436846 0.08139419379907496
539 0.28500790324794606 0.08164102937304903
538.5 0.2848491357909771 0.08154408648357596
538 0.2846377375673917 0.08142730174507998
537.5 0.28500691787899496 0.0816260890625075
537 0.28498744499774625 0.08162108296441613
536.5 0.2847473362679731 0.08148382183547384
536 0.2847493142158466 0.08147938964010824
535.5 0.2847920602163437 0.08151072474222033
535 0.28473209666602767 0.08146895210606168
534.5 0.28431085957401947 0.08124544715926302
534 0.28416803631633514 0.08115259287069672
533.5 0.28431914741061187 0.08124321650623788
533 0.2842741621582889 0.08122092978526188
532.5 0.28434514459154714 0.08125049508174659
532 0.28432251358676486 0.08124145662174212
531.5 0.2849868435243255 0.08162912079970555
531 0.28423366393303223 0.08119251874996665
530.5 0.284398340991072 0.08128436661072423
530 0.2843812085104299 0.08126752619670936
529.5 0.28469215849770785 0.0814655247909068
529 0.284518034009501 0.08135261618803949
528.5 0.2842043601584239 0.08116692106803712
528 0.284408940535561 0.08130363101862986
527.5 0.2846527761175324 0.08143756323639081
527 0.28417411304050194 0.08116605036900694
526.5 0.28415772196270334 0.08116204914547015
526 0.283669119570457 0.08087138103186792
525.5 0.2844441656718331 0.08131362153931182
525 0.28406913462624905 0.0811124162546417
524.5 0.2841993086200234 0.08117827837717477
524 0.28391734211347774 0.08101151270996529
523.5 0.2842967928810296 0.0812184626842069
523 0.2836527318747598 0.08085664923370517
522.5 0.2839651755422081 0.08105163149875118
522 0.2840147373447543 0.08106997005344277
521.5 0.2834087670194696 0.08072428126497892
521 0.28392273690133707 0.08100186224478668
520.5 0.28356645190262036 0.08081909307623707
520 0.2836755086045438 0.08086249421413151
519.5 0.28408429371734345 0.0811062816631852
519 0.2837482355735257 0.08092005287272766
518.5 0.2836496278138425 0.08085216773773764
518 0.28378313775703 0.08094689526434454
517.5 0.28348645633203673 0.08077023343657178
517 0.2836874163262514 0.08088106582882984
516.5 0.2832338444555804 0.08062623522143472
516 0.28314925731069507 0.08058425699901475
515.5 0.2832837875268853 0.08065079274852414
515 0.2834420184469702 0.08074100556266514
514.5 0.2834745224412044 0.08076512825690572
514 0.2833971471993335 0.08072329115878486
513.5 0.28351510928868046 0.08079021283623412
513 0.28300781470208425 0.08049477032182487
512.5 0.2827265687867745 0.08033331009811197
512 0.2831632022964274 0.08059173647559446
511.5 0.2830739760000997 0.08053548572477512
511 0.28321285228120235 0.08061680994348641
510.5 0.28279583144417836 0.08038549991137327
510 0.28286803624050905 0.08040451025320543
509.5 0.28241467222084693 0.08015885028468137
509 0.2829503435279101 0.08046912118637188
508.5 0.28266988059178666 0.08030028706776689
508 0.28281342364087947 0.0803830274079626
507.5 0.28235173177803213 0.08012856996181238
507 0.2826394234202827 0.08029136738665435
506.5 0.28262560295023215 0.08029138807154218
506 0.2821508175613592 0.08000851767841516
505.5 0.28211412603379515 0.07998769513531438
505 0.2825213791522901 0.08022911242494972
504.5 0.2819099953171925 0.07987441166260895
504 0.28266093414621446 0.08029681343255583
503.5 0.2825861590273826 0.08025563730115233
503 0.28212649031668274 0.07999359477154579
502.5 0.28169465238394237 0.07975345971560475
502 0.2825488650665778 0.08023635768995992
501.5 0.2818040485845748 0.07982602835140222
501 0.28185781595322107 0.07984002577912556
500.5 0.2825418557958224 0.08024587402354064
500 0.28138512200708765 0.07958117193512156
499.5 0.28160495183824 0.07969682284615451
499 0.28158173936652303 0.07969205796783664
498.5 0.28185878919515467 0.07984599613419428
498 0.28175977697172394 0.07979104202791167
497.5 0.28192409301283866 0.07988000090952832
497 0.2820413988657063 0.07995367470601258
496.5 0.2815215623444875 0.07965188916113598
496 0.28119686350862566 0.07947329334710136
495.5 0.281755212749704 0.07978650396761901
495 0.2818892227544626 0.07985822377028723
494.5 0.2816755957392649 0.07973572928325787
494 0.28151528400462517 0.0796669919195613
493.5 0.2816349328851828 0.07971540961616268
493 0.28087157686781444 0.07930259127442119
492.5 0.281500438811493 0.07964214585661131
492 0.28147811224205976 0.07963282966583281
491.5 0.2815590541376329 0.07967658278532615
491 0.2812923768479748 0.07952429483034022
490.5 0.28140500025463583 0.07958145447653169
490 0.28066265925071987 0.07917561573648996
489.5 0.2810824299750479 0.07941161988676697
489 0.28104803322527544 0.07939236175866471
488.5 0.2812957672463747 0.07952610899069297
488 0.2808614132226227 0.07928997279841908
487.5 0.2813900105321232 0.07958486974913836
487 0.28157986186013567 0.07968608753518665
486.5 0.2813472925725934 0.07954547023845393
486 0.2812818319086617 0.07951992616504944
485.5 0.2807720309943564 0.0792327918851508
485 0.2812530078582051 0.07950211210613946
484.5 0.28086680151501714 0.0792980847964351
484 0.2809707662385555 0.07935467704516665
483.5 0.28073680470503404 0.07922308927581061
483 0.28031901925587993 0.07898407294026423
482.5 0.28056260716570386 0.07911002520428333
482 0.28058641263324974 0.0791283153678619
481.5 0.2808101352590825 0.07926106784143157
481 0.2809526190808346 0.07932890033883537
480.5 0.28046493411893264 0.07906455523286116
480 0.27997751298625956 0.07879576678564812
479.5 0.2803348958441321 0.07899464404398483
479 0.28024467986171453 0.07893410869382943
478.5 0.2803280810504763 0.07898540728609423
478 0.2802489640623152 0.07894033302156547
477.5 0.28009670247426266 0.07885996447409889
477 0.27998038594354296 0.07878991402961802
476.5 0.2800641151666049 0.07884181693600717
476 0.28016792151306724 0.07890310847874286
475.5 0.28015223177583504 0.078873667320291
475 0.2797923923161264 0.0786768670361232
474.5 0.2797063261477424 0.07863605547554109
474 0.27974330515213625 0.07865831421414553
473.5 0.279586002195032 0.07857408362157979
473 0.2797134649130101 0.07863398631260647
472.5 0.27955840008957317 0.07856118927496865
472 0.27970374586415325 0.07864168148782569
471.5 0.2794862564478441 0.07851950194619384
471 0.2800452229748412 0.0788192680163053
470.5 0.27931397392328794 0.07842107533905845
470 0.27946864744942074 0.07850787889333491
469.5 0.27966013323003064 0.07860494960479278
469 0.2792433505463896 0.0783870686712648
468.5 0.2790142583608727 0.07825047701200188
468 0.2791473503147209 0.07832815252554833
467.5 0.27925843434456266 0.07838819914683869
467 0.2793081920604474 0.07840258379722292
466.5 0.2796753431526059 0.07862427823105334
466 0.27901806499030174 0.07826036295083295
465.5 0.27891461688228564 0.0781857716474589
465 0.27902842425605523 0.07824857328670684
464.5 0.27908242276066136 0.07827786177596197
464 0.2791919804345327 0.07834214364232032
463.5 0.27906696116991087 0.07828011587057351
463 0.27826388832199145 0.07782935200683928
462.5 0.27881772304301705 0.07813687247274383
462 0.27874646594589464 0.07810099917314438
461.5 0.27860431208389164 0.07803106294717296
461 0.2787596010560243 0.07812016398658456
460.5 0.27896811658536885 0.07823190993274468
460 0.27839941339847063 0.07791000912988799
459.5 0.2785905026972475 0.07801700556030343
459 0.27831691193146335 0.07786177115392351
458.5 0.27863069133361773 0.07803604575538561
458 0.2785667643793486 0.07799768655809153
457.5 0.2780820482767272 0.0777322525988822
457 0.2783382997203628 0.07787483550688985
456.5 0.27806236412673674 0.07770823454844299
456 0.27834614038368666 0.07787539682739826
455.5 0.27811867418327574 0.07775387587949942
455 0.27817870146180645 0.0777927279195402
454.5 0.27797143065758156 0.07766544587918754
454 0.27820546289161713 0.07778515876378314
453.5 0.2775934202043575 0.0774648624294337
453 0.27794991765274996 0.07765268043689404
452.5 0.27747002067393783 0.0773875381571758
452 0.2775966783718642 0.07745925516955043
451.5 0.2778537781095487 0.07760438055390602
451 0.27812534719600346 0.07776421025690305
450.5 0.27749810887488563 0.07740405095715772
450 0.2774237564424015 0.0773628921152045
449.5 0.2770603289877432 0.07716395171093653
449 0.27748537978596793 0.07741047254244551
448.5 0.27794603106285437 0.07765091649100092
448 0.27761453355239846 0.07746091413231558
447.5 0.27706667213284236 0.07716722802969056
447 0.27736006300444155 0.0773331513277395
446.5 0.2771322277588578 0.07719079981184153
446 0.2767904840334833 0.07701142909533498
445.5 0.27708779229566927 0.07717916865684024
445 0.2775267596487346 0.0774203039424309
444.5 0.2770838390688357 0.07719469837597127
444 0.2770231499985684 0.07714201741265256
443.5 0.2772984102475275 0.07729307311440924
443 0.27642150608465366 0.07681875598652788
442.5 0.2773840059865335 0.07734250025599766
442 0.2765839958257597 0.07690722072238547
441.5 0.2772464869382503 0.07727129018056693
441 0.276854738797469 0.07705980263374722
440.5 0.27656042962609606 0.0768973352561233
440 0.2768667627635341 0.07704614312004562
439.5 0.2763343033898816 0.07677584351411196
439 0.27670377592341583 0.07696535050421995
438.5 0.2765224712306337 0.07686095351544597
438 0.2761666887061539 0.07667570327046651
437.5 0.2762318824851805 0.07670344755608705
437 0.27630453218450773 0.07674964735276389
436.5 0.2763895019843446 0.07679032999026969
436 0.27638353867115784 0.07678369656064292
435.5 0.27584584788739736 0.07649009237198813
435 0.27664534887542014 0.07693512100612186
434.5 0.27608245520706054 0.07663504217739389
434 0.27589398535067666 0.07651792954138285
433.5 0.276076529812463 0.07661809000717684
433 0.2755153282066811 0.07631057924071774
432.5 0.2757678299660146 0.07644525868991686
432 0.2760904931385465 0.0766282255522393
431.5 0.27560717007444163 0.07635889640569088
431 0.2751496640260887 0.07610502364069623
430.5 0.2758802661047961 0.07651478880481899
430 0.2755645561644693 0.07633824632250892
429.5 0.27536565540035174 0.07623611413899126
429 0.27531568181399896 0.07619874756053481
428.5 0.27508692639090887 0.07607939517453324
428 0.2748612381386903 0.0759449928155159
427.5 0.27504060495759514 0.07604342283196308
427 0.2750980335773176 0.07608218343277837
426.5 0.27509966549243037 0.07607477184501128
426 0.2753770243341363 0.07622903296174124
425.5 0.2749195718712386 0.07598630425131767
425 0.27509503989801837 0.07607215185296999
424.5 0.27510947424255006 0.07609000232249441
424 0.27522617895884355 0.07615509056180136
423.5 0.2747988147296555 0.07592728194774058
423 0.2748090122504654 0.07592743379393073
422.5 0.27468173447397853 0.07584367228762302
422 0.2748985073657206 0.07596118060658145
421.5 0.27426129842087227 0.07562160776031492
421 0.27489285376364303 0.07597294329770975
420.5 0.27474668546702075 0.07588762095774393
420 0.2742057897786401 0.07560216298823981
419.5 0.274103737140584 0.07553858644980399
419 0.27416486618862795 0.0755715572255436
418.5 0.27447635720903596 0.07573618247288236
418 0.273615706601417 0.07526278104813655
417.5 0.2744950045959792 0.07575191936078822
417 0.273648748044234 0.07529307235352366
416.5 0.27370797137144875 0.07531080451183324
416 0.2737346272060224 0.07531867645446624
415.5 0.2739623853640917 0.0754583278463791
415 0.2738268854160054 0.0753773258058515
414.5 0.2739065979958918 0.07542985425021963
414 0.27394395813095557 0.07543443505721967
413.5 0.2739411660810095 0.07544280905049394
413 0.273864579535214 0.07540255506014042
412.5 0.27286974439066974 0.07484852234616553
412 0.27309030591982275 0.07498142592103142
411.5 0.27335172986197 0.07511656471788404
411 0.2733084994270556 0.07509073361226881
410.5 0.27301546458763626 0.07493804167540444
410 0.27329624108680584 0.07508942327929365
409.5 0.27319845502436113 0.07504273847585043
409 0.27335116445285607 0.07511803364134463
408.5 0.2733392430076491 0.07511442661883048
408 0.2730862304104566 0.07498858145830423
407.5 0.273055188550959 0.0749541453103296
407 0.27279140043122657 0.07480916348735987
406.5 0.272855679308519 0.07485371827191273
406 0.27288319867390043 0.07486068644433139
405.5 0.27284622177403184 0.07485237189935012
405 0.27257190911156937 0.07469307237437596
404.5 0.27261768263542496 0.07471311286310728
404 0.27242255613374733 0.07460763212253653
403.5 0.2724819102757425 0.07464867287908653
403 0.27244072158992205 0.07463558975417353
402.5 0.27238078099006235 0.07459936980456235
402 0.27186892857830347 0.07431388516302825
401.5 0.2725233875119001 0.07469236256175205
401 0.2719256241892018 0.07434363129690903
400.5 0.27176069487055055 0.07424274254413778
400 0.2721392480250169 0.07446170834391197
399.5 0.27225335599949396 0.07452361678942555
399 0.2722721510730114 0.07453076605347303
398.5 0.27241933804565377 0.0746140946200842
398 0.27133381333326695 0.07402323702693027
397.5 0.2713602907170217 0.0740384020423738
397 0.27180598565777414 0.07427692632791799
396.5 0.27160274295327497 0.07417695446481654
396 0.27123697730252133 0.07396998682527493
395.5 0.271568220981255 0.07414778884064045
395 0.2709970231495796 0.07383121521438075
394.5 0.27093182337349897 0.07380409546930884
394 0.27110578794637874 0.07390317814103076
393.5 0.27166391211534047 0.0742019901091248
393 0.2710463857264198 0.07386512588586218
392.5 0.27067368024420674 0.0736596046374581
392 0.2712389691909183 0.07396595350466098
391.5 0.27035928041231333 0.07349599438194472
391 0.27150061220837324 0.0741017102661101
390.5 0.2705986803777163 0.07362731843784212
390 0.2708200162257774 0.07373580381797233
389.5 0.2706192485984961 0.07362532086727126
389 0.27044893377008744 0.07353430347859022
388.5 0.2702956514334952 0.07345794775199603
388 0.2707196784998274 0.0736903916676908
387.5 0.2707987266514698 0.07372777392443619
387 0.2704554165252062 0.07354982877009918
386.5 0.27016355221696225 0.07338053294486457
386 0.27065589885468144 0.07364607585831777
385.5 0.2700284073679162 0.07330987893614338
385 0.2698927547392587 0.07325359572778863
384.5 0.26962831583880825 0.0731005374458227
384 0.26933287886636426 0.07293739739745486
383.5 0.26985700140395197 0.07322187786473996
383 0.2695153478061021 0.07304747737811224
382.5 0.26984163516723 0.07320816879500644
382 0.2693118431107895 0.07292913448023629
381.5 0.26967903550552236 0.07312669036547427
381 0.269480252579146 0.07302056978163646
380.5 0.2697902335988508 0.07318887852089995
380 0.26924004578143695 0.07288652639600379
379.5 0.2695146275171253 0.07303271289249352
379 0.26952795965576487 0.07304094018248064
378.5 0.2693712283438465 0.07296024705996136
378 0.2686814481339422 0.07258410648239631
377.5 0.26883227986181235 0.07266490824694434
377 0.2686894157688986 0.07259594396134798
376.5 0.26888400656691863 0.07268232226369797
376 0.26841702755591146 0.07244236041632718
375.5 0.26855049045842466 0.07251548804707571
375 0.2688773609804777 0.07269584776117355
374.5 0.2688285964616809 0.07267635367602103
374 0.26862818697629887 0.07256189758068353
373.5 0.2685715019242768 0.07253483467569737
373 0.26847749731462656 0.07247051217470063
372.5 0.2683942659469287 0.07244525612402539
372 0.26804873034969123 0.07223850110280522
371.5 0.2680749821280076 0.07225509128837182
371 0.26802234033264744 0.07224190870457917
370.5 0.2679358475490516 0.07218549898775284
370 0.26802226775341126 0.07223468505162461
369.5 0.2681724335940388 0.07232140745552017
369 0.26777973647393355 0.07209288420959689
368.5 0.26778839377559216 0.07210719967371754
368 0.26785355252494303 0.07213904186321905
367.5 0.2674108523491402 0.07190524511974251
367 0.26759278767787126 0.0720047002922674
366.5 0.26811245906853204 0.07227024673286056
366 0.26724251333253013 0.07182651178191408
365.5 0.2675751530861979 0.07198953189077646
365 0.266839161261746 0.07159910209950011
364.5 0.26748046104546713 0.07193498446313905
364 0.2671853353536574 0.07178185682402906
363.5 0.266866924784608 0.07161756357151909
363 0.2671735757073461 0.07176467704608644
362.5 0.2666727575354555 0.0715114817630902
362 0.2668623857185567 0.07160891706026636
361.5 0.26614396564683646 0.07123083680874298
361 0.2663126975324231 0.07132479784688807
360.5 0.2665853372887777 0.0714650090789278
360 0.2666476046819295 0.07149419132505873
359.5 0.2664242510278525 0.07138039218544912
359 0.26625694432163627 0.07129394782286463
358.5 0.26602353619717317 0.07115680072676231
358 0.26648609332946327 0.07140341086637067
357.5 0.2655884323034444 0.0709383153833851
357 0.2657076794871306 0.07098639105843688
356.5 0.2665842716252799 0.07146201615919982
356 0.26567757871600345 0.07097051262989
355.5 0.2655176967166309 0.07089185290660201
355 0.2656282038108712 0.07096433263861475
354.5 0.26546954593476757 0.07086940983571936
354 0.2657461973298464 0.07101863175854388
353.5 0.26556164951873 0.07092456122321462
353 0.2654176427552841 0.07084681989048862
352.5 0.2653233863382744 0.07078811691176674
352 0.26555954513631563 0.07090534553784526
351.5 0.2653020522814402 0.07078066796702145
351 0.2652533625784087 0.07075828342456383
350.5 0.2649911045631338 0.07062001694307216
350 0.26465149623431794 0.07043799694266827
349.5 0.2643231119575322 0.07026305410057637
349 0.2647752468842445 0.07050483746209128
348.5 0.26473448932608545 0.070481963750281
348 0.2643048408741686 0.0702575452320109
347.5 0.2644562814318815 0.07034031262714606
347 0.26415579326960253 0.07017158150112887
346.5 0.264480721356008 0.07034489021214026
346 0.26394051912528943 0.07005250789333428
345.5 0.2641501558419166 0.07016414017789843
345 0.26377984479786604 0.06997779078363231
344.5 0.26372574262472265 0.06994068340413365
344 0.26393409924148237 0.0700494172744538
343.5 0.26393199496907 0.07005331806267148
343 0.2638863111194323 0.07003421877501038
342.5 0.26377005985094254 0.0699785776377648
342 0.2636853164509251 0.0699187768384798
341.5 0.2633967095844038 0.06977746242099597
341 0.2634473332456382 0.06980100595344556
340.5 0.26370978934640793 0.06994359913387653
340 0.2631261031223758 0.06963185940559324
339.5 0.2629217043425658 0.06952010562527347
339 0.2633003589160927 0.06973121968678762
338.5 0.2628401458171596 0.06947894405216921
338 0.26273717347422904 0.06941663103293683
337.5 0.26308083097822105 0.06960736643540388
337 0.26265801809162453 0.06937383436745878
336.5 0.26285020013138705 0.06948292735390893
336 0.26267622823142023 0.06937855707654605
335.5 0.2623551193622097 0.06922189125904914
335 0.2626922759483037 0.0693962244238804
334.5 0.26237123707268134 0.06923203205546077
334 0.2620950928935252 0.06908637309627312
333.5 0.26173978811131116 0.06891302105507169
333 0.2627182531061007 0.06941616320322412
332.5 0.26215004532999714 0.06910948285957905
332 0.2617808093145048 0.06891543365318693
331.5 0.2616916356927007 0.06886834049613885
331 0.2616338484580044 0.06883897739905466
330.5 0.26142842705327823 0.0687375826165633
330 0.26160982291506285 0.06883781442803437
329.5 0.2617640163680824 0.06892548716350795
329 0.26155417191189617 0.06879117182308224
328.5 0.26178972407419904 0.06893815697018997
328 0.26097971169886663 0.0685072760274184
327.5 0.2607706148779096 0.06838137241500661
327 0.2610809734020848 0.0685558043366788
326.5 0.26092071785374366 0.06847041606421758
326 0.26151182252759475 0.06878204122375876
325.5 0.26044723051763163 0.06823046860384703
325 0.2600184140553846 0.06799636609096565
324.5 0.2604157548875061 0.06821261747297551
324 0.26068771458389134 0.06835852808116111
323.5 0.26035027108613046 0.06817142691024401
323 0.2604859788382016 0.06823810163611085
322.5 0.26039669616773087 0.06818493810724979
322 0.2602940104853334 0.06814672021919839
321.5 0.25979289666565963 0.06787394149508609
321 0.2598227607977033 0.06789927018746429
320.5 0.2595000793487535 0.06773332283653342
320 0.2595817274696336 0.06776989138329219
319.5 0.2592171641040544 0.06759521729561192
319 0.2595585720384584 0.06776846366939719
318.5 0.25915108693573885 0.06754536463921001
318 0.2597799980698805 0.0678787254076328
317.5 0.25920059034449694 0.06756846644563987
317 0.2592359494786247 0.06759993999966027
316.5 0.2595070552286828 0.06774044541532465
316 0.25898858763397503 0.06746983317584541
315.5 0.258901447512627 0.06741487394392458
315 0.25850559481996765 0.06721588255559821
314.5 0.2587583108935558 0.06734340741036515
314 0.2586566691585755 0.06730066758953519
313.5 0.2583924950609481 0.06715735358915703
313 0.25796710372512965 0.06693445358245818
312.5 0.25808358943945836 0.06700528469201268
312 0.25823040142407205 0.06706709072744126
311.5 0.2585488190045304 0.06723277893148413
311 0.257314830617169 0.06660661365955134
310.5 0.25791924826671014 0.06691342683104345
310 0.2574754574150297 0.06668184960939386
309.5 0.2572943515000854 0.0665883465470941
309 0.25750888037172837 0.06670532999063805
308.5 0.2576245897449582 0.06674240303388748
308 0.2572141399138182 0.06655465102938415
307.5 0.2570532004313325 0.06646388812880642
307 0.2567806037482102 0.0663354295469302
306.5 0.2560754993306693 0.06596806435139217
306 0.2574537083050779 0.06667520071412557
305.5 0.2569863590564012 0.06643116484140708
305 0.25671992701695057 0.06629178641060218
304.5 0.25595846762870883 0.06589938037758221
304 0.25640489351860685 0.06614078092090435
303.5 0.2560471610821919 0.06594443876244821
303 0.25579314861042407 0.06581910952718115
302.5 0.25587922136210894 0.06585218202095396
302 0.2556425802727999 0.0657484326853801
301.5 0.255264388069907 0.06554235083750026
301 0.25617220355164905 0.06601341577810972
300.5 0.2555154512163801 0.06566915905716014
300 0.2552120004530327 0.06551620817845101
299.5 0.255563860804956 0.06570281205626478
299 0.25507882472954824 0.06545314213851004
298.5 0.2552674016040825 0.06555955531597228
298 0.25535662179219326 0.06560318665158799
297.5 0.2550719086401282 0.06544548506477066
297 0.2547374661450559 0.0652748280119395
296.5 0.25482876118921777 0.0653280833054493
296 0.2543157629980294 0.06505177660007354
295.5 0.2543226724134184 0.06506917391477256
295 0.25411240302561533 0.06495089126168324
294.5 0.25462746754126836 0.06522626792369843
294 0.25395754486303224 0.0648786159602356
293.5 0.25414518470117275 0.06498534564414758
293 0.25393762631025113 0.06487444332332536
292.5 0.2537124341432513 0.06475683201015285
292 0.2538790583872714 0.06483615797862201
291.5 0.253393669352812 0.06460321290231583
291 0.25356316114165345 0.06468791895275515
290.5 0.25385449782957137 0.06481809530488765
290 0.2536099878123711 0.06469961595526573
289.5 0.25344247777268525 0.06461132285370255
289 0.25348163153769215 0.06464247330389011
288.5 0.2537600455215814 0.0647813837559989
288 0.2529941856195845 0.06439875422578888
287.5 0.25300560525756316 0.06439834157892958
287 0.25250235138938826 0.06415153166126812
286.5 0.25246214183558663 0.06411820349979878
286 0.2520794235941288 0.06393057271457564
285.5 0.25280683179117325 0.06429957364451805
285 0.25165511323427114 0.06370556536469128
284.5 0.25196657971020675 0.06387748152751206
284 0.2518567763669987 0.06382251511808859
283.5 0.2521296151593687 0.06393983956105215
283 0.25162478545772166 0.06370634686021212
282.5 0.2514450281293603 0.06361510385078029
282 0.2512880418901337 0.06352925693246614
281.5 0.2514988279688734 0.06364219683023213
281 0.25122891733417224 0.06350100388206542
280.5 0.25055118122584125 0.06315522374113335
280 0.2511767900323728 0.063464306956194
279.5 0.2506762826950885 0.06322583139316619
279 0.25085975369916863 0.06331824700925201
278.5 0.25077057310529643 0.06327701492147354
278 0.25037559428910333 0.06307069651897682
277.5 0.25024146105009265 0.06299445474541648
277 0.25063914499855977 0.06320312797126985
276.5 0.2501232890304321 0.06294167887628463
276 0.24990790875623636 0.06283089720455144
275.5 0.24985572118548555 0.06281437086179788
275 0.24953685305230827 0.06265055367252394
274.5 0.2497285870469051 0.06274531054948433
274 0.2491351981555275 0.06243437697941202
273.5 0.24940157762907167 0.06259569318220791
273 0.2491509058033429 0.06245567986736253
272.5 0.24905993721491584 0.06241271302837459
272 0.24966971486738807 0.06271586571442482
271.5 0.24886269470230085 0.06231136517963369
271 0.2487564910014726 0.06225650458983827
270.5 0.24821201508162116 0.06199424536613189
270 0.2482879988060715 0.06202758850893991
269.5 0.24868065629634215 0.062229026635489335
269 0.24856736420377207 0.062177238443838254
268.5 0.2478729203969613 0.061820977156596395
268 0.24862207083858917 0.06219699662954737
267.5 0.24807550692531335 0.06192651574677633
267 0.24761944107965608 0.06171219053606502
266.5 0.2477355839086298 0.06175922859268027
266 0.2478230157999632 0.06178624608928669
265.5 0.2471237029736054 0.061438554051821
265 0.24778114316596989 0.06177077935488687
264.5 0.24653386730765645 0.061163070835607423
264 0.24679059650815247 0.06128674111290127
263.5 0.24703591180404422 0.06140753770130924
263 0.24673946795383583 0.061258853283789994
262.5 0.2463757894468018 0.061074431240370354
262 0.24620879121403497 0.060989194424571326
261.5 0.24614374645551784 0.06096111585360871
261 0.24656716270268658 0.061171444661847305
260.5 0.24526129019700757 0.06053170124636502
260 0.24612044024671775 0.06094836001162949
259.5 0.24570573569424864 0.060751247615336956
259 0.24563590195733184 0.06072039011551251
258.5 0.24528243226170449 0.060547198721783366
258 0.24511924939012367 0.06046834937768224
257.5 0.2448184601918547 0.06030659022231789
257 0.24507583751334613 0.060436652162761555
256.5 0.24465434492303906 0.060227820210796035
256 0.24440146369621932 0.060110903941552614
255.5 0.24379586765106598 0.05981476886000125
255 0.24486266576190652 0.0603299022672328
254.5 0.24412523415620793 0.05997460059446382
254 0.2444508208338273 0.06014315967091547
253.5 0.2436967431274626 0.059760719597624044
253 0.24400043507225555 0.0599071637674224
252.5 0.24358319847837856 0.059706333246403155
252 0.24343503907027172 0.059634034283381404
251.5 0.2430583189658002 0.059445354937141835
251 0.24327924644083362 0.059557505641839
250.5 0.24321130801237767 0.05952407575826428
250 0.24303521729511862 0.05943413991615786
249.5 0.24263251126135407 0.059252732048685225
249 0.24217224196522857 0.05901788603049088
248.5 0.24280715271210757 0.05932521679674796
248 0.24264973388385486 0.05925219486397806
247.5 0.24209524994398202 0.0589770740896215
247 0.24174492769867587 0.058802128315757624
246.5 0.2417249932828874 0.058802746898417024
246 0.24219232010783154 0.05903499110752679
245.5 0.24140961556796245 0.0586497879697059
245 0.24108984626400418 0.05850396055892933
244.5 0.24145520039185148 0.058667394712315
244 0.24120552305002957 0.05854514970639685
243.5 0.24159806232272435 0.058739344379540585
243 0.24091788287256255 0.05840873386103303
242.5 0.2408821896813964 0.05838598271743618
242 0.24025387559644357 0.05809059364715952
241.5 0.23961891518970937 0.05779358309549607
241 0.2403575075744195 0.05813648172882751
240.5 0.24004609083054732 0.057987538396995615
240 0.23955272192849508 0.05775462844649921
239.5 0.23967503007505025 0.057818404181742
239 0.23953905558739205 0.05774695613728085
238.5 0.2387892091954764 0.05738772415947847
238 0.2394594342155412 0.057712535121358655
237.5 0.23877509601774483 0.05737467383413579
237 0.23870952666030562 0.05735188534860528
236.5 0.23844944670194684 0.0572157899232463
236 0.2386388682969928 0.05731076626409242
235.5 0.2380644361103065 0.05703047750170807
235 0.23779145508957356 0.05690907790878702
234.5 0.23809150726813028 0.05704552970296149
234 0.23798699115375646 0.05699762630085226
233.5 0.23822170477322374 0.05711787416615356
233 0.23715425495849538 0.05661307839104086
232.5 0.23678277184359064 0.056426471944103114
232 0.237506402665348 0.05677162448620124
231.5 0.23676653152061464 0.056433159794905374
231 0.23661204036977004 0.056347498543264075
230.5 0.23629132439223074 0.05619951687020329
230 0.23611180422803477 0.056104098690237844
229.5 0.23582777354174975 0.055981631055517615
229 0.23633767234298597 0.05622522045236691
228.5 0.23578318195491832 0.0559571446586532
228 0.23548978680281962 0.05581514304844744
227.5 0.23526864583280335 0.05570958784756534
227 0.2355530711747783 0.05584096043608708
226.5 0.23518901644406742 0.05568012020228548
226 0.23504110345060483 0.055601500108305335
225.5 0.23491146360722834 0.05553127506489996
225 0.23518473515004454 0.05566913588474505
224.5 0.234455484598404 0.05533230192283067
224 0.23478167085975865 0.05547834429319802
223.5 0.23427547581760824 0.05524763609453815
223 0.23360386342995512 0.05493592953784256
222.5 0.23392424539911652 0.055076874453587325
222 0.23299327025034075 0.05464267562609925
221.5 0.23317218675832518 0.054733051187073466
221 0.2329613734336385 0.054626726890436184
220.5 0.23337397696177117 0.054822345326988396
220 0.2326951070612818 0.05451646699369181
219.5 0.23265179496510352 0.05449375732727371
219 0.2325171332779663 0.0544167474719944
218.5 0.2324243481998502 0.05438757448135526
218 0.23248009626785263 0.05439691006217278
217.5 0.23165302929712048 0.05402721772167754
217 0.23149814121686318 0.05395534794848455
216.5 0.23120560522588132 0.05381261141932807
216 0.23136838256580122 0.05390399270015934
215.5 0.23121427331881503 0.053810689687876945
215 0.23112179314341472 0.05377369644223942
214.5 0.2308505682526307 0.053645519773659334
214 0.2304221143096823 0.05344959641716094
213.5 0.22999773698590886 0.053254112723528056
213 0.23000235255977544 0.05325544952035541
212.5 0.22947217673125356 0.053010902664557207
212 0.22976499035588002 0.053154200764340145
211.5 0.2292183516022658 0.05289260014284825
211 0.22912012574742227 0.052839948247822226
210.5 0.22947037858288952 0.05300636639642717
210 0.22892760640996224 0.05277034010057302
209.5 0.22881807317671143 0.052712445545299365
209 0.22821261637297194 0.05243370214972398
208.5 0.22841584589640662 0.05252469379594299
208 0.22807595964261707 0.0523760519456659
207.5 0.2281637222313021 0.05241488527942631
207 0.22794832876237497 0.05231164463798436
206.5 0.22783332543704898 0.052275238575884626
206 0.2273371110840664 0.052040583903406004
205.5 0.22691192497790386 0.05183019916495519
205 0.22668714322005262 0.051732696981268915
204.5 0.2268096444437337 0.05179518361719773
204 0.22682805520279503 0.051803256556777685
203.5 0.22579983112320148 0.05133999451732702
203 0.2261044417547303 0.05145854152973441
202.5 0.22633151119038325 0.051564461377592324
202 0.2252931557287033 0.051106082762725887
201.5 0.2249507839061754 0.050942589236669326
201 0.22526182421449062 0.05109246608745619
200.5 0.22446263505102226 0.050724582786405965
200 0.2250241631904839 0.05099251555639078
199.5 0.22440640475517887 0.05070161019604915
199 0.2247015603934481 0.05084359329968423
198.5 0.22448477620360818 0.05074007902734972
198 0.2249481333614441 0.0509575010884901
197.5 0.22380855560023238 0.050434429772227424
197 0.22342593441688213 0.05026864454803781
196.5 0.2233777657221099 0.05024354781843004
196 0.22344889966997714 0.050269478370437
195.5 0.22332999602248452 0.05021396029256139
195 0.22266357182864072 0.04991392816956873
194.5 0.22228763281779573 0.049759123816323796
194 0.22236583368897775 0.049787602288657785
193.5 0.222224047513635 0.049720928992191424
193 0.22167065058560875 0.04947701399156525
192.5 0.22204304160839514 0.049642722984593914
192 0.22094763577602944 0.049163728010293624
191.5 0.22085124893731925 0.04911595013193333
191 0.2212681719841329 0.04930694145919709
190.5 0.2205003913233176 0.048963410117521707
190 0.22070752793649975 0.049054020140837824
189.5 0.22046610325569913 0.04894850763031681
189 0.21987625933662924 0.048690923611330976
188.5 0.21937677170200043 0.04846579439430413
188 0.22002858167485043 0.04875140696538104
187.5 0.21864149882767628 0.048136927109974054
187 0.21845809713735226 0.04806065866118522
186.5 0.218362107108615 0.048030640690905305
186 0.2180912702557179 0.047898111341464475
185.5 0.21772823701500404 0.047744041559965804
185 0.2182662212657114 0.0479714839849209
184.5 0.21768524340247197 0.0477258304756483
184 0.2169448699413576 0.04739322789145117
183.5 0.21765688974821537 0.04771038034903165
183 0.21670547058115816 0.04729781797379182
182.5 0.21652132289401543 0.047207755774100905
182 0.2164591325136354 0.04719352388716506
181.5 0.21650980281280424 0.04722309182414595
181 0.21631384354659752 0.04713868503933099
180.5 0.21515824141484635 0.046622877768235926
180 0.21583830791463587 0.046916785239006865
179.5 0.21577038608592633 0.04689233545262704
179 0.2149583473941401 0.0465432636124763
178.5 0.2152104778667429 0.046645345237620116
178 0.21379826515786673 0.04603155621524456
177.5 0.21428719379016883 0.04624664027290055
177 0.2139486431687589 0.046108188414770185
176.5 0.21335918334498558 0.045856214225153284
176 0.21330305425416896 0.04582601808074828
175.5 0.21331297138076566 0.04583383649957182
175 0.2129367040038429 0.04566914450748715
174.5 0.21220225290098926 0.045357270378943125
174 0.21233579608455533 0.045403337158045155
173.5 0.21185864713833588 0.045212183059689645
173 0.21152542024832136 0.04506487888832608
172.5 0.21097736080119406 0.04483793263795149
172 0.2105946950277973 0.044667942059494016
171.5 0.21083125792023458 0.04477290752369892
171 0.2098892192514347 0.044381459443670106
170.5 0.2103082882655654 0.04454408591255795
170 0.20929324562532908 0.04411506117087401
169.5 0.2096182498467459 0.04425493175884851
169 0.20933184302192617 0.044142352360066375
168.5 0.209339563909979 0.0441520218559701
168 0.2090903184804476 0.044044428877499854
167.5 0.2089369550675582 0.04396582719934842
167 0.20867105590674026 0.043865714231634316
166.5 0.20788474899992723 0.04353698715876015
166 0.20812714460854218 0.0436313699804737
165.5 0.20728565504770033 0.04329114692693749
165 0.20776541531189782 0.043486312131166584
164.5 0.20667816175826517 0.04303321922729247
164 0.20673798971674992 0.04305239219804584
163.5 0.20565695892618666 0.04260986919007208
163 0.20641792770761233 0.04291488532136444
162.5 0.20597319810127246 0.04273367568337626
162 0.20577274557435166 0.04265573803067129
161.5 0.2049365011790475 0.04230912655041649
161 0.20543761251418027 0.04250920121817939
160.5 0.20489480697028423 0.042283551789927
160 0.20404130379591742 0.04193193989648628
159.5 0.2040674314311952 0.04194837378244059
159 0.20316046000951735 0.04158120340696354
158.5 0.203643692726268 0.04177624906954342
158 0.2023400049245999 0.04125316154887196
157.5 0.2024996981877987 0.041312431162768684
157 0.20225412663443226 0.04121388499410901
156.5 0.20261727840286742 0.041351794646168866
156 0.20215139703762355 0.041168497276299176
155.5 0.20166725555952753 0.0409766594628067
155 0.20170208480960586 0.04097953530605607
154.5 0.20024060098652183 0.04041186663838453
154 0.20044283855390568 0.04047843513007568
153.5 0.19995622992080492 0.04028587538588153
153 0.19985183062756232 0.04024756926375735
152.5 0.1996254212979531 0.04015891913235529
152 0.1992661013545435 0.0400149626597186
151.5 0.19891623806339254 0.03986824983972987
151 0.1987065653099729 0.03978220354520835
150.5 0.19792779120395865 0.03947218513118276
150 0.19779691052179038 0.039413999459750604
149.5 0.19751696073251415 0.03930496590837085
149 0.19766509427008191 0.039372870572652804
148.5 0.19751377751434587 0.03931492355008685
148 0.1964370414275347 0.03888153010301499
147.5 0.19664725408432246 0.03897034283008325
147 0.19615161644459259 0.03876667299973983
146.5 0.19542597299209175 0.038492701966765006
146 0.1953455774836631 0.03844951408286203
145.5 0.1946771351587229 0.038188743007639255
145 0.19450223051775503 0.03812385254459021
144.5 0.1941799730443426 0.037984008498684954
144 0.19405440071941565 0.03794207226238108
143.5 0.19305635662545673 0.03755603208868238
143 0.1929804309909801 0.037536902485899054
142.5 0.19292028521379173 0.03750997565269023
142 0.19234781560948738 0.037285879929552616
141.5 0.1919804380875775 0.037144037840533065
141 0.1924279168530693 0.03731910257870333
140.5 0.19154608838747023 0.03697567220350864
140 0.1906652227168004 0.03663886493008286
139.5 0.1901937060376355 0.036445557142406
139 0.19043480156109177 0.03654004158082213
138.5 0.18977211463253182 0.036301387074866465
138 0.18887429363282518 0.03594409274872995
137.5 0.18931943503682375 0.03611941076515667
137 0.1888121906110985 0.035930013775783615
136.5 0.18872058333509642 0.03589462295311578
136 0.18800015980372528 0.03562076460596856
135.5 0.18703258176905752 0.035263607340710094
135 0.18717235615710648 0.03531021000337562
134.5 0.18643250694434113 0.035038919533514234
134 0.18659483625905054 0.035093081548288
133.5 0.18623349440260709 0.034953550482397615
133 0.1856104707459182 0.034711430818835154
132.5 0.18536917367340638 0.0346310848067446
132 0.18500535477164873 0.03448712734268041
131.5 0.18473080715633428 0.03439403270079561
131 0.1841429026065639 0.0341824655789281
130.5 0.18322050144359017 0.03382993306135486
130 0.18350507461303214 0.0339453005492214
129.5 0.1831140061727916 0.033793408635748874
129 0.1829808813451735 0.03374783786347569
128.5 0.18221506493803888 0.03345803287324036
128 0.18211671390553225 0.03343515951608403
127.5 0.18183047284181222 0.03332544046296597
127 0.18118493433059524 0.03309393893882554
126.5 0.18050192224212672 0.03285128027483733
126 0.1803877214761593 0.032796538484399465
125.5 0.17966341740370262 0.032537443910665986
125 0.17984490400926292 0.0326134078668075
124.5 0.17924798337942202 0.032389129690004764
124 0.1789945290381675 0.03229610998535405
123.5 0.17844816708718295 0.03209654739718022
123 0.17748051101258075 0.03175988007037235
122.5 0.1775694790265012 0.03178562121561325
122 0.17732552267440324 0.031709592290012405
121.5 0.17675379974624655 0.03148552757386436
121 0.17569572291975816 0.03112230097106213
120.5 0.17536172800060454 0.031000151093074396
120 0.17537787464030682 0.031002633959328195
119.5 0.1759442884680657 0.031200826096130244
119 0.17424555436867745 0.03060343882593669
118.5 0.17397364584683017 0.03052384518333503
118 0.17344825518336832 0.030322057147907963
117.5 0.17296757025326195 0.030162487662914912
117 0.17260881446292609 0.030035922063303022
116.5 0.17191715828040374 0.02979888020701307
116 0.17195291211528013 0.029808919836696528
115.5 0.1714774876944766 0.0296427948658792
115 0.17165656897238432 0.02970886768078733
114.5 0.17032125418619423 0.029243091900445575
114 0.16982799303991825 0.02907773764662862
113.5 0.1698183439712778 0.029077851961015474
113 0.1695660782872566 0.028986092316418334
112.5 0.1680722120929716 0.028480082169819686
112 0.1682961229678642 0.028558790157064362
111.5 0.16737045490189845 0.02824637289628132
111 0.16731051631399968 0.02822116896159695
110.5 0.16627912816571105 0.027873987579653297
110 0.1664425578120105 0.027932675759523656
109.5 0.16538101495007265 0.027579664639418695
109 0.16536721156701017 0.027563391759788697
108.5 0.16461513869385214 0.02732122073896833
108 0.16426958918265663 0.027210653391115513
107.5 0.1632945859670537 0.026900673956235712
107 0.1632802174612258 0.026880328507468628
106.5 0.16301467989565402 0.026799111060160318
106 0.16273862218081428 0.02670219557110313
105.5 0.1618181886069206 0.026400955129985294
105 0.16191350068791185 0.026429035508219137
104.5 0.16049704668322318 0.02598490968114304
104 0.16000688992828427 0.025816318665007748
103.5 0.1596018677215913 0.025689830995560756
103 0.1593606490458248 0.025615457049864454
102.5 0.15815867992235483 0.025223044152636064
102 0.1584446261630238 0.025309981767494993
101.5 0.15784571322411206 0.0251290884181493
101 0.1577905797246028 0.025108104604524624
100.5 0.1568132691168473 0.02480018073563593
100 0.1566161790272954 0.0247331247589904
99.5 0.1551312305531455 0.02426510599523076
99 0.1554375204557574 0.0243677960707203
98.5 0.15452944096992427 0.024082231517626222
98 0.15364923609720477 0.02380514855343464
97.5 0.1540507741088654 0.023942442256193734
97 0.1533075773889478 0.02370138531915294
96.5 0.15270204275816518 0.023506588834011084
96 0.15229295157093642 0.02338603324262216
95.5 0.1519148848515611 0.023271138932732686
95 0.15157834505222476 0.02316956183921515
94.5 0.15029141435040386 0.022787035091915722
94 0.14971082340516328 0.022606270048236978
93.5 0.14974835900839467 0.022621387632385897
93 0.14937097909641403 0.022505124784583067
92.5 0.14822882912840557 0.02214921990139126
92 0.1475717597702833 0.021970334088066066
91.5 0.14764953579120563 0.021981556343179953
91 0.14641348584890432 0.02162201004811982
90.5 0.1463657957114758 0.021610711978756858
90 0.14469319558868515 0.021118065700662134
89.5 0.14491397574172374 0.021173969445645095
89 0.14424470709497703 0.020981501780348338
88.5 0.14415652374166937 0.02095295424293277
88 0.14315251732801854 0.020666213862616425
87.5 0.1426440296375587 0.020519160708610987
87 0.14150829064250967 0.02019279781928788
86.5 0.14133547725624065 0.020151190142447525
86 0.14056863970246708 0.019926940967362777
85.5 0.13982138304767436 0.01971618462152207
85 0.1392975637492223 0.01957626028094233
84.5 0.13927196912710627 0.019565447165351652
84 0.13883446736163083 0.01944344206936194
83.5 0.13786051390087836 0.019170965783134705
83 0.13740556354152977 0.019036945237323147
82.5 0.13673622648875616 0.01886464943092004
82 0.13607207604546773 0.01867649308425573
81.5 0.13587652281748377 0.018626015778449287
81 0.13452247078144958 0.018252631712741222
80.5 0.13433330591551895 0.018208344595222574
80 0.13359412520942057 0.018015202897743735
79.5 0.13355582191592688 0.017996628314649765
79 0.1323374959977712 0.017677722974961098
78.5 0.13208201671755482 0.017596211197492412
78 0.13186100559550173 0.01753538462491089
77.5 0.13024828103795033 0.017112193957778563
77 0.1300382010763195 0.017054293226171652
76.5 0.12969674650846605 0.016974603331502875
76 0.12910875542244646 0.016817551500874713
75.5 0.1282808367435035 0.0166016338727492
75 0.1281343959041673 0.016564569129466872
74.5 0.12698663901701643 0.016267430065746193
74 0.1266805622308035 0.016194166651443666
73.5 0.1254912336509767 0.015890019586813797
73 0.12543984434689404 0.01587572404982718
72.5 0.12419056094708675 0.015563484837417246
72 0.1235571250706359 0.01540236712212999
71.5 0.12257997845219401 0.015156494226437764
71 0.12264359996870823 0.015169289707986804
70.5 0.12127759051048627 0.01484108958282748
70 0.12078091554492545 0.014717613610419013
69.5 0.12025710983608029 0.014587862363621489
69 0.11981399585601764 0.014482782762987942
68.5 0.11921385388501432 0.01434010003413169
68 0.1186379765799174 0.014195987155361993
67.5 0.11816320262122317 0.014086411784275589
67 0.1170143928295775 0.013815235178260178
66.5 0.11625054667046666 0.013635490222820755
66 0.11577428524466989 0.01352192092583331
65.5 0.11494835957541082 0.013328893659597373
65 0.11413061667096959 0.013148518147251905
64.5 0.11402528832310477 0.013115108894621313
64 0.11305104962876929 0.012894387943466482
63.5 0.11179418201319735 0.012610798257030799
63 0.11180810330011437 0.012608970993326179
62.5 0.11110449183525387 0.012456228451369945
62 0.11023730532889536 0.012255249067612566
61.5 0.10931764812327406 0.01205202871484784
61 0.10856486713357738 0.01188731985045825
60.5 0.10820248903338997 0.01182088525682129
60 0.1071441096619374 0.011583921739419368
59.5 0.10685193373081102 0.01151583065896716
59 0.10609186957204264 0.0113608875417059
58.5 0.10504102496659118 0.011133832257426536
58 0.10441101731767051 0.010999302080243007
57.5 0.10383948793776053 0.010882744597727364
57 0.10209503440649301 0.010511529675157893
56.5 0.10224981800041046 0.010545921719654051
56 0.10104676565046426 0.010300483569481511
55.5 0.10112718030602165 0.010319993061341291
55 0.09983947675864595 0.010055827012631623
54.5 0.09909903379504914 0.009904098255919739
54 0.09874552705352108 0.009836529558620296
53.5 0.09808560881572384 0.009706522996745489
53 0.09676641528531503 0.009445950087337788
52.5 0.09589413079578557 0.009277734906399238
52 0.09553879117536475 0.00920772657483427
51.5 0.09440655519009883 0.008991661118011099
51 0.09366723820377058 0.008856895507449029
50.5 0.09309710809781706 0.008747854087758305
50 0.09258155091092991 0.008644951815845582
49.5 0.09175498901723211 0.008495072606767773
49 0.09103596710678355 0.008359053731683816
48.5 0.09013690810485617 0.008195561847159884
48 0.08919923401953851 0.008025927173358717
47.5 0.08896322879295716 0.007985812840460066
47 0.08763868031220758 0.007752966780355814
46.5 0.08765115430320042 0.007748888958390923
46 0.08642860380911975 0.007537211967901225
45.5 0.08573999945126022 0.007415215070065648
45 0.08474539617210584 0.007241497356981318
44.5 0.08404769801774595 0.007127935024235814
44 0.0831499246827219 0.006977176244568824
43.5 0.08214114578364062 0.006803676076787766
43 0.08133474800580619 0.0066767141631711635
42.5 0.08104794191498549 0.00662910265906201
42 0.08064903791214072 0.0065615201925560305
41.5 0.07918012263638613 0.006322405567519823
41 0.07839046567333181 0.006201608114096339
40.5 0.07811213979075575 0.006154330647170595
40 0.07680788051451018 0.005953830876070457
39.5 0.07573903237357318 0.005786457263000034
39 0.07527142720374344 0.0057166046273634825
38.5 0.07441117513579236 0.0055827525242572945
38 0.07381264001086717 0.005492924959370653
37.5 0.07277329855632149 0.00534327746042448
37 0.07270430961260071 0.005332446051212124
36.5 0.07142003946102236 0.005143079738848241
36 0.07025880431869634 0.004977505390763934
35.5 0.06906566274318739 0.0048115002436787575
35 0.0681429509597976 0.004683671497347956
34.5 0.06772304931273146 0.004629114643105437
34 0.06697274208421014 0.0045230326636071985
33.5 0.06618486485680666 0.004421243773922724
33 0.06529682780832995 0.004301118883075724
32.5 0.06413318888506726 0.004146946751648953
32 0.06353628776558165 0.004070479902276889
31.5 0.062222070998075356 0.0039040993708795166
31 0.06187773181166131 0.00386146247998966
30.5 0.06116533086040633 0.003771831879229686
30 0.05985959667761983 0.003613318921003583
29.5 0.05942282614894251 0.003563436190353454
29 0.058244686586641135 0.003421278128323991
28.5 0.05780520284094133 0.003370658537941271
28 0.05661893324324005 0.0032334518154357225
27.5 0.055863404781982005 0.0031476635940476997
27 0.05494834234507912 0.0030440012517843028
26.5 0.054450839957239525 0.0029908270866999616
26 0.053650943655183886 0.002901120258717108
25.5 0.052738520505295435 0.0028038452319791942
25 0.05137785312002599 0.0026610076117659625
24.5 0.05090226169365291 0.0026132781929038957
24 0.050063084275457005 0.0025241048240212467
23.5 0.04915167618192307 0.0024346649611261184
23 0.04851009720272634 0.0023719013317704445
22.5 0.0472753197824642 0.0022522113238518434
22 0.0463819531092714 0.00216828854638364
21.5 0.045450406375051634 0.0020821371115006663
21 0.04450014777696545 0.0019955906673572404
20.5 0.043813506414355365 0.0019345821954843548
20 0.04307605965221669 0.00186986660681186
19.5 0.0420238083291221 0.0017788959802575543
19 0.04171679558587025 0.0017529043331293518
18.5 0.04028966221053213 0.0016355307375609375
18 0.03959067502598695 0.001578752338869292
17.5 0.03838746207713957 0.0014834468707220832
17 0.03802312825108938 0.0014558006952509182
16.5 0.036960696239296424 0.0013741291816655693
16 0.03606030617808634 0.0013086709312801269
15.5 0.03516134771584206 0.0012443464292526312
15 0.03440173251981329 0.0011909856366952847
14.5 0.03349855454134294 0.0011289848244728745
14 0.03269824548210967 0.0010754072222182868
13.5 0.03218715492122466 0.0010421678732334002
13 0.031157168269388573 0.0009758327682068098
12.5 0.030480737732605935 0.000933999337283439
12 0.029846809320576446 0.0008955240066234943
11.5 0.029074636140160925 0.0008488336430825562
11 0.02824431693125785 0.0008009835236865012
10.5 0.02757154345753881 0.0007632970546364631
10 0.02690049944628077 0.0007264879340335905
9.5 0.026252320743444642 0.0006916012634814935
9 0.025595661403273778 0.000656975600978906
8.5 0.025100138957301642 0.000631808056818263
8 0.024449484498941913 0.0005995171445918006
7.5 0.023848346375181313 0.0005699827952055604
7 0.023347387369298887 0.000546195492828143
6.5 0.022796846555520934 0.0005204394347562368
6 0.022285084021150446 0.0004971591149729016
5.5 0.02196111133880023 0.00048289696227702767
5 0.021476735823500806 0.00046162132694104813
4.5 0.021183271698224888 0.00044905429408505915
4 0.02072179069660434 0.0004295644418916999
3.5 0.020447501230573543 0.00041823495612740774
3 0.0201874021398574 0.00040761740507236913
2.5 0.019941431322374168 0.00039771260835190964
2 0.019748588721225313 0.000390037510294768
1.5 0.01958645990173263 0.00038364180137602754
1 0.01946957934919755 0.00037906775149589494
0.5 0.019419413468656666 0.0003771140568431911
