1000 0.8599063887296734 0.739908374509362
999.5 0.85973285756695 0.7396169904588595
999 0.8599770163050481 0.7400172293028265
998.5 0.8599632428396486 0.740021928722786
998 0.8596144601426556 0.7394051922923667
997.5 0.8598162221374297 0.7397630750668454
997 0.8595940768308254 0.7393783608051269
996.5 0.8594854769655658 0.7391838802368741
996 0.8591684064776677 0.7386486764828458
995.5 0.8594741173641418 0.7391728747432647
995 0.8593883280472132 0.739011992018642
994.5 0.8595275851427884 0.7392609328579289
994 0.8596192720269341 0.7394148923202674
993.5 0.8593292155094434 0.7389082864427043
993 0.8594841224193221 0.7391763476296835
992.5 0.8594385778420089 0.7391064637770827
992 0.8593732459266962 0.7390025402707058
991.5 0.8593572375826258 0.7389570247136096
991 0.8594969988910963 0.7391957285712939
990.5 0.8597899220043086 0.7396973539081578
990 0.8596466621594778 0.7394632259329111
989.5 0.8592272982973423 0.7387388490235608
989 0.8593734866046101 0.7389946155588822
988.5 0.8596773835596556 0.7395020013770066
988 0.8596029604898825 0.7393944399270899
987.5 0.8590478816796567 0.7384432852360039
987 0.8590129244825033 0.7383744813975003
986.5 0.8598777678985291 0.7398677156021413
986 0.8591765972051628 0.7386605186148916
985.5 0.8596150892393558 0.7394114859238878
985 0.8593740855355139 0.7389846665429409
984.5 0.8589121147068451 0.7382003236548489
984 0.8594273941788991 0.739084319784404
983.5 0.8594765053935514 0.7391649513982298
983 0.859623482506394 0.7394299771867967
982.5 0.8593060815017185 0.7388712212841164
982 0.8594229382688433 0.7390789701351926
981.5 0.8586520080596436 0.7377588333557606
981 0.8592524107333418 0.7387762467723435
980.5 0.8594142115790311 0.7390616920046503
980 0.8589113261862257 0.7382021050570782
979.5 0.8589788805191317 0.7383267194698413
979 0.8592426004021079 0.7387818295208712
978.5 0.8591649235819527 0.7386477331489647
978 0.8588971159750043 0.7381919902692933
977.5 0.8592785228320539 0.7388342457110214
977 0.8590722192383871 0.738475965925629
976.5 0.8589325582462453 0.7382485214523419
976 0.8590025730558432 0.7383558678907366
975.5 0.8596473142463956 0.7394687451981656
975 0.8593406960182404 0.738947208317306
974.5 0.8588444849719277 0.7381097716029309
974 0.8592367623825898 0.7387658636266989
973.5 0.8588459723209158 0.7380972654650771
973 0.8592441065736601 0.7387771644391207
972.5 0.8590303949340657 0.7383983421531781
972 0.8587350410455306 0.7379005251224937
971.5 0.8589588595734811 0.7382957120278432
971 0.859054368862576 0.7384586596770033
970.5 0.8588431268417374 0.7380829761731673
970 0.8588533173895674 0.7381048398951676
969.5 0.8586106526850233 0.7376867184640431
969 0.8591946302481074 0.7386736110464586
968.5 0.8588317412207511 0.7380540658203659
968 0.8588944879589292 0.7381722989106584
967.5 0.8590907305525569 0.738514086351033
967 0.8591461548510981 0.7386133828133061
966.5 0.8591665558227641 0.7386416162894764
966 0.8593133568385553 0.7388873095439369
965.5 0.8591250769269003 0.7385755618546197
965 0.8590930489622187 0.7385141130779586
964.5 0.858814742666163 0.7380369509304944
964 0.8586524911889807 0.737756110140891
963.5 0.8586472476343956 0.7377425035636778
963 0.8590063099874288 0.7383597176962866
962.5 0.8585410286940041 0.7375673579581297
962 0.8588560469153075 0.7381032273542524
961.5 0.8593303273002034 0.7389189109526265
961 0.859222016172555 0.7387292862285842
960.5 0.8586820893895717 0.7378176163686145
960 0.8586297068800156 0.7377171873161842
959.5 0.8585877669328398 0.7376398319308234
959 0.8585285093775491 0.7375502532863389
958.5 0.858305543478797 0.7371695906795211
958 0.8585923879380385 0.7376441465990486
957.5 0.8583537450075182 0.7372354911910981
957 0.8584789977872807 0.7374600208731873
956.5 0.8584354279270223 0.7373833917378018
956 0.8591520898059247 0.7386146202134247
955.5 0.8586867639557461 0.7378195295674921
955 0.8584818328747136 0.7374656321511163
954.5 0.8589862695531585 0.7383419556379317
954 0.8584444057066761 0.7374004948526466
953.5 0.8584747812356982 0.7374620365478678
953 0.8584363196544632 0.7373953709855285
952.5 0.8584316348143686 0.7373756933720155
952 0.8583188291015303 0.7371891701177483
951.5 0.858256165407931 0.737090189856312
951 0.8582264843974953 0.7370345399234822
950.5 0.8586355408577869 0.7377350309785132
950 0.8585243917123906 0.7375396301021195
949.5 0.8582667368531409 0.7370997173995426
949 0.8581976984552608 0.7369766644206719
948.5 0.8583722449184579 0.7372807072642511
948 0.8590117618779598 0.7383728570056478
947.5 0.8587374472508547 0.7379000694580138
947 0.8588301629304964 0.7380459720780719
946.5 0.8583373262384887 0.7372219928826972
946 0.8581537937869487 0.7369024439446366
945.5 0.8583590146670277 0.737252803881376
945 0.8583805067771212 0.7372799284347029
944.5 0.8585239680074563 0.7375377898770752
944 0.8581221970690784 0.7368405492512164
943.5 0.8581592363228056 0.7369071958251768
943 0.858572804719847 0.7376232741446417
942.5 0.8584176175838449 0.7373435330064548
942 0.8582462359888959 0.7370491390990894
941.5 0.8580847031299659 0.736784837855962
941 0.8582635255103837 0.7371011153882319
940.5 0.8587089922586144 0.7378422213876328
940 0.8581806478096838 0.7369394544624048
939.5 0.8585208015807428 0.7375330414324991
939 0.8584344094596781 0.7373861094552795
938.5 0.858143732820188 0.7368804930723567
938 0.8574956384759941 0.7357759674218841
937.5 0.8584865211878576 0.7374724773188144
937 0.8579827107629112 0.7366071639535822
936.5 0.8583209067439159 0.7371911298429443
936 0.8583130021590268 0.7371707954756327
935.5 0.8582403955189404 0.737037203492922
935 0.8577981643494985 0.7362986604366609
934.5 0.8580185305136923 0.7366721746935513
934 0.8577799258307249 0.7362611125255037
933.5 0.8582772348108454 0.7371098736757326
933 0.8587468439503604 0.7379241928519082
932.5 0.8583204631953482 0.7371949639003305
932 0.8578249829485228 0.736343597249208
931.5 0.8577341045007096 0.7361827262158712
931 0.8579455830085856 0.7365482024915253
930.5 0.8579628428639474 0.7365793721734762
930 0.8577178267326476 0.7361581081067512
929.5 0.8580789155539886 0.7367794690333254
929 0.8577126094149164 0.7361351701608789
928.5 0.8578282434635349 0.7363504847215929
928 0.8578559573906592 0.7363771047071095
927.5 0.8578495655021143 0.7363733354767907
927 0.8576906901285912 0.7361042312121836
926.5 0.8575728554823653 0.7359129822943634
926 0.8577463759709815 0.7362044983406025
925.5 0.857887840113814 0.736445142054885
925 0.8575780970671534 0.735918134103156
924.5 0.8576552827086478 0.7360439162186275
924 0.8579887232936892 0.7366242691653789
923.5 0.8574135403171997 0.7356345150371751
923 0.8573498421079803 0.7355303656754943
922.5 0.8577321146419403 0.7361738178985234
922 0.8578405332398732 0.7363626637174822
921.5 0.8579144076780633 0.7364918346097458
921 0.8576885603548071 0.7360849173849001
920.5 0.8577396260011464 0.7361870545106393
920 0.857473748597343 0.7357254211924975
919.5 0.8579231687217669 0.7365225583150837
919 0.8571621689733461 0.735205569154755
918.5 0.8579828876924203 0.7366073959409352
918 0.8576353944195383 0.7360099999712173
917.5 0.8570714570462904 0.7350390693243978
917 0.8573007112876142 0.7354382363871407
916.5 0.8575076199174381 0.7357873040034366
916 0.8575896019433823 0.7359264056502176
915.5 0.8574836238117709 0.7357645762203108
915 0.8580445947361407 0.7367175798166132
914.5 0.8576935331287124 0.736123162117433
914 0.8571736227873956 0.7352227882562073
913.5 0.8578077693293809 0.7363103268891771
913 0.8575200559367577 0.7358178322302428
912.5 0.857453453936574 0.7356949273494544
912 0.8572506083043481 0.7353625446202117
911.5 0.8572201279626994 0.7352974195052597
911 0.8578428005719775 0.7363747247173151
910.5 0.8574702903667518 0.7357225498651996
910 0.8576470980380342 0.7360269148997877
909.5 0.857241034768437 0.7353432796644988
909 0.8573844011497718 0.7355718449943139
908.5 0.857227263518696 0.7353159806256867
908 0.8569333605052697 0.7348034105770764
907.5 0.8574095251834071 0.7356296315241414
907 0.8571943234952231 0.7352516781653526
906.5 0.8572640660761011 0.735372634439157
906 0.8568720459453463 0.7347185621191733
905.5 0.8575860247360041 0.7359254801549314
905 0.8573238266816317 0.7354796028422756
904.5 0.8573075423468982 0.7354563884322914
904 0.8574086327297901 0.7356277248675666
903.5 0.8573137869563355 0.7354529991966844
903 0.8568955423303763 0.7347437959668377
902.5 0.857404875494094 0.7356099530708526
902 0.8569710642084556 0.7348695970730127
901.5 0.8570182620103887 0.7349588976357039
901 0.8569692028665158 0.7348721809593842
900.5 0.8571413659838762 0.7351621352500395
900 0.8570112617320933 0.734937423793395
899.5 0.8568072539142274 0.7345935588879605
899 0.8573149820228316 0.7354620971412986
898.5 0.8568704517018095 0.7346984393120132
898 0.8571996970001716 0.7352488369750502
897.5 0.8570306931305026 0.734970957892411
897 0.8568198877467966 0.73461129103261
896.5 0.8570850395174193 0.7350694501957747
896 0.8568330985354758 0.7346260059876097
895.5 0.8571812575712119 0.7352329732810853
895 0.8570271293151894 0.7349597690026893
894.5 0.8571466004904283 0.7351707961704739
894 0.8569233296577622 0.734785413005061
893.5 0.8569301848950623 0.734805254488403
893 0.8566763710521414 0.734371270320836
892.5 0.8569379555409704 0.7348151651246325
892 0.8573802880516493 0.7355672451521451
891.5 0.8564657560607415 0.7340047491008397
891 0.857204779652341 0.7352751632194607
890.5 0.8566479417917501 0.7343230680459161
890 0.8570300694045091 0.734966114871666
889.5 0.8567453627057042 0.7344888855387111
889 0.8574986831923447 0.7357707293850816
888.5 0.8568814180091475 0.7347245196951142
888 0.8564897250295723 0.7340491389100889
887.5 0.8566559992102466 0.7343279218848118
887 0.8569507083588291 0.7348305603902928
886.5 0.8567825320645257 0.7345536458955157
886 0.8568688232192969 0.7346959176376291
885.5 0.8564024352323586 0.733903454197774
885 0.8567701189294302 0.7345380883254009
884.5 0.857185000268352 0.7352274920078465
884 0.856855388282285 0.7346683701894312
883.5 0.8567611805466596 0.7345084733771402
883 0.8566681921575792 0.7343473097948898
882.5 0.8562574489284069 0.7336535850056919
882 0.8564165411192368 0.7339269520135571
881.5 0.856082398712234 0.7333452008768367
881 0.8567944288415568 0.7345557912905355
880.5 0.8561277562425756 0.7334427415267305
880 0.856404849456651 0.7339052282438645
879.5 0.8561178911151539 0.733407840110646
879 0.8568520677387939 0.7346618382697381
878.5 0.8565441073178575 0.7341421912481675
878 0.8564784461723767 0.7340297691624424
877.5 0.8567311788812297 0.7344560284725159
877 0.8565374596686126 0.7341344414445073
876.5 0.8564787518621876 0.7340232205192686
876 0.8561346340455566 0.7334470093741629
875.5 0.8560838180594162 0.733355767763454
875 0.8558315985527573 0.7329186385015789
874.5 0.8563087389139813 0.7337325833440601
874 0.8565819026988962 0.7342036045928544
873.5 0.8564690278678561 0.7340149853451534
873 0.8565536331152713 0.7341666234508172
872.5 0.8564146519154374 0.7339244228779654
872 0.8564633968551922 0.7340016123374625
871.5 0.85634344558843 0.7337887118582666
871 0.8558085889880682 0.7328876268333676
870.5 0.8559553141231798 0.7331204451727653
870 0.8564104471747542 0.7339178407359972
869.5 0.8555837251014858 0.7324899264601783
869 0.8566337942706282 0.7342861662799328
868.5 0.8553768452006953 0.7321460219316424
868 0.856320352251554 0.733766724033526
867.5 0.855715353659167 0.7327295501503661
867 0.8560651536905028 0.7333203521405822
866.5 0.8562101510732801 0.7335691895189053
866 0.8561737078478803 0.7335100956996283
865.5 0.8560654147751335 0.7333231146028855
865 0.8558515682677459 0.7329642622845187
864.5 0.8554520902321685 0.7322703457384123
864 0.8556204001632413 0.732559132178982
863.5 0.8561436704084379 0.7334513812676257
863 0.8554000384607028 0.7321893416376827
862.5 0.8558064101416526 0.7328855525913331
862 0.855994666916743 0.7331909583984659
861.5 0.8557421330264001 0.7327813291705445
861 0.8559913642038008 0.7331954327030873
860.5 0.8562922612442776 0.7337060874830097
860 0.8556062644649075 0.7325357903511233
859.5 0.8563482459711054 0.7338076174315704
859 0.8562157346189622 0.7335808722828172
858.5 0.8558049136915106 0.7328718416336606
858 0.8554822802298571 0.7323198276530221
857.5 0.8556382654831945 0.7325991770933675
857 0.856296726523387 0.7337115647633863
856.5 0.8558762291344627 0.7329882523898903
856 0.8552438843517456 0.7319091066515464
855.5 0.8559476171909047 0.7331194279045072
855 0.855901288919615 0.7330313898504986
854.5 0.8554597883643079 0.7322852561406852
854 0.8558086578016566 0.732881093918258
853.5 0.8556785749865827 0.7326652726626746
853 0.8554121255639346 0.7322227087310856
852.5 0.855730734630939 0.732748210142397
852 0.8556111221838958 0.7325514845641331
851.5 0.8556265781316248 0.7325780190817753
851 0.8549864860748563 0.7314872436974894
850.5 0.8556644198482124 0.7326492198174331
850 0.855406272518778 0.7321966424387854
849.5 0.8550192861166435 0.7315370134368069
849 0.8553562599208159 0.7321108300458209
848.5 0.8552461049217477 0.7319245854541003
848 0.8554117749119761 0.7322105460427291
847.5 0.8555406481906586 0.7324279416225105
847 0.8562116720570138 0.7335830236530341
846.5 0.8555780539958775 0.7324926611348428
846 0.8552517048442284 0.7319193435768123
845.5 0.8553644925796285 0.7321426647934429
845 0.8555407991978639 0.73242751990211
844.5 0.8552146498070017 0.7318730474841179
844 0.8551435277629716 0.7317511738780353
843.5 0.8552031552898364 0.7318446574483236
843 0.855320604469203 0.7320469859900174
842.5 0.8550645478039594 0.7316047613398892
842 0.8555256294117338 0.7323904097464937
841.5 0.8550604134974324 0.7316052534992552
841 0.855224723574776 0.7318891374900754
840.5 0.8549266023271126 0.731374566861475
840 0.8545013820851174 0.7306571345278621
839.5 0.856044069847697 0.7332868237322656
839 0.8547549239727003 0.7310858838592726
838.5 0.8545419189803475 0.7307242242983121
838 0.8550843318443061 0.7316545262960538
837.5 0.8551534337821097 0.7317790936942403
837 0.855193118245341 0.7318224645333745
836.5 0.8549853083371286 0.7314875170336438
836 0.8554863307983968 0.7323413473105627
835.5 0.85481110292772 0.7311694038629548
835 0.8550093801369406 0.7315209688659072
834.5 0.8552650903090548 0.7319556378456503
834 0.8544842751484637 0.730626040702518
833.5 0.8552078667587043 0.7318520144560776
833 0.85510196465344 0.7316774231195284
832.5 0.8553673610362107 0.7321341614985651
832 0.855033763328235 0.731562935831775
831.5 0.8549921936847548 0.7314890287161364
831 0.8550018917537938 0.7314979338024565
830.5 0.8548376501394903 0.7312400381172754
830 0.8549129455203208 0.7313603220244765
829.5 0.8549283186628995 0.7313784073230433
829 0.8545736817728238 0.7307761812505497
828.5 0.8554564408719371 0.7322761758965853
828 0.8547609711368214 0.7310877301984945
827.5 0.8548176774712466 0.7311903569263205
827 0.8548190465161143 0.7311945278817231
826.5 0.8548999861219507 0.7313229532921461
826 0.8546803824515447 0.7309715380484698
825.5 0.8543612484579077 0.7304168577414522
825 0.8549730628313087 0.7314449495371911
824.5 0.8549249632468341 0.7313629852702939
824 0.8547508178439419 0.7310807444532964
823.5 0.8544988974373786 0.7306398894985211
823 0.8546843877347113 0.7309655788523364
822.5 0.8541855930332227 0.7301214673982381
822 0.8539856615933529 0.7297661180672733
821.5 0.8545476011047535 0.7307252842534145
821 0.8543865602138287 0.7304572492280039
820.5 0.8544590131595516 0.7305924046017641
820 0.8547280579259567 0.7310381069413797
819.5 0.8542690644960682 0.7302535471563292
819 0.8542703385176306 0.7302514635536826
818.5 0.8544583548120962 0.7305725844250109
818 0.854115242390629 0.7299826911242372
817.5 0.8549920728841388 0.7314731238690088
817 0.855134749286527 0.7317289137510212
816.5 0.8542883593751835 0.7302809178024599
816 0.8542699508251033 0.7302484284892257
815.5 0.8542644932948158 0.7302423786193495
815 0.8543705609680273 0.7304239127771992
814.5 0.8547834474706575 0.7311224956878589
814 0.8543404850896827 0.7303794605154174
813.5 0.8533834369351702 0.7287393619650356
813 0.8546974709079527 0.7309956738586416
812.5 0.853813133326472 0.7294704208388982
812 0.8540344383954711 0.7298442385665957
811.5 0.8534885484032181 0.7289204050766562
811 0.8540462012822962 0.7298730066436471
810.5 0.8543506890887207 0.7303890549345987
810 0.8543444819183843 0.730398904141805
809.5 0.8542883225663976 0.7302903614003092
809 0.853701877363709 0.7292823511313333
808.5 0.8540485032123961 0.7298767702713727
808 0.854016500606234 0.729832311425284
807.5 0.854111931718726 0.7299888186675558
807 0.8541558271399616 0.7300575079815593
806.5 0.8539226491343939 0.7296707962138422
806 0.8537687882901979 0.7294136519702676
805.5 0.8541043000996494 0.7299597539287221
805 0.8537243627997949 0.7293238778635448
804.5 0.8538778464066992 0.7296029985542464
804 0.8539986594620115 0.7297853068879503
803.5 0.8538119812653558 0.7294787110928036
803 0.8536673502819451 0.7292357962104073
802.5 0.8535307388844751 0.7289949842491826
802 0.8537929633180312 0.7294385692187769
801.5 0.8541153284562573 0.7299791486890492
801 0.8538813331184517 0.7295863845359556
800.5 0.8536571441968225 0.7292234501753415
800 0.8537343696565657 0.7293354733938096
799.5 0.8539337099791096 0.7296777004601914
799 0.8535809940994769 0.7290780574608513
798.5 0.8535200309697808 0.7289779831479409
798 0.8535464306567063 0.7290254265541972
797.5 0.8535923478503354 0.7290874617925414
797 0.853628052630743 0.729165617742146
796.5 0.8534431263063958 0.7288402862642528
796 0.8536536044933121 0.7292124949662782
795.5 0.8536879789614262 0.729254453283373
795 0.8536249915606635 0.729164570336143
794.5 0.853763576210623 0.7293829630005894
794 0.8536634802446479 0.7292200078239105
793.5 0.8533618596700286 0.728710538566523
793 0.8535589387470832 0.7290311270386669
792.5 0.8528892854439085 0.727896020558688
792 0.8533423037594209 0.7286675163150601
791.5 0.8532168970962155 0.7284704661888797
791 0.8537097786969475 0.7293082714580842
790.5 0.853697289886401 0.7292725591911381
790 0.853348115867894 0.7286755492682339
789.5 0.8530917030027041 0.7282502899560231
789 0.8534570880865227 0.7288530240035155
788.5 0.8529545377913315 0.7280026300332267
788 0.8533562736259904 0.7287036960134876
787.5 0.8532722275384063 0.7285588922729347
787 0.8532440426488324 0.7285110795959495
786.5 0.8532450165988213 0.7285083017331933
786 0.8536868145748916 0.7292597277472047
785.5 0.8532263793173688 0.7284840119489917
785 0.8535606547981196 0.7290435327109432
784.5 0.8532654117514326 0.7285398870943812
784 0.8531561083094127 0.7283528213791512
783.5 0.8528645476134896 0.7278541864265782
783 0.8533959257540505 0.7287524103587645
782.5 0.853132094908089 0.7283061171689897
782 0.8534722905624645 0.7288825323945511
781.5 0.8532200035362468 0.7284696515773714
781 0.8535401033448343 0.7289999705371997
780.5 0.8528493689424216 0.7278291478016478
780 0.8528302679709063 0.7277982458717686
779.5 0.852975218599175 0.7280375969841165
779 0.8528416362506461 0.727813661152787
778.5 0.8528571055984048 0.7278363476576122
778 0.8532585090440011 0.7285283420012197
777.5 0.8532646877929273 0.7285394549167088
777 0.8529733861122385 0.7280358513514539
776.5 0.8528637767218527 0.727863683115671
776 0.8529232731805262 0.7279531699415472
775.5 0.8527509041083245 0.7276626531141213
775 0.8533332992604015 0.7286489458232412
774.5 0.8525042640337338 0.7272450424393964
774 0.8525683700775131 0.7273510622802314
773.5 0.852496377024315 0.7272421821547447
773 0.853006872584688 0.7281027156949538
772.5 0.8527588276123131 0.7276667624835965
772 0.8525297915381165 0.7272801764717509
771.5 0.8525351462834959 0.7272934985524376
771 0.852843070804711 0.7278105400462649
770.5 0.8525637050234001 0.7273447989087352
770 0.8525253809202238 0.7272791643951186
769.5 0.8526698973466078 0.7275191431250168
769 0.8522358461029711 0.7267833304490882
768.5 0.8528402433802482 0.7278199482972655
768 0.8523044988113829 0.7269063048552779
767.5 0.8528233673882836 0.7277863343119081
767 0.8525293784294439 0.7272827959321709
766.5 0.8524719534311209 0.727189749717913
766 0.8522677489979079 0.726846617926995
765.5 0.8523489134033991 0.7269866844972523
765 0.8527163442909714 0.7276064960763345
764.5 0.8525777438764593 0.727381707697617
764 0.8525010605480686 0.7272309237411845
763.5 0.852073857080434 0.7265110023007966
763 0.8526368644661517 0.7274562409404136
762.5 0.8515645830329935 0.7256346686341425
762 0.8522738095259893 0.726837444638267
761.5 0.8523647610821518 0.7270068605236125
761 0.8524084079609962 0.7270775110694147
760.5 0.8517010691955089 0.7258851598347967
760 0.8524662886308998 0.7271907086837528
759.5 0.8520958716905549 0.7265437335342864
759 0.8525449681569364 0.7273196543623106
758.5 0.8517243455951896 0.7259056094955653
758 0.852209573052863 0.7267456142365614
757.5 0.8523093848888663 0.7269079807364198
757 0.8524911638717473 0.7272167366818533
756.5 0.8522122380704193 0.7267363741867042
756 0.8516807573068117 0.7258296351759769
755.5 0.8516653834058824 0.7258214291872701
755 0.8517812633834793 0.726014676327535
754.5 0.8525590948817416 0.727339245622032
754 0.8520886358513605 0.7265411310002621
753.5 0.85210355047708 0.7265655476126351
753 0.8519863135453919 0.7263608155839999
752.5 0.8520324941216879 0.7264332420067011
752 0.851252631449224 0.7251209147292039
751.5 0.8512269853918136 0.7250650361809331
751 0.8521387699045248 0.7266158001797404
750.5 0.8520149410278187 0.7264163316571708
750 0.8518891992454886 0.726207643079868
749.5 0.8523598938121805 0.7270006569214846
749 0.8519758910410117 0.7263556599117146
748.5 0.8518596729257699 0.7261429437913047
748 0.8515450002635386 0.7255977007421776
747.5 0.8518015786003187 0.7260462299258994
747 0.8515675704197577 0.7256505705365467
746.5 0.8514761194921368 0.7254889552550388
746 0.8516438220139022 0.7257735301744269
745.5 0.8515811898201272 0.725665104368363
745 0.8514073980839743 0.725378582951858
744.5 0.8509885915667245 0.7246485591984856
744 0.851352112512818 0.7252752286918281
743.5 0.8512528433482714 0.7251171452935866
743 0.8518079708500004 0.7260530672238974
742.5 0.8511296457253915 0.7249132709859686
742 0.8512325314638586 0.7250699609378287
741.5 0.851354542904875 0.7252765767157178
741 0.8512759951109514 0.7251424779200133
740.5 0.8509790098090807 0.7246373171876233
740 0.8514509595612275 0.7254419790047026
739.5 0.8516261368591959 0.7257487473686517
739 0.8509559404974609 0.7246247411823412
738.5 0.8512724743240536 0.7251411491968339
738 0.851406499518851 0.725368141268159
737.5 0.8509444075683114 0.7245811679861525
737 0.8512970828116658 0.7251933075963448
736.5 0.8515383753687067 0.7256037335789003
736 0.8515113573930312 0.725542394461417
735.5 0.8510502788277524 0.7247656672253439
735 0.8516843231235933 0.725846061920802
734.5 0.8513293909410179 0.7252485890985683
734 0.8514122559014411 0.7253820754961499
733.5 0.8506598607049267 0.7240984424928587
733 0.8511450086751924 0.7249351300518486
732.5 0.8512353880895258 0.7250790794034645
732 0.8509177429446476 0.7245454097961532
731.5 0.8508906422604613 0.7244929930011497
731 0.8508247968051484 0.7243861943479981
730.5 0.8508633771665962 0.7244516727751206
730 0.8505660842320449 0.7239348870390448
729.5 0.8510529979550308 0.7247648556972818
729 0.8504725283943744 0.7237881633708921
728.5 0.850757225890803 0.7242698493703453
728 0.8509422091879761 0.7245832079729421
727.5 0.8511255373359068 0.7249059426678076
727 0.8506784007245257 0.7241263838423613
726.5 0.850631483915441 0.7240565250917259
726 0.8503312065685105 0.7235385135073399
725.5 0.8506386581867458 0.7240700434078864
725 0.8511637494919749 0.7249496362772511
724.5 0.8501341477970094 0.723204744248759
724 0.8505483941561331 0.7239217909983969
723.5 0.8496922208892913 0.7224611934514074
723 0.8506177198230612 0.7240435814610755
722.5 0.8511137464603139 0.7248607671840152
722 0.850472067694452 0.7237962666698596
721.5 0.8507339040803489 0.7242313948815114
721 0.8501773087758295 0.7232971786350829
720.5 0.8503212580760932 0.7235321198672117
720 0.8505079365938522 0.7238364560403668
719.5 0.8505208196820392 0.7238636691169608
719 0.8500732453165136 0.7231175558592768
718.5 0.8505568422184779 0.7239244257418047
718 0.8501105633116393 0.7231740997768289
717.5 0.8504583391755767 0.7237606035537777
717 0.8504362813584481 0.7237284181266646
716.5 0.8500858842110686 0.7231257676424505
716 0.8505628803456431 0.7239245271650687
715.5 0.850674433097074 0.7241257447341803
715 0.850157246333282 0.7232488190441106
714.5 0.8500394778381352 0.723050195583673
714 0.8503055331437284 0.7234955942661545
713.5 0.8503698435746792 0.7236128739324745
713 0.8497202435127059 0.7225017163935572
712.5 0.8499564939213776 0.7229036037887505
712 0.8499166846768167 0.72284470153977
711.5 0.8503239071292783 0.7235263428812333
711 0.8505725597813881 0.7239527353024421
710.5 0.8497729283435906 0.7226078340938565
710 0.8502654525321389 0.7234279358359511
709.5 0.8497473217857325 0.7225618554760553
709 0.8500931169308631 0.7231306013182285
708.5 0.8499943219697337 0.7229761284024672
708 0.8496233017005415 0.7223437534685123
707.5 0.8503123573014781 0.7235111729286803
707 0.8499185412693702 0.722840340766577
706.5 0.8496764643693042 0.722433851743553
706 0.8494551330125663 0.7220570963499323
705.5 0.8499802494169508 0.7229452099262116
705 0.8498107462141113 0.7226551434288264
704.5 0.849540945407377 0.7222068765091664
704 0.8499314507065746 0.7228634023435417
703.5 0.8494805593064799 0.7220954164069744
703 0.8498965688360614 0.722801625412906
702.5 0.8500408803181173 0.7230469621887765
702 0.8496493931413263 0.7223867053744575
701.5 0.8492389297622014 0.7216827442684746
701 0.8496660778072881 0.7224204056208082
700.5 0.8497313206406159 0.7225279843288113
700 0.8494249844645994 0.7220006971281722
699.5 0.8493022500062983 0.7217970996332228
699 0.8496830049094826 0.7224333531711913
698.5 0.8498202062746719 0.7226800430544994
698 0.8489782726664121 0.7212496317512248
697.5 0.8495521976245081 0.7222027384123855
697 0.8496848475637716 0.7224445450340864
696.5 0.8492397928192078 0.7216929058402869
696 0.8493017964853825 0.7217870273132513
695.5 0.8494575352508201 0.722063667829794
695 0.8494328716114458 0.7220261333143533
694.5 0.8491398650524573 0.7215096370038069
694 0.8491338810660256 0.7215047613297787
693.5 0.8493358535856679 0.7218540036258817
693 0.8494470741436296 0.7220349968443865
692.5 0.8491040132820565 0.72144808253909
692 0.8490650088018852 0.7213923633610064
691.5 0.8497431686304361 0.7225386643158053
691 0.8486682424530496 0.720730703232844
690.5 0.8490359860065408 0.7213390222280194
690 0.8491289925793524 0.7215049513364323
689.5 0.8488864380754052 0.7210912817727041
689 0.8487585296188849 0.7208801259124765
688.5 0.8488269798948135 0.7210026446782598
688 0.8491347170096624 0.7215064741536742
687.5 0.8488231825888856 0.7209832624051615
687 0.849104520392095 0.7214663677974618
686.5 0.8491670717628378 0.7215723462824614
686 0.8486025741517462 0.7206081345029954
685.5 0.8486277518405777 0.7206547853146288
685 0.8489254781194078 0.7211457335142663
684.5 0.8483514914563777 0.72018614722656
684 0.8483307367728476 0.7201562187657093
683.5 0.8487676183731349 0.7208850224078711
683 0.8488133140290618 0.7209707113936158
682.5 0.8485274168233635 0.7204716351791528
682 0.8482142769894637 0.7199518676146754
681.5 0.8486722718114351 0.7207352478257056
681 0.8486617183795171 0.7207157335305476
680.5 0.8483205690513972 0.7201319214708667
680 0.8482330976393184 0.7199868124195707
679.5 0.8487784317199939 0.7209107716328109
679 0.8486578801392941 0.7206866809783545
678.5 0.8481856359669667 0.7198989193779184
678 0.8482414941169197 0.7200019964747533
677.5 0.8477399798666023 0.7191488976343694
677 0.8483539843956562 0.7201845213181666
676.5 0.8485051491282843 0.720464348837655
676 0.8481039856856284 0.719764453643397
675.5 0.8481706566425375 0.7198743268744517
675 0.8483135962843785 0.720121720756362
674.5 0.848800038809816 0.7209453984840153
674 0.8481727885004982 0.7198713232610342
673.5 0.8483132716064606 0.7201156197540083
673 0.8476655678087368 0.7190102848866713
672.5 0.8481139331198615 0.7197791091927849
672 0.8476855910738513 0.7190546515845722
671.5 0.8478179352370052 0.7192761432974935
671 0.8478470591586565 0.7193240897791711
670.5 0.848424179081679 0.7203204435612596
670 0.8480454913202382 0.7196532541778541
669.5 0.848194965117968 0.7199193494741744
669 0.8482418404965869 0.7199810176897233
668.5 0.8478392729842588 0.7193169062338531
668 0.8480494254623406 0.7196778177391131
667.5 0.847664495073449 0.7190331139561867
667 0.8478718109309343 0.7193700832741108
666.5 0.8479635058018505 0.719512717290043
666 0.8475308174648908 0.718802748304891
665.5 0.8479037350099758 0.7194286457618517
665 0.8475947556909704 0.7189043348483796
664.5 0.8479166920139392 0.7194340589120995
664 0.8476754110202016 0.7190416415887524
663.5 0.8475790160181726 0.7188746380976951
663 0.8474988132205398 0.7187404577020845
662.5 0.8475362477503179 0.718793312784636
662 0.8473212309214869 0.718441657322584
661.5 0.8480267581790223 0.7196244482345625
661 0.8474761421272103 0.718698628839525
660.5 0.8476237163100383 0.7189648395112819
660 0.8475901520191658 0.7188752869006793
659.5 0.8480902022491287 0.7197363967210094
659 0.8471088406316489 0.718072746140255
658.5 0.8471628464960287 0.7181746357177591
658 0.8473949707229993 0.7185435773954748
657.5 0.8474007408309281 0.7185731175828677
657 0.8471383065177003 0.7181263733574746
656.5 0.8470649952511412 0.7179909488927432
656 0.8473692666430415 0.718513715172269
655.5 0.8472901714138802 0.7183838120218105
655 0.8467876292105111 0.7175319059603228
654.5 0.8468572395740005 0.7176563938050484
654 0.8465954108244789 0.7172089922675308
653.5 0.8473518723625427 0.7184905126752554
653 0.8471770774695256 0.7181962583346961
652.5 0.8473979582714627 0.7185773739472814
652 0.8471024616919477 0.7180772014030992
651.5 0.8476281585973501 0.7189521394167188
651 0.8468355978077615 0.7176094072960669
650.5 0.8473614811584991 0.7185030792811876
650 0.8463336916529239 0.7167648411304728
649.5 0.8467156501569163 0.7174134681053864
649 0.8463991801583926 0.7168848446013605
648.5 0.8470001766596035 0.7178966650421211
648 0.8466622013216387 0.7173243570305016
647.5 0.846435363711982 0.7169387463026075
647 0.8459356199797851 0.7160983677864583
646.5 0.8462440625631259 0.7166124115274245
646 0.846703419458262 0.7173810649172894
645.5 0.8467499136469722 0.7174665979155692
645 0.8465259489901942 0.7171125318003085
644.5 0.8459630721122037 0.7161350554124766
644 0.8466631948905812 0.7173384707855348
643.5 0.846321517803536 0.7167473867081842
643 0.8470292265050543 0.7179361127658707
642.5 0.8462808684695189 0.7166668964054645
642 0.8468108519296974 0.717559872104005
641.5 0.846065166761067 0.7163102422422444
641 0.8461356586593956 0.7164248062152004
640.5 0.8461972002314984 0.7165413192408683
640 0.8464356644031992 0.7169385742849358
639.5 0.8460593553758785 0.7163037140138663
639 0.8466219013423054 0.7172532123857289
638.5 0.846082958946765 0.7163423472091172
638 0.8463767701767115 0.7168492580970792
637.5 0.8460665768147124 0.7163095775828092
637 0.8459769384821992 0.7161727472229038
636.5 0.846275100573403 0.7166485509713905
636 0.8458953924202807 0.7160175168500161
635.5 0.8455482372316884 0.7154430493339542
635 0.8459479644875907 0.7161240327989253
634.5 0.8459229406179667 0.7160717607804611
634 0.8457675260319724 0.7158164841772758
633.5 0.8455621299734887 0.7154717655021572
633 0.8456909930272282 0.71568015049419
632.5 0.8458749791199074 0.7160032216566188
632 0.845933166251237 0.7160909865609122
631.5 0.8451341329532913 0.7147382694704103
631 0.8462675052070255 0.7166653267659706
630.5 0.8452910751236196 0.7150054708232506
630 0.8461725530850259 0.7164978659438536
629.5 0.8455881206147523 0.7154953808394853
629 0.8454688700597361 0.7153029256804889
628.5 0.8455031435701512 0.7153686215897127
628 0.8453585815929284 0.7151151174720662
627.5 0.845579477551026 0.7154990811903889
627 0.8456103280879722 0.7155332409000634
626.5 0.845346246101807 0.7151105380333508
626 0.8452988462626961 0.7150213672730533
625.5 0.845395545576347 0.7151805391608314
625 0.8455833189464401 0.7154997570019775
624.5 0.8455634296320736 0.7154637161323988
624 0.8449936526939638 0.7145033036171875
623.5 0.8454417523725343 0.715257721734985
623 0.8449719115767425 0.7144735026776088
622.5 0.8449505165208766 0.7144363690034257
622 0.8451982907445236 0.7148323365248543
621.5 0.8450844713400546 0.7146602186566403
621 0.8450497176042887 0.7145937868383997
620.5 0.8447035748412243 0.7140046440314632
620 0.8446230164474208 0.7138859547496775
619.5 0.8453036663003686 0.7150303230466539
619 0.8452464894029965 0.7149227102218931
618.5 0.8445552572543878 0.7137647994199058
618 0.844496124748819 0.7136629160413214
617.5 0.8455305716512415 0.7154122126804534
617 0.8448408009181465 0.7142449977994566
616.5 0.8446175738723743 0.7138694347743589
616 0.8451500870330484 0.71476947517326
615.5 0.8444331257776682 0.7135462395160532
615 0.845031968434909 0.714575492243145
614.5 0.8445681303132359 0.7137771813215377
614 0.8443853465012269 0.7134901843352992
613.5 0.8443330046459147 0.7133732471992584
613 0.8443905617433026 0.7134845456775014
612.5 0.8448751128419648 0.714288730502798
612 0.8450234340348746 0.7145672032772278
611.5 0.8443683335004639 0.7134471028220482
611 0.8444813688878978 0.7136407288696324
610.5 0.8444518437476972 0.713578682434182
610 0.8445965137730055 0.7138388870292217
609.5 0.8443305439039361 0.7133780213181404
609 0.8447599936050235 0.7141070891802308
608.5 0.8443246537012072 0.713374055345724
608 0.8443496481961829 0.7134113891765105
607.5 0.8446098206750422 0.7138509038388383
607 0.8439178034196431 0.7126907673063874
606.5 0.8439624365473837 0.7127738664618364
606 0.844176588037991 0.7131233383157092
605.5 0.8439807450137983 0.7127825906530716
605 0.844264084079143 0.7132650754688799
604.5 0.8437374346813591 0.712380682074172
604 0.844116172104062 0.7130293406041772
603.5 0.8438101618072126 0.7125022488878437
603 0.8441141990204517 0.7129994106735232
602.5 0.8438979485826675 0.7126489180223832
602 0.8436341771252023 0.7122085290497695
601.5 0.84369229854541 0.7123071063090997
601 0.8432597334847074 0.7115756781049271
600.5 0.8437186303218579 0.7123493482665566
600 0.8430839575215897 0.7112952637172816
599.5 0.8441216303022774 0.7130244951458207
599 0.843703911943552 0.7123250790781008
598.5 0.8441274204106226 0.7130485068872114
598 0.843565786550685 0.7121034771903414
597.5 0.8434027481112464 0.7118040792197634
597 0.843196251510554 0.7114641420228389
596.5 0.8438768017858782 0.7126226534277725
596 0.8431727747319697 0.7114194732146298
595.5 0.8430836140745975 0.7112840603374816
595 0.8432593410148406 0.711562183947268
594.5 0.8434946733816342 0.7119742756390328
594 0.8433778306021249 0.7117826716941312
593.5 0.8437861036514082 0.7124637405056181
593 0.8432062015954657 0.7114840669435214
592.5 0.8431828927363153 0.7114395019806393
592 0.8425710454081957 0.7104177997146689
591.5 0.8434148216684929 0.7118170248827267
591 0.8427938558511403 0.7107838297504564
590.5 0.8428617431772157 0.7108940845133243
590 0.8427772666514555 0.710761974256528
589.5 0.8434555815663816 0.7118972773224121
589 0.8433488705158819 0.7117264065059088
588.5 0.842806269035676 0.7108120475133306
588 0.8430709445048928 0.711265269507688
587.5 0.8428133432559624 0.7108255290767048
587 0.8425879590415277 0.710455131093031
586.5 0.8427390189097566 0.710692105721447
586 0.8428194900199621 0.7108312497998132
585.5 0.8423304956536365 0.7100130114461917
585 0.8426086032942206 0.7104737789556689
584.5 0.8423844346788891 0.7101118372257272
584 0.8422389539413735 0.7098529967213275
583.5 0.8429570634011891 0.7110621113836357
583 0.8425232927472269 0.710331038335982
582.5 0.8421517656547184 0.7097064053768203
582 0.8416883014438926 0.7089357574452045
581.5 0.8424130019526567 0.7101607514782462
581 0.8420535831791522 0.709551300551679
580.5 0.8427009490935723 0.7106356580937935
580 0.8421716157542823 0.7097579165175961
579.5 0.8422750243555254 0.7099089952516989
579 0.8424081091457597 0.710142680017067
578.5 0.8422446424095341 0.7098719693442227
578 0.8426082988361651 0.7104888392996929
577.5 0.8419773406047086 0.709419483412953
577 0.8420468131079458 0.7095516510790106
576.5 0.8415072725098602 0.7086391913824738
576 0.8419237298492335 0.709332889432877
575.5 0.8416992437409523 0.7089463927267172
575 0.8421378917444585 0.7097002265632332
574.5 0.8417254128861016 0.7089950749661424
574 0.8417255939691336 0.7090009331411027
573.5 0.8419784126361893 0.709402029545532
573 0.8414843696617152 0.7085930754170748
572.5 0.8416902594122604 0.7089301788829797
572 0.8406937439903532 0.7072578086649469
571.5 0.8417437751533376 0.7090215346609617
571 0.8417782660440802 0.7090877487555228
570.5 0.8416291336771224 0.7088340202388551
570 0.8414526218983335 0.7085340150881831
569.5 0.8414058674924666 0.7084506098386587
569 0.8416128236790358 0.708797258852423
568.5 0.8417422148564507 0.7090325761512228
568 0.8419940702275084 0.7094388871751436
567.5 0.8415743239553098 0.7087450652188747
567 0.8417541665545305 0.7090429257744659
566.5 0.8418762348452351 0.7092527702744014
566 0.8409780166679192 0.707729211557831
565.5 0.8408407627026715 0.7074985070458406
565 0.8411513034678462 0.7080240755198546
564.5 0.8410817177068918 0.7079043991203188
564 0.8408592441038811 0.7075353927263325
563.5 0.8409934140426091 0.7077630820172182
563 0.8411185223811162 0.7079700277630951
562.5 0.8407915621888529 0.7074263611303062
562 0.8404621047721235 0.7068654255689939
561.5 0.8410289653659813 0.7078256520999028
561 0.8405707788856543 0.7070536525342983
560.5 0.8405460600627864 0.7070098870942325
560 0.841166672464102 0.7080625732166275
559.5 0.8407152029568655 0.7072808665092828
559 0.8406147920112921 0.7071289191747839
558.5 0.8401715884327723 0.70638033542286
558 0.8409903376369281 0.7077517414568606
557.5 0.8406891289398329 0.7072426786308678
557 0.8405325789965499 0.7069800014461993
556.5 0.8405527231580079 0.7070200673139753
556 0.8402225699598745 0.70647252422714
555.5 0.8409743782336399 0.7077299266462573
555 0.8400019396166359 0.7061010845089897
554.5 0.8397948908734714 0.7057527856717629
554 0.8401285524347757 0.7062957307276181
553.5 0.8405476601991508 0.7070216148831417
553 0.8405437664314868 0.7070101132818778
552.5 0.8403414964447926 0.7066708236584757
552 0.8403200329949293 0.7066258897126203
551.5 0.8398259126711781 0.7058157583260057
551 0.8405338401784197 0.7069890778014337
550.5 0.840019589222951 0.7061203481114074
550 0.839675466734971 0.7055613043026177
549.5 0.8396705921411862 0.7055502412789966
549 0.8401109429014676 0.7062855683826449
548.5 0.8402002761033971 0.7064171161253433
548 0.8397030780418161 0.7056130409407223
547.5 0.8398756774954156 0.70587954947522
547 0.83940525321034 0.7050930728140267
546.5 0.839187861335077 0.7047346221791855
546 0.8394949706637773 0.7052250230601846
545.5 0.8400032854217617 0.7061118021933374
545 0.8395134172978219 0.7052806445690983
544.5 0.8391558371461402 0.7046772941611964
544 0.8399284060540263 0.7059813306652759
543.5 0.8400108070227532 0.7061176754979094
543 0.8397493135164987 0.705670888056074
542.5 0.8393955771079836 0.7050762686738794
542 0.8393056455758199 0.7049272909681342
541.5 0.8388991803700317 0.7042533056539367
541 0.8388980901677707 0.7042294827006896
540.5 0.839017384915443 0.7044356260429883
540 0.838946766553076 0.7043337032007743
539.5 0.8387662888695756 0.7040184544942732
539 0.8393025105889113 0.7049195660443153
538.5 0.838879360131652 0.704214193926615
538 0.8390494047078051 0.7044935697469393
537.5 0.8387142740343104 0.7039385914013736
537 0.8388941603897994 0.7042534603328423
536.5 0.8389022915683456 0.7042472080223645
536 0.8388300973974161 0.7041269819331355
535.5 0.8387124981497216 0.7039419289094225
535 0.8387265508642586 0.7039676240146826
534.5 0.8385003783844703 0.703575559194079
534 0.8387429550788181 0.7039754056790039
533.5 0.8385082776248219 0.7035877506093172
533 0.8385940792207242 0.7037294799708204
532.5 0.8385904103243742 0.7037336891367117
532 0.8383702826182199 0.703354374840222
531.5 0.8380315978627896 0.7027937043771518
531 0.8380731136087471 0.7028659436813844
530.5 0.8381560432643979 0.7029880786118737
530 0.8381228621196128 0.7029438328314762
529.5 0.8384234455276912 0.7034410233139331
529 0.8381722838171071 0.7030286925227907
528.5 0.8390704340124089 0.7045382855543894
528 0.8381459006916042 0.7029938457029535
527.5 0.8379423560244107 0.7026407462559298
527 0.8381657772327977 0.7030145085249605
526.5 0.8376049868439135 0.7020735147836596
526 0.8376438802548067 0.7021511007743901
525.5 0.8378121026813173 0.7024357806574633
525 0.8371993130003457 0.7014017719681152
524.5 0.8379564152654236 0.7026694527872536
524 0.8376372023564665 0.702129195132502
523.5 0.8379475126029947 0.7026410698731792
523 0.8371632663623702 0.7013323309811271
522.5 0.837793728439097 0.7024043335509902
522 0.837751097018788 0.7023338453245287
521.5 0.8378223567073113 0.7024424300531074
521 0.8375345121283777 0.7019635450659144
520.5 0.837446047958677 0.7018122745400365
520 0.8373979209047079 0.7017356632081427
519.5 0.8376202563523275 0.7021156926761482
519 0.836911505140634 0.7009210470762778
518.5 0.837232010508968 0.7014602621528776
518 0.8370088670088334 0.7010747349211459
517.5 0.8371111331779258 0.7012505644994467
517 0.837064041468705 0.7011728832594645
516.5 0.8370092288191111 0.7010905251496454
516 0.8367147811174533 0.7005895633158448
515.5 0.83689863300517 0.7008974038201679
515 0.8369119893640303 0.7009036395980377
514.5 0.8369793960208687 0.7010232464219194
514 0.8368956921964291 0.7008927394406889
513.5 0.8364790110072231 0.7001975148273841
513 0.8367196372151517 0.7006173157045185
512.5 0.8365631477688303 0.7003407847035144
512 0.8369678495323559 0.7010129119533627
511.5 0.8362844668846728 0.6998623214243277
511 0.8371354579411728 0.7012866290908764
510.5 0.8364559601249367 0.7001505328614984
510 0.8363691386324958 0.7000119060286437
509.5 0.8365610903440109 0.7003234008539756
509 0.8362193260680546 0.6997672337889242
508.5 0.8358259059364566 0.6990931378710984
508 0.8364305560917548 0.7001020399384055
507.5 0.8363720073056471 0.7000137555692286
507 0.8356251257462552 0.6987700572341141
506.5 0.8363439386211621 0.6999555043530441
506 0.8361720987701232 0.6996985429279584
505.5 0.8355882368438249 0.6987062475754476
505 0.8357589287552717 0.6990001069205816
504.5 0.8358865546144016 0.6991925112307085
504 0.8354664876906397 0.6984966760759147
503.5 0.8357426675678323 0.6989606259587514
503 0.8366441808004442 0.7004771429381065
502.5 0.8356135831767266 0.6987457571881763
502 0.8355868498579487 0.6987006226590332
501.5 0.8356101555764605 0.6987446829726776
501 0.8360193047437804 0.6994306611007403
500.5 0.8354911125713471 0.6985273172208574
500 0.835903103375131 0.6992352485867565
499.5 0.8354255788655479 0.6984274042125279
499 0.8353118369248415 0.6982426823732175
498.5 0.8356688080931821 0.6988243316177494
498 0.8353408196967645 0.6983071424227306
497.5 0.8354961176417238 0.6985434957950153
497 0.8353482069910653 0.6983023470570434
496.5 0.8347361291425467 0.6972861939365921
496 0.8354266282944485 0.6984236817453937
495.5 0.8348516892406912 0.6974709433452034
495 0.8347854668320236 0.6973750761104752
494.5 0.8352148404538091 0.6980711814058206
494 0.834639354206067 0.6971258878063858
493.5 0.8344297540305498 0.6967764613290189
493 0.834554141850687 0.6969960296775883
492.5 0.8348391878832063 0.6974703467252711
492 0.8347431014963083 0.697294953836627
491.5 0.8340800222561894 0.6961824963318332
491 0.8350001603241783 0.6977242382790674
490.5 0.8339786890286139 0.6960159660433795
490 0.8346626896853504 0.697168406532327
489.5 0.8348124350849658 0.6974175553531684
489 0.8346407929434678 0.6971165612234282
488.5 0.8342679717164453 0.6964959868760626
488 0.8344172146991679 0.6967460780970159
487.5 0.8342762743872554 0.6965115582942735
487 0.8342600862150141 0.696504273911818
486.5 0.8342150828024544 0.6964139338050725
486 0.8342107333395359 0.6963969673254036
485.5 0.8343818679119686 0.6966907462891864
485 0.8344162832351524 0.6967457340994258
484.5 0.8339452387406869 0.6959519691087808
484 0.8340353493794728 0.6961031816248383
483.5 0.8335494513441762 0.6953206908745319
483 0.833594471082213 0.6953762417494074
482.5 0.8334822154773632 0.6952018101497207
482 0.8335565158891571 0.695310171156959
481.5 0.8336467415739596 0.6954606385714728
481 0.833740381773657 0.6956185221004375
480.5 0.8332841620108964 0.6948597904771642
480 0.8331623731430946 0.694677379263697
479.5 0.8328956288062985 0.6942288366211117
479 0.8330944629221251 0.6945446278132812
478.5 0.8335797339813257 0.695362696938466
478 0.8328611871572069 0.6941561492539219
477.5 0.8327019848003698 0.6938878048724869
477 0.8323916120119248 0.693378511942315
476.5 0.8331900539443898 0.6946992596933385
476 0.8331774153956862 0.6946709062243436
475.5 0.8327218833622155 0.6939316274348517
475 0.8325226627970372 0.6935998380274339
474.5 0.833781580709265 0.6956888781714157
474 0.8331573402342686 0.6946491374576765
473.5 0.8328029312111331 0.6940520914143605
473 0.832819931679507 0.694092131910792
472.5 0.832200882768267 0.6930644870483159
472 0.8327130236303366 0.6939125088624343
471.5 0.8322944023216544 0.6932169402278111
471 0.832168228042528 0.6930009189350269
470.5 0.8326101508234904 0.6937380902590269
470 0.8321272611024777 0.6929522952448303
469.5 0.8322010295038229 0.6930599531167594
469 0.8324204727912916 0.6934185361688213
468.5 0.8320905957984684 0.6928655891130668
468 0.832020788558178 0.6927517778995964
467.5 0.832161005737643 0.6929870526744413
467 0.8319097177273024 0.692569313258686
466.5 0.8314211707094394 0.6917611512611469
466 0.8312283199760896 0.6914296858373431
465.5 0.831519559924058 0.6919200344711933
465 0.8326048645122702 0.6937282701139572
464.5 0.8315934052972889 0.6920671433973018
464 0.8313860287910181 0.6917119389069777
463.5 0.8320543971678506 0.6928084974053991
463 0.8318641653054194 0.6925048213679361
462.5 0.8312846987412738 0.6915338419182139
462 0.83151456306995 0.6919083208125284
461.5 0.8312725935088565 0.6915180227400062
461 0.8314776805499691 0.6918487917302977
460.5 0.8307110779111023 0.6905815599000248
460 0.8313227915564687 0.6916023439344765
459.5 0.830863492547559 0.6908407619755713
459 0.8311465754555524 0.6913006127293037
458.5 0.8308811598914673 0.6908531504859022
458 0.8309466985960948 0.6909850842977312
457.5 0.8314637534650502 0.691828831771205
457 0.8309265857195557 0.6909560495511397
456.5 0.830742165113888 0.6906298007397053
456 0.8307392205883463 0.6906410871441767
455.5 0.8304139982190777 0.690100800356627
455 0.8304173809952661 0.6900913531781494
454.5 0.8304671411815965 0.690184149831913
454 0.83020839230226 0.6897387958345514
453.5 0.83035416881297 0.6899962006264434
453 0.8301142597299215 0.6895813655611044
452.5 0.8303580658451557 0.6900137343812467
452 0.830119548433543 0.6896017679433418
451.5 0.8295895526021917 0.6887378484141818
451 0.8299887647375371 0.6893670763166466
450.5 0.8300042172170962 0.6893984378722381
450 0.8298140802269056 0.6890963368924813
449.5 0.8294422160266203 0.6884758342058931
449 0.8298788671081807 0.689210149737052
448.5 0.8297600405135713 0.6889949984890088
448 0.8302318940832143 0.6897919068169243
447.5 0.8294577681398718 0.6885006628341663
447 0.8296633370356596 0.6888537374127421
446.5 0.8295383771367628 0.6886312992850869
446 0.830133717914197 0.689628813637512
445.5 0.8293044592064374 0.6882395441111206
445 0.8292650009038798 0.688185543469961
444.5 0.8291494649219966 0.6879958221628445
444 0.8288888712907383 0.6875493574420195
443.5 0.8296935359195626 0.688885708256979
443 0.8287123515206741 0.6872809495911855
442.5 0.8287975502689434 0.6874047291389651
442 0.8288087656788454 0.6874353028473653
441.5 0.8286041289142654 0.6870754458043874
441 0.8283089178702107 0.6865947737199292
440.5 0.8286730561612501 0.6872018662334385
440 0.8281796565453458 0.686384211677484
439.5 0.828699842380817 0.6872429504099491
439 0.8285349592974504 0.6869598082277234
438.5 0.8280595222248159 0.6861824728065843
438 0.8288837930684928 0.687538449625885
437.5 0.8288425312386758 0.6874710522458198
437 0.8286789614821792 0.6872146529553951
436.5 0.8282462030663301 0.6864993721434898
436 0.8277073531864616 0.6856039504121002
435.5 0.8278161183254277 0.6857832630154599
435 0.8275074540954023 0.6852736153880539
434.5 0.8274897445590531 0.6852531451137136
434 0.8278752500805393 0.6858716787280404
433.5 0.8275851454868909 0.685391344545687
433 0.8284405062859469 0.686813967878393
432.5 0.8279559983155786 0.6860067839598671
432 0.8275882483022134 0.6854016407694938
431.5 0.8270622668381192 0.6845267484804246
431 0.8274957359693319 0.6852444248868528
430.5 0.8276213981624111 0.6854608940875403
430 0.8270389112217791 0.6845081148962434
429.5 0.8277054381071504 0.6855998693793374
429 0.8269394678377445 0.6843323670857459
428.5 0.8273343598195254 0.6849690683201419
428 0.8267450811348764 0.6840253873823932
427.5 0.826770974669573 0.6840466147270761
427 0.8265869591598514 0.6837335349770068
426.5 0.8267947905903248 0.6840988816744883
426 0.8270008750029811 0.6844398272983583
425.5 0.82644826712463 0.6835302572040619
425 0.8265830773057723 0.6837408409221633
424.5 0.8259397029823292 0.6826851609384621
424 0.826683868692462 0.6839090872327359
423.5 0.8259075508420014 0.682612957459255
423 0.8257936219966734 0.6824557574886142
422.5 0.8257771123673293 0.6824127128448914
422 0.8265276109840186 0.683647596767957
421.5 0.8261429918739184 0.6830123156960836
421 0.8263987159527161 0.6834254471538668
420.5 0.8256380771467916 0.6821905682959463
420 0.82562933522354 0.6821555476933943
419.5 0.8260307832599926 0.6828289081121667
419 0.8262181562088369 0.6831386336210027
418.5 0.825788448936219 0.6824278105441173
418 0.8255158287926345 0.6819751273529101
417.5 0.825548429889453 0.6820345702117934
417 0.82526024005914 0.6815676707172238
416.5 0.8253631048656875 0.6817364407289
416 0.8254413075242588 0.6818597166123355
415.5 0.8248634751134178 0.6809221931873961
415 0.8252249800390709 0.6815085950207741
414.5 0.8249603142945144 0.6810699358624771
414 0.8246615985724681 0.6805742939133415
413.5 0.8247741382201548 0.6807634953066094
413 0.8247870530411505 0.6807815010829175
412.5 0.8249189088220593 0.680999358526629
412 0.8247164571623689 0.6806658746706017
411.5 0.8243933691813621 0.6801505300297008
411 0.8248917778107774 0.6809525943678437
410.5 0.8248520005852639 0.6808904449023663
410 0.8243762720611123 0.6801061192142812
409.5 0.8239080131046702 0.6793303007107713
409 0.8239861580596731 0.679457066498821
408.5 0.8239183600795991 0.679352316281011
408 0.8242100479087487 0.6798242068442044
407.5 0.8242113870305348 0.6798255312314483
407 0.8242886886296986 0.6799707030360024
406.5 0.823846764979075 0.6792283632616081
406 0.8235691682846795 0.678780461588777
405.5 0.8236349125490308 0.678883923955229
405 0.8240777177432685 0.6795998974976659
404.5 0.8235553337319705 0.6787452037657997
404 0.823912294529922 0.6793454832998536
403.5 0.8236947534309064 0.6789704990074875
403 0.8232311334136135 0.6782128303715939
402.5 0.8229583443216539 0.6777710386211362
402 0.8230467320810885 0.6779103163552415
401.5 0.8224394949297005 0.6769251264112521
401 0.8231597609380631 0.6780974506873761
400.5 0.8229731830795418 0.6777928851167235
400 0.8223705879250827 0.6768139715713728
399.5 0.8229123412738321 0.6777076248783822
399 0.8230466146612445 0.6779057268446065
398.5 0.8226953092420098 0.6773385145308151
398 0.8224779760894912 0.6769799092280824
397.5 0.8227981037691706 0.6774975629395085
397 0.8228616120916423 0.6776034679345561
396.5 0.8222597944875681 0.6766247976636499
396 0.8227048807231183 0.6773485861011654
395.5 0.8224897625315007 0.6770112342131555
395 0.8226300856293467 0.6772120647651018
394.5 0.821566229567367 0.6754832880287195
394 0.8219326809455385 0.6760775320782081
393.5 0.8219566480344885 0.676137585793094
393 0.8219045361861678 0.6760284658550455
392.5 0.8212834014932756 0.6750083451561611
392 0.8217310890362067 0.6757547373177446
391.5 0.8212825479450067 0.6750080244447078
391 0.8212323928124237 0.6749534904923407
390.5 0.8216351003504354 0.6755917187895459
390 0.8212965758535568 0.6750334428186175
389.5 0.8210072341152191 0.674557440196696
389 0.8209518474311478 0.674483840593443
388.5 0.8212354396872915 0.674939879915558
388 0.8208956285563224 0.6743888857513572
387.5 0.8203635389526328 0.6734983648996221
387 0.8207747452998162 0.6741779471622414
386.5 0.8205946049621148 0.6738915861546305
386 0.8212878439361209 0.6750291919505247
385.5 0.8210061946804333 0.6745572641476247
385 0.8202944007639773 0.6733904915381685
384.5 0.8201035545925004 0.673090700009334
384 0.8201924599153292 0.6732286486998389
383.5 0.8198788985760235 0.6727150812094415
383 0.8205137800267601 0.6737564687341181
382.5 0.8201339120439773 0.6731248867943904
382 0.8199580791968558 0.672828981866575
381.5 0.8195905641581166 0.6722508275546769
381 0.8189760074477876 0.6712484157256475
380.5 0.8199574562016336 0.6728315921222383
380 0.8189461524258971 0.6711665752037324
379.5 0.8192530136216049 0.6716922140937213
379 0.8191484877983093 0.6715147472892729
378.5 0.8193580709456875 0.6718584710193106
378 0.8193343727089486 0.6718170230899465
377.5 0.8185547942684657 0.6705351251599793
377 0.8187996232487066 0.6709469902545547
376.5 0.8189636290569225 0.6712035581292456
376 0.8187932327864387 0.6709334427428303
375.5 0.8184972946967594 0.6704412545434638
375 0.817810589419754 0.6693270790248914
374.5 0.8183390633294325 0.6701936624828986
374 0.8189155294542649 0.6711298943369347
373.5 0.8190170488093856 0.6712905954135664
373 0.8181455564302564 0.6698657073964895
372.5 0.817913516111231 0.6694883015994796
372 0.8179084623309899 0.6694773903707657
371.5 0.8182074597781372 0.6699835094238987
371 0.8181619772658607 0.6699045681740403
370.5 0.8176838421223406 0.6691107326310946
370 0.8169932095689828 0.6679958358935142
369.5 0.8181499990986517 0.6698604050164033
369 0.8175672122222482 0.6689350383785295
368.5 0.8175403513111843 0.6688870616177106
368 0.8172026709604324 0.6683292252177518
367.5 0.8177169317984787 0.6691605195949144
367 0.8177623104369219 0.669245672626272
366.5 0.8168384437336444 0.6677452720528678
366 0.8168491760157653 0.6677610543246114
365.5 0.8168543574383321 0.6677692886800821
365 0.8162782972850546 0.6668217552004165
364.5 0.8164344029005665 0.6670846489532065
364 0.8166581888477297 0.6674454964194328
363.5 0.8164828141696653 0.6671490291244592
363 0.8161357156012958 0.6665879627866026
362.5 0.816740894708619 0.6675811158574679
362 0.8155416175985571 0.665618112851639
361.5 0.8163712717680418 0.6669659851278841
361 0.8155276792233841 0.6655884939141776
360.5 0.8155908540072299 0.6657100380728371
360 0.8159230318684159 0.6662567887399241
359.5 0.815826875124503 0.666075130464448
359 0.8155398938335031 0.6656302625956537
358.5 0.8149664909517774 0.6646919754606666
358 0.8153670729314144 0.6653343285638817
357.5 0.8158211809612874 0.6660739227171971
357 0.8156755329559866 0.6658415363664429
356.5 0.8156496686410171 0.6658034421861075
356 0.8145721084045937 0.6640472144165777
355.5 0.8144774285553141 0.6638829156268439
355 0.8146069507712145 0.6641069698857616
354.5 0.8149560885477086 0.6646682135795886
354 0.8146129614025392 0.6640951439270405
353.5 0.8139141032559447 0.662979641915167
353 0.8148980479065118 0.6645767838157968
352.5 0.8144195836261606 0.6637946906729703
352 0.8137606772032805 0.6627179644409343
351.5 0.813755135848706 0.6627417740376014
351 0.8146501006634861 0.6641729336964245
350.5 0.8141337550763151 0.66333001595361
350 0.8134378069417709 0.6622191790143599
349.5 0.8139335695917633 0.6629998016123545
349 0.8140706033692799 0.6632214998604486
348.5 0.8132291746445328 0.6618631999114074
348 0.8132885850390373 0.6619449933714906
347.5 0.8130317540818784 0.6615394403137587
347 0.8129859112460088 0.6614612090138189
346.5 0.8137361168048849 0.6626756292644196
346 0.8131161133495151 0.6616861765969371
345.5 0.8130710224528366 0.6616153056091018
345 0.8125384485402316 0.6607312661135706
344.5 0.8131321571084962 0.6617043868811022
344 0.8121471149592473 0.6601141893517088
343.5 0.8121799341488838 0.6601599734701914
343 0.8119794674384108 0.659830943263189
342.5 0.8122917127696611 0.6603476281513787
342 0.8118360703655328 0.6595911538701388
341.5 0.8123652477974478 0.6604516904522044
341 0.8124074825456872 0.6605276672005886
340.5 0.8121104398796318 0.6600534941788775
340 0.8117362030530404 0.6594407185867155
339.5 0.8115443097748194 0.6591265332706872
339 0.811455524286649 0.6589792728161117
338.5 0.8113153256569043 0.6587621338651959
338 0.811168551504837 0.658508903105131
337.5 0.8109028525587573 0.6580849322010749
337 0.8111385189045585 0.6584526340398447
336.5 0.8105383409251893 0.6574963015955555
336 0.8112922944222192 0.6587281650414484
335.5 0.8108076878375243 0.6579251135167811
335 0.8107214584422804 0.6578054358914603
334.5 0.8106359571237043 0.6576496578877602
334 0.810265500002694 0.6570513849595877
333.5 0.8100349139930668 0.6566714930454013
333 0.8097498565726372 0.6562176561462635
332.5 0.8103326837816861 0.6571587059407673
332 0.8096147953243047 0.655985781384622
331.5 0.8099789130263769 0.6565853374742354
331 0.8102029154299112 0.656943057964519
330.5 0.8101130210048374 0.6567943979513975
330 0.8095321456513674 0.6558673926423594
329.5 0.8089784079538331 0.6549722029444967
329 0.8092681746727006 0.6554400486495602
328.5 0.8088204422137957 0.6547151252290682
328 0.8089974803654626 0.6549992987622029
327.5 0.8080171489574318 0.6534150763974612
327 0.8089476945600707 0.654904323261768
326.5 0.8088225437877915 0.6547293186755045
326 0.8081269876072565 0.6535915630810222
325.5 0.8080396278223057 0.6534476933832822
325 0.8083670911585302 0.6539849406651828
324.5 0.8078890806473071 0.6531889292092754
324 0.8080859698028788 0.6535362391367353
323.5 0.8078967160410527 0.653224049258747
323 0.8072339961600318 0.6521502621251619
322.5 0.8080557222974758 0.6534823501939678
322 0.8072779345680643 0.6522066234840426
321.5 0.8062395622279365 0.6505559663611341
321 0.8073383511653073 0.6523283388616088
320.5 0.806746074722004 0.6513764181732918
320 0.8072916199553457 0.6522357504928251
319.5 0.806582488429036 0.651095284826773
319 0.8061214091398838 0.6503564493870376
318.5 0.8067520573336489 0.6513818230971203
318 0.8069101837012258 0.6516258344112476
317.5 0.8061881868743058 0.6504626104612973
317 0.8059856551083885 0.6501243700196856
316.5 0.8063050920190207 0.6506432849174948
316 0.8053133274257698 0.6490693854337986
315.5 0.8059625201978243 0.6500855159767456
315 0.8056370162013174 0.6495605338716424
314.5 0.8055587089474495 0.6494403543985133
314 0.8044900979270694 0.6477284804472488
313.5 0.8056382767320381 0.6495782690437157
313 0.8049560954447932 0.6484846652905429
312.5 0.8050844757719505 0.6486788063073763
312 0.8047249795763486 0.6481070746363125
311.5 0.8047483239521224 0.6481518146646361
311 0.8049194420327276 0.6484045181725815
310.5 0.803933545317809 0.6468214703484232
310 0.8048388736143689 0.6483005009426241
309.5 0.8033930697525694 0.6459697997751277
309 0.8038116863741389 0.6466398653413793
308.5 0.8039604538400853 0.6468769090578038
308 0.803556455265915 0.646224739978571
307.5 0.8032001797126788 0.645650102266254
307 0.8035741619131808 0.6462584438909154
306.5 0.8033859917362777 0.6459544341302863
306 0.8031070084535756 0.6454986140664638
305.5 0.8027952375730508 0.6450192142153715
305 0.8030405014665688 0.6454060268251981
304.5 0.8030196938291116 0.6453720344121313
304 0.8029364043416284 0.6452226444759777
303.5 0.802181316733292 0.6440151982743314
303 0.8029418163376917 0.6452420694100434
302.5 0.8016543829660837 0.6431661046605092
302 0.8019560572291273 0.6436549354937527
301.5 0.8019807715157327 0.6436895839402008
301 0.8022555549431116 0.6441335576740453
300.5 0.8013855716007506 0.642755526376461
300 0.8014618273653041 0.6428725224421007
299.5 0.8007559502355176 0.641744014278663
299 0.8006363108790917 0.6415470848151075
298.5 0.8008328499305389 0.641866626635949
298 0.8007588824490628 0.6417475212134607
297.5 0.800728152218974 0.6416973237857494
297 0.8004524541662417 0.6412455195174244
296.5 0.8003041599326156 0.6410097301173447
296 0.8003721063663979 0.6411223902832484
295.5 0.7995946562865781 0.6398786866297193
295 0.7996572570473177 0.6399851215038183
294.5 0.8000972464860973 0.6406736873023804
294 0.7998358123263272 0.640269962409466
293.5 0.7993166343075406 0.6394324727148804
293 0.7987883152478719 0.6385875577564587
292.5 0.7995466983398584 0.6397938899996988
292 0.7983598809831304 0.6379103367877715
291.5 0.7994579783478399 0.6396561197123832
291 0.7986997472434944 0.6384438776820075
290.5 0.7982318473027824 0.6377011864592496
290 0.7982105681883587 0.637673816543071
289.5 0.797319721240156 0.6362284563368094
289 0.7977628626371829 0.6369504896985831
288.5 0.7982382502725288 0.6376953019360052
288 0.7970359513198862 0.6357840608228115
287.5 0.7971159142285854 0.6359179154539726
287 0.7976713330818042 0.636812673557258
286.5 0.7979156097493186 0.6371961187192771
286 0.7971957728178036 0.6360382493237209
285.5 0.7970471327135069 0.6358137897900302
285 0.7970591360392 0.6358408889577933
284.5 0.796911042534666 0.6355831147319675
284 0.7964884623658371 0.634906947543319
283.5 0.7957334385355032 0.633725797154707
283 0.7960372120243235 0.6341989029750077
282.5 0.7953012963912892 0.6330457649905135
282 0.7959692201358064 0.6340961157304282
281.5 0.7960014680538661 0.6341458179233158
281 0.7953271060377456 0.6330735770501783
280.5 0.7952596544734568 0.6329756118904986
280 0.7952941197663582 0.633015847062309
279.5 0.7953696000326961 0.6331348076487788
279 0.7952530273342511 0.6329486514965179
278.5 0.7945489284547965 0.6318324892688483
278 0.7947522476065138 0.6321514902026535
277.5 0.7937787356494165 0.6306041411723586
277 0.7938672500365855 0.6307486771313063
276.5 0.7937317946612993 0.6305252171466399
276 0.7935300151995517 0.630212765621593
275.5 0.7934783854298245 0.6301324357457693
275 0.7932780222763375 0.6298171325444566
274.5 0.7928811579830076 0.62920367897804
274 0.7934560812270052 0.6301092852106114
273.5 0.7933384795723322 0.6299207800825781
273 0.7929376133764354 0.6292797127639773
272.5 0.7920843562393901 0.6279286274414585
272 0.7916063776228457 0.6271645779752663
271.5 0.792017439815983 0.6278209761579666
271 0.7911595096872465 0.6264663135413863
270.5 0.791654445769491 0.6272465888397313
270 0.7916771583948523 0.6272905518109645
269.5 0.7918338227686491 0.6275346478119187
269 0.7912621358234792 0.6266181292140842
268.5 0.7908136086681785 0.6259179928813404
268 0.7910112146288192 0.6262360467210364
267.5 0.7910715886160298 0.6263182422694794
267 0.7901553940063977 0.6248764257476325
266.5 0.7905258886638737 0.6254731732272706
266 0.7901343857950188 0.624842349118503
265.5 0.78991120998052 0.6244983862664185
265 0.7900151422701005 0.624658155403107
264.5 0.7895236228472148 0.6238631484823299
264 0.7897337693322978 0.6242192581327789
263.5 0.7889469586296899 0.6229691502123169
263 0.7892392077528207 0.6234396955199253
262.5 0.7888794600892793 0.6228692607484749
262 0.7888838295543883 0.6228477736304329
261.5 0.7884480933246651 0.6221815923318915
261 0.7879551162490344 0.6214014560860521
260.5 0.78781412710506 0.6211886914886597
260 0.7871583865484783 0.6201545091028497
259.5 0.7877866253178207 0.6211411529596019
259 0.7870187753800072 0.6199208939591412
258.5 0.7872592855845196 0.620308804355984
258 0.7869411070338116 0.6198169628273025
257.5 0.7864654277803631 0.6190629919235482
257 0.7870168778129326 0.6199198924898648
256.5 0.7859142000250365 0.6181908100710025
256 0.7862797418041113 0.618767019135032
255.5 0.785936790483891 0.6182504541844756
255 0.7858266458178691 0.6180594322764428
254.5 0.7854752906952486 0.6175195543803742
254 0.7855042896572969 0.617531764216553
253.5 0.7847716207456007 0.6163906971344223
253 0.7847991293811171 0.6164566694850787
252.5 0.7841182916612659 0.6153788750076638
252 0.7844431148962332 0.6158708249811264
251.5 0.7842054682345617 0.6155147731479035
251 0.7838344127880882 0.6149323608109365
250.5 0.7835547186925179 0.6144916753077344
250 0.7836497928203484 0.6146474870894468
249.5 0.7837996830161623 0.614877011010602
249 0.7832037468203528 0.6139392150035523
248.5 0.7832948138422028 0.6140926487497252
248 0.7827695605436387 0.6132680590103402
247.5 0.7829726750871012 0.6135724837751053
247 0.7824512313800976 0.6127622306512014
246.5 0.7818655389499098 0.611851086900523
246 0.7826014148437481 0.6130015397460411
245.5 0.7816556519205842 0.6115222014169552
245 0.781433215193555 0.6111846116594539
244.5 0.7808269634251366 0.6102376033081869
244 0.7811428984296478 0.6107352226231558
243.5 0.7806838739757402 0.6099965200932872
243 0.7804757124650806 0.6096737116215245
242.5 0.7805410898635643 0.6098019247043707
242 0.7810599559388122 0.6105788177133511
241.5 0.7795876936149357 0.6083079552185301
241 0.7801051698942186 0.6090852399486554
240.5 0.7790583197149676 0.6074686157123683
240 0.7787068781785481 0.6069249209997378
239.5 0.7797798343448327 0.608585190876833
239 0.7789531434755264 0.6072957170373673
238.5 0.7787800258952056 0.6070312692523233
238 0.7787212443255982 0.6069333269403658
237.5 0.7787386598801826 0.6069785354133103
237 0.778049395536129 0.6059062019888303
236.5 0.7775741339720946 0.6051424762910523
236 0.7766257911317481 0.60368729847522
235.5 0.7766930942865439 0.6037946053635728
235 0.77681463207724 0.6039718862164825
234.5 0.7763039035767934 0.6031956779768577
234 0.7754220027161051 0.6018343512249302
233.5 0.7759516230333041 0.6026414765873305
233 0.7753833799013434 0.6017488351760529
232.5 0.7753656451304777 0.6017313392803304
232 0.7751790253072456 0.6014364063802958
231.5 0.7741930042774062 0.5999232379748847
231 0.7744727217339366 0.6003530472879174
230.5 0.7751111550177734 0.6013413434639587
230 0.7734251315888481 0.5987288760963014
229.5 0.7743708626963494 0.600188884471624
229 0.7744719396513806 0.6003307846888127
228.5 0.773136749451744 0.598295501647604
228 0.7733969338275968 0.5986701508379364
227.5 0.7734375134781989 0.5987447989440599
227 0.7726147039790939 0.597476961233682
226.5 0.7729003737510943 0.5979104048681371
226 0.7722978774003352 0.5969857042374465
225.5 0.7717549491616965 0.5961463088275253
225 0.7717857916363096 0.5961889458533824
224.5 0.7707705998463209 0.5946322516371343
224 0.7711666507755314 0.5952502644366167
223.5 0.7703556206343712 0.5940022781197425
223 0.7707076498743308 0.5945310508626671
222.5 0.7700604248478758 0.5935194232983347
222 0.7700976801890356 0.5935971995642378
221.5 0.7694208307019139 0.5925539284265122
221 0.7695630719898436 0.5927767236302012
220.5 0.7696618915871531 0.5929199849095006
220 0.7694214212544048 0.5925607630672813
219.5 0.7683197100220088 0.5908672587862912
219 0.7684689045284738 0.5910814510879041
218.5 0.7667234886852817 0.5884256548972895
218 0.7682939205212309 0.5908176907207492
217.5 0.7676492530348148 0.5898265433850315
217 0.7673336190435782 0.5893312649580222
216.5 0.7667476641997533 0.5884542732828039
216 0.7667665123725915 0.5884656002036897
215.5 0.7662654980443472 0.5877026405193496
215 0.7654720088505411 0.5865087264702975
214.5 0.7661141449893918 0.5874690120446995
214 0.765530615058643 0.586587338094519
213.5 0.7653733223121528 0.5863204110540465
213 0.7642653592066762 0.5846478113223433
212.5 0.7647235726657104 0.5853493384339238
212 0.7646563687215515 0.5852381678451732
211.5 0.7630356392496516 0.5827762812457512
211 0.7634236594851619 0.5833632831155133
210.5 0.7629831878566874 0.5826761750775687
210 0.7635279905034895 0.5834910023075366
209.5 0.761728150761811 0.580762283673078
209 0.7626120175285918 0.5821070766957968
208.5 0.7622941448542875 0.5816476540224353
208 0.7620486293234343 0.58126160452029
207.5 0.7613731511850104 0.5802324102874312
207 0.7614534556111038 0.5803483682863391
206.5 0.7606393715228918 0.5791255020347823
206 0.7602149142767981 0.5784801642538321
205.5 0.7605874772655408 0.5790507308796854
205 0.7593629541361915 0.5771870790807927
204.5 0.758703530269526 0.5761612026750472
204 0.7592290619322549 0.5769780811957227
203.5 0.7599027500332416 0.5779918011690872
203 0.7595117789834895 0.5773947401295515
202.5 0.7585500017807595 0.5759377184300696
202 0.7576709215550462 0.5746276644929131
201.5 0.7573652874342904 0.5741529217657186
201 0.757191795439592 0.5738723982900664
200.5 0.7573079020854682 0.5740733417214117
200 0.7565903438340487 0.572974037154178
199.5 0.7573138063927294 0.5740763055246567
199 0.7552112728846334 0.5708942668920606
198.5 0.7559055763640201 0.5719213121474148
198 0.7552382067348576 0.570931091115283
197.5 0.7556919247465735 0.5716166314898822
197 0.7535479159904924 0.5683809070237965
196.5 0.7538515255104886 0.568837539719585
196 0.7531890280602678 0.5678475186249545
195.5 0.7532503016197424 0.5679314924017035
195 0.7531141450890421 0.5677174800067668
194.5 0.7530486293310156 0.5676067934951766
194 0.752615753254136 0.5669760850129307
193.5 0.7520432455617932 0.5661108927538469
193 0.7512215683493241 0.5648783445746648
192.5 0.7510172749246207 0.5645631248205936
192 0.7514781456047908 0.5652756124835006
191.5 0.750621485860512 0.563966703874017
191 0.7513237058555731 0.5650294725326511
190.5 0.7503779614462692 0.5636295089376009
190 0.7487691874685392 0.56118706583996
189.5 0.7496753354387468 0.5625424551515694
189 0.7489530053871957 0.5614803344967669
188.5 0.7485564185066436 0.5608760002200885
188 0.747408159678569 0.5591693827715727
187.5 0.7479499178511938 0.5599585668884253
187 0.7465706187768125 0.557918032572402
186.5 0.746343288072694 0.557574009295837
186 0.7461093027388351 0.5572244462726831
185.5 0.7455467408401146 0.5563917341675483
185 0.7465666794318663 0.5579342421137697
184.5 0.7457523384601776 0.5566938563988219
184 0.7445125880942447 0.5548622852974947
183.5 0.7443459759334989 0.5546089850352243
183 0.7441310535477478 0.5542664200261129
182.5 0.7431634057845732 0.5528284307111672
182 0.7440060889506834 0.5540978442527856
181.5 0.7422448568819374 0.5514839382059588
181 0.7408346470512563 0.5493752126348654
180.5 0.7416124094886549 0.550535020426074
180 0.7415686447154963 0.5504849689412132
179.5 0.7411837929195944 0.5499019153311311
179 0.7404311919180822 0.5487835724934267
178.5 0.7404672947650266 0.5488589334072626
178 0.7407404430036201 0.5492436664794783
177.5 0.7393399689819267 0.5471596481216529
177 0.7376674483912409 0.5447140653970003
176.5 0.7385413656752645 0.5459869654914825
176 0.7375904155673758 0.5445732388319495
175.5 0.7376722939015252 0.5447240751667811
175 0.736802178790645 0.5434249020072851
174.5 0.7360433421489877 0.5423124276166748
174 0.7356176359516534 0.5416658547700193
173.5 0.7361990400638115 0.5425413643954781
173 0.7347803256596371 0.5404429639831432
172.5 0.7355925665060786 0.541646050665733
172 0.7346874383012141 0.5402984668345389
171.5 0.7330535047446692 0.5379240615990314
171 0.7344432774929636 0.539966309361026
170.5 0.7326507729279396 0.5373389127865393
170 0.7324662228351109 0.5370486481723264
169.5 0.7322895070988503 0.5367893185745282
169 0.7322100634756605 0.5366669182580771
168.5 0.7306106215547523 0.5343597627159338
168 0.7307029421373568 0.5344797875295322
167.5 0.7298442404686492 0.5332030931975621
167 0.7304239425888048 0.5340643684041403
166.5 0.7289363236070318 0.5318875908736633
166 0.7285812836755454 0.5313782018048935
165.5 0.7279672401681796 0.5304634036739659
165 0.7263706210340781 0.5281806533995479
164.5 0.726557034524066 0.5284393982702876
164 0.7263522306116386 0.5281296559819121
163.5 0.7259168258438262 0.5275042223187923
163 0.7249627447341609 0.526134408598017
162.5 0.724849657766637 0.5259421042952317
162 0.725364522640506 0.5266848630905285
161.5 0.7232302563137643 0.523620410822328
161 0.7239009019293446 0.5245841591395775
160.5 0.7238731502308137 0.5245257535899122
160 0.7221854249323187 0.5220865231671552
159.5 0.7219623132036275 0.521788620828705
159 0.7216808773642023 0.5213578366410272
158.5 0.7216156023079272 0.5212751507786354
158 0.719823531496024 0.5187004750698693
157.5 0.7204529154426091 0.5195892266018769
157 0.719184251837298 0.5177688025701106
156.5 0.7180277160405379 0.516107999749978
156 0.7180677315502108 0.5161636330477529
155.5 0.7179134586367647 0.5159418787069345
155 0.7173564912260191 0.5151455306827522
154.5 0.7166024440892768 0.5140762015725028
154 0.7163835303771523 0.5137533087709598
153.5 0.715836458017745 0.5129700834362706
153 0.7136968676357721 0.5099091856884014
152.5 0.7147199497986829 0.5113826409073036
152 0.7140475310562219 0.5104065710536493
151.5 0.7115984574954587 0.5069122540300907
151 0.7121909310707039 0.5077686738735974
150.5 0.7116326616237493 0.5069593286985842
150 0.711366277514174 0.5065704656416912
149.5 0.7108211781540728 0.5057927842683841
149 0.710483201822493 0.5053312515078977
148.5 0.7088941445819931 0.5030878185970515
148 0.7094496378266958 0.5038600423082723
147.5 0.7078062498202228 0.5015475489791431
147 0.707999012362796 0.5017878033394529
146.5 0.7070725155463445 0.5004970861969472
146 0.705895787172164 0.49884257318529757
145.5 0.7064634163644401 0.4996261517604055
145 0.704361458811874 0.496656859570889
144.5 0.7055815369876076 0.4983765783130055
144 0.7038787439653795 0.4959926339143042
143.5 0.7028015729521437 0.49446561945463907
143 0.7032147060621016 0.49504671231070946
142.5 0.7026343770382643 0.4942319025520698
142 0.7005232432835898 0.49126719307388717
141.5 0.7008702536562421 0.49175681678844896
141 0.698450900446294 0.4883469872888172
140.5 0.6988530057642159 0.48894885188507453
140 0.6990980931330928 0.48927125372027264
139.5 0.6980425658644787 0.48781277293432174
139 0.6969894031823584 0.48634119423887445
138.5 0.6966494739581778 0.4858784213706334
138 0.6949686369439216 0.4835062477175399
137.5 0.6948282656873797 0.4833051611219365
137 0.6940757865779886 0.4822743978214699
136.5 0.6932239921172704 0.4810723838270296
136 0.6926060363064158 0.4802425421328615
135.5 0.6918223132592739 0.47915158784256257
135 0.6910216756138464 0.47803611531214213
134.5 0.6901742627326837 0.4768626489874186
134 0.6896091216529951 0.4760989366074619
133.5 0.6887333733833536 0.4748809847374211
133 0.6882669317581928 0.4742323863436089
132.5 0.6877137633479264 0.4734988642330724
132 0.6871896037347309 0.4727586090029094
131.5 0.6854276795759406 0.4703433302073764
131 0.6856254792068688 0.4706168628498653
130.5 0.684161090872502 0.4685941004291497
130 0.6828740483202187 0.4668333783945023
129.5 0.682920458744951 0.4669214902415676
129 0.6813791930167499 0.46480795487718407
128.5 0.6806153309672847 0.46377817714989455
128 0.6800015939411707 0.46292968656303635
127.5 0.6802278917280787 0.46324188538274397
127 0.6791116533517164 0.46169953624213156
126.5 0.6778761890296505 0.46003279772006206
126 0.6774975454976485 0.4595427103811351
125.5 0.6759188835152994 0.4574034335286636
125 0.6762209360418989 0.45777733956617866
124.5 0.6746674501905737 0.45568952802542273
124 0.673965209123145 0.45474164183599525
123.5 0.6724693762281222 0.4527352394208235
123 0.672878720485117 0.45330778516832343
122.5 0.6712244680596694 0.45108691919514693
122 0.6706426836821044 0.45028672108186174
121.5 0.6702285462890505 0.44970760333534454
121 0.6691642092803625 0.44829010766471866
120.5 0.6672980249315816 0.4457877592406955
120 0.6664835108806931 0.444736929782514
119.5 0.6665243994489649 0.444768043531544
119 0.6643053787192078 0.44182151587751983
118.5 0.6622936212507889 0.43915236464627827
118 0.6634341243916286 0.4406679367188234
117.5 0.6628923934245065 0.43993558231255947
117 0.6603379644090457 0.4365704679882368
116.5 0.6597642977166309 0.435804382810974
116 0.6593589365605079 0.43525679032361947
115.5 0.6592202774812281 0.43508381703845306
115 0.6576329259883552 0.43297983695990194
114.5 0.656285145509239 0.4311955021411989
114 0.6559336472342112 0.4307809187897955
113.5 0.6532985721279994 0.4272876536706968
113 0.6540382211994525 0.42824792021621627
112.5 0.6533480934098763 0.4273854090598188
112 0.6508772511505135 0.42414175319141983
111.5 0.6513833430208319 0.42479289422791716
111 0.6498977244311641 0.42288715923713344
110.5 0.6481350091242079 0.4205825098650252
110 0.6470827038978727 0.41921925422389034
109.5 0.6477065233727984 0.42003885412750475
109 0.6450935178453582 0.4166393251945785
108.5 0.6440430105254573 0.4153001208396537
108 0.6435245243951595 0.4146151505988789
107.5 0.6420450139066987 0.41270479430088375
107 0.6409188839760676 0.4112894967699968
106.5 0.6407957151270782 0.41109782718644783
106 0.6373702670669104 0.4067304047332044
105.5 0.6380146371449075 0.4075709561720952
105 0.6375080647891428 0.4069097288588872
104.5 0.6353195496489423 0.404121722661579
104 0.6344964706788873 0.4030573188807629
103.5 0.6348063179505956 0.40346136777824226
103 0.6322356023849705 0.40020344851454853
102.5 0.6314579424839983 0.3992190365702772
102 0.6290155837092961 0.39615438646914986
101.5 0.6294168307432794 0.3966467396953992
101 0.6276997973752527 0.39446723158512514
100.5 0.6271313282862243 0.3937745840257014
100 0.6249026904673319 0.3909799971842944
99.5 0.6252199918919933 0.3913940886149719
99 0.6231636818155467 0.3888160113787385
98.5 0.6212221057770373 0.3863858554709747
98 0.6205710590345846 0.3855711954818814
97.5 0.6197358277614281 0.38452681830530694
97 0.6193832637738835 0.38412871985009966
96.5 0.6162796886538217 0.3802798593426426
96 0.6152657970187241 0.3790116650507464
95.5 0.6144449648444106 0.37800106862395977
95 0.6120038746392019 0.37501317940171125
94.5 0.611671293417834 0.3746066130597801
94 0.6102716484565276 0.37287227572396103
93.5 0.6099226859883503 0.37249118618116156
93 0.6073410801512675 0.36933174313139705
92.5 0.6072956730816776 0.36924722973796104
92 0.6043088121369946 0.3656359199668418
91.5 0.6045417532309253 0.3658988172305366
91 0.6027301236686433 0.3637313254090722
90.5 0.6025200352938762 0.36347240551589594
90 0.5997360427890452 0.3601252766266114
89.5 0.5998417237187899 0.36025374430319307
89 0.5974380395284575 0.35737246230435193
88.5 0.5968167015495134 0.3566416985828563
88 0.5937173108412899 0.35294051583016756
87.5 0.5918240079470982 0.3506769226058828
87 0.5916321315879155 0.35047412246721465
86.5 0.5903963789111835 0.34898765412670024
86 0.5872997510944685 0.34533855554884146
85.5 0.5865779455512238 0.34449455695602493
85 0.5861252255164906 0.3439610065678317
84.5 0.5855503740886452 0.34327052619741966
84 0.5834505148640103 0.34084872448286196
83.5 0.5824141690464539 0.3396064656519182
83 0.5805736175684645 0.3374913180300709
82.5 0.5779249478295101 0.3343962000140308
82 0.5767169686365841 0.33300354283834616
81.5 0.5745134636007134 0.33046810533405974
81 0.5748692725412976 0.33088107390996024
80.5 0.5719234867075512 0.3275034600563791
80 0.5702586399374672 0.3255835263840921
79.5 0.5693886340716606 0.32459641812315543
79 0.5676407774424922 0.32259724833405795
78.5 0.5659620976585213 0.3207314875278187
78 0.564566561032597 0.319134204402634
77.5 0.5628078653719978 0.3171318199998761
77 0.5621067846736231 0.31634881298428175
76.5 0.5595113133161446 0.3134434699328049
76 0.5587263477620619 0.31253022168494154
75.5 0.5577445783275489 0.31142181008533815
75 0.5556660715526782 0.3091164943833994
74.5 0.5539131914407496 0.307187987471063
74 0.5505633121536924 0.3034771299960573
73.5 0.5501000486753129 0.3029535696850329
73 0.5484410372018027 0.301148994075717
72.5 0.546472043607108 0.2989685768504571
72 0.5446542689037337 0.29699524148883194
71.5 0.5436339246790123 0.29590893696940485
71 0.5401602421306285 0.29211767527528293
70.5 0.5401043341944666 0.2920407927746819
70 0.5393505462786004 0.29125091864163505
69.5 0.5366851467646149 0.28836975048119656
69 0.5351003560068576 0.28665288318481197
68.5 0.532381502530683 0.28377330362023756
68 0.5329891823820312 0.2843707403791158
67.5 0.5307734571768558 0.2820431134143281
67 0.5268910341220706 0.2779272791594602
66.5 0.5261688184548294 0.27714494009480706
66 0.5251834263284125 0.27612921081014985
65.5 0.5233415953085552 0.27420428803862057
65 0.5210341554327766 0.2717749105072985
64.5 0.5201349113604504 0.2708449122951491
64 0.518881907482742 0.26952516075370275
63.5 0.5152498889448907 0.26576358101059105
63 0.5140325981308208 0.2644956146941391
62.5 0.5122696049339566 0.2627127388221209
62 0.5095413801971226 0.2598858491271711
61.5 0.5092305879326784 0.2595927573535047
61 0.5064425455223635 0.256752000728429
60.5 0.5040542733708495 0.25435136960995264
60 0.5028266999837165 0.2530848534012534
59.5 0.5006017052175463 0.25088245402054904
59 0.4990719302167197 0.24934254627398644
58.5 0.4959921222022216 0.24626849600601605
58 0.4958410280900673 0.2460987134453087
57.5 0.49477149530514386 0.24505557928938626
57 0.4892572669836877 0.23961623642376692
56.5 0.4894507570768568 0.2398062292528709
56 0.48686507232251497 0.23728292442024157
55.5 0.48489646754314725 0.23534463012606563
55 0.4847257188062653 0.23520481692218811
54.5 0.4818724532398109 0.23242188266101332
54 0.4795718892653323 0.23020829426356237
53.5 0.4782557202657977 0.22893302797997944
53 0.4765640016181088 0.22734493049146676
52.5 0.47462286952552946 0.22545354919761015
52 0.47178023625251875 0.2227727748356598
51.5 0.47062241491278334 0.22168657163228203
51 0.47015734556292876 0.22125057549719276
50.5 0.4670633615038965 0.2183360345458745
50 0.4653659843152976 0.21673649140417492
49.5 0.4629333989375038 0.21450087302312482
49 0.4600235786449917 0.2117961985466373
48.5 0.4596088223167777 0.21140948646291402
48 0.45711972789682337 0.20913327177688526
47.5 0.45541559636130724 0.20758828385236136
47 0.45309046319868673 0.20544737154503553
46.5 0.45148533080567255 0.20400934171586954
46 0.4485555869988815 0.20136173388117587
45.5 0.4471784211856904 0.20012993405098445
45 0.4467797211005427 0.19978081936589684
44.5 0.44422626733333803 0.19746185078164777
44 0.4408299392889679 0.19445725847815443
43.5 0.44056778663901197 0.19423043770645396
43 0.4388729655427712 0.19272199490904868
42.5 0.4366276519347704 0.19076774400013802
42 0.4352983413423601 0.18961033121988766
41.5 0.43101147179025523 0.1858761154587138
41 0.4300951512655896 0.18509607107574844
40.5 0.4314624450815551 0.18627773374408335
40 0.4269933542020092 0.18244571913782343
39.5 0.4253904613411842 0.18107018845825687
39 0.4244251434440946 0.18022655081784536
38.5 0.42373627087223975 0.17966822097307578
38 0.42133503054293076 0.17762249531969254
37.5 0.42031275104829185 0.17676349780122774
37 0.4177264040241883 0.17458860990657155
36.5 0.4177130095435393 0.1745765782993297
36 0.4127557554415822 0.17045054690324296
35.5 0.41415459398843796 0.17160237457704886
35 0.41065914044880986 0.16870761127534198
34.5 0.40958749234289876 0.1678425089252051
34 0.40750539505224703 0.16613313488027176
33.5 0.405866674401016 0.16480324020184278
33 0.40519928921498893 0.16425122400804548
32.5 0.4034480759248428 0.1628258981705227
32 0.40181013373224816 0.16151641185629723
31.5 0.4016131226715193 0.16135028363442463
31 0.3965212861958169 0.15727882398587045
30.5 0.3972438266001484 0.15785928620662648
30 0.39476407603936425 0.1558836740546248
29.5 0.3936020251168601 0.1549735189469596
29 0.3939653425712454 0.15525576725634013
28.5 0.3933639472556818 0.15477801096805946
28 0.3905779778468031 0.15259849971506134
27.5 0.38934775827919854 0.1516260977980557
27 0.3876910618923164 0.1503395463114448
26.5 0.3863016618223042 0.14926917143576549
26 0.38453210893212825 0.1479061242260268
25.5 0.38396862818901384 0.1474656736381711
25 0.38342278072282027 0.14703785523632693
24.5 0.38061793495628865 0.14489681173113897
24 0.3811552449592589 0.14530430570196368
23.5 0.3803095403695262 0.14465903322455168
23 0.37844668409737825 0.1432447797931595
22.5 0.37912471808264037 0.1437529140591093
22 0.37728893333233754 0.14236753600980798
21.5 0.3767239196452561 0.1419486919359799
21 0.3737512756962426 0.1396999144075859
20.5 0.3732828085950952 0.13935150845837213
20 0.3735292743096899 0.1395348011360304
19.5 0.3719291963802702 0.1383402219083892
19 0.3715629968966164 0.1380729102132513
18.5 0.37046469734885706 0.1372495660545268
18 0.36944319640991297 0.13649616309081208
17.5 0.3680178797251674 0.1354415488229245
17 0.3680223021064078 0.13544801960788042
16.5 0.36661216772307836 0.13440968370608672
16 0.3659216488634084 0.1339055858889281
15.5 0.3647982165006694 0.13308188364323878
15 0.366140214489906 0.1340617638970252
14.5 0.36453394202055805 0.1328889095703777
14 0.3621772494128174 0.1311734377740212
13.5 0.36320372974587833 0.13191875364946556
13 0.3629593865142903 0.13174111361380714
12.5 0.3633945997333808 0.13205685466935363
12 0.3635858526237769 0.13219605803495868
11.5 0.3637914218107276 0.13234472422277185
11 0.36419850415785243 0.13264132468819512
10.5 0.3631647241788356 0.13188897043849515
10 0.3636658048145681 0.1322533025206601
9.5 0.36245096165969437 0.13137101832125708
9 0.3614948582191918 0.13067881513781854
8.5 0.3614807359929402 0.1306685252226908
8 0.36148871726994974 0.1306743511806401
7.5 0.3613811637562813 0.13059654626190784
7 0.36132118836344973 0.13055309800094153
6.5 0.3612265196277004 0.1304846677590437
6 0.3611413722237531 0.1304231363570042
5.5 0.361098174434557 0.13039192708408745
5 0.36109753689738633 0.1303914647814825
4.5 0.3611077283536795 0.130398824239089
4 0.36102737158266596 0.13034077090030274
3.5 0.361012441338875 0.13032998983435048
3 0.36099331637443244 0.13031617667779005
2.5 0.36099476120311447 0.13031721982610536
2 0.36098381332603824 0.1303093139746233
1.5 0.3609823840899455 0.13030828192450297
1 0.36098017779345015 0.13030668875975326
0.5 0.36098017779345015 0.13030668875975326
