1000 1.0842707750689318 1.1760909795207684
999.5 1.0838777607624455 1.1752459416432517
999 1.0840900678517638 1.1756900841167073
998.5 1.0839873098356945 1.1754616236695472
998 1.0841306098462489 1.1757925296604874
997.5 1.0844233182772438 1.1764150835791047
997 1.084330938919838 1.176215012825251
996.5 1.0842148713310875 1.175957508232922
996 1.08379899654074 1.1750576823331398
995.5 1.0842769384503206 1.1761078232436668
995 1.0839466604218944 1.1753926145672076
994.5 1.0839474293864488 1.1753889888368163
994 1.0843156472135045 1.1761810783660478
993.5 1.0845085531018395 1.1766059649386513
993 1.0839654203323463 1.175425247013207
992.5 1.0839074328225984 1.1753000170221743
992 1.0840988708903627 1.1757206113547307
991.5 1.0837546154639641 1.174975179409643
991 1.0840935224580228 1.1756992662824621
990.5 1.0841175196073438 1.1757625604366595
990 1.0841757031527561 1.1758766306414241
989.5 1.0840437405271084 1.1755992228778855
989 1.0837418951591777 1.174948548142574
988.5 1.0840055353602724 1.1755124387664715
988 1.0840368743448476 1.175572510183339
987.5 1.084077243148887 1.175678058765328
987 1.0837742313081156 1.1750184758205056
986.5 1.0835947469325553 1.1746252653343379
986 1.0838292890097847 1.1751350613946796
985.5 1.083513124282263 1.1744401613561894
985 1.0837061128693861 1.1748737063173922
984.5 1.0837895236002189 1.1750519426921793
984 1.0839412807941051 1.1753750700709622
983.5 1.0841034864312447 1.1757271807618457
983 1.0836362251144886 1.1747088627155167
982.5 1.0834806557986836 1.1743702879144124
982 1.0841065686302935 1.1757529070304176
981.5 1.0837369956230987 1.1749216719583229
981 1.0834818982160248 1.1743883400034403
980.5 1.08410085776207 1.1757206506046018
980 1.0840272247427891 1.1755611950122935
979.5 1.0837026561757428 1.1748573839109684
979 1.0838640825269361 1.1752033834609854
978.5 1.083570316176256 1.1745724730981006
978 1.0836553750806641 1.1747523235718986
977.5 1.0835675026829414 1.1745650365682205
977 1.0831291166782802 1.1736133649977285
976.5 1.0835729073702451 1.174578569936803
976 1.0841049658585704 1.1757218865005483
975.5 1.0830855726177826 1.1735114367731707
975 1.083574163041939 1.1745769429505153
974.5 1.084167483001734 1.1758769813008711
974 1.0838035541304978 1.1750712442676416
973.5 1.0834135639699989 1.1742265657927151
973 1.0831649417081466 1.173697179183039
972.5 1.0839105122364943 1.1753081288921428
972 1.083906480688234 1.1752908169700091
971.5 1.083638212698982 1.1747144642279146
971 1.0838389038026652 1.1751574821017143
970.5 1.0833434960793267 1.1740763572178552
970 1.0831626126185716 1.1736871200643513
969.5 1.0835677210769992 1.1745596103576161
969 1.083584230622462 1.1746097513262357
968.5 1.0830688173562828 1.1734859675725209
968 1.0830719078854645 1.1734942364727095
967.5 1.0835205286357596 1.1744718787253612
967 1.0829811569998284 1.173294924131803
966.5 1.0831954270147812 1.1737669391528323
966 1.0837110645242052 1.1748743195788418
965.5 1.0835521973533255 1.1745303627158632
965 1.083226102007127 1.1738311507975898
964.5 1.0838183497863128 1.1751059047094068
964 1.0831602949212353 1.1736833755260927
963.5 1.083211590795314 1.1737956789271182
963 1.0836877054821998 1.1748183190284607
962.5 1.0836065130570314 1.1746437794163649
962 1.0836014190149128 1.1746347198650344
961.5 1.0832036263009457 1.173786473282596
961 1.0836821331483903 1.1748014542116747
960.5 1.0829709843962363 1.1732835772946795
960 1.0832248319527784 1.1738139099221176
959.5 1.0836988201726525 1.1748510689952774
959 1.0832835751975214 1.1739513895420264
958.5 1.0833280377026577 1.1740369576485141
958 1.0834584443178243 1.1743229650490241
957.5 1.0831582130341222 1.1736863197955885
957 1.0830759450017087 1.173499744053946
956.5 1.0828499461730194 1.173002421063492
956 1.0835802800434122 1.174592847143393
955.5 1.0830608807790811 1.1734474536664958
955 1.083042173981774 1.1734184315119487
954.5 1.0830985248077825 1.1735458719103964
954 1.082812529701306 1.1729281043209567
953.5 1.0831742700050133 1.1737039402712108
953 1.0829319073494827 1.173189066837259
952.5 1.082945056496557 1.1732149432247132
952 1.082789762869631 1.172879925706366
951.5 1.0834398741217643 1.1742920821335343
951 1.0832090011671964 1.1737880128576397
950.5 1.0826647449970315 1.17260556422042
950 1.0828404211004439 1.1729850826459094
949.5 1.082984052958567 1.173289714190876
949 1.0832290968265372 1.1738367958992058
948.5 1.0827601576682857 1.1728193524607307
948 1.0831890485303246 1.1737543069851972
947.5 1.0826801193593545 1.1726433291979717
947 1.0831135914670407 1.1735817933807071
946.5 1.08311495927202 1.1735829295017868
946 1.0830885052086863 1.1735250398605976
945.5 1.0827638356380964 1.172829557473957
945 1.0831110164710802 1.1735797914895492
944.5 1.0829340223123796 1.1731892649817288
944 1.0830233089826198 1.1733871590228462
943.5 1.0825165868218996 1.172289687816455
943 1.0831203181420135 1.1735995478005388
942.5 1.082709158577968 1.1727077630883316
942 1.0827900241953439 1.1728716905148733
941.5 1.0827486012760263 1.17278011948821
941 1.0824598525479638 1.1721637436044468
940.5 1.082941001030675 1.17322067847862
940 1.0822125215471134 1.1716305402754652
939.5 1.0828163410505436 1.1729443185851285
939 1.0825729952687158 1.172408737160402
938.5 1.082995250909627 1.1733212697732853
938 1.0829375613487737 1.173204834181698
937.5 1.0827428966031531 1.1727768327614259
937 1.0826160001192204 1.172497381354359
936.5 1.082627104340072 1.1725417243850724
936 1.0824825226473154 1.1722165286042827
935.5 1.0829221111065497 1.1731623838051333
935 1.082433991582205 1.1721120987111562
934.5 1.0825757385579382 1.1724222507630755
934 1.0821705154552763 1.1715456557402708
933.5 1.0821623832478637 1.1715147319828627
933 1.082729225373412 1.1727516145368972
932.5 1.0822443504039465 1.1716972461536213
932 1.082062526131524 1.1713142606391511
931.5 1.0827637052037968 1.1728282822958276
931 1.0826768749898288 1.1726256339943486
930.5 1.0824223073847228 1.1720876142806929
930 1.0825196564182655 1.1722959238394375
929.5 1.082357062431732 1.171941270449449
929 1.0824219049669657 1.1720844995074282
928.5 1.0826037197703136 1.1724736067918207
928 1.0827380104353537 1.172761832349768
927.5 1.082329420257408 1.17188566233078
927 1.082324055827344 1.1718665740627734
926.5 1.0828272075752587 1.1729657211599986
926 1.082594413162343 1.172453899566019
925.5 1.082290245747151 1.171799174181152
925 1.0825677382832215 1.172402019629237
924.5 1.0826973075335253 1.1726892876303627
924 1.0819550745705822 1.1710822273523183
923.5 1.0823965528057056 1.172027293968405
923 1.0824018217712554 1.1720506638854562
922.5 1.082031223979278 1.1712380061816048
922 1.0819231976133037 1.1709992323063305
921.5 1.0822511427336197 1.1717159404630257
921 1.0821933908467047 1.17158832697098
920.5 1.0822018787556327 1.171602796985616
920 1.0818434141787112 1.1708366466192326
919.5 1.0821123468993623 1.1714204969633257
919 1.082295369217188 1.171815968379893
918.5 1.082281939778635 1.1717844250458387
918 1.0819523765271961 1.17106823979779
917.5 1.0826489091629674 1.1725684296033099
917 1.082754471553703 1.1727982747321568
916.5 1.0827420595273018 1.1727693098529612
916 1.082247860181826 1.17170913819194
915.5 1.082092574540193 1.171376046396041
915 1.0823763322159337 1.171982379439239
914.5 1.082013717657437 1.1712004168818044
914 1.0823544196663117 1.1719452813048905
913.5 1.0821426500274915 1.1714780003643246
913 1.0818719429696946 1.1709041290944464
912.5 1.082029781209443 1.1712387705357807
912 1.0822004499493918 1.1716020761787291
911.5 1.0820782955169805 1.1713323798174577
911 1.0819714677569863 1.1711106129722246
910.5 1.0818991492370844 1.1709502121359532
910 1.081966445583266 1.1710927663609174
909.5 1.0817506114817328 1.17063466815032
909 1.081868221562497 1.17089332256452
908.5 1.0820528860141554 1.1712860064692754
908 1.0821191184476395 1.1714227405055286
907.5 1.0820641298908527 1.1712968175925487
907 1.0818573341546158 1.1708666122079685
906.5 1.081887569793286 1.1709240934199752
906 1.0816924937844992 1.1705105178093567
905.5 1.081550284383721 1.170202165798983
905 1.0815902152457844 1.1702861201529882
904.5 1.0820421822197905 1.1712583643876826
904 1.0815822013293677 1.1702707141749842
903.5 1.0816886571205517 1.1704948011549106
903 1.081882550746497 1.1709125240464269
902.5 1.0817231814689392 1.170559478593484
902 1.0815206762878762 1.1701350580799499
901.5 1.0813753153599392 1.1698148303240912
901 1.0818940680739277 1.1709475129317355
900.5 1.0814920293965562 1.170078596468491
900 1.0814580947856651 1.170001393708366
899.5 1.0819903009525247 1.1711416602283033
899 1.0818289291325802 1.170801527778616
898.5 1.0816026989164456 1.1703191183130464
898 1.082108157977233 1.171410799536797
897.5 1.081482388157095 1.1700494844794198
897 1.0813866775323584 1.1698449032547422
896.5 1.0815525644790416 1.1702033385701733
896 1.0818585499007665 1.1708554669389886
895.5 1.0815363981033728 1.1701668182442682
895 1.0816342574524984 1.1703755479038946
894.5 1.081863972063035 1.170869684897949
894 1.0815604338742995 1.1702333906610283
893.5 1.0812854501859541 1.1696301128027686
893 1.0811652174073 1.169368178248417
892.5 1.0816440343751448 1.170399408119357
892 1.0811871021312445 1.169418513586056
891.5 1.0813867100608068 1.1698509909236554
891 1.0816090104384128 1.1703224405042347
890.5 1.0813104816537504 1.1696881448399619
890 1.0814171861597592 1.1699137019130506
889.5 1.0814533725977837 1.1699921547865166
889 1.0809997790744272 1.1690128901296413
888.5 1.0812710973202995 1.1695865778442962
888 1.0812897747375902 1.1696323025851423
887.5 1.0813044730332655 1.1696785440744342
887 1.0810706487107389 1.1691700475921436
886.5 1.0813731483613558 1.1698210475312725
886 1.0814234906941564 1.1699332096757067
885.5 1.0810579060382484 1.169130326088083
885 1.0815897854381142 1.1702908704906834
884.5 1.081795760815175 1.170725021183573
884 1.0812633683131772 1.1695829061496754
883.5 1.0813770471488164 1.1698308093195386
883 1.0816705498499342 1.1704491849759842
882.5 1.081159419706658 1.1693546890617936
882 1.0810864085956127 1.169191986659145
881.5 1.0808566580470857 1.1686983408062133
881 1.080782412502748 1.1685388293783343
880.5 1.0809175549686338 1.1688312085392552
880 1.0815476554863948 1.170191769497398
879.5 1.0811366743082247 1.1693036055234771
879 1.08133942386133 1.1697327740725265
878.5 1.0812279266281843 1.1695040652795083
878 1.0807680223702922 1.168507707356276
877.5 1.0815900370771272 1.1702880553255466
877 1.0813059167426025 1.169684991927584
876.5 1.0808278681708137 1.1686380678099872
876 1.0814053285665277 1.1698937226820116
875.5 1.0811429778288706 1.1693210550539546
875 1.0810982562665363 1.169221912766425
874.5 1.080976892015448 1.1689601938664735
874 1.0812169101822937 1.1694742132419358
873.5 1.080799804918108 1.1685761244496113
873 1.0811743127121953 1.1693944349874075
872.5 1.080693620098623 1.1683555363543718
872 1.081006315806115 1.169018096501737
871.5 1.0807383849691137 1.1684497587916374
871 1.0819074454742565 1.1709717053740647
870.5 1.0808228341659576 1.168630795569015
870 1.08110008871757 1.1692289973940024
869.5 1.080891561720476 1.1687669304042507
869 1.0809045126130796 1.1688139427684943
868.5 1.0806883459269694 1.1683330956735385
868 1.0807969100952988 1.1685807654062996
867.5 1.0814205926203413 1.1699216041939013
867 1.0807741843814394 1.1685275888009343
866.5 1.0806728125565173 1.1683134486513118
866 1.080611028372868 1.1681759773131415
865.5 1.080621733545342 1.1681894732400313
865 1.080589187761671 1.1681185293852365
864.5 1.0808267899414734 1.16863111690329
864 1.0807416407020694 1.1684435817247443
863.5 1.080448527206168 1.1678035336684278
863 1.0806182177076447 1.1681719587723214
862.5 1.0801780894888244 1.1672317523694944
862 1.0809075482779034 1.1688023436093662
861.5 1.080678664320751 1.1683186376355774
861 1.0810015251537357 1.169009922647417
860.5 1.080733156648728 1.1684337328715235
860 1.0805426927382424 1.1680173348017182
859.5 1.0803351646621273 1.1675825180245338
859 1.0806660965805126 1.1682871214121502
858.5 1.080736119875189 1.168433740702376
858 1.080653245819751 1.168263753526085
857.5 1.0809406650419469 1.1688843849710988
857 1.0808993345337856 1.1687982231570777
856.5 1.0809239999578213 1.1688447597248997
856 1.0807462555961056 1.1684586484132615
855.5 1.080348404843004 1.1675999563298605
855 1.0801912465784544 1.1672657962339479
854.5 1.0803730996462952 1.1676562888652002
854 1.0801092898059106 1.1670867573556674
853.5 1.0807458211285885 1.1684655763605933
853 1.0801668963801163 1.167212610307351
852.5 1.0804943262411713 1.167918650872794
852 1.0803483336768398 1.1675959916358891
851.5 1.0804959231175528 1.1679319416638332
851 1.0804998624255917 1.1679184163391256
850.5 1.0804301746043616 1.1677735441402928
850 1.0807286841352606 1.168430912025887
849.5 1.0801067629580117 1.1670727674956833
849 1.0801422535226735 1.16716035094235
848.5 1.0798925812649651 1.166609579363666
848 1.0799790791598092 1.1667982470499623
847.5 1.08035520093617 1.1676178969096158
847 1.0799012291957608 1.1666392763283973
846.5 1.0795457054347837 1.1658600931295933
846 1.0800743410324352 1.1670090444127816
845.5 1.0799158252836032 1.1666677092560478
845 1.0800386547246266 1.1669354564705978
844.5 1.0802387028192522 1.167367400085079
844 1.0803602359869908 1.1676265587014343
843.5 1.0803782438509058 1.1676622196175104
843 1.0798266171230675 1.1664763224010426
842.5 1.08007828793364 1.1670201398616598
842 1.0800221377174886 1.166900420259988
841.5 1.08001780167893 1.1668735474829346
841 1.0796292661186144 1.166051856567066
840.5 1.0802637766124623 1.1674241749300387
840 1.0798992078670224 1.1666359443381678
839.5 1.0799893768351199 1.1668231217638636
839 1.0801028399364248 1.1670682882794234
838.5 1.080065924160425 1.1669994387450195
838 1.0799036130657496 1.1666461904468928
837.5 1.0797138959793737 1.1662386359923191
837 1.0793334317413392 1.1654018477533394
836.5 1.0798615174430337 1.1665476192110382
836 1.0795401788904027 1.1658443210814118
835.5 1.079829776285335 1.1664843968873884
835 1.0796863748733516 1.1661647229484895
834.5 1.0796807953291068 1.166163803697657
834 1.0795934139882912 1.165968910179575
833.5 1.0796668834566592 1.166136359766362
833 1.0795659812208964 1.165915906053604
832.5 1.0799806489037553 1.1668039267806407
832 1.0796936907021477 1.1661969091158837
831.5 1.0796827675300933 1.166172282471792
831 1.0797844109630033 1.1663786029076857
830.5 1.0794120969642713 1.165581040673336
830 1.0798503790842497 1.166532920040198
829.5 1.079530742256606 1.1658295956283509
829 1.0795436476758637 1.1658590379445952
828.5 1.0800567515981598 1.166972489091294
828 1.080312174941684 1.167531678908443
827.5 1.079948887625951 1.166746615454822
827 1.0794785303555505 1.165720701231738
826.5 1.0799327180658391 1.1666974692621541
826 1.0789276693805714 1.16454212376959
825.5 1.0795378422969284 1.165847005454589
825 1.079552952402862 1.1658731099877664
824.5 1.0792789759767487 1.1652954460997238
824 1.079446421231406 1.1656525759526108
823.5 1.0793377358979468 1.165416390587905
823 1.079552047116517 1.16589074345416
822.5 1.0795162197453299 1.1658068142598963
822 1.079166802693751 1.1650465145178488
821.5 1.0792818732449028 1.1653034856750053
821 1.078839817504237 1.1643368802526886
820.5 1.0792029668895908 1.1651217385244306
820 1.0788268804958807 1.1643277192847528
819.5 1.0790453842385983 1.1647884546770928
819 1.0794266655616371 1.1656095462497544
818.5 1.079099192649909 1.1649002137980737
818 1.0786590055806897 1.1639555643753592
817.5 1.078951894485601 1.1645933349699147
817 1.0791146148017954 1.1649313234251006
816.5 1.0787631466518055 1.1641950594051955
816 1.0790227293884278 1.1647305044228407
815.5 1.0797222539814701 1.166244293343128
815 1.079126001883903 1.1649532951296622
814.5 1.0790278990701727 1.1647492678063922
814 1.079626505175316 1.1660396044641141
813.5 1.07877968455204 1.164213008410451
813 1.0790092941976794 1.1647140409539094
812.5 1.0791076903049353 1.1649414518225187
812 1.0789872331796315 1.1646679003457274
811.5 1.0788560052595502 1.1643777974706655
811 1.0792416842308583 1.165200143231575
810.5 1.0790318615542223 1.1647567999243804
810 1.078668297066068 1.1639751906833509
809.5 1.0791084010576848 1.164919278561287
809 1.0790777065425785 1.1648563753196985
808.5 1.078649644359082 1.1639395427641086
808 1.0788532260753618 1.1643738430498813
807.5 1.0788612815324925 1.1644001165112758
807 1.0789493595584194 1.16458876662552
806.5 1.078538511913899 1.1637027666935529
806 1.0792316302735532 1.1651874442990342
805.5 1.0790335342341317 1.1647621654839189
805 1.078564309197463 1.1637527181372624
804.5 1.0781814364172806 1.1629201241745541
804 1.0786900024706763 1.1640216126117695
803.5 1.078256660935892 1.163109169210228
803 1.0792352866618233 1.1651911255531862
802.5 1.0786660520288107 1.1639803202660062
802 1.0787416051301897 1.1641404041729464
801.5 1.0788478037238975 1.16435924043026
801 1.0787075905262082 1.1640601530170402
800.5 1.0782490143993733 1.1630721942296787
800 1.0784581255634835 1.1635172406049574
799.5 1.0784146348902304 1.1634296183483672
799 1.0784863166127683 1.1635703174181429
798.5 1.0779923330452272 1.1625104676318072
798 1.078580200533855 1.1637830656384383
797.5 1.0786469878671048 1.1639403312247738
797 1.0786489906232064 1.1639250341194258
796.5 1.078531731156089 1.1636821413758935
796 1.0783643035039776 1.1633229524158524
795.5 1.0778823963385953 1.1622870596089658
795 1.0780822733519855 1.1627220999611678
794.5 1.0787442698443839 1.1641359484336766
794 1.0785647174244875 1.1637509141988598
793.5 1.0786266060685963 1.1638763282619644
793 1.0779485445372023 1.1624236802378516
792.5 1.0783190755280385 1.163220342372488
792 1.0781683524177863 1.162900978102373
791.5 1.0784586631698767 1.1635091263669572
791 1.0784172393743146 1.1634324681588974
790.5 1.0782374130032908 1.1630348047833707
790 1.07818426210903 1.1629267161567713
789.5 1.078435262069446 1.1634655343860212
789 1.0780161714090912 1.1625757696576247
788.5 1.0777321199395185 1.1619552716141603
788 1.0783943573492925 1.1633870190730393
787.5 1.0782282801787415 1.1630274592163112
787 1.0783786982168977 1.1633547426517865
786.5 1.0780299501414616 1.1625925694529664
786 1.077832357339338 1.16218680038503
785.5 1.0781585974335093 1.1628746367987874
785 1.0781800773494667 1.162923614802177
784.5 1.0779802889851944 1.162490097453524
784 1.0776685582440806 1.161821808339534
783.5 1.0779600321883385 1.162449220405026
783 1.0779349935160558 1.1623932610967038
782.5 1.0780950026412244 1.1627367559517718
782 1.0777877384452474 1.1620760413261366
781.5 1.078413012603426 1.163440280225931
781 1.0775962529998924 1.1616649676609843
780.5 1.0782637954914622 1.1631174186077708
780 1.0783603750267907 1.163318551125698
779.5 1.0781775768970427 1.1629161084321264
779 1.0776656637179485 1.1618183896545227
778.5 1.0778843989246545 1.1622843310642577
778 1.0776572103824082 1.161794178509391
777.5 1.0780483795019835 1.162636520995599
777 1.0779441567395904 1.1624127706110072
776.5 1.0778768911941863 1.1622588432194523
776 1.0780288828280635 1.162599507867478
775.5 1.0784788421899083 1.1635669483979327
775 1.0777893116708521 1.1620836721631085
774.5 1.0778610963448352 1.16223698708966
774 1.0778473362151073 1.1622057359915996
773.5 1.0776453780974427 1.161775869262214
773 1.0777787208790173 1.1620585926818536
772.5 1.0777551651555906 1.1620052295420435
772 1.0778075335663484 1.16212242165148
771.5 1.0775197047583303 1.161509226834833
771 1.0771901295504451 1.1607888578060535
770.5 1.0776588640252194 1.161802137212457
770 1.0778102424374398 1.1621233532542858
769.5 1.076818374551416 1.1599761157268118
769 1.0771716852094386 1.160748908361543
768.5 1.0769833405821245 1.1603428522518575
768 1.0768458661248128 1.1600429175318596
767.5 1.0776597151826666 1.16180344622247
767 1.077644768034221 1.1617573334153046
766.5 1.0774276454487033 1.1613056152236019
766 1.0778020064561173 1.1621043648306197
765.5 1.0772520972857995 1.1609237611697165
765 1.077464790385676 1.161386249293056
764.5 1.0769856661506976 1.1603532813109958
764 1.0775138545175957 1.161490406718482
763.5 1.0767090021186148 1.1597587414278487
763 1.077195161991817 1.1608054881522791
762.5 1.0765894900409847 1.1594980833888322
762 1.0767435147483444 1.1598351309966264
761.5 1.0775447579399584 1.1615570407461364
761 1.077447137126029 1.161332046663683
760.5 1.0769422193889757 1.1602554714056987
760 1.0768258924253014 1.1599986467442016
759.5 1.0769260740210809 1.1602273077676362
759 1.0772998447117639 1.161020672133732
758.5 1.0770011115134166 1.1603794103570926
758 1.0765980015970256 1.159532017788871
757.5 1.0773631179604266 1.1611632846182058
757 1.0772753989143902 1.1609813726078873
756.5 1.0768080565840115 1.1599716596649985
756 1.076840614364722 1.1600331167300961
755.5 1.07699249256505 1.1603702922178136
755 1.0767277026541981 1.1597881099926144
754.5 1.0766165280025946 1.1595545729537324
754 1.0770219174444053 1.160438990595948
753.5 1.0766303071080896 1.1595821837765432
753 1.0767067877094347 1.1597446199805246
752.5 1.0771485960750393 1.1606984367517332
752 1.0765316886015888 1.1593695033307954
751.5 1.076593220861434 1.1595044245576882
751 1.077051000024229 1.1604967434630014
750.5 1.0764240264434233 1.159145320462791
750 1.0773118765220333 1.1610586283681752
749.5 1.0764589385780707 1.1592201083787623
749 1.0770364567628985 1.1604535749235545
748.5 1.0766063433454047 1.159533481219983
748 1.0769213712040278 1.1602102662425269
747.5 1.0769258601601914 1.1602193212437693
747 1.0766933637066864 1.159722323698299
746.5 1.076370006062567 1.1590271978699922
746 1.0770431600812598 1.1604748093525936
745.5 1.0766566007207918 1.159632561990182
745 1.0764038687051685 1.1590970582777096
744.5 1.0760651717314185 1.158365509551751
744 1.0767960486485522 1.1599442001748916
743.5 1.0761329852184758 1.15851464779123
743 1.076342377058902 1.158954899431774
742.5 1.0763813612280053 1.159059260048728
742 1.076210267585745 1.1586699263122058
741.5 1.0764037703689633 1.1590902017532472
741 1.0764968586641377 1.1592993327134704
740.5 1.0765395509275217 1.1593855579502699
740 1.0759499322687676 1.1581236180733798
739.5 1.0763764653110215 1.1590335256183535
739 1.0763726780315952 1.159029581583575
738.5 1.0764344680157294 1.159174689811767
738 1.0768397535398777 1.1600256534878441
737.5 1.0767119922073805 1.159758390850488
737 1.0761490955112578 1.1585543656053765
736.5 1.0760289364310052 1.1582864413814102
736 1.0765533923211041 1.159429622388152
735.5 1.0760322134268232 1.1582918124639554
735 1.0766166248947904 1.1595439465983455
734.5 1.075825938668205 1.1578511825947055
734 1.0760175347095349 1.1582650404798758
733.5 1.0755623226845061 1.1572900428871586
733 1.0756416627999432 1.15747086008372
732.5 1.0758566638089866 1.1579308175935543
732 1.0756012109734487 1.1573750353392847
731.5 1.0756396423853332 1.157451134327568
731 1.075890369843224 1.157989159827805
730.5 1.0762356545443854 1.1587377226035245
730 1.0757067835068983 1.1575958127645756
729.5 1.0757456767494693 1.1576743236717455
729 1.0761236319275311 1.1584990874239434
728.5 1.0756604110618255 1.157498027196385
728 1.0763820868164746 1.1590598449113456
727.5 1.0761444057831469 1.1585372023037819
727 1.0757665273076513 1.1577237819881485
726.5 1.0763163530906645 1.1589009566423165
726 1.0753175393200698 1.1567557477484376
725.5 1.0756428496965968 1.1574636196696357
725 1.0756215661571942 1.1574177732009077
724.5 1.075630539753026 1.157437610923953
724 1.0756771381505577 1.1575342699789002
723.5 1.0754397268679836 1.1570294520971296
723 1.0758354665987968 1.1578740288244178
722.5 1.075370597262224 1.1568682253340152
722 1.0755134382543725 1.1571865736485
721.5 1.0755303649467507 1.1572203239200687
721 1.0757268071786987 1.1576489574132436
720.5 1.0753162307699293 1.1567577302123846
720 1.075799535872053 1.1578058273113079
719.5 1.0754308073318555 1.1570076955330613
719 1.0754363228303916 1.157021119309742
718.5 1.0757036800537187 1.1575872447663798
718 1.0758006374367142 1.1578058547218606
717.5 1.0747585684029763 1.1555513609199504
717 1.0753339999443647 1.156803984337679
716.5 1.0753856609283556 1.1569146318305343
716 1.0751366329234247 1.1563775699552585
715.5 1.074918647123505 1.1559021127951645
715 1.075045476732901 1.1561816653455887
714.5 1.0750531775265884 1.1561955027742874
714 1.0752267778464706 1.156577317177235
713.5 1.0753615308165778 1.1568553141816835
713 1.07543367788541 1.1570036851248935
712.5 1.0749322124735172 1.1559320581669934
712 1.0748134521255528 1.155670394188215
711.5 1.074446628673967 1.1549004806049703
711 1.0752252941333065 1.1565638243604768
710.5 1.0750574829525266 1.1562090152894149
710 1.075142217930745 1.1563854554835071
709.5 1.0753318772424758 1.1567899183778576
709 1.0752499604405859 1.1566102126629496
708.5 1.0754189121799889 1.1569693172656537
708 1.0748181025861447 1.1556919223717328
707.5 1.0748332166394297 1.155721939567769
707 1.0747941989507257 1.1556302753576355
706.5 1.0751470049383067 1.1563906060104052
706 1.0748052616442476 1.1556697201419963
705.5 1.074825245259483 1.1557021094917093
705 1.075213547728719 1.1565426237853773
704.5 1.0744235809785316 1.1548309350972288
704 1.0749510327303382 1.1559792446832913
703.5 1.0747083131211883 1.1554405725216763
703 1.074665226067729 1.155356129203803
702.5 1.0746739542462709 1.1553731318638358
702 1.0739170940527918 1.153755485304257
701.5 1.0744887572524735 1.1549813389107257
701 1.0749852932936024 1.1560419121097518
700.5 1.07493517459905 1.155936864389877
700 1.075123211419093 1.1563403265590337
699.5 1.074550023360886 1.155118078412185
699 1.0746345398234596 1.1552972270073976
698.5 1.074878698979404 1.1558054692961122
698 1.0744742581289828 1.154947536392814
697.5 1.0746581662773314 1.1553433946130838
697 1.075012999144889 1.156108308812092
696.5 1.0749825408465037 1.1560388199682181
696 1.0742754883605934 1.1545232764196445
695.5 1.0740430400755028 1.1540181121736905
695 1.0740256005555875 1.153977060697968
694.5 1.0749139244235673 1.1558913325353681
694 1.0741929561735866 1.1543508124065778
693.5 1.0740320454593308 1.1539958693112289
693 1.0744622540411561 1.154908916090268
692.5 1.0745807292059057 1.1551876808518704
692 1.0737529691802274 1.1533976962526156
691.5 1.0743590507988368 1.1547073581758862
691 1.0742110366400466 1.1543772050872034
690.5 1.0745459924478222 1.1551047345052654
690 1.0743132510847622 1.154604630792349
689.5 1.0735819772242403 1.153042024953573
689 1.0738613653533682 1.1536250968963986
688.5 1.0739015268602894 1.153719482567249
688 1.0740544525300517 1.154042549424635
687.5 1.073649593354817 1.1531901638429674
687 1.0740633033961964 1.1540786494006554
686.5 1.0742191159468646 1.1544003573681645
686 1.0736275912062325 1.1531254240558055
685.5 1.074477768785096 1.1549484332082145
685 1.0733429162859045 1.1525271039500808
684.5 1.0740469060695905 1.154027302303359
684 1.0736069988710168 1.1530859279490966
683.5 1.0740143424159403 1.1539636691050241
683 1.0734049443322438 1.1526437653430266
682.5 1.0741464980567903 1.154244661342095
682 1.0738092541325603 1.1535155733745204
681.5 1.07370698982341 1.1532948634485638
681 1.0736256434483251 1.153122995994584
680.5 1.0735040064015806 1.1528639893575354
680 1.073570134315713 1.153000601700865
679.5 1.0735745621749295 1.1530101847019332
679 1.073459192356404 1.1527725354010723
678.5 1.0735896697570537 1.1530423841114676
678 1.073418174288394 1.1526922764031466
677.5 1.0734825005568729 1.1528205007083896
677 1.0730952963198914 1.1519820453333112
676.5 1.073192799587861 1.1522153984455363
676 1.0730807486312433 1.1519577961739484
675.5 1.0736804855942905 1.1532519532254277
675 1.0736015983137885 1.1530778713991132
674.5 1.0733318303171857 1.1524893876900648
674 1.0730650425503794 1.1519268497027477
673.5 1.0735874079126024 1.15304864080518
673 1.0733420383279464 1.1525166159525975
672.5 1.073742917931186 1.1533762011695792
672 1.0732581488734876 1.1523333672967893
671.5 1.07342709190267 1.1526883861780657
671 1.073108223648779 1.1520105470363018
670.5 1.0732497046962715 1.1523203585650574
670 1.0727990033249721 1.151348982710711
669.5 1.0731834030932499 1.152182760912068
669 1.0732789458100156 1.1523762581695247
668.5 1.0737668782688865 1.153433177757515
668 1.0734098436482251 1.1526645608607855
667.5 1.0731162153509184 1.1520231190467731
667 1.0729527894650739 1.151678487900908
666.5 1.0725324950452149 1.1507821579110524
666 1.0730426210684507 1.1518714278302402
665.5 1.0732629216258713 1.1523428075011788
665 1.0724908741054693 1.1506997669792065
664.5 1.0724915749827013 1.1507023737321787
664 1.0725138656493183 1.1507440439575698
663.5 1.0723962618710419 1.1504870163513299
663 1.0726615482640598 1.1510575518365636
662.5 1.0723873469187537 1.1504520813066457
662 1.0725555566599387 1.1508366646459995
661.5 1.073175273055495 1.1521637446665158
661 1.0725473680993778 1.1508104827704626
660.5 1.0725653838157585 1.1508597094497028
660 1.0722408075958771 1.1501584036859998
659.5 1.072952788366203 1.1516840105476576
659 1.0723841804277097 1.150461822277035
658.5 1.0717908997313819 1.149199807791293
658 1.0723726805630487 1.1504413206946968
657.5 1.0721630012981287 1.1499917412630658
657 1.0724903494384628 1.1506850161102855
656.5 1.0726274104158162 1.1509748454796491
656 1.0724540279690085 1.1506086315890875
655.5 1.0719365825017582 1.1495061742951207
655 1.0721306126570234 1.1499250692552117
654.5 1.0722440383387777 1.1501757666062653
654 1.0716368202112208 1.1488807499787856
653.5 1.0721117198785484 1.1498806029604154
653 1.072273224621371 1.1502303241088876
652.5 1.0721275172095115 1.1499241142257361
652 1.0722727847051134 1.1502240757547002
651.5 1.0721754510255086 1.150016804785136
651 1.072402525786887 1.1505008096253155
650.5 1.0722764960492883 1.150217239811729
650 1.0726224815003624 1.15096899572904
649.5 1.071880848328027 1.1493744750526245
649 1.0719264594410507 1.1494831030167125
648.5 1.071847872274452 1.1493204800731118
648 1.0716682521223708 1.1489221152446245
647.5 1.0721761136564016 1.1500175816861504
647 1.0717123224972658 1.1490301143253316
646.5 1.0716524000241372 1.148890278315989
646 1.072023980502547 1.1496963718059907
645.5 1.0710711709091632 1.1476447580217493
645 1.0717750287599148 1.1491401271561767
644.5 1.0720184621290705 1.1496791118765177
644 1.0714082835869099 1.1483635804187688
643.5 1.0721342157861546 1.1499355586213043
643 1.0714835421289297 1.1485248888453072
642.5 1.0716817225180657 1.1489671890543263
642 1.0721557512555713 1.1499832686701148
641.5 1.0719719978983369 1.149575421088445
641 1.0718121953861286 1.1492357577335557
640.5 1.0715762038713903 1.1487389529525753
640 1.0719746779438966 1.149570840237578
639.5 1.071550958466649 1.1486715689110611
639 1.071582017947127 1.148736150158537
638.5 1.071694322973883 1.1489721444810996
638 1.0711721129140206 1.1478616214867874
637.5 1.0714839545650503 1.1485304569570096
637 1.0716495330929865 1.1488825103639042
636.5 1.0715121787806476 1.1485893139578174
636 1.0710369216237046 1.147580572551485
635.5 1.0706569342452894 1.1467559290137195
635 1.0714699906351133 1.1485064225483728
634.5 1.071063240982227 1.1476415936428657
634 1.0710176484542673 1.1475367793670874
633.5 1.0715935895611606 1.1487809167798146
633 1.0709419653579895 1.1473885099401604
632.5 1.0713881397305642 1.1483345684391475
632 1.0710894062836431 1.147686248439805
631.5 1.0708318468851141 1.1471355848350024
631 1.07130945146935 1.1481556394278716
630.5 1.0708240352634864 1.1471374841714874
630 1.0706205624511291 1.1466906117437574
629.5 1.0706720694016945 1.1467988059486995
629 1.070988866525965 1.147472882455028
628.5 1.0707508914239654 1.1469594636121585
628 1.0712360694933043 1.148004370085404
627.5 1.070860396734732 1.147198542591197
627 1.0710855477000107 1.1476666558356745
626.5 1.070823516158373 1.1471194566080753
626 1.070826981914664 1.1471183108078002
625.5 1.0713001283532742 1.1481492299375156
625 1.0709505869531075 1.1473925520127937
624.5 1.0707105297146868 1.1468746225204893
624 1.0709286124033477 1.1473471868776985
623.5 1.0705375110016666 1.1465121459801104
623 1.0699053305682131 1.1451585418810932
622.5 1.0699366706783942 1.1452277497846708
622 1.0709361852856187 1.1473639992843527
621.5 1.0701908980609043 1.1457713789804587
621 1.070028628480905 1.145422620093812
620.5 1.0703670874001316 1.1461314839666117
620 1.0700122959099307 1.1453845201544899
619.5 1.070335617931684 1.1460750057887406
619 1.070620209047964 1.1466749519440065
618.5 1.0702372398240823 1.145862048578515
618 1.0703629972024264 1.1461289694357557
617.5 1.0707399125499446 1.1469457732601827
617 1.0699968795553296 1.1453518230260709
616.5 1.0697211839116445 1.1447660483025066
616 1.070251066586906 1.145901010025762
615.5 1.0696783134381125 1.144671837177525
615 1.0703958411658017 1.1462127306748948
614.5 1.0697863444549736 1.1449083704497613
614 1.070044549605772 1.1454486547533407
613.5 1.0703049641299338 1.1460120481754206
613 1.0696475106850734 1.1446046110258068
612.5 1.0697975713829329 1.1449207743214438
612 1.0701214005823592 1.145615599005269
611.5 1.0697095249164088 1.144744448101062
611 1.0699194788343476 1.145191999699729
610.5 1.0697907002894693 1.1449005470206104
610 1.0700362690297107 1.1454399597179294
609.5 1.0695995676776253 1.1445076633994216
609 1.0695808762632155 1.1444627491495138
608.5 1.069930367151342 1.1452201382415694
608 1.0697123971997304 1.1447332703174442
607.5 1.0698259596406383 1.1449991235915302
607 1.0699011200673796 1.145146634447135
606.5 1.0694355858715996 1.144149052403197
606 1.069730435657748 1.1448009120354488
605.5 1.0695341012278459 1.1443537376899926
605 1.0688653054878399 1.1429279866264381
604.5 1.069457768871548 1.1442035378665707
604 1.0693435959928763 1.14396481593131
603.5 1.0691865713100288 1.1436268368395968
603 1.0694546737489383 1.1441902443693843
602.5 1.069257566505089 1.143778388369599
602 1.0692852615403252 1.1438241320223996
601.5 1.0695713319803348 1.1444462922145708
601 1.0691506607051924 1.1435349754333712
600.5 1.0690735434046472 1.1433813122288357
600 1.069243416814394 1.1437392886215871
599.5 1.0689400887299652 1.143106762049371
599 1.0689681985771087 1.1431521104692546
598.5 1.0695485831317069 1.1443863538484744
598 1.0690320345112307 1.143299809472503
597.5 1.0690673436144416 1.1433630348335904
597 1.0687422140250733 1.1426655582272345
596.5 1.0688532514477291 1.1429020210849077
596 1.0689915593118797 1.1432061218773182
595.5 1.0690725407121784 1.14338223765551
595 1.0686109937917925 1.142384416885348
594.5 1.0688348928419118 1.1428794445918338
594 1.0688170893649027 1.1428295857380024
593.5 1.0687882261378094 1.1427746077848322
593 1.0686125460967717 1.142378523140487
592.5 1.0690655753500222 1.1433617686545792
592 1.0684775169166576 1.1421076248740376
591.5 1.068546132802201 1.1422439765917223
591 1.0684669908147215 1.1420824678287467
590.5 1.0685665708187735 1.1422929676201912
590 1.068676757003964 1.1425237375101982
589.5 1.068405365605245 1.1419385477371529
589 1.06831903714691 1.1417599926747117
588.5 1.0686707887330489 1.1425118021000318
588 1.068373538085845 1.1418813582892677
587.5 1.0685596746572321 1.1422643975801383
587 1.0687921162881253 1.1427749373267833
586.5 1.0682855570815177 1.1416884334798738
586 1.0687871375141054 1.1427662655410529
585.5 1.0684286218970804 1.1419911999817085
585 1.0679596581954374 1.1410049893069583
584.5 1.068253483834127 1.1416237002553724
584 1.0679560834886033 1.1409916929405508
583.5 1.0679874744974025 1.1410652818338654
583 1.0682018416028185 1.1415074796865425
582.5 1.0683019478953362 1.1417351471835355
582 1.0676109705939283 1.1402546419660469
581.5 1.0685976167252764 1.1423604650029944
581 1.0681898062931257 1.141493879049123
580.5 1.0677279846282337 1.1405074664172767
580 1.0680440502637902 1.1411759542799518
579.5 1.067505565950579 1.140040217444971
579 1.0674197638277716 1.139844541705427
578.5 1.0677708385237141 1.140606912979411
578 1.0674013673630318 1.1398163225987896
577.5 1.0678335011318212 1.1407231389890873
577 1.0679611566362543 1.1409983455719177
576.5 1.0669375729519568 1.13881372962696
576 1.068199128291625 1.1415054515602627
575.5 1.0668976883699373 1.1387387875784216
575 1.0680985780186392 1.1412969051221147
574.5 1.0676343515626163 1.1403074112137084
574 1.0674526866342307 1.1399114486528632
573.5 1.0674836577402531 1.1399851258491047
573 1.0673311509145311 1.1396482449005172
572.5 1.0673450445757833 1.13969969985011
572 1.0676911686793038 1.1404394229768098
571.5 1.0669205773126353 1.1387749118094843
571 1.0671163369249919 1.1391877847435892
570.5 1.0673841779475968 1.139762844963128
570 1.0670382704346206 1.1390291785058044
569.5 1.06736870568496 1.139730964013325
569 1.0666315165883415 1.1381566728094052
568.5 1.06693978178959 1.138826844770558
568 1.0670788553033033 1.1391107068862845
567.5 1.0668744098667615 1.1386920003696974
567 1.0669700378919014 1.1388891309611566
566.5 1.066725979634661 1.1383625553844896
566 1.0665890697920073 1.138073955005132
565.5 1.0669699191502948 1.1388770889980477
565 1.0667214200818629 1.1383702134706755
564.5 1.0666027957035575 1.1381003794863616
564 1.0663541491249453 1.137574623064123
563.5 1.066697907032303 1.1383090404438752
563 1.0661456141133085 1.1371376277594991
562.5 1.06666162138246 1.1382264298072604
562 1.0669107188927995 1.1387512256268972
561.5 1.066172050314634 1.137179102737511
561 1.066597777603677 1.1380844218285298
560.5 1.0667167153437012 1.1383489687524382
560 1.0661145223742166 1.1370536901933663
559.5 1.0661373280484499 1.13710978481471
559 1.0665733376819546 1.1380376137128365
558.5 1.0657858194029362 1.1363517786801924
558 1.0659255843723539 1.136662833301644
557.5 1.0662128355223732 1.1372762324573824
557 1.0662819651754032 1.1374266107650215
556.5 1.066193649052367 1.1372234009510163
556 1.066349636337404 1.1375565999178798
555.5 1.0655892228923782 1.1359364359129769
555 1.066035038001689 1.136900810082612
554.5 1.065907713903761 1.1366258899946107
554 1.0662511321433081 1.1373485037884488
553.5 1.0659879094183844 1.1367938161514937
553 1.0661630067682384 1.137165160986677
552.5 1.0658261812934087 1.1364444315426367
552 1.0654491738098573 1.1356427051488365
551.5 1.0652862367961151 1.135304308938005
551 1.0656779964168468 1.1361246150452222
550.5 1.0659546495595225 1.1367290211063956
550 1.0655782389327655 1.1359159318555754
549.5 1.0651355673727285 1.1349871550530157
549 1.0654621348820108 1.1356696124016648
548.5 1.065527411461925 1.1358140520668871
548 1.0655619597078645 1.135899513868537
547.5 1.0651951516720668 1.135100603721127
547 1.0655997387116205 1.1359568016348354
546.5 1.0653440549312654 1.1354264539881544
546 1.0651516428761094 1.135013664354208
545.5 1.0652110041303824 1.135146575029781
545 1.0652610433378589 1.1352369587361177
544.5 1.0649591106738296 1.1345905231634825
544 1.0652744213235628 1.1352696607080661
543.5 1.0655519053289106 1.1358581159870018
543 1.065597421643696 1.1359618142051426
542.5 1.0651961018435987 1.1350990584068648
542 1.065095825094892 1.134899896580363
541.5 1.0650753098261276 1.134843737922954
541 1.0649659149564188 1.134613350900422
540.5 1.0649416392536888 1.1345531957383816
540 1.0654449498961982 1.135640130053714
539.5 1.0645543453975235 1.1337444170202111
539 1.0645943744141524 1.1338248439742402
538.5 1.0648098332109108 1.1342727468108076
538 1.0648420607347697 1.1343476570317357
537.5 1.0645255526518345 1.1336742979383998
537 1.064672081584049 1.1339904276446335
536.5 1.0647757168056116 1.134202822074881
536 1.0650634334147127 1.1348302023420718
535.5 1.064724698414533 1.1340845008279457
535 1.0641984633251118 1.1329738758136159
534.5 1.063944049197799 1.132434465084262
534 1.0646782081826132 1.1340107512531734
533.5 1.0645961853876107 1.1338190756570685
533 1.0641958461912546 1.132968164569329
532.5 1.0642261346778763 1.1330456227729837
532 1.0645000084973926 1.1336184607668471
531.5 1.06386104112138 1.1322648282046115
531 1.0639511636391863 1.1324534399194153
530.5 1.0642204528011177 1.1330206096775135
530 1.0640387866259153 1.132643912125551
529.5 1.0642906857881438 1.133164298631219
529 1.0638906551041776 1.1323239938101934
528.5 1.063657751905249 1.131825423685049
528 1.0641099121527557 1.1327889899017418
527.5 1.0640816175543557 1.1327384102604579
527 1.0639964542741114 1.1325590604510745
526.5 1.063891186801087 1.1323380446076505
526 1.063373974321798 1.1312292154459809
525.5 1.0634572165301406 1.1313983524878657
525 1.0632406387034181 1.130947851659627
524.5 1.0637466434783827 1.1320329225041803
524 1.0637589150396434 1.1320412260853203
523.5 1.0636686707566811 1.131854018451844
523 1.0637667332962892 1.1320598546266012
522.5 1.0632050268630118 1.1308747031864856
522 1.0636408798475605 1.1317967670882243
521.5 1.063222499767798 1.1308922052998394
521 1.0634364697603005 1.131367202749777
520.5 1.0633249244621485 1.1311243018308665
520 1.0634950185921077 1.1314824990783658
519.5 1.0632107395459898 1.1308746822071813
519 1.062950328316056 1.1303279646833124
518.5 1.063069095540495 1.130575436716866
518 1.063529303758681 1.131563765136589
517.5 1.0631794303706337 1.1308145302032877
517 1.0634260953705927 1.1313422633224606
516.5 1.0624318202120018 1.1292299279538958
516 1.062686791055161 1.1297705402560396
515.5 1.063338646176125 1.1311664437645246
515 1.062571186210209 1.1295324560365818
514.5 1.0627362623966012 1.1298643656385765
514 1.0625623256291612 1.1295018729588715
513.5 1.0626685100355548 1.129719859358542
513 1.0623308908943419 1.1290111683345958
512.5 1.0623750492598985 1.129110437464055
512 1.0625187183635956 1.1294122790893562
511.5 1.0622534390107938 1.1288459094662724
511 1.0618905295823768 1.1280726004366213
510.5 1.061857439197347 1.128011129996103
510 1.0622509190485114 1.1288510775273561
509.5 1.0625437505975488 1.1294671414153004
509 1.0624352374270352 1.1292401757297268
508.5 1.0623446354658108 1.1290388126551683
508 1.0623370716749294 1.1290289292585969
507.5 1.0621193826324853 1.1285754661704481
507 1.0617739206326589 1.1278220870481894
506.5 1.0620160436196806 1.1283498031237407
506 1.0623601634148323 1.1290749342593487
505.5 1.062020278578543 1.1283519797472676
505 1.0616692125902942 1.1276119727571736
504.5 1.0617605860842663 1.1278000107398114
504 1.0618372155521298 1.12796941417647
503.5 1.0617637976609493 1.1278112953698105
503 1.061359099661739 1.1269513558758277
502.5 1.0617052991871245 1.127683157510383
502 1.061486457017265 1.1272258124268104
501.5 1.0619351404715287 1.1281799414397797
501 1.0620224377290282 1.128361026186798
500.5 1.0618959331698972 1.1280856092849227
500 1.0612236729735942 1.1266590977361932
499.5 1.0613949994114251 1.1270260973473678
499 1.061170297845013 1.126550610505544
498.5 1.0613994275069623 1.1270313382918702
498 1.0610641202059887 1.1263151309073547
497.5 1.061074836604459 1.126357880445027
497 1.0606783418290249 1.1254955907073159
496.5 1.060793848813617 1.1257404555109476
496 1.060383420327537 1.1248900491004905
495.5 1.0609154328143882 1.1260092792773466
495 1.0610129778270019 1.1262153384850833
494.5 1.0607826160681137 1.1257276675653134
494 1.0608602546232349 1.1258956498067623
493.5 1.0606656226563187 1.12547725304233
493 1.0608819725054153 1.125932998787547
492.5 1.060921855222201 1.126038446617671
492 1.0603658256033597 1.124848748730411
491.5 1.0606096987419869 1.1253640533697635
491 1.0605770794983753 1.1252865678731128
490.5 1.0609672630026947 1.1261109144211485
490 1.0606754657673494 1.1255007915954134
489.5 1.0602621898846833 1.1246411060325336
489 1.060077402062994 1.1242323810629786
488.5 1.0604070167262634 1.124944391965048
488 1.0600697790816762 1.1242097880322683
487.5 1.0598827570295268 1.1238104288594992
487 1.0594916928314126 1.1229848221632222
486.5 1.0593958863698973 1.1228004504013638
486 1.0601254605461206 1.124330256223065
485.5 1.0599633013169858 1.1239903737874486
485 1.060246132059259 1.1245919738789567
484.5 1.0603285647464475 1.1247560281657598
484 1.0596652506258903 1.1233615618189159
483.5 1.059779817741839 1.1236068490440196
483 1.0595332428692807 1.1230693099767985
482.5 1.059833825186232 1.123716557290796
482 1.059263201723624 1.12250179566575
481.5 1.0596393600290044 1.1232960619506578
481 1.0595174001138012 1.1230445248777865
480.5 1.0597571857869814 1.1235590822181858
480 1.0597111580351735 1.1234566809508109
479.5 1.0597778402975213 1.123584925641747
479 1.0590639568893911 1.1220947759296336
478.5 1.0592690699946241 1.1225323803867058
478 1.059426500113004 1.1228476678524821
477.5 1.0590388257026446 1.1220294963636726
477 1.05926768111197 1.1225256250182356
476.5 1.0593834312319694 1.1227552491272095
476 1.058819772747045 1.1215673351644047
475.5 1.0590436060867665 1.12203209345751
475 1.059007551037996 1.1219641166241285
474.5 1.058611918620553 1.1211346921850351
474 1.0591599348678937 1.1222922151918966
473.5 1.0588025106772567 1.1215184189905343
473 1.0587940025637341 1.1215141511029187
472.5 1.0584413703227988 1.1207696577544297
472 1.0585652726660197 1.1210328304796249
471.5 1.0588705086838106 1.12167632291503
471 1.0582018175034713 1.120277423263246
470.5 1.0582945879183432 1.1204422879502032
470 1.0585399698009355 1.1209776057814997
469.5 1.0585968300413426 1.1211089451934646
469 1.0578315313049649 1.1194690692197824
468.5 1.0579846442062029 1.1197868366723913
468 1.058846695971322 1.1216301150790875
467.5 1.0579952103066814 1.1198230763118562
467 1.0581005968028518 1.120040860342924
466.5 1.0578229353881623 1.1194585712488392
466 1.0578956031289393 1.119621958915916
465.5 1.0575973589673666 1.1189758899405813
465 1.0579033091096166 1.1196370294388507
464.5 1.0579516364301231 1.119740696364583
464 1.0575453079591102 1.1188575596399843
463.5 1.0578619032775127 1.1195432720816452
463 1.0577859111757788 1.1193745365692758
462.5 1.0575274423808976 1.1188374559140517
462 1.0580153346963639 1.1198529730118003
461.5 1.057886066762569 1.1195928915970985
461 1.057320098619515 1.1183961706591528
460.5 1.0581966658816735 1.1202523423063677
460 1.0567795700425033 1.1172423279453483
459.5 1.0571741609282854 1.1180952849719121
459 1.0573430292853363 1.118451899761956
458.5 1.0571419944194635 1.1180168142360378
458 1.0576233997877091 1.1190422456720537
457.5 1.0569881623311377 1.1176945293183311
457 1.0569072563156865 1.1175220988608283
456.5 1.0567102256749485 1.1171135288262526
456 1.0565023698611085 1.116673619975289
455.5 1.0564617744353504 1.11657578850442
455 1.0566376013314784 1.1169549387189015
454.5 1.0564242751168118 1.1165082634582382
454 1.057058174152537 1.1178383566000776
453.5 1.0564811660324236 1.1166237780720145
453 1.0569482893952094 1.1176121960499077
452.5 1.0565464856603306 1.1167580317374015
452 1.055528600961147 1.114619099950758
451.5 1.0564961353494662 1.1166563130279716
451 1.0560560318646897 1.115719837400729
450.5 1.056484043376499 1.1166314131343558
450 1.0564922914332562 1.116649878581034
449.5 1.056593170235881 1.1168449015686668
449 1.0560627292265359 1.1157557322092762
448.5 1.0559306689607737 1.1154615409070094
448 1.0558629324457243 1.115314084346733
447.5 1.0560965875382655 1.1158091348701098
447 1.0554415281886294 1.1144160470983535
446.5 1.056027258615677 1.1156702311231896
446 1.0557486218456569 1.1150823945848818
445.5 1.055647035908845 1.1148461024742264
445 1.0557987044777706 1.1151728891859118
444.5 1.055667648829078 1.1149005331768835
444 1.0554495919139761 1.1144479910439447
443.5 1.055316085476192 1.1141683363070727
443 1.0558331997940449 1.1152568557321358
442.5 1.0555091581695217 1.1145698995459168
442 1.0554181412217052 1.114382484962412
441.5 1.0559092460234798 1.1154168486819551
441 1.054707750175229 1.1128812792411833
440.5 1.0553659401639557 1.1142734602933841
440 1.0545232123327133 1.112502411572824
439.5 1.0554535614418343 1.1144435240337762
439 1.0548342795179442 1.1131401503709222
438.5 1.054720340322377 1.1129073821181374
438 1.0543073190404046 1.1120366669410608
437.5 1.0547914482152885 1.113060322901836
437 1.0550188403661491 1.113540847900256
436.5 1.0541453999989128 1.1116987116346981
436 1.0549295948864932 1.113353064749294
435.5 1.054477309248242 1.1124000625401909
435 1.054327498998929 1.1120811622143696
434.5 1.0544214940603363 1.1122843452137758
434 1.0543338658808306 1.1121029630534425
433.5 1.0541763496747654 1.1117634675890014
433 1.0544418980121262 1.1123257410730538
432.5 1.0542381796736064 1.1118955293033717
432 1.0539095546186463 1.1112073060946552
431.5 1.053816948977193 1.111001874241527
431 1.0536612335204738 1.1106726951525647
430.5 1.0537678274743145 1.1109035013463209
430 1.0535116112295948 1.110355967192306
429.5 1.053655402271356 1.110652377280198
429 1.0535731752046942 1.1104871999944526
428.5 1.054074839952914 1.1115409212477918
428 1.053976791773138 1.1113399441259746
427.5 1.0531894068806078 1.1096879639655435
427 1.0533342203554452 1.1099872225895127
426.5 1.0537847105412086 1.11092135464876
426 1.0534673670082049 1.110265724579566
425.5 1.0537029979124284 1.1107647718845617
425 1.0532306446433712 1.1097725360964
424.5 1.0529858312341809 1.1092415178535995
424 1.0535650356313608 1.1104727878527194
423.5 1.052441772793613 1.1081099468934095
423 1.0525992396739763 1.108435367479322
422.5 1.0527464900221013 1.1087555467326244
422 1.0527369534068247 1.1087304532425535
421.5 1.0528765671011309 1.1090217478373807
421 1.0521985311317994 1.1075932167749714
420.5 1.0526904766802372 1.108648834747374
420 1.0528907680399067 1.1090476846796942
419.5 1.0525019930996307 1.1082307461784577
419 1.0525437326671943 1.1083213205242912
418.5 1.0523120534819985 1.1078363329944565
418 1.0519695159085491 1.1071253190519739
417.5 1.0523837746236067 1.1079833301159785
417 1.0521669701894243 1.107531540465775
416.5 1.052264960271167 1.107724614605532
416 1.0517972675019913 1.1067645914713524
415.5 1.052216651978652 1.1076342999726196
415 1.0516150794673136 1.1063687695365247
414.5 1.0517932868320972 1.1067365194688359
414 1.05173895947955 1.1066350620250605
413.5 1.0517240848765579 1.1066011142611993
413 1.0514651746988528 1.1060599656298644
412.5 1.0518876821982683 1.1069392550633967
412 1.0513212448734397 1.1057485844367971
411.5 1.0510680200380915 1.1052288818907892
411 1.0512423597774678 1.1055864828679116
410.5 1.0515152701708521 1.1061596684997685
410 1.0508648798189406 1.1047942869924234
409.5 1.0509640460347371 1.1049958592671352
409 1.0509057962375925 1.1048893932808497
408.5 1.050768008272314 1.1045951011799557
408 1.0505530195247856 1.1041371567055207
407.5 1.0508889639000012 1.1048484069754063
407 1.050552094156045 1.1041143258818087
406.5 1.0509468137841618 1.1049662552537138
406 1.0504781392808253 1.1039783891791333
405.5 1.0502046008151176 1.1034115355674061
405 1.050293524981833 1.1035962536463424
404.5 1.0502981062454904 1.1036093688501256
404 1.0501705010619504 1.1033325107235723
403.5 1.0505526964880463 1.104134664192481
403 1.0502131664060859 1.1034229693362645
402.5 1.0499776804189476 1.1029374999430295
402 1.0504566942591966 1.1039302501725097
401.5 1.0499624981943498 1.1028922879875367
401 1.049571184519281 1.1020718247462824
400.5 1.050232542138901 1.1034646382029227
400 1.0501561428309492 1.103304493563394
399.5 1.0493301851960901 1.1015626988314329
399 1.0493812382263255 1.1016737617070604
398.5 1.0492947674585715 1.1014930364004847
398 1.049394764972898 1.1017051174593349
397.5 1.0494969130766425 1.1019106335144524
397 1.0485404044791062 1.099918878617719
396.5 1.0484011736266303 1.099619890123326
396 1.0489668855594785 1.1008109392071586
395.5 1.0495887001884898 1.1021085147730265
395 1.0488714607503888 1.1006082225899905
394.5 1.0488431351752465 1.100550199198493
394 1.049028201471073 1.1009333073476542
393.5 1.0480696363244955 1.0989305414782284
393 1.048369965608592 1.09954418614445
392.5 1.0487118095815764 1.1002754634908474
392 1.0490047734460266 1.1008742353674177
391.5 1.0479770581081778 1.098731351500141
391 1.0485216069827532 1.0998794114663848
390.5 1.0483477881967371 1.0995005410874976
390 1.0481667767620475 1.099136851787041
389.5 1.0477683569499576 1.0982972192809675
389 1.0479750067862041 1.0987303856825257
388.5 1.0475711765985705 1.0978723749288344
388 1.0478365698531211 1.0984432366483543
387.5 1.0481069821326965 1.0990059103236296
387 1.047611488435853 1.0979662094326919
386.5 1.0476887190389985 1.0981209778372174
386 1.0471809743032927 1.097056143948892
385.5 1.046893467656766 1.0964514868505562
385 1.047557649803369 1.0978590645222033
384.5 1.0476060534801632 1.097959483016673
384 1.0471677068335636 1.0970422431921547
383.5 1.0464251201859738 1.09547643241809
383 1.0476007463176353 1.0979367385581333
382.5 1.0469979080180865 1.096667925634312
382 1.0468959163523013 1.0964605706576418
381.5 1.0460014042126469 1.0946008358758663
381 1.0470096287007236 1.0967086838067828
380.5 1.046568650254336 1.0957931944642552
380 1.046677784030076 1.096007169540698
379.5 1.045592454561771 1.093750369374031
379 1.0461830746299214 1.0949891686811022
378.5 1.0464532627525025 1.0955427916788623
378 1.0462415994031506 1.095093021977787
377.5 1.0463543324310138 1.0953408577166306
377 1.045455673228684 1.093468430299751
376.5 1.0458411669600147 1.0942638939253377
376 1.0458430106604233 1.0942659914864643
375.5 1.0457532372266374 1.0940811030680777
375 1.0460984149492414 1.0948054961870113
374.5 1.0454398330999306 1.093418858401377
374 1.0460889195807817 1.0947812219834692
373.5 1.0455614432254907 1.0936795080265895
373 1.0452297435962938 1.0929839783730837
372.5 1.0454124103340923 1.0933545200776258
372 1.0447363635911795 1.0919521868393027
371.5 1.044610462797886 1.0916836084977686
371 1.0451543160982901 1.0928341306122782
370.5 1.0449804053675364 1.0924691416973593
370 1.0452600353453065 1.0930594437564465
369.5 1.0448657384291913 1.0922207534358062
369 1.0444479611570794 1.091339829384441
368.5 1.044568621069168 1.0916024879452886
368 1.0443623662297337 1.091175187130375
367.5 1.0442213379147847 1.0908782933384389
367 1.044346731617724 1.0911376142614388
366.5 1.0437848267794505 1.0899612060953432
366 1.0440901615221403 1.090598460816361
365.5 1.04374374824216 1.0898741997998096
365 1.044324667810219 1.0910968961063092
364.5 1.0439175684536892 1.0902491169186077
364 1.0433504910766176 1.089062706914079
363.5 1.0433828715733897 1.0891375741283835
363 1.0438026015044075 1.0899949325417957
362.5 1.0433580816189492 1.0890929502952666
362 1.042907366841038 1.088120046911021
361.5 1.0431723149300252 1.0886942459003943
361 1.042893844516478 1.0881076807395518
360.5 1.0428959659780654 1.0881103605306497
360 1.0422954776415447 1.0868688632748307
359.5 1.0427321068643396 1.0877775037711437
359 1.0422764899451888 1.0868245880971434
358.5 1.0425452637077026 1.0873697610051714
358 1.0425535553857592 1.0874184769400397
357.5 1.0423572462713608 1.0869993449364161
357 1.0427526585019642 1.0878067394271835
356.5 1.0419870249650371 1.0862072718944882
356 1.0423038951186425 1.0868744247509927
355.5 1.0419605238534613 1.0861705550252179
355 1.0417785148842578 1.0857877749339375
354.5 1.0420618348863022 1.0863827465466667
354 1.0422488985849239 1.0867607231931513
353.5 1.041515653826368 1.085236061002118
353 1.0414867635604124 1.085181666753732
352.5 1.041491666967951 1.0851984912808115
352 1.0412737963585763 1.0847413752751485
351.5 1.0417975641227686 1.0858225978580125
351 1.0417510335001918 1.0857177906940578
350.5 1.0413897705757649 1.0849755207007743
350 1.0412912928150497 1.0847763045785621
349.5 1.0407505420773684 1.0836436379771333
349 1.0416862368062743 1.0855930926071504
348.5 1.040540793924296 1.083212997703244
348 1.040908554001856 1.0839880592828246
347.5 1.040453488423283 1.0830337255048947
347 1.0402063702234954 1.0825046913636365
346.5 1.040122243744938 1.0823340214883257
346 1.0406036602638922 1.083344795034855
345.5 1.0405235435710922 1.0831722767806973
345 1.0398423247860495 1.081763227177367
344.5 1.0400150889467352 1.0821117340661657
344 1.0400075353990363 1.0820963026014507
343.5 1.0396720964622432 1.0814054904249348
343 1.0395131248309368 1.0810769248706122
342.5 1.0394799527130554 1.0810080973979654
342 1.0394078430627336 1.080856836958745
341.5 1.0392168058831193 1.0804583653746
341 1.0397016231001903 1.0814646780119348
340.5 1.0390749394270105 1.080161288739584
340 1.0392509261162917 1.080518760529607
339.5 1.0395076064102575 1.0810570015521541
339 1.0389757412450198 1.0799400628178497
338.5 1.0390297430057989 1.0800510133920007
338 1.0379565803076265 1.0778299031269922
337.5 1.0383214424482905 1.0785934135738386
337 1.0387109329210378 1.0794106163867676
336.5 1.0381849342985359 1.0783237154386698
336 1.0379498617141696 1.077821135317628
335.5 1.0377243228176067 1.0773605260017598
335 1.0381823740841756 1.0783216002420752
334.5 1.0371145966670388 1.0760942505858797
334 1.0378640946757947 1.0776454001166793
333.5 1.0377548882758338 1.0774214317781585
333 1.0378180477283299 1.077547888163242
332.5 1.037123994196251 1.0761143306116079
332 1.0372147348078977 1.076302479108319
331.5 1.0376274326024924 1.0771672853010605
331 1.0378208197761511 1.0775598208643724
330.5 1.0375583822265173 1.0770304079889632
330 1.036894726439592 1.0756458767177683
329.5 1.0363109748804709 1.0744307630854886
329 1.0365440227738143 1.074909431353289
328.5 1.0356796124693994 1.0731269412825288
328 1.0360601431462757 1.0738982914535637
327.5 1.0364469618773138 1.0747047009792892
327 1.0357714239921296 1.0733021440863348
326.5 1.0359168248674226 1.0736179344048853
326 1.035664053923751 1.0730808187664105
325.5 1.0361502816381154 1.0740852267472116
325 1.0353909816496136 1.0725241911896641
324.5 1.035682519448296 1.0731246741295009
324 1.0353185193751309 1.0723798905061495
323.5 1.0351499516665028 1.0720205777514555
323 1.0354618834550413 1.0726704607558906
322.5 1.0350954075737997 1.0719059233188937
322 1.0350632694884516 1.0718454823643888
321.5 1.0351363122641528 1.0720089483760158
321 1.0343296865855356 1.070336220332444
320.5 1.034199255410606 1.0700337814358507
320 1.0346372046413648 1.0709672879765708
319.5 1.0347462863303758 1.0711878163077482
319 1.0339482312396273 1.069543543011807
318.5 1.0344926741673426 1.0706734021823683
318 1.0337985093263804 1.0692325975672954
317.5 1.0342199129112661 1.070088662956245
317 1.033710162067255 1.0690423055456837
316.5 1.0333836288584386 1.0683722850354824
316 1.0334405685789738 1.0684930485754556
315.5 1.0330235261427931 1.0676286760650076
315 1.0338594854939895 1.0693544909985941
314.5 1.0330781098054045 1.067736745045113
314 1.032927108264897 1.0674302554288715
313.5 1.0336332985566028 1.068884675665506
313 1.0325739759418469 1.066707653870023
312.5 1.0329072546638722 1.067383315662319
312 1.0328804023833786 1.0673453514573024
311.5 1.0329419189951867 1.0674604782531878
311 1.032301816418619 1.066144221421195
310.5 1.032451544909041 1.0664621141082087
310 1.0321272511423674 1.0657841231645595
309.5 1.0319867121285968 1.0654816509519651
309 1.031685785902821 1.064861159324143
308.5 1.031712382548344 1.0649323084971123
308 1.0314154843194305 1.064318822907854
307.5 1.0309370476651736 1.063312263812458
307 1.0313967211227077 1.0642609131282494
306.5 1.0311827731814123 1.0638281759392711
306 1.030149029271809 1.0617098872250659
305.5 1.0309358226053738 1.0633203144097627
305 1.0302951039252364 1.0619935026679874
304.5 1.0306897961170949 1.0628159294198405
304 1.0303253766822775 1.0620589225018569
303.5 1.0307869209317195 1.0630050549890777
303 1.029973626934396 1.0613453726847273
302.5 1.0299346393169857 1.061256632331992
302 1.030035903500421 1.0614739456712503
301.5 1.0292479832501678 1.0598494326240593
301 1.0299517813476577 1.0612952005530796
300.5 1.0295468679808182 1.0604727397967324
300 1.0290250758237673 1.0593975277633976
299.5 1.0285777327987533 1.0584669007288094
299 1.029260378701264 1.0598632967786323
298.5 1.0288454430240075 1.0590099644151043
298 1.0288293475265822 1.0589869406181234
297.5 1.0286511384009127 1.0586235542466678
297 1.0286755307960866 1.0586521582700648
296.5 1.0284901540160174 1.0582774873072276
296 1.0284119570874455 1.0581200455727997
295.5 1.027983157385987 1.0572340827288187
295 1.0280158752343895 1.0572991790521644
294.5 1.0283675219825992 1.0580331888008254
294 1.0275103861997847 1.0562869607818872
293.5 1.0279927512475593 1.0572469467369825
293 1.027641499451908 1.0565342628542618
292.5 1.0264742026633458 1.0541572039585405
292 1.0268960371324993 1.0550005950237908
291.5 1.0267954671699973 1.0548102440002327
291 1.0269918750509128 1.0552068613376193
290.5 1.0265480394177853 1.0542830136798642
290 1.0266671923089477 1.0545374487234682
289.5 1.0267072690682244 1.05461803221277
289 1.0267309662026989 1.0546692590352487
288.5 1.0258760643576346 1.0529085544694754
288 1.0263259154141346 1.053828224114961
287.5 1.025746606094511 1.0526618050637364
287 1.0255693433382118 1.0522939044562016
286.5 1.0254873637851702 1.0521318030662965
286 1.0243325351659465 1.0497754512326032
285.5 1.0253798870277535 1.05190738700538
285 1.025421998421262 1.0519817539568
284.5 1.0247325067196413 1.0505741668988655
284 1.0246361086329496 1.050378998402605
283.5 1.02489366443263 1.050899389400315
283 1.0248047616117697 1.050715678061017
282.5 1.0243139810966393 1.0497317743904213
282 1.024161528210746 1.0494099718032481
281.5 1.0245409900384803 1.0501836753987237
281 1.0235207425139157 1.0480904324442397
280.5 1.0235677590930456 1.048193814260013
280 1.0233750283179235 1.0477898396153569
279.5 1.023341028523864 1.0477314732453031
279 1.023407195356621 1.0478549563835982
278.5 1.0231389124142365 1.047296258771338
278 1.0223239174971608 1.0456347383000746
277.5 1.022545326382857 1.046108669825715
277 1.0223539192787334 1.0456975953960552
276.5 1.0226331873706713 1.0462716406458676
276 1.0217126655026607 1.0443821147660775
275.5 1.0216866920881629 1.0443495553840343
275 1.0221763846539442 1.0453440258280662
274.5 1.0214264024153021 1.0438110603780868
274 1.0222913937207143 1.0455703226400332
273.5 1.0215691756093888 1.0441050278057076
273 1.0211693939403474 1.0432869822933653
272.5 1.0205028417523088 1.0419406473173578
272 1.0211018580510423 1.04315656496989
271.5 1.0208577959056753 1.0426425414779312
271 1.0207077778270763 1.0423558945314002
270.5 1.0206526489240053 1.0422371683555087
270 1.0203877526803158 1.041694758338397
269.5 1.0207868402780353 1.0424917092985346
269 1.019866488196411 1.040619450254292
268.5 1.0192830512884263 1.0394323820721754
268 1.0193541083268747 1.0395909355913235
267.5 1.019333602515866 1.0395356987151787
267 1.0195364335371164 1.0399570908731992
266.5 1.0185895492207668 1.0380260856354493
266 1.0191254541125436 1.0391301043923902
265.5 1.0189561885273957 1.0387439334424617
265 1.0181158641215882 1.0370528668342482
264.5 1.0180022120800147 1.0368378063198018
264 1.0181109390254586 1.0370556411170582
263.5 1.017731289530486 1.0362814320707623
263 1.0177640228867437 1.036348004582142
262.5 1.017383185442238 1.0355737165508048
262 1.0174783687252462 1.0357625826192514
261.5 1.0167941454976814 1.0343742441211157
261 1.0165811203324044 1.0339403564218206
260.5 1.0176918907401513 1.0361902437285135
260 1.016947813372815 1.034677964270727
259.5 1.0163996127024688 1.0335733039307273
259 1.0163652911488106 1.0334918448544672
258.5 1.0163934680301003 1.0335511416985736
258 1.0162199006517163 1.0332094576474804
257.5 1.0159828445179035 1.0327208136683559
257 1.01580306222779 1.0323522143478965
256.5 1.0149610623243266 1.0306602958460087
256 1.0149222548662395 1.0305658834231664
255.5 1.0145473704955599 1.029826413707154
255 1.014646138232818 1.0300134964919685
254.5 1.0148089708807355 1.0303386643279384
254 1.0147401127469706 1.0301953308299436
253.5 1.0138332872636653 1.0283618448819565
253 1.0138912984635486 1.0284719082089482
252.5 1.0137812637119954 1.0282486577952585
252 1.0135995399903084 1.0279032672441235
251.5 1.0131355861629772 1.026922935080136
251 1.0127727302124099 1.0262006710514082
250.5 1.01303261887399 1.0267356631533697
250 1.0122149058489582 1.0250867837023887
249.5 1.012893484974989 1.026454172500105
249 1.0123762166801291 1.0254089846361818
248.5 1.0118036423744121 1.0242696434555556
248 1.0121435738149964 1.0249211676237309
247.5 1.0118508176861878 1.0243599286443574
247 1.011349003817388 1.0233452840505015
246.5 1.0121146353309254 1.0248706491204507
246 1.0109669571684021 1.0225582039089065
245.5 1.0105532780698199 1.021732377498687
245 1.01074239592749 1.0221123057292538
244.5 1.0106827100566949 1.0219923265453585
244 1.010215817716817 1.0210527426018432
243.5 1.0096112291881376 1.0198218815793054
243 1.0090422512537371 1.0186809379253874
242.5 1.0095679391388794 1.0197460299894032
242 1.0091342591709227 1.0188609277161567
241.5 1.0094489990626738 1.019479167995553
241 1.009890614603438 1.0203734337332488
240.5 1.0088945110985874 1.018367943846324
240 1.0082351187433056 1.0170328414827743
239.5 1.008361237719308 1.0173071314072073
239 1.0077905017850304 1.0161499462318204
238.5 1.0076002778968827 1.015774527820269
238 1.0075710225652368 1.0157242108564382
237.5 1.0078374722590675 1.0162416296962293
237 1.0069182526232958 1.0144085247009287
236.5 1.007249175895281 1.0150663469200865
236 1.0071747804291933 1.0149094321804935
235.5 1.0071414760345145 1.014838809794061
235 1.0065836561101529 1.0137000459466192
234.5 1.006510801301851 1.0135652740348904
234 1.006252484794518 1.0130441847900105
233.5 1.0054627521087185 1.0114631932622458
233 1.0050965528612872 1.010732208248433
232.5 1.0053303522534944 1.0111991257249229
232 1.0050736365483413 1.0106821984205352
231.5 1.0048732689138618 1.0102934517135633
231 1.0044130096505863 1.009346061226666
230.5 1.0041776819485824 1.00888452717238
230 1.0040499785628048 1.0086324553323829
229.5 1.003657590294124 1.0078343165414143
229 1.0038211351536115 1.0081824108741124
228.5 1.0035223816463354 1.0075768397694653
228 1.0026402262677354 1.0057782975789613
227.5 1.0033787099804192 1.0072748086541636
227 1.0027029584346887 1.0059218254090172
226.5 1.0028539526895657 1.0062172189588807
226 1.0015669634007378 1.0036545294998738
225.5 1.0016162138878613 1.0037614499767138
225 1.0019357143495426 1.0043917427681204
224.5 1.0011728404007367 1.0028638064238473
224 1.000840236002798 1.0021957588552475
223.5 1.0020430696917175 1.0046040754468308
223 1.0001994709092934 1.0009114928209526
222.5 0.9999170853073753 1.0003428187516774
222 0.999802731666363 1.0001157639508895
221.5 0.9999023546144264 1.0003116629014481
221 0.9998392565244024 1.0001805721225325
220.5 0.9987652538735255 0.9980531745289395
220 0.9985293759818998 0.9975825410117284
219.5 0.9989755979295694 0.9984658936525899
219 0.9983351302520036 0.9971965690120311
218.5 0.9981033770865794 0.9967326955890404
218 0.9980612812836712 0.9966339990120014
217.5 0.9972220048701795 0.994958740938963
217 0.997301172070122 0.9951105080130627
216.5 0.9970953789526403 0.9946923609802079
216 0.9968940736113193 0.9942940986008176
215.5 0.9964672068596806 0.9934511367336352
215 0.9962617440756595 0.9930473955579311
214.5 0.9958985537723745 0.9923355904641898
214 0.9952021124380451 0.9909406065742667
213.5 0.9958067173850574 0.9921471656105664
213 0.9950026246582712 0.9905315505852146
212.5 0.9948172336614824 0.9901774126397535
212 0.9950505702019299 0.990633488567353
211.5 0.9946334514636114 0.9898140110722032
211 0.994432797749381 0.9894130399679838
210.5 0.9933696120959377 0.987296661201041
210 0.9932491534103627 0.9870523644680093
209.5 0.9931106311801109 0.9867740450185781
209 0.9924283113273883 0.9854386529438717
208.5 0.9917961254933947 0.9841764029633872
208 0.9926309729974843 0.9858311453552525
207.5 0.991421876471386 0.9834251309059349
207 0.9911041595370014 0.9828099475918943
206.5 0.9906921020352 0.9819808732249776
206 0.9915498796811107 0.9836897746447287
205.5 0.9906955993879916 0.9819895283333302
205 0.9899780374420115 0.9805817488891045
204.5 0.9896456217042761 0.9799297743231978
204 0.9892265751253775 0.9790929995817611
203.5 0.9899218924055696 0.9804812121506972
203 0.989157628442552 0.978943522018622
202.5 0.9894038483778493 0.9794398777585209
202 0.9890760045384762 0.9787872841104164
201.5 0.9879417919686647 0.9765487556226636
201 0.9871151847088329 0.9749099141878961
200.5 0.988055450898376 0.9767914643801779
200 0.9877212876224147 0.9761187303434884
199.5 0.9871717192459902 0.9750151115232916
199 0.9856153556541548 0.9719605689575509
198.5 0.9874627183506546 0.9756143413473984
198 0.9861470685600637 0.9730014889188022
197.5 0.9852468345557455 0.9712408656348906
197 0.9854172671292818 0.9715541928816596
196.5 0.9849976956937792 0.9707543834841147
196 0.9842389519518258 0.969235317142747
195.5 0.9851593011473169 0.9710732889534356
195 0.9840678500977613 0.9689065834490558
194.5 0.9833664739906772 0.9675272061205994
194 0.983413698822236 0.9676256291283977
193.5 0.9825854898426146 0.9660055619102664
193 0.9827177142267716 0.9662465331299072
192.5 0.9824459018434873 0.9657116526953361
192 0.9819575939069279 0.9647444656065542
191.5 0.9812726789020313 0.9634028782287797
191 0.9809993236608127 0.9628897726653429
190.5 0.9811661834228981 0.9631980633828898
190 0.9793183891275168 0.9596021474969245
189.5 0.9803423638210816 0.961599158881766
189 0.9792035610560145 0.9593697235005065
188.5 0.9792304629596951 0.9594094654919836
188 0.9791085792897763 0.9591730281541777
187.5 0.9791134985770386 0.9591807069808567
187 0.9783382636042174 0.9576579135153324
186.5 0.9781072214280744 0.9572295662509915
186 0.9775727147503628 0.9561713128479683
185.5 0.9763832455904452 0.9538488676050889
185 0.9764105337438941 0.9539002681685703
184.5 0.976266485929797 0.9536308335686257
184 0.9760816225818515 0.953244417094925
183.5 0.9756540103422584 0.952424889124075
183 0.9747978017005291 0.9507384498121683
182.5 0.9743424885333412 0.9498750292233562
182 0.9736661203127615 0.9485482844717341
181.5 0.9744124103835007 0.950005215145878
181 0.972828590039863 0.9469141144777318
180.5 0.9723262594483433 0.945969231064841
180 0.9730429405552367 0.9473331355787837
179.5 0.9716098563825798 0.9445507533643072
179 0.9719749345107025 0.945248136756844
178.5 0.9720664555101145 0.9454292028195037
178 0.9707599303618648 0.9428955678098023
177.5 0.9704127012751054 0.9422153890782813
177 0.9693798511913336 0.9402442520237978
176.5 0.9699796125319209 0.9413897446706329
176 0.969657467717936 0.9407709034358424
175.5 0.9689060752607023 0.9392957473538968
175 0.967616908087257 0.9368111245073621
174.5 0.9686595728868036 0.9388457103380389
174 0.9679726073563003 0.9375080275551068
173.5 0.9669050982032092 0.9354262695462878
173 0.9671476752631175 0.9359048609729109
172.5 0.9656029445301504 0.9329126947636351
172 0.9655939447432188 0.932896602136927
171.5 0.9653442012271473 0.932420863149312
171 0.9645474467208099 0.9308686904723565
170.5 0.9648368149636037 0.9314384068363363
170 0.9639435150916784 0.9297185256284192
169.5 0.9636807434335871 0.9292072851155752
169 0.9640790550781305 0.9299669767666456
168.5 0.9631317383691828 0.9281564176977264
168 0.9619416245236359 0.9258583883376731
167.5 0.9619728332283569 0.9259310249725011
167 0.96194957091169 0.9258632194060683
166.5 0.9612318708518737 0.9244917275824314
166 0.9598758632104777 0.9218928203040545
165.5 0.9602583096476422 0.9226128936033369
165 0.9601400433463423 0.9224043135122743
164.5 0.9586305578186801 0.9195122641209516
164 0.9586468585117879 0.9195280126919442
163.5 0.9583754391673587 0.9190183868843864
163 0.9570061963280073 0.9164057357422934
162.5 0.9565362603695584 0.915494165890985
162 0.9568171678535906 0.9160480539212428
161.5 0.9553429650804037 0.9132225408720269
161 0.9544012126165372 0.9114158717023745
160.5 0.9543266512056834 0.9112804626474144
160 0.9545249046643884 0.9116542604895144
159.5 0.9538306927157539 0.9103313036846907
159 0.9534039101898408 0.9095121890571221
158.5 0.9522715013438099 0.9073578993502585
158 0.9512833035839052 0.9054833477885608
157.5 0.9513950210653619 0.9056701608115179
157 0.9515267950846193 0.9059414412589049
156.5 0.9502978434650327 0.9035879487455121
156 0.9501112488217994 0.9032572928094803
155.5 0.9503966109751806 0.9037997823763142
155 0.9488573197314589 0.900853875986494
154.5 0.9484968193095257 0.9001650696455048
154 0.9478345693926781 0.8989183710019347
153.5 0.9471873288618741 0.89770094978741
153 0.9461647093143492 0.8957735732158817
152.5 0.9461962882334269 0.8958266888005677
152 0.9453422518187504 0.8942151059577623
151.5 0.9440243854864059 0.8917086687062984
151 0.9439270338350981 0.8915348367728552
150.5 0.9430342165498243 0.8898342063133968
150 0.9441112079293009 0.8918954875596765
149.5 0.9432095915095139 0.8901600645236755
149 0.9418485858774909 0.8876193884465277
148.5 0.9418854415300004 0.8876770947667545
148 0.9414094507080815 0.8867691926390555
147.5 0.9396276275265373 0.883419173688126
147 0.939884537360944 0.8839122183335067
146.5 0.9395582975430358 0.883302044652043
146 0.9383729432543204 0.8810785904127092
145.5 0.9385790828430314 0.8814534283476378
145 0.9378138235727197 0.8800143045683176
144.5 0.9364111398919951 0.8774096328552322
144 0.935221341258755 0.8752071395367678
143.5 0.9361569426845292 0.8769279753868404
143 0.9337828942566864 0.872501762769862
142.5 0.9338895107687011 0.8726754177861665
142 0.932229658243947 0.8695831024195292
141.5 0.9324000014782688 0.8699174714045177
141 0.9322689902679194 0.8696504071140299
140.5 0.9320098442754357 0.8691633071086905
140 0.931331852824695 0.8679159538662427
139.5 0.9305106822894418 0.8663709224091353
139 0.9287320013783256 0.8630655118221549
138.5 0.9283520394927663 0.8623585681023535
138 0.9282098215307711 0.8620883612315913
137.5 0.9279866944374989 0.8616591599529814
137 0.9255252501353828 0.8571404240654588
136.5 0.9261444432626289 0.8582679108162354
136 0.925996332157792 0.8579927230520146
135.5 0.9254877442121373 0.8570681629242106
135 0.9241686631900974 0.8546150639420453
134.5 0.9230779963641804 0.8526002621531739
134 0.9223762663246359 0.8513146233234425
133.5 0.9219684588793882 0.8505539980822956
133 0.920087344013771 0.8471033540744811
132.5 0.9196328487426554 0.8462631644566979
132 0.9199994576172549 0.8469497896200555
131.5 0.9193205081442558 0.845689668760242
131 0.9179494351200245 0.8431445024813138
130.5 0.916120663753081 0.8398080428126814
130 0.9148810697821286 0.8375289834654097
129.5 0.9154052026644544 0.8384813335229697
129 0.9136155832764099 0.8352148277091406
128.5 0.9137022218846591 0.8353798485225135
128 0.9125960063472888 0.8333849004518393
127.5 0.9124662588935691 0.8331239995410166
127 0.9114648291107358 0.831307775834632
126.5 0.9109162906310297 0.8303007123954366
126 0.9096990842830069 0.8280993705304392
125.5 0.9080723060974097 0.8251130607380116
125 0.9078885417227326 0.8247929814985532
124.5 0.9063564098416008 0.8219908372177118
124 0.906426671287074 0.8221600106786837
123.5 0.9049707451701906 0.8194886368159319
123 0.9051291465886819 0.819798563903479
122.5 0.9043433604893717 0.8183573798921863
122 0.9033549354460224 0.8165550936667323
121.5 0.9024322227007964 0.8149113144896497
121 0.9022224172814092 0.8145619852845339
120.5 0.9008454671826204 0.812048579466618
120 0.8986671739163766 0.8081180472260464
119.5 0.8987438018477444 0.808262889234583
119 0.8970220934385958 0.8051588595833056
118.5 0.8955995079065053 0.8026248045725229
118 0.8953757523836704 0.8022163135438275
117.5 0.8941224492269527 0.7999858842844594
117 0.8916697088771774 0.7955848318048637
116.5 0.8919178642191219 0.7960181726016415
116 0.8916238822021794 0.7955032619968548
115.5 0.8900774955880782 0.7927954528691165
115 0.8907387596113693 0.7939356853148047
114.5 0.8874929957054678 0.7881353920715409
114 0.8890409701036119 0.7909095200115992
113.5 0.8871418739738458 0.7875398443001208
113 0.8862099901271216 0.7858886135963675
112.5 0.884979972628615 0.7837150151548004
112 0.8843265923443939 0.7825571769025533
111.5 0.882226961550108 0.7788641216758271
111 0.8820359738718018 0.7785213997604358
110.5 0.8812177417354222 0.7770184986669164
110 0.8787813493320846 0.7727554688540739
109.5 0.8796614888166402 0.7743479142601548
109 0.8780882232456976 0.7715385275982861
108.5 0.8771646257596979 0.7699712247371734
108 0.8762055983823981 0.7682835613014356
107.5 0.874503797895626 0.7652544062086962
107 0.8737130751031466 0.7638830920321323
106.5 0.8718459719627544 0.7606259202803736
106 0.8720228972863983 0.7609153399157315
105.5 0.8695534749501842 0.7566261242098358
105 0.8693263096555257 0.7562440924506966
104.5 0.8691184451267193 0.7558829336375339
104 0.8662326921637904 0.7508726517511919
103.5 0.8651922175337199 0.7490683478630913
103 0.8647025792241438 0.7482189914250675
102.5 0.863493361369582 0.7460893807024703
102 0.8608472370906576 0.741556803890086
101.5 0.8582923227981369 0.7372075547946054
101 0.8581205802298504 0.7368663346390363
100.5 0.856970625526039 0.7348938451632265
100 0.8580811160508198 0.7367799525478209
99.5 0.8563503899511982 0.7338439148403513
99 0.8553606108837478 0.7321126978063176
98.5 0.8522111259821225 0.7267624588675454
98 0.8526161291228067 0.7274286591681975
97.5 0.8516246108320731 0.7257445382815416
97 0.8485673440012347 0.7205879284935462
96.5 0.8474969140345868 0.7187218551797445
96 0.8447029482793583 0.7139808220246883
95.5 0.8449730794738936 0.7144335251041732
95 0.8446680387670463 0.71394635230174
94.5 0.8426835274849169 0.710611166707522
94 0.8416058043177188 0.7087705781830294
93.5 0.8387971691828622 0.704036981595877
93 0.8379210081895166 0.7026125942680532
92.5 0.8368285137673962 0.7007429282085642
92 0.8341072701899486 0.6962005343495151
91.5 0.8351621094225967 0.6979693816365533
91 0.8314872962437846 0.6918476533392194
90.5 0.8305762075592674 0.6903377611643912
90 0.8285006026029655 0.6868885596618131
89.5 0.8280673985495328 0.6861486696804568
89 0.8277001599175876 0.6855367281762524
88.5 0.8269254485204492 0.6842415569404738
88 0.8243820440356125 0.6800525196779676
87.5 0.8231036326638217 0.6779729925541453
87 0.8208787488889442 0.6742816032124311
86.5 0.8185058355101796 0.6703930482668149
86 0.8189081920063648 0.6710497698701217
85.5 0.8169961197120374 0.6679141268185297
85 0.8133008430551069 0.6618836075934855
84.5 0.8138731448409989 0.6628022706257525
84 0.8119004207515581 0.6596226165840697
83.5 0.8101152785912197 0.6567209685697717
83 0.8099674362742999 0.6565464659128177
82.5 0.8077328558192807 0.6528387072346378
82 0.8055993994910553 0.649425175355885
81.5 0.8045167428413171 0.647696224562116
81 0.8026209396444539 0.6446113653689741
80.5 0.8025478960232579 0.6444899620264396
80 0.7984110069684246 0.6379026897041573
79.5 0.7986868552455584 0.6382922849890631
79 0.7974359914577914 0.636314273203794
78.5 0.7936137368004377 0.630191010112179
78 0.7928713622733603 0.629040025523172
77.5 0.7920948665890785 0.6278402578426471
77 0.7893400063913313 0.6234590963564617
76.5 0.7882283989135923 0.6216952218627864
76 0.7852538769298478 0.6170223748812103
75.5 0.7846901372208643 0.6161199618746908
75 0.7832524923807948 0.6138809778250973
74.5 0.7808358142130107 0.6100942960607312
74 0.7798332188625036 0.6085019765258352
73.5 0.7778781820601506 0.6054775381968673
73 0.77530532498761 0.6014671711130898
72.5 0.7743926247912027 0.6000400990957816
72 0.7726666745704094 0.5973585883498082
71.5 0.7710240775266767 0.5948550941878763
71 0.7690736111552285 0.5918315348284257
70.5 0.7665618295296738 0.5879876601044306
70 0.7669603656026823 0.5885887374609199
69.5 0.7623042619161793 0.5814808166758515
69 0.7624219896521734 0.5816471749514277
68.5 0.7605677260289275 0.5787917588266398
68 0.7582357253377054 0.5752632375184211
67.5 0.7552499156691324 0.5707309048426259
67 0.7535808273097936 0.5682202234635622
66.5 0.7534963392035408 0.5680866286487282
66 0.7507542658979129 0.5639464404208133
65.5 0.7470604708583216 0.5584273946725264
65 0.7467021030244969 0.5578761025036392
64.5 0.7451799899626235 0.5556010590032132
64 0.7438696528547041 0.5536299893026215
63.5 0.7399957973280735 0.5479459676895475
63 0.7383244101451114 0.5454288634238652
62.5 0.7395359426114322 0.5472030317661503
62 0.734518029912473 0.5398033132544172
61.5 0.734266944875165 0.5394166772806614
61 0.7320366032344054 0.5361765645127736
60.5 0.7270977443867328 0.5289697196912242
60 0.7281792253664897 0.5305507171185685
59.5 0.725861926400272 0.5271607142220722
59 0.72264842655077 0.5224930156087318
58.5 0.7232905028397607 0.5234079721322228
58 0.7197986906554139 0.5183649680602133
57.5 0.7172772093685054 0.5147635355039226
57 0.7165156613942434 0.5136304848328915
56.5 0.7126989515604812 0.5081930087646678
56 0.7120423592521912 0.5072923003852241
55.5 0.7091993715756049 0.5031980205379964
55 0.7088482385086761 0.5027170052440897
54.5 0.7064537894560614 0.4993180508569229
54 0.7049957448904238 0.4972345930149045
53.5 0.7002729940582478 0.4906237217624536
53 0.7003590679404194 0.4907010741603131
52.5 0.6971284122709865 0.4862024881865733
52 0.6964833044042831 0.4853058734835122
51.5 0.6934219557656967 0.4810260887860884
51 0.6921106525143607 0.4792143013531707
50.5 0.6882201149686682 0.4738373115746782
50 0.6892304921487978 0.4752432027979383
49.5 0.6872873277251419 0.4725803065127441
49 0.6866123060372896 0.47162494082516876
48.5 0.6811585284582713 0.46416511992133397
48 0.678486507218909 0.46054528288398255
47.5 0.6787887174408763 0.4609319673247512
47 0.677751002207452 0.4595117642957787
46.5 0.6751011536739168 0.4559064820954037
46 0.6725070421047181 0.45243338493329655
45.5 0.671134052602131 0.4505940904569407
45 0.6689541171827206 0.4476610327162081
44.5 0.6654736403726698 0.4429921309644021
44 0.6658578403178685 0.4435289912014474
43.5 0.66291174211563 0.43959733085116975
43 0.6591374732326829 0.4345883699960972
42.5 0.6606942112683889 0.43663796565995655
42 0.6563376360585272 0.43090175631490624
41.5 0.6557006341396113 0.4300544049587906
41 0.6548826407284848 0.42900680995501045
40.5 0.6503112049719507 0.4230288718535824
40 0.6487719175541365 0.42099598901795815
39.5 0.6484714963818747 0.4206290559985091
39 0.6464168277665895 0.4179613005864942
38.5 0.6459995216626269 0.4174084165805039
38 0.6428345171019944 0.4133168981406434
37.5 0.6413417612940783 0.4114257912813844
37 0.6401171652347373 0.40984238130762274
36.5 0.6374461892151894 0.4064095789640379
36 0.6372996522509213 0.4062388605434124
35.5 0.6347855896113999 0.40303927146304763
35 0.6327243858775765 0.40040983383668205
34.5 0.6327877274765784 0.40049655916588545
34 0.6302334148754425 0.3972562990384954
33.5 0.6269711230241752 0.39314894408703327
33 0.6277244847549893 0.3940983466447042
32.5 0.6233251939826752 0.3886063566703821
32 0.6279020633193969 0.39431285434322233
31.5 0.6232222597317931 0.38847789769937907
31 0.6187051205936699 0.38284451448898377
30.5 0.6195933000224336 0.38395951683034923
30 0.6198833581645303 0.3843046690689559
29.5 0.618224101875726 0.3822460133808395
29 0.6148251180257879 0.3780471112844955
28.5 0.6147827577367763 0.3779992569232465
28 0.6143230825759854 0.377439416361185
27.5 0.6108199391774393 0.3731383755697011
27 0.610612048347265 0.37287352746101765
26.5 0.6101890387383264 0.3723733076848778
26 0.6078853140626855 0.3695492952956208
25.5 0.6066110709637261 0.3680072691809492
25 0.6046291878380694 0.3656032767572434
24.5 0.6024129076177579 0.36292024271007994
24 0.6049257201743535 0.3659580322847639
23.5 0.6023791231649195 0.3628849089275311
23 0.6005557264046836 0.36068274757573054
22.5 0.6022414136172913 0.3627209501340557
22 0.6007206687578253 0.36087697525483564
21.5 0.6003855842564101 0.3604798615244526
21 0.5995440607523543 0.3594678663690877
20.5 0.5963450381684191 0.3556395312431872
20 0.5967112714457127 0.35607464520487303
19.5 0.5962701813689942 0.35554510370476994
19 0.5941876593622866 0.35306864040233493
18.5 0.5938904714507823 0.3527179741092043
18 0.5906791605444565 0.3489048904938329
17.5 0.5922560737943682 0.35077072039738466
17 0.5930549192215442 0.35172002091673565
16.5 0.5893744391521288 0.3473661468443673
16 0.5919101347841274 0.35036053385407245
15.5 0.5917570228142726 0.35017834730262415
15 0.5923029441293237 0.35082611847519846
14.5 0.5899005221315894 0.347984457016526
14 0.5911105411420045 0.3494167810724763
13.5 0.5911562681471986 0.3494672203758432
13 0.5909690358108692 0.34924533716136447
12.5 0.5913139077020115 0.34965362094997265
12 0.5905092367347659 0.34870241467742713
11.5 0.5898410555994607 0.3479133884046756
11 0.5898761605305055 0.34795548901161005
10.5 0.5883064653895135 0.34610501974495744
10 0.5881778494239164 0.3459536843343592
9.5 0.5878108749932313 0.34552179755886936
9 0.5880004440658271 0.34574482376957155
8.5 0.5877654710066691 0.3454684182390616
8 0.5877444600210968 0.34544369596583885
7.5 0.5876184731699688 0.34529552073078346
7 0.5876087163237922 0.3452840534149953
6.5 0.5875634239929884 0.34523081015008844
6 0.5876859881810866 0.345374898490942
5.5 0.5875424286069285 0.3452061373413324
5 0.587533437957315 0.3451955717531241
4.5 0.5875048032984809 0.34516191263168483
4 0.5874334049387007 0.34507801421664885
3.5 0.5874261404913651 0.34506947819011896
3 0.5873884221742157 0.3450251613881324
2.5 0.5873996672360255 0.3450383723703483
2 0.5873719428494448 0.34500580087509336
1.5 0.5873614311956804 0.3449934518883874
1 0.587351614685428 0.3449819195872038
0.5 0.587345932452268 0.3449752443683534
