1000 1.0454293459589423 1.093393991215095
999.5 1.0456106407227785 1.0937797089431234
999 1.0457651568295407 1.094086016455426
998.5 1.0458539178837036 1.0942850187360373
998 1.0455899000188216 1.0937355592401339
997.5 1.0455180431896955 1.0935715604402845
997 1.046087208600932 1.0947656797777041
996.5 1.045447876354434 1.0934338604616292
996 1.0455175755381543 1.0935684812433284
995.5 1.045714895500276 1.0939961100628566
995 1.0455142768470433 1.093577788220852
994.5 1.0451666722288544 1.092844565403365
994 1.0455991546526882 1.0937386072843303
993.5 1.045324831243275 1.0931741524231544
993 1.0460351016150506 1.0946448747336326
992.5 1.0462220774892241 1.0950569179844185
992 1.0458218786019162 1.0942087754765737
991.5 1.04561034239516 1.0937741753426873
991 1.0456945592580287 1.0939615593626324
990.5 1.0458160731066923 1.0941972891346892
990 1.045652194725539 1.0938628254888378
989.5 1.0455224303414492 1.0935875521088791
989 1.0460087650558605 1.0945933375895556
988.5 1.045543397913301 1.0936353168724076
988 1.0457129833495642 1.0939942301361725
987.5 1.0456973530990283 1.0939523281673516
987 1.0452108499348594 1.0929397429557675
986.5 1.0453179334322749 1.0931478301709763
986 1.0449906534903568 1.092486025870926
985.5 1.0458441427337075 1.094253091367636
985 1.0453239470582638 1.0931812013054996
984.5 1.0454455629244195 1.0934268438654282
984 1.045297568138609 1.0931204374294423
983.5 1.0455392230929206 1.0936200918679662
983 1.045446796838566 1.0934299804284526
982.5 1.0453675157103488 1.0932684005300204
982 1.0458103477110183 1.0941894673876005
981.5 1.0452256301276879 1.0929658492116716
981 1.0452945509809324 1.0931115585242845
980.5 1.0451767186718148 1.0928636254337822
980 1.045339985480049 1.0932218033698868
979.5 1.0453179980391594 1.093168495706947
979 1.0455611539667784 1.0936653073875062
978.5 1.04512356211624 1.0927582414340156
978 1.0451952545575414 1.092897507497989
977.5 1.045278428890761 1.0930787855688335
977 1.0452930749801668 1.093106958447213
976.5 1.0456315483097096 1.0938304985659182
976 1.0452782424103437 1.0930705171972013
975.5 1.0450701794516581 1.0926337249507017
975 1.0455721807138303 1.0936829998416575
974.5 1.0453288437273198 1.093186640427239
974 1.0455855248972248 1.0937118557605057
973.5 1.04559148351152 1.0937412337172037
973 1.0451752931345293 1.0928555332605203
972.5 1.045009746641303 1.0925098522484262
972 1.044889353518813 1.092245303405772
971.5 1.0448635334290117 1.0922027533462777
971 1.0451585033581516 1.092824957356785
970.5 1.0449636560416886 1.0924207963580943
970 1.0452349569405335 1.0929910969018188
969.5 1.045583189058037 1.093717524001852
969 1.0449161595111984 1.092314276663137
968.5 1.044896863556114 1.092276017442111
968 1.045259583210494 1.0930336675109174
967.5 1.0448427785538155 1.0921733434520033
967 1.0451849874152512 1.0928887389461468
966.5 1.044682698210975 1.0918223366675563
966 1.0450190572877265 1.092527990570363
965.5 1.0449122969652103 1.0923222084998798
965 1.0452745348731467 1.0930685004077623
964.5 1.0450537925001278 1.092611969427537
964 1.0448704332472332 1.092230481417367
963.5 1.0456048053371803 1.0937655289310704
963 1.0451481213706004 1.0928065302203394
962.5 1.044698184875465 1.0918751002371734
962 1.0447655096577317 1.0919971040880936
961.5 1.0449159101637278 1.0923260442149214
961 1.0447416358172354 1.0919718795534574
960.5 1.0450158939189298 1.0925397625695707
960 1.0452140284482236 1.0929361539780513
959.5 1.0449396822775714 1.0923800805223371
959 1.0449032151204818 1.0922956741324985
958.5 1.0447564771528597 1.0919935063377395
958 1.0446558142442501 1.0917816416839523
957.5 1.0443124932582966 1.0910507746772184
957 1.0449492680574746 1.0923870534430682
956.5 1.0447279195954033 1.0919279342524282
956 1.0449694064757165 1.0924502084187244
955.5 1.0445639481474798 1.0915713428336309
955 1.044834290380895 1.0921483864994357
954.5 1.044899330574458 1.0922895253410707
954 1.044461135033948 1.0913684912531338
953.5 1.0448746642719664 1.0922332849388374
953 1.044262754010786 1.0909551435021987
952.5 1.0447353503242123 1.0919422489279451
952 1.0440584103232802 1.0905400209189977
951.5 1.0451363103685514 1.092790783991606
951 1.0452211944180743 1.092955081579291
950.5 1.0446434810306309 1.091748301133683
950 1.0448395808336557 1.092173520844531
949.5 1.0445256391597841 1.0915106090391897
949 1.0445088088541779 1.0914717629632658
948.5 1.0444641570976325 1.0913787273397908
948 1.0451891889030065 1.0928848541564375
947.5 1.0444486164993043 1.0913411618778384
947 1.0445819219611165 1.0916253508365443
946.5 1.0448393840954953 1.0921495121810552
946 1.04475355578202 1.0919798869444775
945.5 1.0442066960956007 1.0908265473551282
945 1.0446510242818376 1.0917709731321261
944.5 1.0447016356643526 1.091867448168328
944 1.044054701456089 1.090526482298
943.5 1.0442439687291902 1.0909108476359266
943 1.0446236100983222 1.091713236335306
942.5 1.044347215840283 1.0911284366779894
942 1.0449376450764554 1.0923753153725584
941.5 1.0442690430025092 1.0909709846886657
941 1.044628594228639 1.0917144666566498
940.5 1.0440242856683803 1.0904557662796417
940 1.0445764715102728 1.091619112380143
939.5 1.0445389171335826 1.0915344638248137
939 1.0441930753580542 1.090811865026622
938.5 1.0442752315520933 1.090990781591994
938 1.0443544330185202 1.0911504606287816
937.5 1.0442854013727174 1.0909948587056857
937 1.0439634540289189 1.0903358032805903
936.5 1.044155133281785 1.0907390072654568
936 1.0444058442626236 1.0912644377910528
935.5 1.0443613488705377 1.0911696610702868
935 1.044075316423469 1.0905570717395843
934.5 1.0447924938080493 1.092058714152952
934 1.0439581155339754 1.090328244224366
933.5 1.044668238037701 1.091797963315234
933 1.0439658770039415 1.0903296568480187
932.5 1.0444948239464158 1.0914466363261863
932 1.0443494781279279 1.0911424870674822
931.5 1.043826806921915 1.0900543987937337
931 1.0445758516632957 1.0916113705731703
930.5 1.0445375517805549 1.0915294876863293
930 1.0436468901551104 1.0896744384818422
929.5 1.0441143255753702 1.090642880277626
929 1.0439713149910201 1.090353895406288
928.5 1.0440897527641217 1.090596530309443
928 1.0441331140714307 1.0906730977401213
927.5 1.044410641981608 1.0912677323214848
927 1.0436237840720182 1.0896221468807463
926.5 1.0438338252796575 1.0900653143579255
926 1.0438869507009463 1.0901648396590413
925.5 1.0443206108104248 1.0910695743138767
925 1.0441154058704718 1.0906477324957888
924.5 1.04377800558387 1.0899387156293174
924 1.0433980333179007 1.089147779805887
923.5 1.0440371071976244 1.0904864657560962
923 1.0440132922068193 1.090440485003816
922.5 1.0442061924387447 1.0908387123518462
922 1.0435916884928758 1.0895356699718453
921.5 1.0437029439000147 1.0897926616602276
921 1.0436173539625138 1.0896044567926135
920.5 1.0439652767659917 1.090338809732729
920 1.043591458298174 1.0895519238584157
919.5 1.0437535308471606 1.0898908137889336
919 1.0436845470180371 1.0897563741186567
918.5 1.0437386660429917 1.089857825079603
918 1.0439209122894302 1.0902388388517399
917.5 1.04396168937766 1.0903205273692576
917 1.0433064683101423 1.0889617129079938
916.5 1.0436346650946469 1.0896494246647594
916 1.0440414383017491 1.0904861031886444
915.5 1.0434123320799582 1.0891782799598788
915 1.0436371497964625 1.0896569273772339
914.5 1.0433648681720669 1.0890972454079668
914 1.0438255076665408 1.0900470500269959
913.5 1.043628410650142 1.0896385925259975
913 1.0433645364976853 1.089083558949034
912.5 1.043549296358756 1.0894676053527237
912 1.0437086067067711 1.089793439829311
911.5 1.0436635201106084 1.08970871733558
911 1.043647884879468 1.0896734819084868
910.5 1.0433891477731603 1.0891447486527006
910 1.0433705045583597 1.089095250676586
909.5 1.04322374722832 1.0887948136642203
909 1.0432953106551615 1.088930851678688
908.5 1.0433664996847318 1.0890915470662073
908 1.043067967594035 1.0884569397090376
907.5 1.0437077918327302 1.0897948239564368
907 1.043407589292207 1.0891809487902409
906.5 1.043412628848421 1.0891916721507147
906 1.0432506748058898 1.0888526011440185
905.5 1.043292652520623 1.0889367068698517
905 1.0433759560073572 1.08911280491607
904.5 1.0437433116348174 1.0898788570602342
904 1.0432307994874455 1.0887937874687095
903.5 1.0435724414284457 1.0895216086696387
903 1.0433936860459432 1.0891518181658637
902.5 1.0432153713688896 1.0887808206766838
902 1.043408345205308 1.089177955241311
901.5 1.043022984732529 1.0883790266297315
901 1.0432005309698178 1.0887437826843287
900.5 1.0430605988424724 1.0884426703633305
900 1.0432619429797236 1.088885692984266
899.5 1.0433327528411855 1.0890252671056868
899 1.0432997647142268 1.088955540470887
898.5 1.0435059170366856 1.0893756757145527
898 1.042859907777154 1.088037664370718
897.5 1.042966338735123 1.0882603320874964
897 1.0430360673529373 1.0884042135662297
896.5 1.0430744422691496 1.0884811690352192
896 1.0430975435136038 1.0885344600717288
895.5 1.0432313740009425 1.0887964051012315
895 1.043103057545968 1.0885437174900503
894.5 1.0432022104139076 1.088748456639186
894 1.0430557800768696 1.0884381630339799
893.5 1.0430083550392544 1.0883359050629307
893 1.0429703070907652 1.088258198697385
892.5 1.0431915997729926 1.088714326055661
892 1.0427847360114915 1.0878670227880132
891.5 1.0430731881307367 1.088465805551714
891 1.0432504857674942 1.0888372912823678
890.5 1.0431781519723775 1.088690202569475
890 1.0429042064172211 1.0881143453805835
889.5 1.0427026701494788 1.0877079831654388
889 1.0428465834228922 1.0880060227444328
888.5 1.0423899962475713 1.0870585862354032
888 1.0429181623772097 1.0881516695332838
887.5 1.0424504517068143 1.0871814900645587
887 1.0426946072183931 1.0876924848652516
886.5 1.0428106725414934 1.08792278282897
886 1.042531704272235 1.087348543940289
885.5 1.0429780292360786 1.0882689183813223
885 1.042467354606994 1.0872159239192303
884.5 1.042852613749772 1.0880114228463802
884 1.0425698506290242 1.0874363250699501
883.5 1.0428685530864203 1.088055959650792
883 1.0426539867660638 1.087597492606935
882.5 1.0428168820078865 1.087940010471549
882 1.0430268856598395 1.0883874451309121
881.5 1.0430087545519688 1.0883428851566668
881 1.042540235179327 1.0873731457598346
880.5 1.042688677135562 1.0876744748983347
880 1.0427978198356227 1.0879035337316305
879.5 1.0425356524155007 1.087354487223426
879 1.0425167001359283 1.0873124879404787
878.5 1.0425520327966058 1.0873881588268273
878 1.0423656332671583 1.086997920381802
877.5 1.042543947585744 1.087382937346291
877 1.0423850795116276 1.0870427504633489
876.5 1.0424748308987857 1.0872292104541672
876 1.042615935523642 1.087525689173675
875.5 1.0427602771106015 1.0878094906501221
875 1.04280096624276 1.0879108748320385
874.5 1.0423184207429885 1.0869094021860015
874 1.0424481304535322 1.0871628601825776
873.5 1.0422787814408445 1.0868283640140612
873 1.0421910526721234 1.0866377534773575
872.5 1.0424912258949879 1.087264212262543
872 1.042494701798951 1.0872524411329751
871.5 1.0427062412716854 1.0876975149373647
871 1.0423651420236761 1.0869965230703804
870.5 1.042227194914939 1.086703611468091
870 1.0417886173549766 1.0858019401942278
869.5 1.0421096335396571 1.086459483825115
869 1.0425504462698865 1.0873872286231776
868.5 1.0421370499657971 1.0865239426329334
868 1.0423413880074548 1.0869419886329645
867.5 1.0425735406888728 1.0874359732567709
867 1.0427196985926923 1.0877413972640977
866.5 1.0420924767872417 1.086430024365488
866 1.0421111133063756 1.0864803885916539
865.5 1.04246289249176 1.087201157886141
865 1.0421137726278418 1.086477565944172
864.5 1.0420403425575964 1.086320629142748
864 1.0424217809903047 1.0871181607975715
863.5 1.0418916028919225 1.086015834203775
863 1.0416676420045854 1.0855511353642144
862.5 1.041755935064815 1.085746532738936
862 1.0420445616423966 1.086322265605305
861.5 1.042569735120624 1.0874239843136884
861 1.0416526636969048 1.085520205024952
860.5 1.042031883696529 1.0863140455111853
860 1.042022122362319 1.0862804816013611
859.5 1.0424047602295232 1.0870971534344966
859 1.042055394956263 1.086343824815666
858.5 1.0421611453192412 1.0865690936738441
858 1.0423287366609681 1.0869205689771644
857.5 1.0419682153495364 1.086165666860886
857 1.041814227816145 1.0858429889268035
856.5 1.042243996705006 1.0867612276844263
856 1.0420718049881692 1.086383630308611
855.5 1.0419655368326388 1.086155251159298
855 1.0415390660118695 1.0852769072507682
854.5 1.0417002530706367 1.0856225873630272
854 1.0415473137107012 1.0853020708832526
853.5 1.04108371611522 1.0843344012356972
853 1.0419753445441153 1.0862002117037775
852.5 1.0420245317178676 1.0862864033740887
852 1.0417010166287395 1.0856212197376387
851.5 1.0413615124392253 1.0849068172509795
851 1.04142501535781 1.0850383664937657
850.5 1.0416566510678578 1.0855312310522092
850 1.0417340048919566 1.0856837561086976
849.5 1.0411740331421144 1.0845163863371474
849 1.0417082468859882 1.085641192133762
848.5 1.0411671354572911 1.0845092151648468
848 1.0413371822997728 1.0848635167285483
847.5 1.041635792691407 1.0854863840619366
847 1.0421954525356105 1.0866454435401602
846.5 1.0413752345491107 1.0849343278652879
846 1.0418811619583725 1.085991755469456
845.5 1.041344576439875 1.084873364711355
845 1.0415582868686986 1.085300877418631
844.5 1.0414771865232584 1.085146616084643
844 1.041698677108036 1.085610382242858
843.5 1.0414861662729298 1.0851717081217997
843 1.0414455435991987 1.0850904596433888
842.5 1.0416002265380488 1.0854051495051587
842 1.0415744158510094 1.0853462622120618
841.5 1.0411186638583567 1.0843924715098194
841 1.0413352717374522 1.0848518218600485
840.5 1.0411048191926504 1.0843887113254493
840 1.0414390478946163 1.085071118547002
839.5 1.0414900907081113 1.0851768723297157
839 1.0411178986698846 1.0843971202315061
838.5 1.041815446544376 1.0858531385038928
838 1.0411349290461667 1.0844395458059566
837.5 1.041221145031509 1.084623844174791
837 1.041206795230488 1.084593991464747
836.5 1.0416605342281615 1.085532683680912
836 1.0415221016452019 1.0852500063974768
835.5 1.040778354363081 1.0836913022706691
835 1.0409893595289337 1.0841209682193187
834.5 1.0407139899694169 1.0835598537625115
834 1.041026796413658 1.0842132802999893
833.5 1.0407955500975676 1.083745998670565
833 1.0409405151477962 1.0840354918885835
832.5 1.0409034044177883 1.083961441728732
832 1.0410129892708198 1.0841894922305244
831.5 1.0411517110795843 1.0844736429437671
831 1.0407330813793212 1.0835947227431972
830.5 1.0410309891810694 1.0842338985100626
830 1.0411744020343126 1.0845083753837945
829.5 1.040807100979164 1.083752224480005
829 1.040744867992772 1.0836241540729246
828.5 1.0409762739725004 1.084101175038758
828 1.041191887949581 1.0845510211440963
827.5 1.041020149756862 1.0841796864527908
827 1.0407473343618545 1.0836322486864185
826.5 1.0409584773720464 1.0840697411932412
826 1.0406560985661302 1.083433795589954
825.5 1.0406879961853672 1.083528414372029
825 1.0408906657326196 1.0839210662588417
824.5 1.0410438492253158 1.084246235802265
824 1.0414644480702608 1.085115471814088
823.5 1.040680031394599 1.083482928774369
823 1.0411872099015522 1.0845451041372702
822.5 1.0409626467819777 1.0840813461931698
822 1.0409464854135226 1.0840408371537118
821.5 1.04034669305005 1.0827988738976553
821 1.0404884081409544 1.0830891367269093
820.5 1.0407148280628258 1.0835816616464258
820 1.0409095399180879 1.0839570044994626
819.5 1.0405050034025527 1.0831324395553323
819 1.0411403928326513 1.0844476140276518
818.5 1.040467143026882 1.0830443893115003
818 1.0402396551061797 1.0825670472569462
817.5 1.040661529323235 1.0834516693207572
817 1.0402732170001396 1.0826438149322388
816.5 1.0406763476613163 1.083486661987802
816 1.040405646099464 1.0829197193855025
815.5 1.0409248175971868 1.0840029116101444
815 1.0402261758866238 1.0825409947159168
814.5 1.040519717570761 1.0831542553661482
814 1.0402670760046628 1.082630079315124
813.5 1.040534598850838 1.0831832360605118
813 1.040351061709562 1.0828105871868154
812.5 1.040016032473494 1.0821125421997093
812 1.0402666181008382 1.0826395286495258
811.5 1.0405609052308686 1.083227181916027
811 1.0403688180437034 1.082837239816492
810.5 1.0404824975975135 1.0830888313909235
810 1.0401603704612024 1.0824037700565812
809.5 1.0402361000432585 1.0825652650465507
809 1.0401660632683205 1.082427271357984
808.5 1.0402392602306672 1.0825769090605044
808 1.0403308062973313 1.0827699548670493
807.5 1.0398424202926504 1.0817467854794254
807 1.040207252055702 1.082491737666218
806.5 1.0399839565976248 1.082057063767547
806 1.0401602604021247 1.0824328332352462
805.5 1.0399057025100742 1.0818909040067313
805 1.039979238388708 1.0820374345662693
804.5 1.0399944517156123 1.08205140185413
804 1.0402038930691806 1.0824997447346927
803.5 1.0397931264451514 1.0816474409680055
803 1.040346391806505 1.082792990055939
802.5 1.0395328988516321 1.0811143753798518
802 1.0395979012712544 1.0812323674721243
801.5 1.0403099761985122 1.0827297995974654
801 1.0403356224940974 1.082777689780352
800.5 1.040292039144091 1.0826790215680866
800 1.0399319709626498 1.081940704677444
799.5 1.0399141455785894 1.081888515980314
799 1.03978438059776 1.0816272416117327
798.5 1.0394911055400375 1.0810135313728848
798 1.0396601642616348 1.081366572294767
797.5 1.039512935825763 1.081079979499461
797 1.040287493439299 1.08268935937019
796.5 1.0394721076671265 1.08098684780458
796 1.039798159298944 1.081657987956104
795.5 1.0399341058738452 1.0819459230774569
795 1.0400902720968679 1.0822773843487894
794.5 1.0394684376750947 1.08097841785123
794 1.0397795279073379 1.0816158231459376
793.5 1.039898908955735 1.0818651665393817
793 1.0390866546425257 1.0801710784527703
792.5 1.0392137644310715 1.080444668947951
792 1.0397424306678298 1.081535243294469
791.5 1.0396354746762935 1.0813234162655472
791 1.0395379455045317 1.0811181692826206
790.5 1.039316029448512 1.0806573811059073
790 1.0393769699113031 1.080792011894635
789.5 1.0389790022560308 1.0799450267591804
789 1.039724678619438 1.0814977631003158
788.5 1.039404523592075 1.0808369709902934
788 1.0394951181622938 1.081030637117496
787.5 1.0399920048283113 1.0820549070294259
787 1.0395439499589387 1.081125666137496
786.5 1.039348749294485 1.0807302288170397
786 1.0392364202279198 1.0804959954667046
785.5 1.0392820374321048 1.0805851061738427
785 1.0395031021686936 1.0810419887803506
784.5 1.0393821338042724 1.080799290267521
784 1.038980471254686 1.0799663663322288
783.5 1.0397587499133099 1.0815690094042345
783 1.0390341030905583 1.0800760443505146
782.5 1.03933805284835 1.080704582742229
782 1.039148872096387 1.0803049097354942
781.5 1.038699467924828 1.0793649999254051
781 1.0394914450726336 1.0810272380487609
780.5 1.0389697461485738 1.0799373327142485
780 1.0395661768077897 1.0811771113225577
779.5 1.0394271484290925 1.0808867494865673
779 1.0391489565254486 1.0802963778451256
778.5 1.039042335595995 1.0800812498400323
778 1.038966089773577 1.0799246586782514
777.5 1.0391318626852748 1.0802848535229042
777 1.0391604508618852 1.080338322041282
776.5 1.0392970787994054 1.0806134954312117
776 1.0389438158845492 1.0798692863963393
775.5 1.0390863064280098 1.0801831939982878
775 1.0387335656645407 1.079433803698464
774.5 1.0392698269390457 1.0805527291617785
774 1.0386779870845464 1.0793251884246873
773.5 1.0388133197375216 1.079610079854527
773 1.0385124191016208 1.078987271527899
772.5 1.039185389028446 1.080383691924689
772 1.0384729109009152 1.078890264108975
771.5 1.039243141694167 1.0804999925395478
771 1.0389682819084627 1.0799241500756014
770.5 1.0388312746301904 1.079641561748025
770 1.0387729639037264 1.0795335411048617
769.5 1.0383850343094247 1.0787050176915738
769 1.0389304150000558 1.0798425341384046
768.5 1.0384613053391754 1.0788824200466334
768 1.0384565036848048 1.0788732573339341
767.5 1.0385486534889266 1.079057576583683
767 1.0387157704877465 1.079415574781361
766.5 1.0389283800910114 1.0798534198469454
766 1.038628599795727 1.0792298067962656
765.5 1.0383554686083591 1.0786679265661374
765 1.038565448162641 1.0791092167564345
764.5 1.0382557279939 1.078457278399482
764 1.0390104997278282 1.0800361592348255
763.5 1.0383969318462145 1.0787400054039156
763 1.0384703174074554 1.0788981660976131
762.5 1.0383510558548132 1.0786500246120874
762 1.0381734298460046 1.078293814902841
761.5 1.0380338374783133 1.07799715702179
761 1.0385320360199144 1.0790208087551063
760.5 1.03860426574095 1.079187739683363
760 1.0381922384986684 1.0783251917641328
759.5 1.038440615746928 1.0788369127400153
759 1.038398903792785 1.0787471816370746
758.5 1.0385213114268996 1.0790053699753528
758 1.0382245805783419 1.0783924760343413
757.5 1.0388612572531892 1.0797108102500999
757 1.0379519850041774 1.0778210050066983
756.5 1.037792174113596 1.0774997231418746
756 1.0379081355804185 1.0777401088510483
755.5 1.038210569058403 1.0783725619906013
755 1.0384178554087418 1.078796098248286
754.5 1.037970851870877 1.0778792733205154
754 1.0383889621023086 1.0787328362311144
753.5 1.03832715499862 1.0785970694530536
753 1.0382832076497914 1.0785161892361335
752.5 1.037949271304161 1.0778122443288476
752 1.0378409965212285 1.0775970017692178
751.5 1.0381668176762506 1.0782692842270858
751 1.0378087994524043 1.077533099325792
750.5 1.0378309084663742 1.0775612190663888
750 1.0382374185076073 1.0784238580555712
749.5 1.0377373126995528 1.0773717950707582
749 1.038074287848171 1.0780828087704193
748.5 1.0375300014842035 1.0769397819756714
748 1.0375049585948857 1.0768933210704874
747.5 1.037731678484536 1.0773595703905332
747 1.037623586696283 1.0771545855296514
746.5 1.0372010084161052 1.0762815472046807
746 1.037535829344746 1.0769621185204292
745.5 1.0380042397188012 1.0779346933750735
745 1.037351492758857 1.0765802922400474
744.5 1.038159953055471 1.0782660850932426
744 1.0377959513757484 1.077501847996278
743.5 1.0377571614985102 1.077402785637309
743 1.0373323868839242 1.076535708839829
742.5 1.0378752811459615 1.0776676456016285
742 1.0374181404846625 1.0767183653170989
741.5 1.0371666737037075 1.0761978791436517
741 1.0374274057471207 1.0767459075469423
740.5 1.0374349725063856 1.0767552490804415
740 1.0376762622855598 1.077251935915498
739.5 1.0372408607362527 1.076342856845374
739 1.0379093520339668 1.0777279637513435
738.5 1.0373963974025915 1.0766868310238795
738 1.0373049388842501 1.076487340463912
737.5 1.0375716326531847 1.0770311506620944
737 1.0372287866366836 1.076318989791564
736.5 1.0371072916460646 1.0760726877827742
736 1.0372697836963407 1.0764037883747313
735.5 1.0369393753632903 1.0757307455834457
735 1.037337497773388 1.076547546055421
734.5 1.037090606063495 1.076043963948914
734 1.0374019502555847 1.076690899009113
733.5 1.0371237859429812 1.0761086289934803
733 1.0374492763670509 1.0767890604677013
732.5 1.0376061830295449 1.0770959531316129
732 1.0371300349836838 1.0761184151675465
731.5 1.0372695201026132 1.07641076260632
731 1.036616428553693 1.0750649000223
730.5 1.036549515937922 1.0749122732849574
730 1.037253456112188 1.076386419499602
729.5 1.0373307313669722 1.0765326494078298
729 1.0371212628088624 1.076099298037803
728.5 1.0366362282126724 1.0750999595961381
728 1.0371243027152202 1.076107089616066
727.5 1.0364270722669824 1.0746588546043163
727 1.0371128666950162 1.0760886942547303
726.5 1.0371678085362162 1.076185528964351
726 1.036922326893343 1.0756835495729853
725.5 1.036723392176762 1.0752865565991263
725 1.0367037694692005 1.0752424668997154
724.5 1.0366650805005349 1.0751476234120723
724 1.036805945967631 1.0754380904934504
723.5 1.0366200101342682 1.0750581921913498
723 1.0366636464779113 1.0751466254446274
722.5 1.0369462436722947 1.0757459029695662
722 1.0374131352679814 1.0767052865304818
721.5 1.036261332082829 1.0743225856486756
721 1.0365633938780214 1.074935832636707
720.5 1.0363907467853772 1.074589862929319
720 1.036126566389251 1.0740395692158162
719.5 1.0370741901555918 1.0759934267459947
719 1.036936119702937 1.0757218931542898
718.5 1.0364516393997592 1.0747047468437072
718 1.0369697148645671 1.0757948052231028
717.5 1.0366686952475563 1.0751584563026526
717 1.0369422811286686 1.0757379379637209
716.5 1.0367196229745967 1.0752623154863559
716 1.0362690294817096 1.0743321994559802
715.5 1.0362281538372697 1.074248175325224
715 1.036468476616967 1.0747522402653549
714.5 1.0365423217550722 1.074916107533212
714 1.0365820058905648 1.074975223455997
713.5 1.035858270058327 1.0734905910369017
713 1.0364222092633002 1.0746486382742273
712.5 1.0366875928454085 1.0752085230098565
712 1.0362672911259165 1.0743271305844184
711.5 1.0361937734687612 1.0741822654493967
711 1.0362374217377162 1.0742744121818788
710.5 1.0355841835433213 1.0729188949406079
710 1.0360074622387745 1.073786310748738
709.5 1.035448303964207 1.0726467525635177
709 1.0359086783681914 1.0735933739699584
708.5 1.0356688614382152 1.0730864686301356
708 1.0357912724553526 1.0733456975218156
707.5 1.0353085645266091 1.0723396954072308
707 1.0357032158184836 1.0731711976756557
706.5 1.0362088131848495 1.0742105654290326
706 1.0362189343338852 1.0742370021644227
705.5 1.035738014091579 1.073235153675226
705 1.035862547658173 1.0734837153591394
704.5 1.035686444233525 1.0731187980510484
704 1.0363967747522036 1.0746068975985694
703.5 1.0359058478337868 1.0735623718031324
703 1.035753474557092 1.0732695450521517
702.5 1.0358218669918196 1.0734144170624726
702 1.03576445433954 1.07328497880035
701.5 1.0356483105966874 1.0730436952586406
701 1.0356235255483688 1.0730042423368322
700.5 1.0358725843267547 1.0735120515778713
700 1.0351492507703501 1.0720133829269969
699.5 1.035492240484247 1.07273465524639
699 1.035734328460165 1.073223984358142
698.5 1.0353434288648595 1.072416639003233
698 1.0352699225094897 1.072265546472982
697.5 1.03596119959851 1.07370239889102
697 1.0357879190286017 1.0733359281896029
696.5 1.0355976162773752 1.0729524324579192
696 1.0356293848655667 1.0729974285772852
695.5 1.0355593665110627 1.072865688238366
695 1.0348599415494497 1.071419227782534
694.5 1.0351517176191867 1.072020293123108
694 1.03522811004649 1.072161292428531
693.5 1.0349412065461836 1.0715877354720962
693 1.0354503090478 1.072635825726629
692.5 1.0352130733599527 1.072151661381648
692 1.0350402025060008 1.0717798523759279
691.5 1.035878721802512 1.07353938524135
691 1.035296860003771 1.0723213158533502
690.5 1.0349845333942227 1.0716821792672557
690 1.0353351143372824 1.0724085349561412
689.5 1.0352187315095318 1.0721687375650182
689 1.0348967013218433 1.0714968341737663
688.5 1.034742902630611 1.071169972519423
688 1.0348336883801916 1.0713627017441438
687.5 1.0346837021429054 1.0710545421111684
687 1.0349647877478303 1.0716300371932663
686.5 1.0346766508877723 1.071039061303482
686 1.0350245682537977 1.0717600540968653
685.5 1.0346943054033948 1.0710694996116819
685 1.0349879832750757 1.0716785716952655
684.5 1.0345280775297196 1.0707275703304446
684 1.0351718726971118 1.0720744600023524
683.5 1.034726980593057 1.0711449102744077
683 1.0346980589380264 1.071077247301746
682.5 1.0347877009321702 1.0712644911980278
682 1.0344088400034868 1.0704880416569975
681.5 1.0349066833526077 1.0715093256875627
681 1.0346231013095286 1.0709281429671125
680.5 1.0346140587320278 1.07091175356691
680 1.034522679831117 1.070720490066873
679.5 1.0346569444239235 1.070982524527853
679 1.0339930180769248 1.069615280928628
678.5 1.0342896906320056 1.0702338719289564
678 1.0340492011308062 1.0697343257919494
677.5 1.0346363496497926 1.0709531287987937
677 1.0344302080469656 1.0705224555651653
676.5 1.0345504115688144 1.070765848504282
676 1.0343253158765053 1.0703057219996943
675.5 1.0344118816597159 1.0704956740469929
675 1.034267114662832 1.0701760144440682
674.5 1.0350068680434936 1.071719763350691
674 1.0342508879348802 1.0701562611325568
673.5 1.0344944319725526 1.0706591497905333
673 1.0344476489979717 1.0705736792418632
672.5 1.0343054620045953 1.0702708977233297
672 1.0345255472013741 1.0707277442239207
671.5 1.0342832033686626 1.0702179234544948
671 1.0337596280573296 1.069140656986238
670.5 1.034577893781251 1.0708335151174528
670 1.0341484604271123 1.0699417560175721
669.5 1.0342814404321392 1.0702205436785246
669 1.0335491412589948 1.0687040705340622
668.5 1.0336021986789201 1.068814030088054
668 1.0342706821217724 1.0702065950141741
667.5 1.0340750049025733 1.069807702372634
667 1.0339645100908739 1.069581923153889
666.5 1.0335481856158364 1.068696347919828
666 1.0339125857303613 1.0694521045341663
665.5 1.0337957091297831 1.0692112612198788
665 1.033779468516031 1.0691846173113728
664.5 1.0335647540122768 1.0687349162838908
664 1.0339381182745389 1.0695033481969183
663.5 1.0337472441345317 1.0691137914116429
663 1.0335476472405487 1.0686855240576332
662.5 1.034162770770962 1.0699854876290822
662 1.0334496085637253 1.0685012356833015
661.5 1.0336466104533886 1.0689044532181606
661 1.0336567945174089 1.0689305388500867
660.5 1.0333521368020475 1.068307952998449
660 1.0329845051353177 1.0675285494133369
659.5 1.0335022470116255 1.0686148024553634
659 1.0332750350852111 1.0681414334470836
658.5 1.0334962110159267 1.068588230715692
658 1.0336264778863344 1.0688722958884398
657.5 1.0336920967026593 1.0690123260478943
657 1.0336666753188306 1.0689471201399519
656.5 1.0336200010708942 1.0688494582193173
656 1.0331002725876517 1.0677747959878587
655.5 1.0335214999319313 1.0686491504848
655 1.0332441052259738 1.0680766885136161
654.5 1.0324903251740203 1.0665352141218918
654 1.0333283696659685 1.0682485367290355
653.5 1.0333373314483292 1.0682679020522212
653 1.0327434423883277 1.0670376692795713
652.5 1.0334617517820421 1.068520473485243
652 1.0334481553833197 1.0684952782296
651.5 1.033062833766308 1.067695573785872
651 1.032875515938463 1.0673054683957732
650.5 1.0334534992672308 1.0685113787213594
650 1.0330608021319143 1.067687356106122
649.5 1.032760547457644 1.067078939333314
649 1.0329957212338652 1.0675580754417102
648.5 1.0330446636747805 1.0676613322039612
648 1.0329009201044472 1.0673669643132702
647.5 1.0327678026089608 1.067101681889452
647 1.032927310857754 1.0674204828077603
646.5 1.0333401663186814 1.068272078162822
646 1.032285378488373 1.0660917023715066
645.5 1.0326405446515856 1.0668184310645088
645 1.0328899871561532 1.0673452971556117
644.5 1.0324857609209614 1.0665162313776573
644 1.0327703272918138 1.0671015960648196
643.5 1.032654578477688 1.0668563715267347
643 1.0326140856359745 1.0667857918900396
642.5 1.0326701460289878 1.0668936448129702
642 1.0322511192945776 1.066023831555154
641.5 1.032415908724687 1.0663691457964757
641 1.0323943343077715 1.0663204682815735
640.5 1.0323068408854381 1.0661464217959034
640 1.0322576906549215 1.0660425115699474
639.5 1.0319735720407912 1.0654578421073297
639 1.032323709093826 1.0661875480735847
638.5 1.0322472559352887 1.066012816449403
638 1.0325329803981205 1.0666130023132094
637.5 1.0322042927796298 1.0659325521785594
637 1.032270420728943 1.0660537132772183
636.5 1.0325317617554086 1.0666015694301358
636 1.0322105119301979 1.0659430246100985
635.5 1.0326825042763883 1.0669274089617102
635 1.032150401856434 1.0658228523633921
634.5 1.0319484657364426 1.0654054533897128
634 1.0322261756105273 1.0659647050064556
633.5 1.0319564688424079 1.06542430688665
633 1.0318373454885117 1.0651763890234256
632.5 1.032052331755509 1.065624279904611
632 1.032258635031552 1.0660373614422107
631.5 1.0315174847464694 1.0645178128636053
631 1.0318313232172847 1.0651537639285533
630.5 1.0315183378718424 1.0645207695870884
630 1.0318928615487635 1.0652929783991865
629.5 1.0314896971903256 1.064461107318963
629 1.0310757807478377 1.063601456791975
628.5 1.0320287294497115 1.0655669865585158
628 1.031647619313271 1.064786135959796
627.5 1.0316672857902847 1.0648087325449622
627 1.0318137237863048 1.0651195331993653
626.5 1.0313594881714392 1.0641947216575471
626 1.0315750507285582 1.0646289429972593
625.5 1.0313138253218035 1.0640862175972956
625 1.0319999689932338 1.0655129789521964
624.5 1.0317959474436982 1.0650946579424372
624 1.0315785801411117 1.0646428412884947
623.5 1.031877210640922 1.0652553682021688
623 1.0317412952445326 1.0649751454810827
622.5 1.031280652122936 1.0640341356416443
622 1.0315082533694764 1.064503462374721
621.5 1.031442167835589 1.0643466803558397
621 1.0315450867065692 1.0645703122093926
620.5 1.0310972097917215 1.063647968344553
620 1.030788757819286 1.0630045264336565
619.5 1.031205061742502 1.0638584164030707
619 1.0308238741521465 1.0630903570726267
618.5 1.0311102958969751 1.0636876291671675
618 1.0307585039049387 1.0629409010731015
617.5 1.03054556062869 1.0624878240015987
617 1.0313990592560596 1.0642672338119346
616.5 1.0308521254901029 1.0631288419481704
616 1.0309261395592815 1.0632842359501986
615.5 1.0305687098179994 1.0625564902120226
615 1.0308522767884627 1.0631288667728866
614.5 1.031173008326249 1.063801841235335
614 1.0307400334486072 1.0629112516331845
613.5 1.030611554184957 1.0626428729866348
613 1.0305746245951493 1.0625708126635585
612.5 1.031128503174242 1.0636988571710895
612 1.0309763835846693 1.0634092580295744
611.5 1.0305921039182844 1.0626008806550047
611 1.030458535755428 1.0623302172543354
610.5 1.0304797460217656 1.062365643358229
610 1.0306405597205108 1.0627036265126149
609.5 1.031107730335923 1.06365171059002
609 1.0305738434053404 1.0625701357164605
608.5 1.030837940018908 1.0631139798627658
608 1.0302202987359488 1.0618418998059742
607.5 1.0306139617411427 1.0626496917146404
607 1.0303401941702275 1.0620958679083996
606.5 1.0300905693929014 1.0615785832986406
606 1.029633292677626 1.0606368276091662
605.5 1.0300152667363416 1.0614235102981553
605 1.0303302581521885 1.0620767264240223
604.5 1.0301616907800777 1.0617127817754093
604 1.0305519827251952 1.0625276601431555
603.5 1.0294995075278983 1.0603562963564157
603 1.0304143455069645 1.0622516090266174
602.5 1.0298354597540333 1.0610357171283424
602 1.0298834288635543 1.0611364751493868
601.5 1.029985762137642 1.061358649498168
601 1.0299516411714644 1.061286743094965
600.5 1.0297507870176197 1.0608679067389144
600 1.0300671464541968 1.0615268115484306
599.5 1.0298993344223253 1.0611765788054477
599 1.0298508183355284 1.0610789692343015
598.5 1.0297493273987406 1.060869352588225
598 1.029747853527273 1.0608710074402443
597.5 1.029580619342236 1.0605274260376363
597 1.0295383641932516 1.060443592508228
596.5 1.0298564546035502 1.0610840502530159
596 1.0298266323543375 1.06103142254604
595.5 1.0292486752608268 1.0598255752015437
595 1.0291859800032075 1.0597072589813565
594.5 1.0302274294646663 1.0618580754076279
594 1.0293034942713253 1.0599491290265097
593.5 1.0297472644978305 1.0608613588636593
593 1.029366107913823 1.0600805582618693
592.5 1.0290318531460867 1.0593930647946348
592 1.0297976281630246 1.0609620742004051
591.5 1.0295187338477925 1.0603991576724738
591 1.0293221446804781 1.0600017241722008
590.5 1.0295679760051926 1.0604925265779679
590 1.0289818129220862 1.0592953569389478
589.5 1.0290146810902112 1.0593428078762916
589 1.0286044271023005 1.0585104115409933
588.5 1.029093267311407 1.0595302949480592
588 1.0289402918420008 1.0592213719381542
587.5 1.0292819126020671 1.0599128319695943
587 1.0286423490482244 1.0585938469024891
586.5 1.028739540112537 1.0587946897213512
586 1.0290644638458464 1.0594580236816993
585.5 1.0283692837620788 1.0580395812703924
585 1.029391516404796 1.0601218583226435
584.5 1.0290592678750619 1.0594569384225354
584 1.0286342556135806 1.058581485537723
583.5 1.0284812336643812 1.0582581012229633
583 1.0285811031447891 1.058458280904664
582.5 1.0287007449341778 1.0587140318836863
582 1.0287703170234432 1.0588579984945912
581.5 1.0284291584078848 1.0581577736831795
581 1.0290282343677672 1.059381090209839
580.5 1.0287174541542161 1.0587435462440684
580 1.0284244109843121 1.0581362082211268
579.5 1.0284997353774965 1.058304169665483
579 1.0282347888657695 1.0577542317721493
578.5 1.0284355018489748 1.05818590458392
578 1.0282995376904354 1.057885480995635
577.5 1.0284203519312098 1.0581453727062027
577 1.0288123926615442 1.0589458226943627
576.5 1.027875714821592 1.0570237048203177
576 1.0280302094722018 1.0573520053991596
575.5 1.0276423368471224 1.056528426362588
575 1.0286219728463422 1.05856555804932
574.5 1.0283373287070157 1.0579617055193793
574 1.0281186248658287 1.0575233751750444
573.5 1.0279990640730883 1.0572572658423283
573 1.0276992527700612 1.0566522544525263
572.5 1.028329837578171 1.0579527964915105
572 1.0276798418371942 1.0566107089672918
571.5 1.0280396277339368 1.0573365620759134
571 1.0277854722357485 1.056834690057946
570.5 1.0278435376671682 1.056953316003279
570 1.027767209228764 1.056794832560978
569.5 1.02772528623685 1.0567095010495513
569 1.0279629959707102 1.057185878767529
568.5 1.0276369043217348 1.0565301204439406
568 1.027320376796945 1.0558820248688574
567.5 1.0275260639237154 1.0563054154199203
567 1.0276353303315693 1.0565219463323041
566.5 1.0273396114369182 1.055914223761851
566 1.0278071140933436 1.0568842158041454
565.5 1.027342245191081 1.055940336324049
565 1.027594680847884 1.056436055820986
564.5 1.027542247745541 1.05634001059095
564 1.0272230768574513 1.0556706946522525
563.5 1.0277196903654855 1.0566965600263665
563 1.0271067689552447 1.0554301662125454
562.5 1.0270086907482368 1.0552422791685516
562 1.0268171914401043 1.0548401952406543
561.5 1.0272991708506372 1.0558398149721648
561 1.0268269276146293 1.054865074837239
560.5 1.0263765918713257 1.0539379163489333
560 1.027128266107068 1.0554698509628604
559.5 1.0269427298345306 1.0551019709777951
559 1.0263204983460137 1.0538119002562265
558.5 1.0271393148171166 1.0555067623203853
558 1.0271213630094453 1.055463273169606
557.5 1.0267907935802685 1.0547901415060923
557 1.0272552110224087 1.055749632399313
556.5 1.0265357752966093 1.0542580723973565
556 1.0270645162646637 1.0553395030490136
555.5 1.0268453043565122 1.054899633639321
555 1.0266256148684358 1.0544575887904335
554.5 1.0267219738023152 1.0546540108561608
554 1.0263456485276834 1.053870485182253
553.5 1.0269640499251669 1.0551697229042782
553 1.0261771955176313 1.053532445731462
552.5 1.026218606026331 1.053610663944099
552 1.0260732621089044 1.053319002719622
551.5 1.0264181633096696 1.054017377160504
551 1.0263797045124503 1.0539517428303808
550.5 1.0259206435458856 1.0529966962288249
550 1.0261703907002477 1.0535049003102626
549.5 1.0261373808644947 1.053446534558945
549 1.0260769683391953 1.0533220537267267
548.5 1.0261991552770984 1.0535733327869352
548 1.026193080234906 1.053568469590594
547.5 1.0257303904222101 1.052597367699256
547 1.0254450671033692 1.0520399851311266
546.5 1.0258398145476824 1.0528308573750842
546 1.0255236013061635 1.0521794928388741
545.5 1.0258532026357772 1.0528667696895813
545 1.0254138392950587 1.0519676848998887
544.5 1.0258639807617609 1.0528744898637452
544 1.0256948844829235 1.0525419661413487
543.5 1.0254049364664195 1.0519456886554623
543 1.0257318792092387 1.0526217284997779
542.5 1.025818989756529 1.0527777325354872
542 1.0260133085350551 1.0531924209829973
541.5 1.0257420817117808 1.0526302996137458
541 1.0253940956826804 1.051913829224938
540.5 1.0256030671997476 1.0523506209401143
540 1.0250572421206556 1.0512449424614738
539.5 1.0256403617269416 1.0524316294178013
539 1.0252602732591936 1.0516507770840375
538.5 1.0255887677255102 1.0523292288030315
538 1.0255151564474343 1.052173081216974
537.5 1.0251437167296595 1.0514034124317941
537 1.0252804647406342 1.0516967685092409
536.5 1.024695932282421 1.0504989925289367
536 1.0248547137984407 1.050812055450827
535.5 1.024992886827536 1.0510907159987368
535 1.0250476059802178 1.0512166224267825
534.5 1.0241127364063272 1.0493018107952041
534 1.0247536501189456 1.0506175230025057
533.5 1.024933438031546 1.0509842991137344
533 1.0246650914836943 1.050420162167069
532.5 1.0247153865233933 1.0505388950797174
532 1.0244232469056942 1.0499203986953012
531.5 1.024412376069555 1.049904601567299
531 1.0243258724665127 1.0497428560498316
530.5 1.024086365418978 1.049235389923197
530 1.02445226719081 1.0500039701577841
529.5 1.0242210780919883 1.0495232703030293
529 1.0246322332946383 1.0503654552067128
528.5 1.0243288178925314 1.0497372799885072
528 1.0243255224575212 1.0497214616553778
527.5 1.0240280261113288 1.0491287851710893
527 1.0241678681807238 1.0494075756528258
526.5 1.0241995829516108 1.0494835884148674
526 1.0237454005689426 1.0485555169685679
525.5 1.0242049967533005 1.0494848054838484
525 1.0246394115938426 1.0503724384169406
524.5 1.0239513359487629 1.04895790704191
524 1.0233520560878744 1.047751437641631
523.5 1.0241774806195643 1.0494371881489666
523 1.023685696475171 1.0484268197181983
522.5 1.0237358322310333 1.0485181379452957
522 1.0236852585259888 1.0484248528541034
521.5 1.0234303500244828 1.0478985065525708
521 1.0238395876306774 1.0487360469546163
520.5 1.0236920100455766 1.048439886740181
520 1.0235743201213914 1.0481981341921736
519.5 1.024001193040681 1.0490703030761575
519 1.023886116137047 1.0488367329117056
518.5 1.02297525880859 1.046962254489542
518 1.0233189709224197 1.0476734586588135
517.5 1.024019681053946 1.0491074400474765
517 1.0227929174961274 1.0465901956838186
516.5 1.0234421350998937 1.0479216199691614
516 1.0233831595005929 1.0477929123988792
515.5 1.023330192090591 1.0477056257272694
515 1.0232831878265722 1.047604088288418
514.5 1.023795305629598 1.0486435666265448
514 1.0231353944733683 1.0472972327035257
513.5 1.02368507694179 1.0484220265282533
513 1.0224308580369599 1.0458591689202337
512.5 1.0228919368317588 1.0468032158815859
512 1.0228326929660139 1.0466769066528219
511.5 1.0232113826165177 1.0474393111969889
511 1.0232267604932432 1.0474720125147816
510.5 1.0226259473111106 1.0462537915461179
510 1.0225342588770034 1.0460641976760825
509.5 1.0228972117681372 1.0468204199787203
509 1.0230803283294172 1.0471788138760454
508.5 1.0225338219829612 1.0460588006373868
508 1.0229641349622072 1.0469582744953685
507.5 1.022433106570593 1.0458493283432837
507 1.0227423050716855 1.0465022161602915
506.5 1.022580450260461 1.0461598289317884
506 1.022451375674635 1.0458952726621895
505.5 1.0220026821413517 1.0449963445753296
505 1.0219986844737718 1.0449585147917204
504.5 1.0227157326762666 1.0464366463758934
504 1.0220522654623672 1.0450969897642426
503.5 1.0218450074590535 1.044674368817081
503 1.0223001357812223 1.0455855729452155
502.5 1.022069097971726 1.0451150400026374
502 1.0218103219244838 1.0445838228243096
501.5 1.0216269427281097 1.0442199665466962
501 1.0218176667916563 1.0445937648269334
500.5 1.0219344697976183 1.0448532621109883
500 1.0215278889380124 1.0440076690843711
499.5 1.02166390225344 1.0442841531502725
499 1.0216381028641766 1.0442366665659568
498.5 1.0211117429559373 1.043158080859405
498 1.0210642316286695 1.0430630058510988
497.5 1.0210415928044672 1.0430095817146643
497 1.0213424824211186 1.0436353052122749
496.5 1.0212160288919063 1.043379916444125
496 1.021109161884419 1.043160511919472
495.5 1.0214689568119104 1.0438913149815976
495 1.021014556403 1.042971206958487
494.5 1.020787803431541 1.042500509449205
494 1.0211973426034033 1.0433339042562824
493.5 1.0213310286845634 1.04361333172958
493 1.0208573992761927 1.0426398714516811
492.5 1.0208874159412882 1.042715277780456
492 1.0209289495615506 1.042792573055759
491.5 1.0203421048902876 1.0415958007600405
491 1.0206209381806486 1.0421578860727132
490.5 1.0207234882709342 1.042368227430745
490 1.0206332146298354 1.0421929982902183
489.5 1.020581520667652 1.0420726318494775
489 1.0203103967586646 1.0415228527946854
488.5 1.020302567543574 1.0415114913301882
488 1.0209895124025439 1.0429029857952907
487.5 1.0204753149194332 1.0418739684871436
487 1.0211410817679516 1.0432220844986486
486.5 1.0201464399936566 1.0411850550477972
486 1.0207333100727545 1.0423905054199145
485.5 1.0203655558349274 1.0416378109917652
485 1.0206265339582994 1.042167664260321
484.5 1.020168819083522 1.0412148613698222
484 1.0195278049882766 1.0399335622040728
483.5 1.0202022669513322 1.0413130363685268
483 1.0198140293894846 1.040530499392395
482.5 1.0202650606086408 1.0414473413225076
482 1.0200434273683407 1.0409825036773726
481.5 1.0195952912539459 1.0400716099310616
481 1.0193595126491788 1.0395879154161982
480.5 1.0198781673513853 1.0406531269668116
480 1.019179936061617 1.0392092130919075
479.5 1.0194068225410229 1.0396938895966152
479 1.0193123208976027 1.0394884795133288
478.5 1.01936115843127 1.039585381470456
478 1.0189995416379944 1.03885674948076
477.5 1.0190139054133345 1.03888603481167
477 1.0195702352394163 1.0400137976526238
476.5 1.01870651233466 1.0382546342627599
476 1.0193369373136276 1.0395500824495485
475.5 1.0192109731411918 1.0392756931565805
475 1.0188836278801365 1.0386115382059244
474.5 1.019000805700915 1.0388623853625756
474 1.0189735567494576 1.0387943381113438
473.5 1.0189428899317556 1.0387436250231201
473 1.0188367934520928 1.038518189255814
472.5 1.0188292364419855 1.0385094203326948
472 1.0188594251183765 1.0385738821395367
471.5 1.0187128078875418 1.0382669498998514
471 1.0185730420198364 1.0379899594933857
470.5 1.0189047981359316 1.0386550796930991
470 1.0186293629569279 1.038095964633616
469.5 1.018087763279722 1.0369958980885405
469 1.0183022905339847 1.0374263898287268
468.5 1.0181845489404076 1.0372071068140298
468 1.0185688593104123 1.0379790701975629
467.5 1.0180966832549645 1.0370206186447246
467 1.0187514338718964 1.0383369426904578
466.5 1.0180970297877618 1.0370186629563272
466 1.018140542093205 1.0371011745717917
465.5 1.0186496052889638 1.0381304657716184
465 1.0176394000572275 1.0360837177887556
464.5 1.017806063428986 1.0364342442315841
464 1.0173808046933142 1.0355626370254756
463.5 1.0182282402378027 1.0372906320180462
463 1.0172720047630412 1.0353408772593604
462.5 1.0174765095624927 1.0357523940660742
462 1.0176830196210938 1.0361680526230521
461.5 1.0177576409997209 1.0363302663671041
461 1.0171281348269394 1.0350507334472991
460.5 1.0173147915779466 1.035431696920452
460 1.0172889347708485 1.0353872805361046
459.5 1.01729048233128 1.0353807201574359
459 1.017615724721535 1.0360401913701633
458.5 1.0170654571512023 1.0349168457874158
458 1.0168525052325246 1.034485343099797
457.5 1.016828382948765 1.0344357413069905
457 1.0173801686132546 1.035560916888246
456.5 1.0171309928080345 1.0350491592541387
456 1.016848354305505 1.0344626555474812
455.5 1.0172201621271275 1.0352193032479675
455 1.016632911041779 1.0340448252831669
454.5 1.0165873330225594 1.0339475076645277
454 1.0166700213305293 1.034112378202486
453.5 1.0161912107973503 1.0331483715341079
453 1.0168774728941439 1.034543607747034
452.5 1.0172515718485695 1.0352968922108416
452 1.0162526519374382 1.033278381378237
451.5 1.016127910269619 1.0330131365751833
451 1.0160457455950338 1.0328598349317004
450.5 1.0155208217555947 1.0317760149039383
450 1.0160829097945046 1.0329186514038393
449.5 1.0160109079427393 1.0327643688487111
449 1.0166706729694308 1.0341077854367589
448.5 1.0161684441046681 1.0331098683454787
448 1.0163870155856496 1.0335302361302725
447.5 1.0159248389072673 1.032605558582548
447 1.0156243730151364 1.0319881263030917
446.5 1.0156276523992647 1.0319922443156004
446 1.0155385902167358 1.0318332715464111
445.5 1.014898533914988 1.0305224670939903
445 1.0158568306336269 1.0324748530982946
444.5 1.0159984215773976 1.0327331745228576
444 1.014691119307111 1.0301027972660846
443.5 1.0150848342790122 1.030901432730046
443 1.015257474412569 1.0312422701457213
442.5 1.0156001953145042 1.031945070589163
442 1.015287005744899 1.0313041987168146
441.5 1.015443491895234 1.0316247069322053
441 1.0148217586494745 1.0303708798946822
440.5 1.0148112761817591 1.0303396490252836
440 1.0150862136641339 1.0309011466157798
439.5 1.0147476225441125 1.0302241309244005
439 1.0154669105554166 1.0316520214569218
438.5 1.0142923367545877 1.0293065814732734
438 1.0147445127138925 1.0302141773073996
437.5 1.0146820522852074 1.0300798634895219
437 1.014090374356678 1.0288762010553163
436.5 1.0146863917609865 1.0300833298413907
436 1.0147325841030872 1.0301938503707588
435.5 1.0139659247727335 1.0286287032172488
435 1.01432531893125 1.029357010239159
434.5 1.0143704014759463 1.0294493028861498
434 1.0141302463621011 1.0289429630198825
433.5 1.0141142020360734 1.0289231265566503
433 1.014103344154605 1.0289066146423127
432.5 1.014256218284737 1.029218375987572
432 1.014120235327237 1.0289397036439865
431.5 1.0139731900986437 1.0286452286134677
431 1.0138209460404268 1.0283170686230654
430.5 1.0135178018260822 1.0277246270731872
430 1.0138448538055131 1.0283828289246808
429.5 1.0134985162281192 1.0276745250404509
429 1.013074887363979 1.0268114862718394
428.5 1.0135806749174219 1.027837707111082
428 1.0134419768991463 1.0275603636239026
427.5 1.0129925451214574 1.0266487566091786
427 1.013435563672119 1.0275550732940995
426.5 1.0132068856873127 1.0270842918227416
426 1.0130309958530854 1.0267266297418396
425.5 1.0128896099959568 1.0264531274859245
425 1.0131976472983613 1.0270585195529813
424.5 1.013302241713341 1.0272780530097814
424 1.0129642945293982 1.026597466363388
423.5 1.0125706215670132 1.0257976349161846
423 1.012204163904745 1.0250630516824883
422.5 1.0125830522939552 1.025824447073349
422 1.011854640025861 1.0243601528545472
421.5 1.012346055943401 1.0253377322784158
421 1.0119511928318219 1.0245480562826068
420.5 1.012113417432783 1.024874526497068
420 1.012389396577149 1.0254261011534953
419.5 1.0121092070923332 1.0248757704275766
419 1.011616507823692 1.0238791484241616
418.5 1.01186181686995 1.0243598653361574
418 1.0115425390709445 1.0237241315052226
417.5 1.0118230115676592 1.024292341990668
417 1.0117768576393156 1.0241784873603885
416.5 1.0120505313994461 1.0247448505443792
416 1.011880986221437 1.0244034599159872
415.5 1.0118299233759631 1.0242902141788295
415 1.0114329925567962 1.02349337566205
414.5 1.011421271961111 1.023468168213235
414 1.0112056903666091 1.0230434915593818
413.5 1.0108014180717222 1.0222221464142074
413 1.0109785080658906 1.0225916425839232
412.5 1.011298083942777 1.0232250510131695
412 1.010550699740164 1.0217195101188121
411.5 1.0106697002180889 1.0219412232220193
411 1.0106236787911531 1.0218557684918983
410.5 1.0108378634430726 1.0222918575820517
410 1.010666131134834 1.0219513017710793
409.5 1.0107645607774012 1.0221492194390132
409 1.0104039931236053 1.0214149103758485
408.5 1.010960331052149 1.0225363033617731
408 1.0108069298183229 1.0222411331438566
407.5 1.0098110256712896 1.020215331342515
407 1.0100385782486534 1.0206845290580504
406.5 1.010478990709833 1.0215811515686206
406 1.0100379342063497 1.0206725246816875
405.5 1.0102793753952968 1.02117126139134
405 1.0102450206370637 1.0210948459046703
404.5 1.0094469946173055 1.0194946590515568
404 1.0097358733470105 1.0200649717245334
403.5 1.010107984350355 1.02082029024385
403 1.0096739732466793 1.0199502884339293
402.5 1.009333229979227 1.0192637748041298
402 1.009865945779977 1.0203301905092488
401.5 1.0094996413475594 1.0196024734249358
401 1.0096754402848007 1.019955711185531
400.5 1.0088994638439372 1.0183900471058747
400 1.0091751562523785 1.018937020681128
399.5 1.0092536285685614 1.0190950593612649
399 1.0091174114568697 1.018820780350224
398.5 1.0088497286119176 1.0182945619245882
398 1.0089379315679265 1.0184522394903666
397.5 1.009005373573286 1.0186167877246657
397 1.0086013641481104 1.017775747342571
396.5 1.0087760997252735 1.018136106022439
396 1.0085172101844595 1.0176165796641126
395.5 1.008745623501619 1.0180606467179494
395 1.0082124987156114 1.0170174854282705
394.5 1.0081442867840162 1.0168638094207538
394 1.008312472017192 1.0171824736714048
393.5 1.0084633228302133 1.0175021356453484
393 1.0078966866192582 1.0163702513372292
392.5 1.0082892009139057 1.0171584482801708
392 1.00794301815625 1.0164466535371446
391.5 1.007764601107069 1.0161028251521291
391 1.0080389185466299 1.0166393939976868
390.5 1.0078588087402633 1.0162827470574718
390 1.007996915685799 1.0165635672993996
389.5 1.0074045260354503 1.0153838603097867
389 1.0075517477080869 1.0156667008952418
388.5 1.0074921274296251 1.0155366616038763
388 1.0073104868905567 1.0151696674573667
387.5 1.0077020763589863 1.015971523838502
387 1.0071858018134148 1.0149366692731885
386.5 1.006821218242581 1.014201566129777
386 1.0068123985718858 1.0141728273725472
385.5 1.0066269101120824 1.0137973607036204
385 1.0068853622063219 1.0143148131426418
384.5 1.006403630367699 1.0133465518684035
384 1.0063734036511818 1.0133051376401259
383.5 1.0066335783981881 1.0138136256841848
383 1.00601896708683 1.0125814930973114
382.5 1.006388001590737 1.0133185987382507
382 1.0062731615134997 1.0130773488820644
381.5 1.0062453816725618 1.0130452025477468
381 1.006288579168164 1.0131232555567344
380.5 1.0055025273026008 1.011541526000412
380 1.0055665048114444 1.0116583113549136
379.5 1.005635118647041 1.0118035176815816
379 1.0061170789612839 1.0127829169049942
378.5 1.0054772745047527 1.0114680311408784
378 1.0051294807515554 1.0107937088528953
377.5 1.0055965810687497 1.011723809375971
377 1.005037605289911 1.010607751075612
376.5 1.0059296120346295 1.012401383656715
376 1.0052938781008107 1.011132963692269
375.5 1.004782510527437 1.0100846221545317
375 1.0049373593856117 1.0104237626041954
374.5 1.0049865479872484 1.0105023569756646
374 1.0053234092124508 1.0111814786922995
373.5 1.0046031261734667 1.009728924809122
373 1.0046227158225756 1.0097608285658346
372.5 1.0041350999896124 1.0087830325064995
372 1.0046309291221296 1.0097835155664743
371.5 1.004479675430342 1.0094974624607032
371 1.0036353795299455 1.007790877692667
370.5 1.0040019792783814 1.0085081277181236
370 1.0039193881743644 1.008357005956801
369.5 1.0041327775753783 1.008789753769173
369 1.0036722398306646 1.0078573672237037
368.5 1.003958800341645 1.0084427228850252
368 1.003274204228918 1.007059484127172
367.5 1.0037613484029222 1.0080391281628356
367 1.0035718446333224 1.00766236645504
366.5 1.0036928866560137 1.0078954214519429
366 1.0037432410648002 1.0080140500653754
365.5 1.0034937125604073 1.0075218175284748
365 1.002858823794867 1.006218088046118
364.5 1.003084096451965 1.0066909407860192
364 1.0029807624324172 1.0064961193904027
363.5 1.0027587511243703 1.0060365043811625
363 1.0031092207271037 1.006733746083878
362.5 1.0025877120586462 1.0056796518994457
362 1.0030422087494006 1.0065930120899407
361.5 1.0028817914104786 1.0062756122685108
361 1.0028406973971342 1.0061889252254699
360.5 1.0025930457049423 1.005707744801067
360 1.00241179437722 1.0053386316526154
359.5 1.0017156728876908 1.0039442200034903
359 1.001831607855601 1.0041709121618443
358.5 1.0019408248840256 1.0044044642553018
358 1.0014498645503855 1.0034077666305312
357.5 1.0013754327880613 1.003271918002851
357 1.001736459842985 1.0039886096836157
356.5 1.0020957142447977 1.004716579082468
356 1.00125132237443 1.0029905130710575
355.5 1.0012772738585833 1.0030637676358596
355 1.0005728937318679 1.001657291464777
354.5 1.0009771296113585 1.0024520262235963
354 1.0007443142012977 1.0019882877454038
353.5 1.0010271840020994 1.0025666644344677
353 1.0003610437858792 1.001233189651679
352.5 1.0008933750825304 1.0022819653311505
352 1.0004711045472856 1.0014489375957598
351.5 1.0004266164323907 1.0013833349091033
351 1.0009885941353291 1.0024768855615676
350.5 1.0007280223380373 1.0019675311308405
350 0.9998208248482282 1.0001542792410942
349.5 1.000614430800023 1.0017309777272703
349 0.999915839509492 1.0003451776858074
348.5 0.9993884188572556 0.9993059576627338
348 0.9993873662450034 0.9992877475232886
347.5 0.9998165628923064 1.0001432939041672
347 1.0000154018414638 1.0005282259493034
346.5 0.9983497159551732 0.9972318918159779
346 0.9993499694257792 0.9992119415402795
345.5 0.9995550433996447 0.9996118693564168
345 0.9992215008392636 0.9989381567414459
344.5 0.9993385511942601 0.9991791343142407
344 0.999028189564368 0.9985774761666234
343.5 0.9990473582783223 0.9986161298885119
343 0.9982809754910228 0.9970661567441282
342.5 0.9991194337338708 0.9987330980595386
342 0.9986687579662543 0.9978459959952907
341.5 0.9980942223203326 0.9966927579663875
341 0.9986048417570372 0.9977258028552674
340.5 0.9982406691184481 0.9969953052778584
340 0.998108745179788 0.996738587262798
339.5 0.9982343813545429 0.9969963257243801
339 0.9984223604031666 0.9973638558277323
338.5 0.9977917981238258 0.9960870150987567
338 0.9974432189977299 0.9953837379613727
337.5 0.9974895211473604 0.9955012658844414
337 0.9979912455893393 0.9964955705957981
336.5 0.9971638108617996 0.9948475260371373
336 0.9977066838135692 0.995946935272301
335.5 0.9969907446023053 0.9944984768725048
335 0.9971668055631963 0.9948602364144283
334.5 0.9974878212038966 0.9955002655762862
334 0.9968964012846664 0.994310903740715
333.5 0.9970421995475834 0.9945953489440649
333 0.9966168956433096 0.9937601717524082
332.5 0.996537133085367 0.9935984711497841
332 0.9958804504374907 0.9922732063185222
331.5 0.9958250355564301 0.9921850121292984
331 0.9954240337288462 0.9913916818108134
330.5 0.9960920990707284 0.9927181063311269
330 0.9957629011698305 0.9920550379879345
329.5 0.9955055815513288 0.9915587961282865
329 0.9952785801081128 0.9911009930105807
328.5 0.9955092176586237 0.9915426021372654
328 0.9951385179168283 0.9908118430736625
327.5 0.9952967834069809 0.9911344256343053
327 0.9949231186130152 0.9903728258266085
326.5 0.9948132468326698 0.9901619679740984
326 0.9950705827394577 0.990684903575697
325.5 0.994591510368808 0.989719796777744
325 0.9946011766975841 0.9897459301404905
324.5 0.9945879723456732 0.9897080183526541
324 0.9945020373207625 0.9895620877646064
323.5 0.9941026906030676 0.988757759051136
323 0.9945979648869457 0.9897319872912136
322.5 0.9941617188734605 0.9888709959093586
322 0.9931990381745079 0.9869454526458704
321.5 0.9932968831172786 0.9871632422574211
321 0.9932784347324399 0.9871149489011605
320.5 0.9930862077701204 0.9867375046343693
320 0.9934132400917067 0.9873893094245958
319.5 0.9936686765161511 0.987896807768537
319 0.9927152372196199 0.9860021000291211
318.5 0.9932445838438244 0.987052106439421
318 0.9935524777816996 0.9876608848105395
317.5 0.9922067138151928 0.984988610901794
317 0.9921671991293729 0.9849044102833254
316.5 0.992460974300452 0.9855098617264794
316 0.9917328757513829 0.9840514981560368
315.5 0.9922746255400379 0.9851308240939506
315 0.9921372113623373 0.9848461854056237
314.5 0.9924124815401401 0.98539411941201
314 0.9919882643549978 0.9845586338368928
313.5 0.9916661076195735 0.9839225858638628
313 0.991475848309876 0.9835362789711712
312.5 0.9913798491873357 0.9833296404545468
312 0.9911727589417397 0.9829322410222172
311.5 0.9917957882045881 0.9841511111723619
311 0.9907532249160587 0.9821231323617181
310.5 0.9905144350288678 0.9816335092812372
310 0.9903552769839677 0.9813200476101152
309.5 0.9907016273198017 0.9820076395624014
309 0.9906906682148783 0.9819597709707103
308.5 0.9901865726099217 0.9809915718067266
308 0.9899813276261762 0.9805702551875447
307.5 0.9899545152373963 0.9805217656415707
307 0.98996964179076 0.9805640209456106
306.5 0.9899468641105903 0.9805198575979643
306 0.9897424846030163 0.9801020483435687
305.5 0.9888355665388763 0.9783011060026341
305 0.9898235347706521 0.9802643087454063
304.5 0.9890746357344888 0.9787857070219886
304 0.9889189417162101 0.9784823590736704
303.5 0.9901259046172618 0.9808564829461566
303 0.9893036445917128 0.9792272385975163
302.5 0.9890473565480239 0.9787416417807595
302 0.9886674484614953 0.9779714949990889
301.5 0.9880187668208409 0.9766866918597764
301 0.9879595232373154 0.9765939968762171
300.5 0.9885609354114626 0.9777605356010283
300 0.9875091451827881 0.975696353704041
299.5 0.9878279774672858 0.976324886891615
299 0.9872273709119482 0.9751369010342721
298.5 0.9874417578608582 0.9755657040546819
298 0.9877164732698517 0.9761075047552898
297.5 0.9873745359911856 0.97542267845302
297 0.9873586122312619 0.9753935107105696
296.5 0.9869108976267377 0.9745082860651326
296 0.9870404275743985 0.9747641425775755
295.5 0.9865584532310392 0.9738057050187457
295 0.9866377560957207 0.9739770652733655
294.5 0.9864841747419175 0.973678073571698
294 0.9863276572370289 0.9733660755856128
293.5 0.9861236580849533 0.9729668186267245
293 0.986303201791672 0.9733192353592244
292.5 0.9852051050424723 0.9711595620144042
292 0.9851200557841203 0.9709767798658903
291.5 0.9861867621969097 0.9730779463864249
291 0.9852529592837842 0.9712424232961734
290.5 0.9847293000246962 0.9702166791855238
290 0.9847026764876897 0.9701501190500964
289.5 0.985131314968088 0.9710145100319789
289 0.9846706186663085 0.9700921589254444
288.5 0.9844516649036639 0.9696559986893013
288 0.9845960498915991 0.9699399242535589
287.5 0.9833073279823806 0.9674194553631006
287 0.9837211714908863 0.9682171517362691
286.5 0.9841427527210075 0.9690450598163947
286 0.9842514727810607 0.969284950234571
285.5 0.9831702486481225 0.9671394617235647
285 0.9831726848842048 0.9671459935194483
284.5 0.9832254908846702 0.9672515781450703
284 0.982532221643488 0.9658860143550091
283.5 0.9828511530837618 0.9665301744009283
283 0.9825153658639812 0.9658515108548995
282.5 0.98260131652075 0.9660229640078021
282 0.9826956229947822 0.9662197454045738
281.5 0.9823109936033035 0.9654563460443347
281 0.9827061454286168 0.9662476313918994
280.5 0.982350834147589 0.965553523612186
280 0.9818997952554669 0.9646344163559272
279.5 0.9818802915441752 0.9645973373168758
279 0.9816224763860611 0.9641076060977698
278.5 0.9813939635817802 0.9636397984282592
278 0.981385437908486 0.9636314530021685
277.5 0.980976570996094 0.9628290770765553
277 0.9813871199892834 0.9636574596261727
276.5 0.9801134729681312 0.9611428463589368
276 0.9813004885796518 0.9634639393257411
275.5 0.9798459449522215 0.9606240026763487
275 0.9797526928014689 0.9604278858992941
274.5 0.9798894583109067 0.9606895895787292
274 0.9802180366407308 0.9613439462421786
273.5 0.9794932099381775 0.959932267634283
273 0.9788899077788056 0.9587548711685415
272.5 0.9791971940547668 0.959356750265624
272 0.9792035200861796 0.9593519026878948
271.5 0.9785653944517521 0.9581148632286833
271 0.9784651286264334 0.9579086696212665
270.5 0.9786064565153563 0.958200729418256
270 0.978559010865126 0.9581142467634838
269.5 0.9783916141394987 0.9577797028182607
269 0.9776245127124578 0.9562704965286545
268.5 0.9778752210268433 0.9567469660886474
268 0.9778585000530542 0.9567315876623986
267.5 0.976442968350891 0.9539730037568667
267 0.9775823081463898 0.9561813301535496
266.5 0.9769020925469556 0.9548720699052268
266 0.9765189874820838 0.9541128024829935
265.5 0.9760909980773579 0.9532843917247286
265 0.9759160255107358 0.9529184029319895
264.5 0.9757287167622083 0.9525830002384124
264 0.9763249617710393 0.9537451275926025
263.5 0.9759081509981336 0.9529266392635587
263 0.9759157305529308 0.9529442540745218
262.5 0.9753924191706095 0.9519104292786664
262 0.9747403769677918 0.9506420242783794
261.5 0.9758343619240507 0.9527889730443805
261 0.9750875594901295 0.9513104783303112
260.5 0.9745896103614855 0.9503501213681027
260 0.9751629911380513 0.9514568568300604
259.5 0.973803698312565 0.9488139361740782
259 0.9743973064504801 0.9499809633160264
258.5 0.9745831172943067 0.9503253199968192
258 0.9731448139339146 0.9475438331082073
257.5 0.9738460174810313 0.9488825819269157
257 0.973173582406767 0.9475925815582119
256.5 0.973192479945635 0.9476202928684286
256 0.9736066085325518 0.9484503842946657
255.5 0.9729085201862736 0.9470849254478287
255 0.9722786197606506 0.9458654919277728
254.5 0.9721485383202582 0.9455968965635094
254 0.9715693705591459 0.9444647996984196
253.5 0.9719541530097014 0.9452178570075432
253 0.9716897678822021 0.9447141596204278
252.5 0.9715578777646701 0.9444544533538478
252 0.9714150455644097 0.9441747284159555
251.5 0.9705420821241848 0.9424766056472135
251 0.9711994264233574 0.9437661650880105
250.5 0.9710787600553678 0.9435168607753116
250 0.9713129963021868 0.9439710399624586
249.5 0.97099881323858 0.9433610540479711
249 0.9694048966901131 0.9402724556494659
248.5 0.9699689380205179 0.9413532287152009
248 0.9697543980308885 0.9409605696492016
247.5 0.9694104537521377 0.940288444838242
247 0.9696282448157836 0.9407001699208529
246.5 0.9686566276119539 0.9388212625676602
246 0.9686588325184575 0.9388195191875536
245.5 0.9689324768857113 0.9393614041697465
245 0.9676621286627474 0.9369091799591807
244.5 0.9679311156955457 0.9374257712103613
244 0.9680154918407595 0.9375839928600068
243.5 0.9678925265826882 0.9373287475181942
243 0.966829457541479 0.9352889814109164
242.5 0.9674204373446866 0.9364287326583711
242 0.9674904611582874 0.9365757076656374
241.5 0.9663931169407032 0.934439751397377
241 0.9674084925434216 0.9363948551485382
240.5 0.9666041346859642 0.9348454295227986
240 0.9663363608597432 0.9343477632815472
239.5 0.9653663891026711 0.9324454847506013
239 0.9655036638573481 0.9327188325155389
238.5 0.9653504328731861 0.9324328784701327
238 0.9643478008558454 0.9304915511853193
237.5 0.9657098685518086 0.9331055674095481
237 0.9642949442822926 0.930394242018878
236.5 0.965002481639243 0.931751618593442
236 0.964862429862447 0.9314852205919486
235.5 0.9637426877216869 0.9293394713338426
235 0.9636720408247578 0.9291917365273258
234.5 0.9634552920164487 0.9287803079799519
234 0.9633735038570183 0.9286214211685252
233.5 0.9627713266960659 0.9274681791571028
233 0.962837651183245 0.9275731476914644
232.5 0.9635242462501776 0.9289088465082047
232 0.9623122254447241 0.9265796112180124
231.5 0.9621104275526661 0.9261750305375144
231 0.9619065083325371 0.925795984245923
230.5 0.9618252405761998 0.9256258047152143
230 0.9614162525224256 0.9248539780187378
229.5 0.9608182498469333 0.9236920553671314
229 0.9607436086254835 0.9235498769793963
228.5 0.9601172437248858 0.9223393951369755
228 0.9605126612935165 0.9231234414007756
227.5 0.9606329999624368 0.923344109656665
227 0.9601250409223214 0.922366462460561
226.5 0.9593035154785854 0.9207987187803766
226 0.9590021936369101 0.9202219410465251
225.5 0.9595062100583086 0.921184299132199
225 0.9588631963410589 0.9199676200671392
224.5 0.9590139134841009 0.9202518301982016
224 0.9580794312468427 0.9184578806319036
223.5 0.9577845861715074 0.9178826926414722
223 0.9573382120265587 0.9170176694667475
222.5 0.9577306416013246 0.9177790277753611
222 0.9570467989000301 0.9164501377300646
221.5 0.957400491160461 0.9171572491357872
221 0.956955224982469 0.9162923435698229
220.5 0.9565974214949045 0.9156240976012587
220 0.9552736817701267 0.9130710541713178
219.5 0.956263261445975 0.9149688517581877
219 0.9558393002832877 0.9141687472070813
218.5 0.9555845196334228 0.9136629388315458
218 0.9547522494490971 0.9120686883467166
217.5 0.9543190941288566 0.9112511489535389
217 0.9547204134872186 0.912009672077507
216.5 0.9541056186804093 0.9108398590670772
216 0.954429375127801 0.9114661501427397
215.5 0.9538430603454405 0.9103420677558504
215 0.9530171218857518 0.9087756335541874
214.5 0.9527189732606153 0.9081968687718186
214 0.9523311661255488 0.9074671711123123
213.5 0.9522829563905498 0.9073961321374127
213 0.9520818505253587 0.906986924754623
212.5 0.9521158053875071 0.907057123669739
212 0.9514163922321184 0.9057448063912611
211.5 0.9510778846180536 0.9050907579853127
211 0.9501893598181073 0.9034046318682425
210.5 0.9507563602655698 0.9044783347380805
210 0.9494202194217419 0.9019493610103141
209.5 0.950543200211086 0.9040708497998372
209 0.948765535124858 0.9006950159829545
208.5 0.9489702441723249 0.901055141041535
208 0.9486631162293578 0.9004853203723264
207.5 0.9484528092312349 0.9001069903651192
207 0.9489231113509115 0.9009949680239548
206.5 0.9484358917452951 0.9000579807201878
206 0.9479790144908414 0.8992115031234635
205.5 0.9473624890308409 0.8980545380627594
205 0.9469285267896153 0.8972306832573
204.5 0.9467413533926669 0.8968658671283487
204 0.9467310556166095 0.8968317853231188
203.5 0.946248513399931 0.8959254174829492
203 0.9449571735923091 0.8934824774348565
202.5 0.9448270420252004 0.8932328487640914
202 0.9448968069367668 0.8933721486988881
201.5 0.9451944133765948 0.89393443115056
201 0.9444636408405159 0.8925632338337395
200.5 0.9439909842842757 0.8916504637128545
200 0.9448015084155836 0.8931899129959127
199.5 0.9435924930282793 0.890882267685351
199 0.94279709651759 0.8894169864409666
198.5 0.9421887310428814 0.8882520080372266
198 0.9422261682731874 0.8883288542892946
197.5 0.9420100505084358 0.8879151321779619
197 0.9419308823020761 0.8877757827404472
196.5 0.9421469725434243 0.8881730965732961
196 0.9412005622286175 0.8863927693818008
195.5 0.9415236315621316 0.8870242487644737
195 0.9402587867101014 0.8846212957213964
194.5 0.9398044332594753 0.8837757749577518
194 0.9396016193952993 0.8834007316767459
193.5 0.9396759165857214 0.8835270632290425
193 0.9393638911253309 0.8829382516687474
192.5 0.9385978635547753 0.881507234508642
192 0.9392707715686323 0.8827777231911067
191.5 0.9384011894147409 0.8811301566953702
191 0.9363776158850461 0.8773344339803838
190.5 0.9362982224486722 0.8772100361998744
190 0.9366970016477322 0.8779477124621204
189.5 0.9364348333250855 0.8774496398816619
189 0.9357883000873776 0.8762565564145727
188.5 0.9359801296896915 0.8765912528506783
188 0.9351221227233604 0.8749764271494485
187.5 0.9354942934917109 0.875684944493948
187 0.9345579979328775 0.8739335350741331
186.5 0.9338490584169955 0.8726151413031086
186 0.9338373359253259 0.8726010294420844
185.5 0.9333528247555232 0.8716659917071073
185 0.9326146607472894 0.8702980422782371
184.5 0.9328620331311797 0.8707856101819715
184 0.9319665898561051 0.8691067094763163
183.5 0.9316671443399479 0.868554113073818
183 0.9312958965673725 0.8678446345098025
182.5 0.9312967197612468 0.8678414711063129
182 0.9308923257504287 0.8670911238446571
181.5 0.9295725764459871 0.8646475684983596
181 0.9299699449401694 0.8653994053653209
180.5 0.9293865145451524 0.8642706590604207
180 0.9280653372107601 0.8618446474343147
179.5 0.9284036888856484 0.8624734311022946
179 0.9276553641631499 0.861095407706625
178.5 0.9273357295226534 0.8604937493391934
178 0.9280003299902879 0.8617183538362871
177.5 0.926925370411333 0.8597301423995947
177 0.9263011031632018 0.8585668924737287
176.5 0.9258756485678872 0.8577868471540413
176 0.9258763654522921 0.857787488891367
175.5 0.9250944535609317 0.8563430612003223
175 0.923984171062526 0.8543016478650753
174.5 0.9244107112960236 0.8550863083219403
174 0.9232312302476975 0.8529049588400751
173.5 0.9228203402050091 0.852137041433833
173 0.9228211757608066 0.8521439976976786
172.5 0.9216748376925914 0.8500342909295843
172 0.9214808757142154 0.8496684500443645
171.5 0.922107381389882 0.850832502242154
171 0.9209503959716347 0.8487016083866763
170.5 0.92083737671539 0.848490241102896
170 0.9193915180324737 0.8458173685960476
169.5 0.9199732137150944 0.846887869627104
169 0.9192806327208702 0.8456224053660428
168.5 0.9183698014219799 0.8439473061545305
168 0.9181739984138714 0.8435880962234473
167.5 0.9177335537417005 0.8427598338198515
167 0.9179569170418584 0.8431793449118075
166.5 0.9170315550368451 0.841485485256322
166 0.9168148726427988 0.8410744555158496
165.5 0.9156967477593292 0.83903778469095
165 0.9151162183718266 0.8379864244560393
164.5 0.9154027776840429 0.8385113426667159
164 0.9147220667753645 0.8372431976489492
163.5 0.9136416234686464 0.8352641917010764
163 0.9132778953819485 0.8346202704129119
162.5 0.9123758187538671 0.8329928870563231
162 0.9115644788495463 0.8315042080443122
161.5 0.9112300292971923 0.8308922161696803
161 0.9112835482453628 0.8309667190121122
160.5 0.9102183540429156 0.8290374211289009
160 0.9099975514829053 0.8286430358830431
159.5 0.9092105410145283 0.8272090325781613
159 0.9087609590069693 0.8263992233538766
158.5 0.9087338073209185 0.8263394125471685
158 0.9085626062327671 0.8260291634639955
157.5 0.9077704526648169 0.8246125664951962
157 0.9070521730016514 0.8233057488708386
156.5 0.9047868980110012 0.8191660495476717
156 0.9056380591628708 0.8207261332434588
155.5 0.9053637622247022 0.8202341731164124
155 0.9052799243601549 0.8200841946765425
154.5 0.904218989695453 0.8181673274189294
154 0.9030646292700725 0.8160635279208105
153.5 0.9028048654571188 0.8155955383612343
153 0.9022918067651806 0.8146615071748599
152.5 0.9022667732416036 0.8146496664877716
152 0.901452840410945 0.8131589811197919
151.5 0.9008614675759302 0.812077626458705
151 0.9004798732532205 0.8114116031064079
150.5 0.8984926409462626 0.8078367455746907
150 0.8990199434062073 0.8087809188838634
149.5 0.8992151897233818 0.8091208890269592
149 0.8980362894049007 0.8070068466663627
148.5 0.8970691049497609 0.8052755890445773
148 0.8967312928205405 0.8046495738762255
147.5 0.8961336838326223 0.8035861716030864
147 0.8947102825951412 0.801062097755809
146.5 0.8945241805193992 0.8007018789961164
146 0.8937221531706746 0.7992848561223381
145.5 0.8936286894059121 0.7991076328812637
145 0.8932232660419035 0.7984004363127176
144.5 0.891147137518946 0.7946981330172106
144 0.8913160561848884 0.7949700926205813
143.5 0.8909881626202588 0.7944174093242691
143 0.8900795356271665 0.7927833335295592
142.5 0.8893114347803853 0.7913978924326401
142 0.8891451052416959 0.7911042707380372
141.5 0.888259650024531 0.7895586593362451
141 0.887980657615679 0.789051932503899
140.5 0.8868362216256336 0.787012777273015
140 0.8855009834249147 0.7846313175843314
139.5 0.8856580134075558 0.7849141422236955
139 0.8839785968510472 0.781964461362292
138.5 0.8827872560531109 0.7798418000974233
138 0.8824158225339175 0.779202753829169
137.5 0.8820764020713397 0.7785820592201192
137 0.8815279560665997 0.7776380712307025
136.5 0.8802558520413227 0.7753928143312931
136 0.8808402645913332 0.77642674969513
135.5 0.8793416722895823 0.7737612340027085
135 0.878121972577696 0.7716371956897822
134.5 0.878340049967298 0.7719965021435855
134 0.8781280840002846 0.7716438272880387
133.5 0.8777787507558622 0.7710190026824087
133 0.8767561652154352 0.7692340537778608
132.5 0.8748227812323377 0.7658416682104587
132 0.8746423369432025 0.7655132658438719
131.5 0.8741888928821623 0.7647596919522269
131 0.8739843284730743 0.7643446978998487
130.5 0.8728066951508534 0.7623158269775526
130 0.8718580973287402 0.7606684863251205
129.5 0.87085071544605 0.7589268699375507
129 0.8688658476832789 0.7554519168341923
128.5 0.8694646653777208 0.7565030628787818
128 0.8679115757795919 0.7537980839883942
127.5 0.8658204976311434 0.7501769345765138
127 0.8673441185589309 0.7528279493256388
126.5 0.8659228230039477 0.750330247176345
126 0.8646582386203041 0.7481578720805041
125.5 0.862641399920245 0.7446849857860899
125 0.8628147341756417 0.7449647739484342
124.5 0.8622355646268581 0.7440146513455478
124 0.8618337095881299 0.743297898076571
123.5 0.8615009580449933 0.742710241818859
123 0.8586050309814204 0.7377511510044553
122.5 0.8590405215388407 0.7385017113357755
122 0.8590866544666607 0.7385419076277616
121.5 0.8566147152438152 0.7343181472163168
121 0.856213687394895 0.7336098904021439
120.5 0.855439494561977 0.7323029733958115
120 0.8541073296128415 0.730000672344216
119.5 0.8535485353801817 0.7290724713473695
119 0.8526119027322567 0.7274804871554802
118.5 0.8516227437235652 0.7257859161661616
118 0.849810346203083 0.7227140034326405
117.5 0.8491026304455657 0.7214724253439405
117 0.850053358693203 0.7231124555457952
116.5 0.8484923798117926 0.7204682343652895
116 0.8464665086811617 0.7170064312106628
115.5 0.8459586426287199 0.7161574517167957
115 0.8442349465403723 0.7132743496093721
114.5 0.845878912365281 0.7160407838452418
114 0.843344105190467 0.7117267396795295
113.5 0.8412013778573076 0.708159328362712
113 0.8410890939156626 0.7079255835632653
112.5 0.840232300598356 0.7064978454656692
112 0.8389227252336064 0.7043087270473669
111.5 0.8375184346366835 0.7019434632061184
111 0.8372718494355522 0.7015111965290189
110.5 0.8346544308232761 0.6971516492430518
110 0.834669355997061 0.6971873683006251
109.5 0.8345151075491364 0.6969141937479932
109 0.8337463503980554 0.6956618468670527
108.5 0.832713882349182 0.6939621480213753
108 0.8311267367848749 0.6912774979629966
107.5 0.8302555323253066 0.6898312943645794
107 0.8279889018234737 0.6860639654201082
106.5 0.8278733478074497 0.685869344167596
106 0.8249924032566791 0.6811388129163195
105.5 0.8255344321692587 0.6820054685223208
105 0.8248126539694708 0.6808233513323697
104.5 0.8226825291087874 0.6773208244008487
104 0.8210753910261002 0.6746615267216778
103.5 0.8194540950975849 0.6719911247993535
103 0.819690185968223 0.672378295222702
102.5 0.817657371187143 0.6690706139832154
102 0.8170506968731218 0.6680594470695208
101.5 0.8162835652568351 0.6668181449582964
101 0.8144768822742212 0.6638539391109606
100.5 0.8135982961577773 0.6624241003014296
100 0.8120998487928726 0.6599990677901711
99.5 0.8110744039218027 0.6583240118211879
99 0.8086269472496965 0.654359608034096
98.5 0.8090027805523933 0.6550067194032789
98 0.808790710503435 0.6546276159565917
97.5 0.8058508759991678 0.6498705165843057
97 0.8043962633826295 0.6475356786458376
96.5 0.802873929545143 0.6451008750971557
96 0.8015916352248722 0.6430449007657392
95.5 0.8003059430478515 0.6409618221578638
95 0.799104903501005 0.6390646535874976
94.5 0.797495416749525 0.6364717611691485
94 0.796611783069565 0.6350811749467943
93.5 0.7950345340892355 0.632553668030424
93 0.7953955124751788 0.6330900528521941
92.5 0.7930158715596137 0.6293481732148168
92 0.7915579629768101 0.627026693538216
91.5 0.7901163514643456 0.6247384422677312
91 0.790464335084963 0.6252842928570842
90.5 0.7861960768586463 0.6185717681371525
90 0.7859215593555243 0.6181200002159255
89.5 0.7831350793002515 0.6137856540741676
89 0.7833936432259682 0.6141313303278
88.5 0.7829011594427273 0.6133648587855859
88 0.7798680322361278 0.6086295503455285
87.5 0.7792104424620706 0.6076216234195655
87 0.7764514411425639 0.6033049244054695
86.5 0.7764179152895985 0.6032703316948073
86 0.7745891637262312 0.6004444573892446
85.5 0.7739820291294522 0.5994659334555233
85 0.7721110126920001 0.5965967206307438
84.5 0.7714622434672321 0.5955826208771241
84 0.7698270143375595 0.5930794743704793
83.5 0.7683468464365918 0.5907702671979056
83 0.7631251119883989 0.5827922710845768
82.5 0.7635942638159758 0.5834974318534382
82 0.7623465246224502 0.581600941650027
81.5 0.7600253579204326 0.5781014326718109
81 0.7584331349909513 0.5756491811780171
80.5 0.7572601622881382 0.573870039566935
80 0.7565953326264926 0.5728598601260023
79.5 0.7538489118772043 0.568691878075189
79 0.7531074044704709 0.5675828883471377
78.5 0.7510629986782861 0.5644922791378181
78 0.7496292458688337 0.562369330782173
77.5 0.7479467971930074 0.5598259149739587
77 0.7462354795511942 0.5572655395254705
76.5 0.7435540281684743 0.5532723162253183
76 0.7418051901495025 0.5506372103857027
75.5 0.7419964420020668 0.5509526337975217
75 0.7383729970574116 0.5455907512595553
74.5 0.7386124778895672 0.5459374836675139
74 0.7365651394571595 0.5429097458054588
73.5 0.7342112130590084 0.5394387725458546
73 0.7315392895191837 0.535532225400474
72.5 0.7294033224816482 0.5323847493702256
72 0.7298762770107957 0.533109394294515
71.5 0.7279119911558964 0.5301746443791439
71 0.7268919477121004 0.528755775432279
70.5 0.7240695523883276 0.5246220681941849
70 0.7221091848551646 0.5218048277793027
69.5 0.7203763938626768 0.5192764331725673
69 0.719990968589168 0.5187100488210681
68.5 0.7170829548032424 0.5145483893749658
68 0.7137883394179362 0.50981011360474
67.5 0.712767580021681 0.5083683245060113
67 0.7102544685311941 0.5048018504435159
66.5 0.7095640653257487 0.5038323686566722
66 0.7061352961289863 0.49894903757704506
65.5 0.7048002155495409 0.4970815325331717
65 0.7033715127918183 0.49504805404039326
64.5 0.7009837195815283 0.49169014748613954
64 0.6997073711710126 0.4899149100759291
63.5 0.6961353596868601 0.48489177983001125
63 0.6943241038926952 0.48239294013259765
62.5 0.6944289092944849 0.4825113081587501
62 0.6911825471973109 0.47801725275559975
61.5 0.6903362149425346 0.4768445606383541
61 0.687897956034913 0.4735205857430634
60.5 0.6857394396670614 0.47050807252326243
60 0.6851687215084832 0.46974905338999656
59.5 0.6810846399959519 0.46416311492118
59 0.6804519506927927 0.46330850579733585
58.5 0.681286721910065 0.4644257634907691
58 0.6763108769915507 0.45764308591829117
57.5 0.6723349039003361 0.45230356851174486
57 0.6717008262377465 0.45142879014005727
56.5 0.6706852904665509 0.45008678577162814
56 0.6682027207871145 0.44670920742628767
55.5 0.6673081022121098 0.4455689585762942
55 0.6639286906190908 0.44102946030265167
54.5 0.6629203385460654 0.43969003680639157
54 0.658580437888403 0.433961494576222
53.5 0.6587564278943779 0.43420301940975703
53 0.6561477380737077 0.4307554627274865
52.5 0.654675153221504 0.4288189393768596
52 0.6535611656087507 0.4273449191622578
51.5 0.6524241148240086 0.42589066663452213
51 0.648413947446967 0.420640225504871
50.5 0.6470211722677386 0.41883911289867376
50 0.6454026690224947 0.41674640846997274
49.5 0.6422614030429497 0.4126840209372
49 0.6410428433491006 0.4111163396146646
48.5 0.6372062032836973 0.40620517503962417
48 0.6380966484860034 0.4073449379235154
47.5 0.6346637214620879 0.4029850727838064
47 0.632313495725246 0.39999966334144016
46.5 0.6307351439504615 0.39798526421405295
46 0.6281522406979098 0.39473704278224647
45.5 0.6265428954789062 0.3926992149436594
45 0.6227950214644873 0.38801092361337874
44.5 0.6226033076526648 0.3877699476767615
44 0.6200637878824805 0.3846489513329447
43.5 0.6204423767751872 0.3851055812987113
43 0.6184044184466972 0.3825372989756857
42.5 0.616434275719903 0.38012656421309354
42 0.6134125990863117 0.3764042019384428
41.5 0.6115413939933297 0.3741013984299736
41 0.6112373756941711 0.3737355398986858
40.5 0.6071679234724409 0.36877173422504156
40 0.6060943126297194 0.3674555278097168
39.5 0.6049578860585711 0.36607216360849204
39 0.6000325853001486 0.360143662745852
38.5 0.5976275178358773 0.35727137815906446
38 0.5990917646557012 0.35900375957790265
37.5 0.5969383793608499 0.35643799745007665
37 0.5954897699434614 0.3547149306004765
36.5 0.5928741841685639 0.35159322062250414
36 0.5932369997607682 0.35202793971984087
35.5 0.5904756114935006 0.3487558726324932
35 0.5897765004680409 0.3479173718184792
34.5 0.5866426580883692 0.34422136633101275
34 0.5873786727911924 0.3450917901420264
33.5 0.5829383657367352 0.33988581585858163
33 0.5818793916005952 0.3386500365503794
32.5 0.5818483108887036 0.3386079402387287
32 0.5804931145645007 0.3370243319781127
31.5 0.576981971757301 0.3329673431491676
31 0.5741337427119353 0.32968366450317627
30.5 0.5761332090492746 0.33197354421580416
30 0.5753374002024412 0.33105974708208913
29.5 0.5721774874288105 0.32742987273987834
29 0.5717224056171397 0.3269074001692449
28.5 0.5697301490694785 0.3246376140749387
28 0.5697465508285319 0.32464801163564466
27.5 0.5655077850624929 0.319839088409527
27 0.564910307182436 0.3191515789233141
26.5 0.5641274222740866 0.3182689112467059
26 0.5651010509355958 0.31937210926232046
25.5 0.561375587761297 0.31518348985859
25 0.5616232264674312 0.3154467195034468
24.5 0.560381421812246 0.3140482434123929
24 0.558976902454623 0.31247271706324764
23.5 0.5574805787466464 0.31080309555030916
23 0.5604491736522157 0.31412214039207115
22.5 0.5572447093042754 0.3105412828530145
22 0.5545319628986197 0.3075260411663569
21.5 0.554185315868965 0.3071326044740793
21 0.5572137132282616 0.310497222672943
20.5 0.5535199777590811 0.3064024024756778
20 0.5513643728202049 0.3040170219614611
19.5 0.5493694888333428 0.301813956473493
19 0.5473103496409991 0.29955343203571505
18.5 0.5503037293012314 0.3028492869766349
18 0.5503667424513008 0.302909973191297
17.5 0.5483682265653361 0.300711607662059
17 0.5486330789430862 0.3010029646547833
16.5 0.5472491003181676 0.29948552956114627
16 0.549306806391374 0.3017412261941419
15.5 0.5480492056809084 0.30036050520973223
15 0.548219300037065 0.30054724683010986
14.5 0.547700595101249 0.2999775493238184
14 0.5473254160373021 0.29956702192414
13.5 0.5452504024378088 0.2973011228880403
13 0.5439644167901776 0.29589820726464094
12.5 0.5437189284589643 0.2956315390755897
12 0.5431804985985373 0.2950456272183579
11.5 0.5445189659581999 0.29650197454670635
11 0.5446383023944106 0.2966314304067239
10.5 0.5439584979176564 0.2958911988003993
10 0.5434097079237614 0.2952945200081018
9.5 0.5433810719636075 0.29526318085804115
9 0.543137362090812 0.29499838335481593
8.5 0.5429210237125248 0.29476334911750857
8 0.5429409032619781 0.2947849493712067
7.5 0.5429289527101893 0.2947719556751329
7 0.5427826031051519 0.2946130178217537
6.5 0.5427207015516443 0.29454578010928456
6 0.5427375371878278 0.2945640580272749
5.5 0.5427328476189528 0.2945589582870838
5 0.5426881703506377 0.2945104555420518
4.5 0.5426981478513752 0.2945212925375308
4 0.5426741678283638 0.2944952527178931
3.5 0.5426734060603744 0.2944944256452892
3 0.5426734060603744 0.2944944256452892
2.5 0.5426734060603744 0.2944944256452892
2 0.5426734060603744 0.2944944256452892
1.5 0.5426734060603744 0.2944944256452892
1 0.5426734060603744 0.2944944256452892
0.5 0.5426734060603744 0.2944944256452892
