1000 0.942287438503086 0.8883732352740967
999.5 0.9419502234732597 0.88774358574886
999 0.9422888529736543 0.8883684937787767
998.5 0.9421305368577442 0.8880711983636037
998 0.9413679978679825 0.886646402771653
997.5 0.9417925147387672 0.8874396284464268
997 0.9418010606389646 0.8874637414849169
996.5 0.9420108821292295 0.8878494289914493
996 0.9413762423580635 0.886648892615795
995.5 0.9417789312617183 0.887415052926767
995 0.9418426298239744 0.8875412363257159
994.5 0.9414651755012621 0.88683205004936
994 0.9413901392382299 0.8866836120995011
993.5 0.9414663947894053 0.8868220927781156
993 0.9416953408704879 0.8872540899345405
992.5 0.9417625948453107 0.8873850350791873
992 0.9422159557219452 0.8882381344963295
991.5 0.9417903938043093 0.8874329140632057
991 0.941148253696215 0.8862194187219345
990.5 0.9418636086214166 0.8875696911743306
990 0.9418089275178864 0.8874736838819601
989.5 0.9418242358967469 0.8874934588355238
989 0.9420194772670434 0.887868278440674
988.5 0.9421469436847645 0.8881076938137636
988 0.9416680889467997 0.8871984689609285
987.5 0.9414080590876986 0.8867044303413533
987 0.9420382153940073 0.8879121321317983
986.5 0.9416237482242314 0.8871229827502152
986 0.9415882792395249 0.8870568161041161
985.5 0.9414300708336202 0.8867511649279922
985 0.9418041023593853 0.8874542283377143
984.5 0.9415845033797329 0.8870492121134385
984 0.9413514705732889 0.8866153826375147
983.5 0.9420938840197893 0.8880014634651515
983 0.9415191240411029 0.8869371781299819
982.5 0.9417407052235945 0.887333774872227
982 0.9414077573949666 0.8867145302350304
981.5 0.9416438810820096 0.8871629203082861
981 0.9417127641389462 0.8872929430727101
980.5 0.9410814754503365 0.8860906295790835
980 0.9413379333586235 0.8865871438776011
979.5 0.9418039841553328 0.8874527680900569
979 0.941599350824146 0.8870779685789681
978.5 0.9416834401201627 0.8872385211352846
978 0.9412546000475158 0.8864272086080339
977.5 0.9417638582299482 0.8873854851954298
977 0.9417855141635533 0.8874223520904494
976.5 0.9415432255418275 0.8869665341675754
976 0.9413715780927536 0.8866388063123555
975.5 0.9414927080516754 0.8868664053860484
975 0.9411760363104097 0.8862874881346212
974.5 0.9410591920977726 0.8860590772200199
974 0.9409407341919629 0.8858395790642184
973.5 0.9413660258257672 0.8866435198267194
973 0.9411551557755182 0.8862430032356828
972.5 0.9413641940265751 0.8866330314815939
972 0.9411030683858798 0.886144451809718
971.5 0.9413432367327624 0.8865924472421635
971 0.9417552637257239 0.8873721275906323
970.5 0.9415145840316089 0.8869155345129981
970 0.9411800772683006 0.8862696375996866
969.5 0.9412724242293592 0.8864573822864491
969 0.9414637127607273 0.8868170838916325
968.5 0.9410508709046078 0.8860429139599805
968 0.9412814878788927 0.8864693560948584
967.5 0.9412052022145223 0.8863358461200262
967 0.9410714795229467 0.886081825933548
966.5 0.9410404232838429 0.8860254165657729
966 0.9413487881830017 0.8866126584642953
965.5 0.94115133174255 0.8862224177684264
965 0.9415135966635535 0.8869141968203978
964.5 0.9409813889859506 0.8859173010904628
964 0.940808494029237 0.8855828387800119
963.5 0.9413228620532779 0.8865657580548506
963 0.9412145098649195 0.88635507329805
962.5 0.9413644337087987 0.8866428900423091
962 0.9412273358498092 0.8863682616081683
961.5 0.9410946108188579 0.8861285006727594
961 0.9409906817154312 0.8859180693269874
960.5 0.9410192824061688 0.8859855711141374
960 0.9409141159261271 0.8857883755012845
959.5 0.9404071379032312 0.8848360342725208
959 0.9411488964377374 0.8862339977418169
958.5 0.9406280095908467 0.8852419060503807
958 0.9407950765897004 0.8855547242735154
957.5 0.9409689233468073 0.8858865321345667
957 0.9411626579365674 0.8862540941244164
956.5 0.9409336894522592 0.8858266773194453
956 0.940583938751908 0.8851647716413367
955.5 0.9410680823757392 0.8860807848828477
955 0.9409762758567397 0.8859093576062902
954.5 0.9407258633645272 0.8854273340367175
954 0.9405690567358178 0.8851329654021504
953.5 0.9410677073354052 0.8860819338579048
953 0.9410414272371537 0.8860264279253903
952.5 0.9406762232700614 0.8853409147163289
952 0.9410793326355087 0.8860956569112877
951.5 0.9405978365553465 0.8851958053056691
951 0.9404675839971914 0.884959494784979
950.5 0.940848179417284 0.8856653804909973
950 0.9408589542896331 0.8856978244901029
949.5 0.940387287831293 0.8848042527714632
949 0.9408755321674406 0.8857028429151708
948.5 0.9408798595393936 0.8857314750873
948 0.9409507793471596 0.8858533810527969
947.5 0.9408654392581763 0.8856955785665523
947 0.9405359504216358 0.8850735592783009
946.5 0.940621897428076 0.8852361900603142
946 0.9404670322196075 0.8849398032586667
945.5 0.9405342454267812 0.8850798019404323
945 0.9410831421240159 0.8861153524601242
944.5 0.9409606670644235 0.8858754370889343
944 0.940176568589598 0.8843933830813023
943.5 0.9405545932049546 0.885111233457882
943 0.940901517180674 0.885768506398873
942.5 0.9399301493886095 0.8839387819919499
942 0.9404320381901824 0.8848694254949068
941.5 0.9402490372032765 0.8845344435468226
941 0.9410709565891471 0.8860882628788953
940.5 0.9403047983274647 0.8846347937806808
940 0.9406566121645102 0.8852947959193167
939.5 0.9405647581936388 0.8851260076925762
939 0.9406092515465736 0.8852155295650164
938.5 0.9405194263490452 0.885046469295126
938 0.9407487338573203 0.8854609514774786
937.5 0.9409690187438672 0.8858804021100939
937 0.9409080187805243 0.8857693314642352
936.5 0.940843854413363 0.8856553578132654
936 0.94049197219076 0.8849978710759215
935.5 0.9407264917018413 0.8854411924236333
935 0.9408095083776719 0.885592648915432
934.5 0.9404688575123262 0.8849379454766908
934 0.9407718647638715 0.8855248966930986
933.5 0.9400487353721612 0.8841577379639647
933 0.9406677840210654 0.8853142883431798
932.5 0.9397320561590089 0.8835632065301534
932 0.9403778014709656 0.8847836087490636
931.5 0.9401541222137334 0.8843454827064204
931 0.9400022621914162 0.884073548045422
930.5 0.9399606488883648 0.8839846706085853
930 0.9400265149103059 0.8841170015098383
929.5 0.9401469952625824 0.8843407545701614
929 0.9400780491291039 0.8842208977417797
928.5 0.939884873835268 0.8838482185419295
928 0.9397039525523756 0.8835185931626397
927.5 0.9394596103411048 0.8830542562123416
927 0.9404805134737507 0.8849714781033502
926.5 0.9404993025501129 0.884999339696597
926 0.9401274457186468 0.8843208372315682
925.5 0.9399411386548887 0.88396288519356
925 0.9397782494483409 0.8836491969403081
924.5 0.940135399824547 0.8843174905519626
924 0.9405057738407664 0.8850255282554332
923.5 0.9392367626187338 0.8826407930547943
923 0.9400182634704367 0.8841104611885188
922.5 0.9399724296838392 0.8840159815808705
922 0.9402145067160734 0.8844748095051136
921.5 0.9403977610399882 0.8848226516621018
921 0.9394580630627657 0.8830534373068637
920.5 0.939979270637088 0.8840314949138958
920 0.9400634073934236 0.8841792477860737
919.5 0.9397493554571761 0.8835946212423481
919 0.9398424185804461 0.8837618760582291
918.5 0.9402070852153026 0.8844509019301195
918 0.9401356162201157 0.8843222967651639
917.5 0.9395586938207492 0.8832397293882869
917 0.9399344118003433 0.8839451878164664
916.5 0.9398206151781372 0.8837245487019814
916 0.9391363137451145 0.8824429171536905
915.5 0.9405313376398219 0.8850659503671138
915 0.9396075502488888 0.8833256142368974
914.5 0.9396468783761662 0.8834059299234511
914 0.9399547782946582 0.8839911163110779
913.5 0.9397360358375934 0.8835647001836264
913 0.9399583934313412 0.883986408247048
912.5 0.9397403932537679 0.8835778205625755
912 0.9397179768587932 0.8835368294839621
911.5 0.9396346606113722 0.8833789981765142
911 0.9398343916508857 0.8837502628169854
910.5 0.9393797326157088 0.8829044477904713
910 0.940073530060644 0.8841935363997906
909.5 0.9400673472856449 0.8841947656259695
909 0.939844970214541 0.8837805124520934
908.5 0.9392121677125825 0.8825893409117119
908 0.9395069720424709 0.8831403714913472
907.5 0.9391524631443146 0.8824785449848296
907 0.9395470545960767 0.883217646977837
906.5 0.9394899498585032 0.883098449855874
906 0.9393320508325478 0.8828101704436497
905.5 0.9388802411757134 0.8819614134043119
905 0.9399388242286958 0.8839658404819654
904.5 0.9395570640234105 0.8832349130341118
904 0.9399468052210865 0.8839698343966956
903.5 0.9395038442364174 0.8831357722957018
903 0.9393793009083985 0.8829034364525212
902.5 0.939259351299869 0.8826810435257576
902 0.9394059227683234 0.8829532413142912
901.5 0.939032685304243 0.8822517289588683
901 0.9392672743975077 0.8827024243926131
900.5 0.9398341231704337 0.8837623800752054
900 0.9393184518881047 0.8827866747475488
899.5 0.9393224556791157 0.8827971334129014
899 0.9390070593941721 0.8822091527620197
898.5 0.9390260428928461 0.8822426682926489
898 0.9394721544821506 0.8830776941636593
897.5 0.9398853100288282 0.8838531667172228
897 0.9390695167395041 0.8823190332268711
896.5 0.93943989823394 0.8830269318618844
896 0.9390414529174437 0.882279006954605
895.5 0.9392807069542831 0.8827174981559582
895 0.9392014606058886 0.8825746709284871
894.5 0.9388599739081249 0.8819235636700572
894 0.9389304272198783 0.8820595721271289
893.5 0.9390202352007426 0.8822303044603783
893 0.9392057899752115 0.8825672010708464
892.5 0.9385402924305031 0.8813312631009673
892 0.939020691241627 0.8822303108501839
891.5 0.9391419423886525 0.8824526181568706
891 0.93934692771936 0.8828379970887865
890.5 0.93873410899674 0.881687090167868
890 0.9388598584291447 0.8819301294206352
889.5 0.9389003683124697 0.8819970872366498
889 0.9390333224373603 0.8822568984006033
888.5 0.9391161870380457 0.8824145730685694
888 0.9388764899585291 0.8819590309312894
887.5 0.9387620495648766 0.8817388720409859
887 0.9385911028697028 0.881421530233177
886.5 0.9391816492855065 0.8825374338389251
886 0.9388272406384558 0.8818735170530851
885.5 0.9387359240624598 0.8816866467996938
885 0.9388910039546153 0.8819847732179472
884.5 0.9386200805028238 0.881470674298023
884 0.9386798264756754 0.8815790997974726
883.5 0.9390223218619297 0.8822320751873393
883 0.9389387442634467 0.8820732489733228
882.5 0.9389427644737023 0.8820829798604719
882 0.9389804541951466 0.8821403204216532
881.5 0.9385586195168099 0.8813673550948672
881 0.938743821455604 0.8817122466552625
880.5 0.9385046334740769 0.8812615107397221
880 0.9384154771371653 0.8810928577560206
879.5 0.9388171164531278 0.881838452550314
879 0.9387428904472035 0.8817079683915964
878.5 0.9387168221144119 0.8816499632592019
878 0.9386209527962907 0.8814738618262373
877.5 0.938942816408382 0.8820851708467425
877 0.9388514428194954 0.8819061685023788
876.5 0.9382929789805083 0.880867071574476
876 0.9385527880838208 0.8813574986822391
875.5 0.9382931259189148 0.8808659092051072
875 0.9386935116930684 0.8816205262012687
874.5 0.9387355585860856 0.8816937186632603
874 0.9387307442339579 0.8816914110715693
873.5 0.9387897332904207 0.8818005683334478
873 0.9379465159264182 0.8802193013464075
872.5 0.9384935470856761 0.8812460304109146
872 0.9384779298891983 0.8812031378877647
871.5 0.938438489988002 0.8811428910772837
871 0.9382574108009015 0.8807926099379624
870.5 0.9390124836153615 0.8822142462793564
870 0.9387525586881885 0.8817266051168797
869.5 0.9386450809465322 0.8815221609663099
869 0.9384943233576064 0.8812439756370433
868.5 0.9382245499284776 0.8807341790130977
868 0.9389166973283934 0.882040079857943
867.5 0.9381151343568218 0.8805411363411771
867 0.9380682928365254 0.8804397219626315
866.5 0.9382160045621852 0.8807089910494442
866 0.9380885150431489 0.8804731373172303
865.5 0.9384873112745388 0.8812305989665108
865 0.9384341193205503 0.8811213694126421
864.5 0.9381673255157439 0.8806271653593983
864 0.9383187884483837 0.8809119319027997
863.5 0.9380458230101152 0.8803971200400292
863 0.9385077181405823 0.8812725811960119
862.5 0.9375785380847067 0.8795248266060889
862 0.9382560690454557 0.880798456389629
861.5 0.9383085390883688 0.88089938337371
861 0.9376774969571511 0.8796949179411595
860.5 0.9381472977074472 0.88058159084981
860 0.9379565766307207 0.8802319901075988
859.5 0.9387463259050285 0.8817125090368106
859 0.9380892868856034 0.8804631465971856
858.5 0.9383017950556669 0.8808825805704837
858 0.9378670243157275 0.8800661394526615
857.5 0.9383307611113574 0.880935059549184
857 0.9384585886525232 0.8811608075187435
856.5 0.9380844790026196 0.880481304467755
856 0.9382477654394371 0.8807841726652436
855.5 0.9375355397012551 0.8794412590230744
855 0.9381456912534093 0.88058486194242
854.5 0.938392601699222 0.8810367442949897
854 0.9385280527269789 0.8813066265470453
853.5 0.9374170256810382 0.8792205003068695
853 0.9381538746487239 0.8806050735567811
852.5 0.9381624343001834 0.880609465701278
852 0.9381032378211962 0.8805134910873138
851.5 0.9383296253664207 0.8809350523552466
851 0.937569300998959 0.8795039701376542
850.5 0.9381105103541909 0.8805234971828798
850 0.937827734902096 0.8799944056338246
849.5 0.9377627713568967 0.8798706537390459
849 0.9379252564629614 0.8801708423964747
848.5 0.9377182377594496 0.8797827702018317
848 0.937996133645961 0.8803167318022681
847.5 0.9376617054241047 0.8796837839706061
847 0.9373693115081106 0.8791307775408197
846.5 0.9381110619465137 0.8805232481335203
846 0.9380936878693094 0.8804875166467889
845.5 0.9377942321819178 0.8799377711229616
845 0.9376193030127242 0.879596204925814
844.5 0.9377668268410615 0.8798767239712286
844 0.9376685154887746 0.8796900491795948
843.5 0.9377155614723406 0.8797923057285606
843 0.9375781258079134 0.8795166281487752
842.5 0.9379234779295695 0.8801649011375525
842 0.9377956858527885 0.8799364560083174
841.5 0.9375464438490022 0.8794651323157453
841 0.9375419386441894 0.8794489379158059
840.5 0.9373758647360154 0.8791428712025656
840 0.9378343464410004 0.8800074015383232
839.5 0.9372304044219363 0.8788669412491278
839 0.9376899513468536 0.8797343004480271
838.5 0.937622593615898 0.879618234538541
838 0.9368814556779302 0.8782298516368143
837.5 0.9376720389129548 0.8797069029385644
837 0.9376849215036369 0.8797284740339122
836.5 0.9371670210476916 0.8787617464194529
836 0.9375206964588138 0.8794138330015273
835.5 0.9373617915880069 0.879118308235117
835 0.9379517730353452 0.8802198202059113
834.5 0.9374936572432698 0.8793709437375729
834 0.9374502807352421 0.8792841092897222
833.5 0.9373499113214133 0.8790916351680566
833 0.9372605859364243 0.8789236058406933
832.5 0.9373775523511466 0.8791416887832743
832 0.9371389723756897 0.8787057603820851
831.5 0.9373489030034895 0.8791040144709147
831 0.9374931886042621 0.8793582673644331
830.5 0.9371445013524974 0.8787155629302953
830 0.9370920524686444 0.878608681459617
829.5 0.9370796764294984 0.8785869674689119
829 0.9370199384837539 0.8784870406013748
828.5 0.9375859346591495 0.8795396524513991
828 0.9369691908316085 0.8783748750575492
827.5 0.9367204769347739 0.8779199527172082
827 0.9369967336315282 0.8784346970506068
826.5 0.9369057263061388 0.8782757324210625
826 0.9369355029907246 0.8783208251381492
825.5 0.9370708161400305 0.8785768375776322
825 0.9372685486391668 0.878937101489408
824.5 0.9370079031986475 0.8784638898565547
824 0.9373228626641654 0.8790569141035883
823.5 0.9373202348250232 0.8790432668134224
823 0.9373306622431476 0.8790654737920804
822.5 0.9367124610174663 0.8779013072273553
822 0.9370466259122181 0.8785227022117466
821.5 0.9367897340414034 0.8780544186048703
821 0.936055326077096 0.8766641757536403
820.5 0.9368000266596723 0.8780697127208056
820 0.9370865256998544 0.8786063248363581
819.5 0.936932534856441 0.8783143420976843
819 0.9372714593112388 0.878951607285201
818.5 0.9370315351463591 0.8784830351407489
818 0.9364565645763058 0.8774179264492333
817.5 0.9367749936140433 0.8780233496660956
817 0.9363407976171837 0.8772074726414191
816.5 0.9362658927640112 0.8770651560402443
816 0.9368604557619936 0.8781840559359624
815.5 0.9368757845045697 0.8782058127623813
815 0.936607352707311 0.877699165168203
814.5 0.9364530198399046 0.8774299081807381
814 0.9367844789211375 0.8780321197374734
813.5 0.9362095137255488 0.8769479855764206
813 0.9368413759357578 0.8781398235185026
812.5 0.936631477399059 0.8777420008567639
812 0.9364529441702589 0.8774070030263156
811.5 0.9369058284964099 0.8782665382082786
811 0.9360710719939694 0.876716123930362
810.5 0.9364793052430479 0.8774599626571523
810 0.9365236840872522 0.8775469148628576
809.5 0.9360132652748304 0.8766039139285605
809 0.9366007917819854 0.8777062609248777
808.5 0.9365837289671252 0.8776722300472736
808 0.9364081177081734 0.8773219225610139
807.5 0.9369378166549 0.878332779509242
807 0.9359490207760565 0.8764707370899207
806.5 0.9360478194635632 0.876661930522588
806 0.9361989588242615 0.876939002915943
805.5 0.9365776946673261 0.877648000399284
805 0.9359041931744577 0.876392716430182
804.5 0.9358064869627337 0.8762045672994584
804 0.9362796250633405 0.8770937415407098
803.5 0.9358744335983563 0.8763309062831404
803 0.9359562711164766 0.8764940373967847
802.5 0.9362103417343236 0.8769578664642161
802 0.9357041907038167 0.8760134602088322
801.5 0.9359489843478129 0.8764720273489608
801 0.935892887109809 0.8763524306468412
800.5 0.9356017164900279 0.87582430071458
800 0.9363607604270531 0.8772439362906256
799.5 0.9359831941988455 0.8765315442071557
799 0.9359660213409744 0.8765187531550761
798.5 0.9356787018862561 0.875969822351629
798 0.9364086394403566 0.8773303951686758
797.5 0.9362009777761426 0.8769354227245489
797 0.9360486392534251 0.8766659298536177
796.5 0.9358545803883049 0.87630434080029
796 0.9358454554095225 0.8762609076375762
795.5 0.936100545488665 0.8767615154306586
795 0.9355551445160083 0.875734428165795
794.5 0.9355005634908354 0.8756412889849581
794 0.9352241377568884 0.8751031909175789
793.5 0.9363175257283748 0.8771587861584531
793 0.9359019867622709 0.8763750301978557
792.5 0.9361173464285819 0.8767971298247886
792 0.936029203054824 0.8766232935878239
791.5 0.9355534521627997 0.8757316551127908
791 0.9358414685743223 0.876258655852908
790.5 0.9358205726259643 0.8762374899701908
790 0.9356155637445214 0.8758480254229102
789.5 0.936329560058347 0.8771829767272945
789 0.935799373847727 0.8761804941050946
788.5 0.9359428164840061 0.8764576109034414
788 0.9354651155031501 0.8755667073829442
787.5 0.9361785792151017 0.8769155349533052
787 0.9356724149826564 0.8759485542970012
786.5 0.9358523949292492 0.8762822720237364
786 0.9361345611922184 0.8768203632886208
785.5 0.9357111557339821 0.8760275879298884
785 0.9357988601621822 0.8761915937602333
784.5 0.9352499837802545 0.87516019965143
784 0.9360671938200225 0.876704381332807
783.5 0.9353658102999151 0.8753859131342718
783 0.9359651552014175 0.8764831432877211
782.5 0.9353849508601089 0.8754257199950811
782 0.9354937729637562 0.8756351136118147
781.5 0.9354791111631892 0.8755967586564933
781 0.9351985735338088 0.8750719701170062
780.5 0.9350386112348222 0.8747604447454013
780 0.9357052954860768 0.87602456311964
779.5 0.9352921933025934 0.8752460160445789
779 0.9351333936922808 0.8749555028573263
778.5 0.9349603532463182 0.8746234155451167
778 0.9349905326924514 0.8746683445014031
777.5 0.9353000035675123 0.8752555598798136
777 0.9353599452583126 0.8753803610054659
776.5 0.9352545206987369 0.8751726688151138
776 0.9357124347651574 0.8760358784715322
775.5 0.935596687213707 0.8758231409544708
775 0.9348262095807516 0.8743696938496666
774.5 0.9352061089212443 0.875087357274519
774 0.9352618486825383 0.8751977086997136
773.5 0.9350602799334568 0.8748174541353463
773 0.9351372479829937 0.8749534984442064
772.5 0.9349058261661036 0.8745383873943281
772 0.9350251078125277 0.8747388127335239
771.5 0.9349116204119003 0.8745289240255382
771 0.9351442546234457 0.8749661166802121
770.5 0.9354408455122178 0.8755293853871081
770 0.9349077115428456 0.8745191664953645
769.5 0.9354284606987298 0.8755037297689531
769 0.9351395612439147 0.8749644521949408
768.5 0.9351058092339505 0.8748957119681933
768 0.9350888833036297 0.8748601870241612
767.5 0.9346604055740095 0.8740653601924494
767 0.93459562886731 0.8739423804015712
766.5 0.9354542270577803 0.875547886944369
766 0.9349779838351459 0.874664317032237
765.5 0.935051513809165 0.8747888729983
765 0.9344235408813741 0.8736310374026339
764.5 0.9345660070131089 0.8738927946814655
764 0.9347295849774205 0.87419251223629
763.5 0.9344052795590592 0.8735782531743074
763 0.9350648323652506 0.8748172121486161
762.5 0.9347739273529327 0.874282805300047
762 0.9346369340036899 0.8740236153822395
761.5 0.9347191829862103 0.8741651918666453
761 0.9346532214032343 0.8740514309007258
760.5 0.9350008404721368 0.8747100771582267
760 0.9340220002314353 0.8728664521293781
759.5 0.9343571574786957 0.8734958689431593
759 0.934286083166393 0.8733585790532834
758.5 0.9344352235343446 0.8736510970194594
758 0.9342815421404799 0.873352032254569
757.5 0.9344356663193492 0.8736484030265388
757 0.9342528753796536 0.8732942003288997
756.5 0.9343683154741981 0.8735260301602066
756 0.9342333190332767 0.873254808083827
755.5 0.9340963823268428 0.8730127624423403
755 0.9343600441773244 0.8734946921109564
754.5 0.9338084128538973 0.8724721392991067
754 0.9344364690102369 0.8736434148024718
753.5 0.9341466508305155 0.87309554726176
753 0.9344736053739433 0.8737156263461774
752.5 0.9347383246020794 0.8742159811913649
752 0.9344783932728892 0.8737453849105887
751.5 0.9340134436244679 0.8728467652251706
751 0.9344533908097337 0.8736796567484543
750.5 0.9338469516337587 0.8725440332753388
750 0.9335592062409352 0.8720119753714072
749.5 0.9332571258327512 0.8714311222565643
749 0.9339726907615759 0.8727718443034025
748.5 0.9340908072558651 0.8729928084538049
748 0.9340103926538423 0.8728597060667102
747.5 0.933585367413315 0.8720645313422305
747 0.9339622887165993 0.8727558339574103
746.5 0.9340716769205214 0.8729770859110163
746 0.9344408944650947 0.873642017154461
745.5 0.9337109511740744 0.872294005001564
745 0.9339047377467471 0.8726681936340849
744.5 0.9344109814975868 0.8735959337967322
744 0.9339790245128547 0.8727998954370881
743.5 0.9342729238254425 0.8733417530767814
743 0.9339082041140704 0.8726634295577649
742.5 0.9338482494052012 0.8725394084892371
742 0.9334960701382431 0.8718934547300384
741.5 0.9332441228396108 0.8714236510238353
741 0.9339261695643946 0.8726890432301737
740.5 0.9338777402632629 0.8726090804973775
740 0.9333761701103294 0.8716656532666914
739.5 0.9337825091596376 0.8724146657297734
739 0.9334195168128541 0.8717535582784285
738.5 0.9332652106941134 0.8714679126427767
738 0.9340972866521333 0.8730047449430055
737.5 0.9337647699341864 0.8723859344726811
737 0.9336945589633746 0.87225780233274
736.5 0.9333701719129224 0.8716737832507716
736 0.9334718270158677 0.8718536343113552
735.5 0.9332916790430876 0.8715137107862727
735 0.9339889235363515 0.8728049808032199
734.5 0.9333381696987435 0.8716097273917865
734 0.9339311263163916 0.8726930539481254
733.5 0.9333954049446431 0.8717085825265872
733 0.9332801542014317 0.8714900895042623
732.5 0.9330041554070491 0.8709715583426275
732 0.9338826118408622 0.8726217568355829
731.5 0.9333782867838226 0.8716710356918922
731 0.933558081147622 0.8720152198078567
730.5 0.9333745867905286 0.8716672540137074
730 0.933206081926126 0.871338643075583
729.5 0.9327229535501163 0.870435689089001
729 0.9329033566047827 0.8707857272229221
728.5 0.9333292929102013 0.8715824695993595
728 0.933655921053806 0.8721823880796897
727.5 0.9330668532979682 0.871087286345949
727 0.9322686366606397 0.8695964520367495
726.5 0.933006592660315 0.8709757511966398
726 0.9333486555399778 0.8716104134774655
725.5 0.9326254394994006 0.8702632404007127
725 0.9331900158967168 0.8713091077757902
724.5 0.9326300055053093 0.8702715688606664
724 0.9325933282629859 0.870210817158064
723.5 0.9329283602312333 0.8708298949971017
723 0.9330858335358635 0.8711177261360528
722.5 0.9328036522198883 0.8705985420079086
722 0.93267287803752 0.8703610240930736
721.5 0.9329816073339856 0.8709336436717472
721 0.9324137242120755 0.8698705544587516
720.5 0.9329838911272174 0.8709430346323314
720 0.9329113229626672 0.8708063030646153
719.5 0.9324595605334882 0.8699575153229437
719 0.9324180074588024 0.8698735476102846
718.5 0.932703320944386 0.870412898897779
718 0.9327832888524075 0.8705577730008516
717.5 0.9327065154532563 0.8704014976053311
717 0.9331884800735022 0.8713202719924359
716.5 0.9325076625265657 0.8700497740479125
716 0.9326691698281179 0.8703433984591573
715.5 0.9325936724078061 0.8701987700354327
715 0.9323431335066488 0.8697404726538553
714.5 0.932981404863227 0.8709216624441773
714 0.9323140402888197 0.8696859246470241
713.5 0.932787695082291 0.8705703229564372
713 0.9324362502054493 0.8699079236686994
712.5 0.9327218652570445 0.8704533977476903
712 0.9324299930581396 0.8698925929351579
711.5 0.9319146541169896 0.8689382369518269
711 0.9325227482888219 0.8700744017721398
710.5 0.9325376613183683 0.8701006121065707
710 0.9321001697565306 0.8693015876859119
709.5 0.9326062246198074 0.8702215056239764
709 0.9322462937670748 0.869555653065615
708.5 0.9323194722843015 0.8696894291546639
708 0.9325061441968506 0.8700427943840611
707.5 0.9324415899209448 0.869921652135227
707 0.9323251405511322 0.869702030734545
706.5 0.9322719033659987 0.8696158020976575
706 0.9319178726671861 0.8689489269077498
705.5 0.9323136003529375 0.8696891914840761
705 0.932477322373999 0.8699806059890359
704.5 0.9317330444842834 0.8686082171068672
704 0.9322326820383989 0.8695376732466795
703.5 0.9320494644920835 0.8691791135256203
703 0.9316240981739153 0.8684032387337078
702.5 0.9322326390504583 0.8695279539903035
702 0.9318347524821802 0.8687939320568498
701.5 0.9319025222140097 0.8689085057331364
701 0.9316491097017519 0.8684437771005231
700.5 0.9322435647951267 0.8695529643795038
700 0.9317499528865135 0.8686426162734122
699.5 0.9318042280780777 0.8687339860792583
699 0.9318346282177862 0.8687890211238953
698.5 0.9318457445138337 0.8688219996393406
698 0.9318349824571418 0.8687902112304342
697.5 0.9315910738728569 0.8683361488630307
697 0.9318911618398131 0.868898001203435
696.5 0.9316771950726616 0.8685055901595354
696 0.9320217525954526 0.8691391335464372
695.5 0.931724319673248 0.8685901332973174
695 0.9313454497739262 0.8678788275570314
694.5 0.9319302867814891 0.8689752110581722
694 0.9317643163434757 0.8686638920385336
693.5 0.9317200033314162 0.8685836377243153
693 0.9314176049141639 0.8680240481248116
692.5 0.9314785394586012 0.8681209714470985
692 0.931444271158935 0.8680726278143547
691.5 0.9313991608523806 0.86798327527454
691 0.9315516896351469 0.8682642777864867
690.5 0.9315971372166024 0.8683435448655493
690 0.9314753507828741 0.8681183383401221
689.5 0.9311992892903682 0.8676114122652173
689 0.9314780334547769 0.86812969881943
688.5 0.931580165998642 0.8683075349148731
688 0.9311403868878004 0.8674935640998132
687.5 0.9310205973349238 0.8672610486511635
687 0.9308780805306804 0.8670174318641383
686.5 0.9309290347163282 0.8670942124491059
686 0.9313679973099522 0.8679350354582517
685.5 0.9310361569841276 0.8673008486573738
685 0.9313585733158971 0.8679049620860959
684.5 0.9305737874373156 0.8664450932080453
684 0.9313287940975278 0.8678505431798419
683.5 0.9309705956576879 0.8671823787443703
683 0.9309310703387921 0.8671062944363517
682.5 0.9311487540725829 0.8675135148325945
682 0.9313783185812158 0.8679395347190053
681.5 0.9309548600451144 0.8671532949763463
681 0.930690557288794 0.8666538512757979
680.5 0.9306888716887421 0.8666529717647526
680 0.9314269861623617 0.8680331469553881
679.5 0.9309151012009802 0.8670694567827854
679 0.9305458200281452 0.8664021283389075
678.5 0.9302681878854925 0.8658972721237473
678 0.9305426122634827 0.8663916286152554
677.5 0.9308194615850045 0.8668996632139532
677 0.9309466847726143 0.8671410336370077
676.5 0.9303154478896861 0.8659721333909477
676 0.9304722918201691 0.8662579322469546
675.5 0.9303822165524693 0.8661004811160926
675 0.930315391324705 0.8659629865549752
674.5 0.9308388463951615 0.8669467286226316
674 0.9302579017725083 0.8658553585892486
673.5 0.9306457758353043 0.8665841654903051
673 0.9301443315691167 0.8656416827155733
672.5 0.9301844611403411 0.8657169968050415
672 0.9306771497149993 0.8666369566132869
671.5 0.9302365531138462 0.865821343994336
671 0.9301217016119321 0.8656174191910386
670.5 0.9302050826747815 0.8657604081233166
670 0.9303599248261414 0.8660509108330997
669.5 0.9307086492617083 0.8666948943140925
669 0.9304062338232897 0.866141613706128
668.5 0.9302286918483282 0.865801897110022
668 0.930176709374478 0.8657012421669457
667.5 0.9303566545019654 0.8660426444510064
667 0.9303560925584231 0.8660289865096397
666.5 0.9305169117867295 0.8663329204233883
666 0.9300067861120398 0.865392816926721
665.5 0.9298956008116726 0.8651846411557577
665 0.9301576511594343 0.8656760038305453
664.5 0.9301946177446189 0.8657388858413044
664 0.9301241742381539 0.865607654649396
663.5 0.9304480169545226 0.8662185047815851
663 0.9298232899128545 0.8650607801943506
662.5 0.930043635782666 0.8654679601804525
662 0.9298395749669766 0.865069332167808
661.5 0.9295462105412032 0.86454073027756
661 0.9299009271306631 0.865211773207675
660.5 0.9293941243982619 0.8642549435008726
660 0.9294434787706937 0.8643522011726127
659.5 0.9298967464933616 0.865195538933429
659 0.9295576550146658 0.8645585493847764
658.5 0.9296259702682529 0.8646854505253861
658 0.9300094681984398 0.8654038589567435
657.5 0.9299609861207612 0.8653043159416822
657 0.9298163391443064 0.8650311850455414
656.5 0.9296469501147518 0.8647263876520958
656 0.9298381985795351 0.8650721244055767
655.5 0.9291761996361529 0.8638453916086376
655 0.9295535358407421 0.8645571888710157
654.5 0.9292889513463454 0.8640569704485189
654 0.9294922391930834 0.864435553728946
653.5 0.9293969336197111 0.8642599782203088
653 0.9293882163429771 0.8642527100683067
652.5 0.9294502903326786 0.8643520419268389
652 0.9297285544558389 0.8648763026961028
651.5 0.9294840280240789 0.8644306574654286
651 0.9298674704324987 0.8651349640960089
650.5 0.9294863327659652 0.864421813785715
650 0.9289750873962809 0.8634647165877811
649.5 0.9287784769233547 0.8630941816176626
649 0.9289189028497343 0.8633686015206655
648.5 0.929346789603863 0.8641708061880483
648 0.9297633099736118 0.8649379296902188
647.5 0.9293310352262146 0.8641375175782195
647 0.9291637580669648 0.8638246522367308
646.5 0.929091233677037 0.863691627803987
646 0.9291870484516234 0.8638641953517636
645.5 0.9290877931750111 0.86369513774858
645 0.9290814668383623 0.8636787611779858
644.5 0.9290792748476359 0.8636720898085056
644 0.9291635864974003 0.8638384523818642
643.5 0.9285219132670821 0.8626383229405753
643 0.9289477570118132 0.8634215955632812
642.5 0.9289079911187126 0.8633506172733303
642 0.9287191667655996 0.8629875009187924
641.5 0.9285521902616448 0.8626912313606859
641 0.9284680121308287 0.8625295349163266
640.5 0.9289684384828397 0.8634600350344731
640 0.9287633463844638 0.8630913040396138
639.5 0.9281398881801306 0.8619110993542172
639 0.9286872760591345 0.8629344562344512
638.5 0.928618415105529 0.8628084319998589
638 0.9281506159640958 0.861948848860012
637.5 0.9280099589264194 0.861683216883691
637 0.9288778620746443 0.8632792497918056
636.5 0.9283380379576411 0.8622925688536891
636 0.9282281659994549 0.8621013790753862
635.5 0.9281672824362491 0.8619827997065254
635 0.9286909886576458 0.8629448863364421
634.5 0.92848978968095 0.8625842006394439
634 0.9282218369280802 0.8620816197292988
633.5 0.9282418050189646 0.8621163705312683
633 0.9281392213572737 0.8619240345888731
632.5 0.9285088315639657 0.8626064435806883
632 0.9281715370911726 0.8619749386771381
631.5 0.9281123632151191 0.8618707292296178
631 0.927388965861493 0.8605236625704165
630.5 0.928287697455239 0.8621906242662761
630 0.9283866322259462 0.8623731306717805
629.5 0.9285373991318794 0.8626481532417049
629 0.9278804378372236 0.8614376608738067
628.5 0.9286332511979056 0.8628387791732562
628 0.9281046523618218 0.8618636757019662
627.5 0.9275763240242807 0.8608832977093797
627 0.9278503073690085 0.8613802949256567
626.5 0.9274054807595521 0.8605609256494939
626 0.9275213218051164 0.8607741326485456
625.5 0.9277990361828349 0.8613096069909422
625 0.9277024958381505 0.8611160795403848
624.5 0.9280808558266317 0.8618072835943301
624 0.9275339005187156 0.8608028208138429
623.5 0.9278657701153259 0.8614156793678686
623 0.9280542644322615 0.8617532832993191
622.5 0.9274458898584944 0.8606323051296065
622 0.9276898909947475 0.8610897457115831
621.5 0.9272558382607309 0.8602718056008939
621 0.9279768745910499 0.861630934866958
620.5 0.9275118141897126 0.8607579573869489
620 0.9278304872880482 0.8613391105152448
619.5 0.927404322587017 0.8605556778537217
619 0.9275097358595527 0.8607628629314975
618.5 0.9278664031135555 0.8614086730955712
618 0.927936088557283 0.8615357134042781
617.5 0.9271862397953308 0.8601469881575392
617 0.9273571454740457 0.8604825556047881
616.5 0.9269546036044265 0.8597284228396166
616 0.9276460357553042 0.861014437983564
615.5 0.9270866104882663 0.8599680463288856
615 0.9270088629077652 0.8598361451241755
614.5 0.9269054258959037 0.8596364059643273
614 0.9267110062145547 0.8592707162806568
613.5 0.9272085231707701 0.8601905658730847
613 0.9267460968858778 0.8593519844284864
612.5 0.9271196163026623 0.8600195393511448
612 0.9268352061419579 0.8595019571223209
611.5 0.9266321893708539 0.8591308175275774
611 0.9268428386834963 0.859529387956308
610.5 0.9274476854673972 0.860629460909285
610 0.9267229493915156 0.8593052346927836
609.5 0.9269362049687003 0.8596919520691625
609 0.9265131988744951 0.858906998937536
608.5 0.9268360361501381 0.8594991393311657
608 0.9264127612055671 0.8587221865347314
607.5 0.9269327850650819 0.8596888238610582
607 0.926787429318265 0.8594120222342345
606.5 0.9263262480293755 0.858559220179644
606 0.9265807049355305 0.8590361155144316
605.5 0.9263817899141754 0.8586681473610746
605 0.9268260035252014 0.8594875237621182
604.5 0.9266454856164467 0.8591549766210802
604 0.9262794515334485 0.8584754529824924
603.5 0.9259768092650309 0.8579087104766658
603 0.9265149051957704 0.8588965488426744
602.5 0.9267507715877712 0.859334984939706
602 0.9261110237276333 0.858161228109782
601.5 0.9260801579779917 0.8581041602210207
601 0.9264074845987808 0.858718737303558
600.5 0.9257471735205606 0.8574917374899645
600 0.9260589248870912 0.858085929769576
599.5 0.9263416850273789 0.8585924149530091
599 0.9261114469846142 0.8581758667020267
598.5 0.9253832454634537 0.8568219966907032
598 0.9258209759630162 0.8576145379538739
597.5 0.9262125097718318 0.8583539311380461
597 0.9260786052445902 0.858096713380847
596.5 0.926157836525094 0.8582441642786538
596 0.9252159811902105 0.8565064727950312
595.5 0.9261803947825433 0.8582830225725008
595 0.9256633801879995 0.8573480184998011
594.5 0.9261927968404576 0.8583141864413031
594 0.9257160815299075 0.8574389873466192
593.5 0.9257801789485536 0.8575472543977661
593 0.9257667917712001 0.8575358894454281
592.5 0.9255064903125441 0.8570397230106066
592 0.9258919563096855 0.8577590696503665
591.5 0.9255563665546733 0.8571366681746455
591 0.9258424700255491 0.8576533654123026
590.5 0.9255827057216296 0.8571750463420964
590 0.9256890934812131 0.8573892927614848
589.5 0.9253918849779981 0.8568281506930803
589 0.9255566032197917 0.8571260775331679
588.5 0.9256992939437324 0.8574170977349954
588 0.9252780465339844 0.8566189586520783
587.5 0.9250108790454831 0.8561318566035357
587 0.9253644963603187 0.8567777573808011
586.5 0.9250109202295664 0.8561229641857864
586 0.9248560245856946 0.8558258061317997
585.5 0.9255068273114645 0.8570464932484503
585 0.9249513435469089 0.8560187521145965
584.5 0.9249162302749714 0.8559598342417728
584 0.9249426730007327 0.8560043178890127
583.5 0.9247357772157205 0.8556352780902721
583 0.925000741571335 0.8561022056254068
582.5 0.9247229384013408 0.8556045763284386
582 0.9250875673927706 0.856265572264501
581.5 0.9249246881359 0.855959529780274
581 0.9253472420640617 0.856768286219468
580.5 0.924596918336422 0.8553548222511992
580 0.9245082174493311 0.8552012107035727
579.5 0.924654468100796 0.8554761838691521
579 0.9249368369263218 0.8559821284896447
578.5 0.9246463404506726 0.8554450035330496
578 0.9246575633101862 0.8554806633953447
577.5 0.9243685441851435 0.8549427174299741
577 0.9247114083280223 0.8555826632497417
576.5 0.9240468512150333 0.8543503553228963
576 0.9242260138215036 0.854668334230287
575.5 0.9246295752520495 0.8554223431367597
575 0.9243303128471806 0.8548765840277822
574.5 0.9240367998420408 0.8543316258302655
574 0.9249978353871461 0.856104094206484
573.5 0.924282584814167 0.8547890355208572
573 0.9241745927453057 0.8545854137493827
572.5 0.9246226717746474 0.8554060419420219
572 0.9247520267625038 0.8556457039722962
571.5 0.9237310288791201 0.8537696296367855
571 0.9241870642974114 0.854613553822058
570.5 0.9241501324578705 0.854535498506319
570 0.9235113160957455 0.8533601374067161
569.5 0.9244240772191973 0.8550691217280856
569 0.923965682838016 0.8541935250453964
568.5 0.9238868810605456 0.8540536300907399
568 0.9236918839537387 0.8536956460485504
567.5 0.9239164019340566 0.8541084333657519
567 0.9240498222917023 0.8543548572664288
566.5 0.9241590617765828 0.854560179916256
566 0.9234156384552262 0.8531812747495245
565.5 0.9239791455209367 0.8542219180801193
565 0.9238901514299159 0.8540591399811555
564.5 0.9235581869726021 0.8534498649851697
564 0.923914145155383 0.854107447217892
563.5 0.9235196175602293 0.8533534870858354
563 0.9233059430260161 0.8529947425937114
562.5 0.9231026495049105 0.852601868906281
562 0.9237870456316515 0.8538605856782064
561.5 0.923293677544454 0.8529575464851347
561 0.9233537449878169 0.8530649257723911
560.5 0.923128167635711 0.8526486946432545
560 0.9230813770784434 0.8525659700826773
559.5 0.9232770272687776 0.8529421321625078
559 0.9232240704209447 0.8528310327832661
558.5 0.9233365630102667 0.853028308371574
558 0.9238300264616608 0.8539337510974141
557.5 0.9232760365686837 0.8529273243339336
557 0.9231121307008652 0.8526084710852241
556.5 0.9231495367512688 0.8526834532482311
556 0.9231166361585383 0.8526242599394097
555.5 0.9229312152982521 0.8522895456786412
555 0.922854269694456 0.8521566859402356
554.5 0.9225274600380874 0.8515525006963002
554 0.9227503578400517 0.8519652265049786
553.5 0.9226272113415019 0.8517262352145211
553 0.9230652250978956 0.8525386618700738
552.5 0.9228055341793157 0.8520535005987045
552 0.9224836917054158 0.8514724118501761
551.5 0.9221813811590714 0.8509076085155559
551 0.9224878322749599 0.8514616354705586
550.5 0.9224947703092373 0.851477919328141
550 0.9226775906760492 0.8518148850453431
549.5 0.9230659509683299 0.8525470870044983
549 0.9225598070608464 0.8515852196120535
548.5 0.9226993631399083 0.8518690197896086
548 0.9219979826618782 0.850570577078855
547.5 0.9221176513630781 0.8507903068618811
547 0.9225070437099923 0.8515076234145301
546.5 0.9221120669297718 0.8507683285517794
546 0.9222244270108111 0.8509844778820064
545.5 0.9224579813206657 0.8514062150260168
545 0.9222771480602794 0.8510968355384246
544.5 0.9226410667676794 0.8517560738756734
544 0.9217716441326366 0.8501442902113614
543.5 0.9218943599488685 0.8503689902802581
543 0.9220957327962837 0.8507486884850063
542.5 0.9221777698192313 0.8509043579460068
542 0.9216411873238753 0.8499142720596311
541.5 0.9217445201717116 0.8500884880283306
541 0.9221015274623671 0.8507634509114986
540.5 0.9220080951816647 0.8506001134832037
540 0.9211297382696902 0.8489726844035063
539.5 0.9211483628790014 0.8489938694629112
539 0.921195809116215 0.8490861473590289
538.5 0.9218069973459023 0.8502157429888533
538 0.9213743823478412 0.8494146881123856
537.5 0.9216206671094557 0.849862084767643
537 0.9213220822408217 0.8493275564526847
536.5 0.9213043846611634 0.849289674662393
536 0.9219082731555628 0.8503970787530888
535.5 0.9212096070710178 0.8491195736610975
535 0.9213981088823514 0.8494617957927371
534.5 0.9214188010482959 0.8494814520304528
534 0.9217287222505931 0.8500792807514275
533.5 0.9210791468923172 0.8488838754638736
533 0.9210618619354554 0.8488505776501927
532.5 0.9210549948875687 0.8488278164136392
532 0.9203216747453643 0.847485579257867
531.5 0.9214520579101819 0.8495557665796909
531 0.920487863059021 0.847796081165427
530.5 0.9205290370148352 0.8478592125344455
530 0.9207509251578653 0.8482725384958291
529.5 0.9209073618180253 0.8485505439701829
529 0.9207777402863919 0.8483202253475719
528.5 0.9214354552376767 0.8495252122037585
528 0.9202757136441811 0.8473953442591395
527.5 0.9206411759791541 0.8480717018934352
527 0.920337595375287 0.8475157837275871
526.5 0.9203387932428067 0.847519085196474
526 0.9205647131272899 0.8479243257473285
525.5 0.9206786217447249 0.8481317102150143
525 0.9201821131084214 0.8472240132815126
524.5 0.9204364180222184 0.8476871956479519
524 0.9206251609477568 0.848033860025606
523.5 0.9204555381149128 0.8477292919589856
523 0.9199272634818404 0.8467581023559084
522.5 0.920271730791962 0.8473916941340964
522 0.9202642040592385 0.84736880695058
521.5 0.9198326116885391 0.8465748545888582
521 0.9193611954327265 0.8457035311309508
520.5 0.9194810296819712 0.8459429626898624
520 0.9204829704879075 0.8477813675853745
519.5 0.9196006880994291 0.846153245731898
519 0.9200422640481409 0.8469521166624349
518.5 0.9198520318030762 0.846598304360684
518 0.9199483926451915 0.846794775797048
517.5 0.920017975789098 0.8469198983749453
517 0.9199843269801627 0.8468392073434108
516.5 0.9199310390472357 0.8467634492225519
516 0.9195968575904372 0.8461576219495908
515.5 0.9196313603940282 0.8462186644084606
515 0.9193900713916598 0.8457615935972164
514.5 0.9189012293356744 0.8448598897393346
514 0.9195895529598527 0.8461321845123441
513.5 0.919746615678399 0.8464260129874803
513 0.9190792271600723 0.8451891169669911
512.5 0.9194369483432476 0.8458461038201363
512 0.9190980388239213 0.8452261834669635
511.5 0.9195755283046769 0.8461174702394559
511 0.9194019675077532 0.8457961663267566
510.5 0.9184374224799555 0.8440256330876684
510 0.9192869148864123 0.8455750944058815
509.5 0.9191667958550124 0.8453681952382356
509 0.9187377419516822 0.8445698329882998
508.5 0.9185612265030286 0.8442441547970368
508 0.9187704720775668 0.8446209024690918
507.5 0.9186339761954324 0.8443754082801591
507 0.9189637359398796 0.8449775954826142
506.5 0.9185615878838532 0.8442540152096432
506 0.9188580733977493 0.8447975220814166
505.5 0.9184079532346313 0.8439794232502531
505 0.9188414972414486 0.844747600024599
504.5 0.9186513585086787 0.8444085413238187
504 0.9185495929346055 0.8442135853194795
503.5 0.9180709051536012 0.8433328134778171
503 0.9184428289072751 0.8440271714665029
502.5 0.9187796130520708 0.844644911959972
502 0.918393529553407 0.843931681836871
501.5 0.9182742130249602 0.8437264228224891
501 0.9184892747849374 0.8441058984165907
500.5 0.9181702781186184 0.8435103529309408
500 0.917782938341736 0.8428229801302547
499.5 0.9181103947374528 0.8434365258716185
499 0.9176242966644003 0.8425188384177765
498.5 0.917817572831046 0.8428788849279434
498 0.9180378994789518 0.8432773194642913
497.5 0.9182725146229068 0.8437153353513416
497 0.9177067319692439 0.842676800018347
496.5 0.9178515572517906 0.8429508752934605
496 0.9179690347641957 0.8431534763268589
495.5 0.9171263360324585 0.8416170019364411
495 0.9176766885203612 0.8426229768342711
494.5 0.9176907665501965 0.8426331747851519
494 0.9169455462198216 0.8412813084167211
493.5 0.9174863342213401 0.8422825416334498
493 0.9172143397473242 0.841775681579526
492.5 0.9178118596449707 0.842872767507428
492 0.9169713594946632 0.8413325378717994
491.5 0.9167905804399807 0.8409892257643402
491 0.9177864067785085 0.8428125232323785
490.5 0.9167808177037376 0.8409780011744779
490 0.9173360068613144 0.8419832027408973
489.5 0.9169334401824064 0.8412366163893193
489 0.9169937470527005 0.8413692857683356
488.5 0.9164583706413836 0.8403947047736251
488 0.9170279900223521 0.8414389336469082
487.5 0.916925731085554 0.8412460113907322
487 0.9165921538204025 0.8406387121725197
486.5 0.9167275778874968 0.8408732121511977
486 0.9167273242255493 0.840885386259333
485.5 0.9169910485921517 0.8413606435061926
485 0.9160158850963381 0.8395865868134795
484.5 0.9160164079826516 0.839586374973583
484 0.9160947409975454 0.8397137112570863
483.5 0.9159658282614286 0.8394876751209064
483 0.9156576633477835 0.8389214596242082
482.5 0.9154492750394314 0.8385413185886412
482 0.9160499051004843 0.8396316902230961
481.5 0.9154927373848045 0.838611019235152
481 0.9162654356545199 0.8400336375680698
480.5 0.9160745847159553 0.8396841065630912
480 0.9157492227286403 0.8390853531817364
479.5 0.9156784948789575 0.8389547241321722
479 0.9160449263466962 0.8396383855092254
478.5 0.9154686483162539 0.8385720376622461
478 0.9157544981153021 0.8391023063370426
477.5 0.9160963541981733 0.8397077693192102
477 0.9157678305986645 0.8391249709739551
476.5 0.9156777544273229 0.8389537796023228
476 0.9155428102178783 0.8387106993926707
475.5 0.9152984388885517 0.8382715626725227
475 0.915297542687453 0.8382638454016684
474.5 0.9154755030287174 0.8385885302633662
474 0.9148888072090521 0.8375275365059156
473.5 0.9150216370483326 0.8377629227299385
473 0.9149134188045941 0.837562882910741
472.5 0.914994686743781 0.8377032406640382
472 0.9150661832266082 0.837840517280629
471.5 0.9151847793982597 0.8380582230921652
471 0.9152541783312907 0.838177442969436
470.5 0.9147983499944394 0.8373442536861829
470 0.914650265351874 0.8370782729217736
469.5 0.9150188227330602 0.8377491294363825
469 0.9141455950744471 0.8361620279249576
468.5 0.9145158838990558 0.8368305401335947
468 0.9149532529264595 0.8376294756897443
467.5 0.914857304903786 0.8374566275708786
467 0.9152775577956761 0.8382258548472096
466.5 0.9143379661362326 0.8365055974358084
466 0.9145902212256123 0.8369670888142403
465.5 0.9143434900105915 0.8365084103109598
465 0.9145087998866608 0.8368035463874071
464.5 0.9142249638755683 0.836311157051094
464 0.914165990770694 0.8361922729413561
463.5 0.9139803368291837 0.8358528114461631
463 0.9139454134921579 0.8357899760554628
462.5 0.9139345687736625 0.8357661214942633
462 0.9144918753674507 0.8367849242636559
461.5 0.914159672230687 0.8361866152495296
461 0.9138276456359254 0.8355615184075738
460.5 0.913915967619356 0.8357359633083088
460 0.9133460067489755 0.8346937663326804
459.5 0.9134768975507499 0.8349309236417685
459 0.9138895311678611 0.835685236033207
458.5 0.9135595660347638 0.8350839403927941
458 0.9134929583757876 0.834965692048443
457.5 0.9138445435184078 0.8356038174589143
457 0.9134527782957282 0.8348950916987385
456.5 0.9135021687475653 0.8349775952622036
456 0.9136643252700998 0.8352734670097922
455.5 0.9126784282149346 0.833482383815609
455 0.9127768159459951 0.8336669977182414
454.5 0.9128058470639946 0.8337125989227161
454 0.9138588710729044 0.8356330711837214
453.5 0.9133697172730181 0.8347494273303001
453 0.9130302126656374 0.8341165523638173
452.5 0.9131058805182013 0.8342588213946627
452 0.9129962886095337 0.8340465160651914
451.5 0.912848916358711 0.8337905184756697
451 0.9126208344218417 0.8333647726986694
450.5 0.9127559016383244 0.8336250830771117
450 0.9125748224488337 0.8332843743265808
449.5 0.9128230119572159 0.8337270562246494
449 0.9121043682686208 0.8324385640022336
448.5 0.9127432639177222 0.8335990005653517
448 0.9125449848390085 0.8332418420772478
447.5 0.9126155670239008 0.8333584848584039
447 0.9120345110266198 0.8323165318947943
446.5 0.912227567359313 0.8326557531737127
446 0.9118719824457547 0.8320125318065683
445.5 0.9127292534693239 0.8335665514311807
445 0.9113587321322928 0.8310573471376612
444.5 0.9120978053773392 0.8324099517445189
444 0.912363498512716 0.8328859324536415
443.5 0.9114957644116509 0.831314392100458
443 0.9115555259928412 0.8314291514226311
442.5 0.9119612192841084 0.8321663917127452
442 0.9110640851243291 0.8305111194571138
441.5 0.9114015487994352 0.8311342673908503
441 0.9116825820059572 0.8316686593074973
440.5 0.9115395928818242 0.8313975277007092
440 0.9111314973238718 0.8306447990083249
439.5 0.9111039118583053 0.8306111481020558
439 0.9116007569023784 0.831515245953464
438.5 0.9112159547813716 0.830805721467768
438 0.9109373912295707 0.8302947234838612
437.5 0.9112129811152626 0.8308061802435194
437 0.911546922891091 0.8314118625953862
436.5 0.9114269319925291 0.8311928887147183
436 0.9107547584128951 0.8299790522690854
435.5 0.9108252429935875 0.8300985991557346
435 0.9105516556270863 0.8296169458775219
434.5 0.9109706488613157 0.8303669512817234
434 0.9103719485427995 0.8292695344686172
433.5 0.9105412128094901 0.8295766251204479
433 0.9104860422293855 0.8294834641713611
432.5 0.910353242267656 0.8292449507972479
432 0.9102289813175627 0.8290132634659783
431.5 0.9101633024645948 0.8289054832370867
431 0.9105136137766544 0.8295382544212236
430.5 0.9094173823519955 0.8275371371051464
430 0.9104280795795934 0.8293737369404237
429.5 0.9101116716577933 0.828796765072242
429 0.9094652369740781 0.8276418964608289
428.5 0.9095761299059734 0.8278248367990297
428 0.9094454232222555 0.8275872663769711
427.5 0.9093119727596225 0.8273306930374738
427 0.9092560728294857 0.8272324850059019
426.5 0.9095003351513345 0.8276818365614896
426 0.9090770394032617 0.8269174685075312
425.5 0.9095859223087857 0.827852292412126
425 0.9090099749311037 0.8267840544391322
424.5 0.90965526966399 0.8279632434814641
424 0.909276991440759 0.8272903348003283
423.5 0.9093913553160176 0.8274878008763992
423 0.9090548291053382 0.8268839161564085
422.5 0.9088190085350537 0.8264588921615688
422 0.9086377831902798 0.8261227898465138
421.5 0.9084709558909758 0.8258143848786714
421 0.9086199230311027 0.8260886203183337
420.5 0.9086721878292027 0.8261745006485007
420 0.9088466215419255 0.8264863588190752
419.5 0.9083416824704328 0.825583528767351
419 0.908761768851284 0.8263527325209865
418.5 0.908713680295041 0.8262663207834599
418 0.9084887911102862 0.8258495791090454
417.5 0.908001310125348 0.8249606543964787
417 0.9083371012344853 0.8255722017975886
416.5 0.9079304902999467 0.8248323162314635
416 0.9081691851232425 0.825265981139561
415.5 0.9081026901632384 0.8251483667318396
415 0.9084198192448522 0.8257246694164487
414.5 0.9081344899819269 0.8252072771634121
414 0.9079709058396724 0.8249065531753338
413.5 0.907643793804056 0.8243351504887
413 0.9079156818389008 0.8248024218802357
412.5 0.9075405964369152 0.8241396334922777
412 0.907115715072689 0.8233587699793153
411.5 0.9071314388360049 0.8233990807342544
411 0.9071977015119955 0.8235049950146187
410.5 0.9074156169520121 0.823915826230809
410 0.9071386861101673 0.8233979244998073
409.5 0.9070228545575285 0.8231861798925392
409 0.9071329532455951 0.8233952342433669
408.5 0.9067078062129014 0.8226163596473083
408 0.9071396820047729 0.8234068579133381
407.5 0.9070880310451136 0.8233096236670099
407 0.9065948834588853 0.8224161196917489
406.5 0.9061643404043912 0.8216412477944385
406 0.9071924818624529 0.8234906305625628
405.5 0.9068230429772406 0.8228253738862304
405 0.9057942657065824 0.8209591494513028
404.5 0.9061268540627616 0.8215610956260845
404 0.9064165707727279 0.822086461758106
403.5 0.9063564357017215 0.8219770979920011
403 0.9062169829554676 0.8217233665571403
402.5 0.905419992691931 0.8202921999213885
402 0.9059221696983903 0.8211878056614665
401.5 0.9055878344811048 0.8205941206622183
401 0.9060108388230393 0.8213556545511372
400.5 0.905114144293081 0.8197326915736148
400 0.9058428785674371 0.8210509216569343
399.5 0.905406172830837 0.8202596374586942
399 0.9054994828401111 0.8204163146063029
398.5 0.9054630098729157 0.8203670114456777
398 0.9048271359295651 0.8192244772375503
397.5 0.9054345894854182 0.820317179502338
397 0.905435607314561 0.8203140316143731
396.5 0.9050382042190592 0.8195854054568036
396 0.9047755764826669 0.8191124145405816
395.5 0.9044196249670362 0.8184722428110804
395 0.9049916913277986 0.819500751554406
394.5 0.9044699996552664 0.8185533196410754
394 0.9049696804702356 0.8194748295352161
393.5 0.9049429570288292 0.8194291628908552
393 0.90405240501323 0.8177947716559295
392.5 0.9043484413830397 0.8183441190595778
392 0.9045658330226622 0.8187319754774117
391.5 0.9039306876993957 0.8175932447710584
391 0.9044491675912333 0.8185323204522043
390.5 0.9037426106027796 0.8172640262914639
390 0.904289862698846 0.8182249180187228
389.5 0.9035179655250614 0.8168583744072058
389 0.9033257723185155 0.8164905493256831
388.5 0.9040015443748404 0.8177289967781864
388 0.9034810514782567 0.8167754238662013
387.5 0.9037283909153535 0.8172315404669274
387 0.9031840446292703 0.8162387789525767
386.5 0.9035605839260026 0.8169268737740539
386 0.9034282063294047 0.8166834231216683
385.5 0.9034677942167628 0.8167519932312606
385 0.9033733235703815 0.8165697551169778
384.5 0.9031297828881488 0.8161467498253913
384 0.9029873265835537 0.8158850262937194
383.5 0.9030774757223616 0.8160374033882
383 0.9032498595752363 0.8163662784659595
382.5 0.9026925977147789 0.8153614286904393
382 0.9028844595910515 0.8157067904910204
381.5 0.9027265899854318 0.8154193882498839
381 0.9024054976348949 0.8148408200126765
380.5 0.9026800154960994 0.8153463568146686
380 0.9028102198929254 0.8155493262231599
379.5 0.9021034978682488 0.8142818943328506
379 0.9025206145127248 0.8150574606733357
378.5 0.9023395777851644 0.8147187068614269
378 0.9014293392414447 0.8130635872646854
377.5 0.901649035230388 0.8134825329869084
377 0.9021966709122169 0.8144600811330854
376.5 0.901444562728501 0.8130946019245974
376 0.9011672829528524 0.8126065176110886
375.5 0.9020712751255908 0.8142330993663728
375 0.9014057131401493 0.8130310605366565
374.5 0.9013485872483493 0.8129370775859003
374 0.9016819940513279 0.8135305116191661
373.5 0.9017040669670598 0.8135630954692181
373 0.9006821691360932 0.8117250456242115
372.5 0.9013362966903266 0.8129142284966625
372 0.9002361989922655 0.8109242382917953
371.5 0.9003830178767913 0.8111956388851427
371 0.9007468627648587 0.8118523584583925
370.5 0.900287267921043 0.8110306124193086
370 0.9009862503889812 0.8122774524904057
369.5 0.9007842994817266 0.811915040295111
369 0.9008279056822247 0.8119913228490717
368.5 0.9001634975618223 0.8108087215372703
368 0.9001095480655827 0.8107101568730786
367.5 0.9003310355312589 0.8111158580328631
367 0.9006684032444708 0.8117113735934857
366.5 0.9001316829986006 0.8107559470467175
366 0.8992425275396309 0.8091297617433497
365.5 0.9000199207927465 0.8105418733745275
365 0.8996610516461583 0.8099025492663848
364.5 0.8992993066671289 0.8092457615844793
364 0.8993833540789599 0.8093883173643722
363.5 0.8989161863809721 0.8085417117855219
363 0.899216763320007 0.8090853669760938
362.5 0.8994626850441566 0.8095307037372762
362 0.8988398069989691 0.8084044429927955
361.5 0.8989578589385129 0.8086398614070032
361 0.8983001635665278 0.8074491505403022
360.5 0.8984727394451585 0.8077529487128958
360 0.8982200848435585 0.8073068850372711
359.5 0.8983177344112804 0.8075032549987354
359 0.8985056131531303 0.8078192400605534
358.5 0.8980060012455092 0.8069249596133753
358 0.898091060625707 0.8070678425935569
357.5 0.8984387614658209 0.8077018690070389
357 0.8977597951914068 0.8064715951602862
356.5 0.8978780384717084 0.8066969723700559
356 0.8980370959347205 0.806981471622983
355.5 0.897796278865125 0.8065357230403731
355 0.897898445797603 0.806731661889063
354.5 0.8977449688752239 0.8064446428144969
354 0.8969086521621045 0.8049514120539724
353.5 0.8975847184998368 0.8061523502834601
353 0.8969361357913257 0.8050009825439766
352.5 0.8974776604577126 0.8059772148709067
352 0.8969747160366195 0.805065765026577
351.5 0.897382570868628 0.8057949486466578
351 0.8966395158439998 0.8044668310045203
350.5 0.8972598157992592 0.8055808328959223
350 0.8969008839139994 0.8049450916429659
349.5 0.8964959895861242 0.8042324299680186
349 0.8966827776570191 0.804557109967125
348.5 0.8966653448561165 0.8045122745778263
348 0.8963927976720614 0.8040164864067164
347.5 0.896075867584943 0.8034711653150738
347 0.8955058081622085 0.8024311264394642
346.5 0.8962424652350399 0.8037513504210392
346 0.8965928321673806 0.8043910479276586
345.5 0.8955797484273353 0.8025720362290545
345 0.8955272788344963 0.8024826411197639
344.5 0.8953350541363007 0.8021213021696911
344 0.8953247437628684 0.8021129046913589
343.5 0.8952507466151974 0.8019911139055986
343 0.8951203089439828 0.8017486814789544
342.5 0.895577385061392 0.8025619488478437
342 0.8952531620049118 0.8019717567350897
341.5 0.8949190516302903 0.8014002631427379
341 0.8946004095759732 0.8008093252275746
340.5 0.8946487943295128 0.8009052103434641
340 0.8949151955936433 0.8013790933793589
339.5 0.8943048230047276 0.8002807681437489
339 0.8944130716469083 0.8004829820707975
338.5 0.8945583683830958 0.8007344171690598
338 0.8937323069701419 0.7992635390468462
337.5 0.8946049547743138 0.8008325809044307
337 0.8939728080072379 0.7996976310066178
336.5 0.8936817916332861 0.7991721712997808
336 0.8935170677375814 0.7988838455277026
335.5 0.8937460247853287 0.7992881801780136
335 0.8933529411915975 0.7985672668371173
334.5 0.8940303804784612 0.79979510595217
334 0.8935434232672798 0.7989205968382348
333.5 0.8929352192940877 0.7978305754587226
333 0.8930573596412398 0.7980599146353394
332.5 0.8930088534005619 0.7979750803823122
332 0.8926728737455919 0.797362264827071
331.5 0.8928206985529201 0.7976508011065898
331 0.8928237955072056 0.7976475961791509
330.5 0.8924025529471249 0.7968753585509997
330 0.8917628489255849 0.7957491866420444
329.5 0.8919046909793424 0.7960036116032434
329 0.8922374584494733 0.7965893847167111
328.5 0.8917926296666001 0.7958205673083217
328 0.8916173335344024 0.7954723056131733
327.5 0.8917544978328351 0.795732315864655
327 0.891757064385391 0.7957282762279363
326.5 0.8915650107515146 0.7953936466500139
326 0.8910985676035649 0.7945655702408775
325.5 0.8910894881460119 0.7945502829028728
325 0.8911963481375463 0.7947350698130191
324.5 0.8916162887704222 0.7954897838498561
324 0.8913483000931177 0.7950042157512835
323.5 0.8907661553423769 0.7939783525270445
323 0.8909654974755911 0.7943236643817542
322.5 0.8904496951583883 0.7934286219643222
322 0.8901099021645656 0.7927935395636053
321.5 0.8900550385941242 0.792698832181359
321 0.8901534205626026 0.7928796512167211
320.5 0.8899679751796779 0.7925546730373663
320 0.8900114342765336 0.7926110841910747
319.5 0.8899066225044341 0.7924618286125769
319 0.8898475748891713 0.7923386734741089
318.5 0.88884595223201 0.7905509183695797
318 0.889007643187623 0.7908598640437736
317.5 0.8883397881640837 0.7896531900181654
317 0.8897876032193701 0.7922431516477475
316.5 0.889052542979038 0.7909235919981863
316 0.8893272505999442 0.7914223367068719
315.5 0.8881012179355512 0.7892408166963659
315 0.8891098789453951 0.7910212505060853
314.5 0.8878488262963583 0.7887832449008088
314 0.8877712788073601 0.7886507169978774
313.5 0.8889077202166422 0.790673177755489
313 0.8879594662032264 0.7889770310511066
312.5 0.8876317168919544 0.788383991786076
312 0.8879948597346287 0.7890511107624145
311.5 0.8874296621796772 0.7880300735783987
311 0.8876123622337693 0.7883737462932197
310.5 0.8875014869876366 0.7881670911889984
310 0.8874994677701235 0.7881572250715381
309.5 0.8874099304371079 0.7879904890329875
309 0.8874986538929335 0.7881580342306373
308.5 0.8867201984151155 0.7867962824531076
308 0.8871910517454578 0.7876227543830273
307.5 0.8862721762491943 0.7859960689165766
307 0.8866626849250967 0.7866720275765458
306.5 0.8861836032707583 0.7858349433125504
306 0.8862404717508692 0.7859334008881225
305.5 0.8863308843914831 0.7860996101767262
305 0.8861275273992968 0.7857381414655457
304.5 0.8855189699441302 0.7846641266792292
304 0.8857392083167118 0.7850502148137709
303.5 0.8855373768997754 0.7846887850705261
303 0.8855833971560922 0.7847892064625714
302.5 0.8850989010457604 0.7839180436653401
302 0.8849584362912783 0.7836670918330307
301.5 0.8850710588104905 0.7838636611493297
301 0.885105604874535 0.7839273751240093
300.5 0.884542118787232 0.7829240780595235
300 0.8844943556279214 0.7828516945480023
299.5 0.884515565168409 0.7828771494122162
299 0.8844078738140537 0.7826902075251745
298.5 0.8838164787477463 0.7816389517337639
298 0.8836252321525685 0.7813026447695098
297.5 0.8840260008681833 0.782005277408513
297 0.8830227499090885 0.78024992092695
296.5 0.8830426965447152 0.7802901416038733
296 0.8830607365976451 0.7803011630219672
295.5 0.883382029502578 0.7808959574087372
295 0.8832828931419888 0.7806998877743149
294.5 0.8828710858513082 0.779975370071743
294 0.8831571142576111 0.7804750145152194
293.5 0.8830507144307005 0.7802993845768035
293 0.8827340009900275 0.7797266310349232
292.5 0.8829033108409371 0.780023771157883
292 0.8817121756325828 0.7779562769097388
291.5 0.8821404252554561 0.7786843473871653
291 0.8812424728825647 0.777100860075471
290.5 0.8811864137232663 0.7769934937612017
290 0.8816251861276877 0.7777798929703342
289.5 0.8815601139238849 0.7776662092591832
289 0.8819412516356993 0.778338832825574
288.5 0.8811024591977045 0.7768634450267511
288 0.8802345858881856 0.7753475794265308
287.5 0.8809185862067722 0.77652086572665
287 0.8801853988038577 0.7752491340812919
286.5 0.8808094387912315 0.7763487279178278
286 0.8810260361495944 0.7767116992778696
285.5 0.8803550212575938 0.7755392038092723
285 0.8796926849217256 0.7743753130085934
284.5 0.8796040916826255 0.7742137128802867
284 0.8804169018310704 0.7756662418595556
283.5 0.8792313258528418 0.7735741020189574
283 0.8788699790123945 0.7729427450845753
282.5 0.8797321528529526 0.7744324978475982
282 0.8784183604754296 0.7721398828781142
281.5 0.8789104543761105 0.7730032850533366
281 0.8784628676726284 0.7722182060719865
280.5 0.8786251085986192 0.7724866084948778
280 0.8785310225276212 0.7723377385020908
279.5 0.8784537830954747 0.772196164996899
279 0.8784366292895539 0.7721679511828125
278.5 0.8775863490065279 0.7706906814688061
278 0.8780381588833389 0.7714597067231899
277.5 0.8780617551952946 0.7715148371285513
277 0.8779015088077581 0.77123638716024
276.5 0.8772187667793081 0.770032406210806
276 0.8768409664919508 0.769366777302205
275.5 0.8767641380418354 0.7692311481369957
275 0.8763673249679454 0.7685372222541135
274.5 0.8755540003372982 0.7671006398790515
274 0.875820355535611 0.7675994140292516
273.5 0.8761425291335302 0.7681457841534267
273 0.8755918766231764 0.7671880579185303
272.5 0.8754481682932093 0.7669292189433692
272 0.875586201472958 0.7671717575138651
271.5 0.8756879018993946 0.7673531028409205
271 0.8753304934421043 0.7667206918559494
270.5 0.8750936542049603 0.766319812493923
270 0.8747896920278236 0.7657631165767078
269.5 0.8746182100639865 0.7654734449795509
269 0.8744717652143168 0.7652194613792346
268.5 0.8742213264692428 0.7647703563626213
268 0.8737410733803984 0.7639580981626991
267.5 0.8744932146954165 0.7652563594696589
267 0.8738013394108219 0.7640436056193337
266.5 0.8735636099767627 0.7636671841000883
266 0.87348748957637 0.7634905591750211
265.5 0.8734849223648696 0.763504409401806
265 0.8733494806659641 0.7632654126945176
264.5 0.8730081383460259 0.7626654391994429
264 0.8728195431364866 0.7623395690771418
263.5 0.8722028226094372 0.7612611270997275
263 0.8735393433187678 0.7635900123151906
262.5 0.8720942423360744 0.7610538564009508
262 0.8724697970807995 0.7617083038485785
261.5 0.8721710300772115 0.761202809194087
261 0.8711311762441452 0.7593853877136234
260.5 0.8716156555806558 0.7602304733600681
260 0.871560078011218 0.7601362942747949
259.5 0.8707185266111819 0.7586687263605528
259 0.8706028417001687 0.7584718845361309
258.5 0.8705305470655951 0.7583443235959756
258 0.8707518857506389 0.7587334323174434
257.5 0.8704545457592953 0.7582131263170617
257 0.870520073002128 0.7583415443508359
256.5 0.8699489203339283 0.7573248321996028
256 0.8700457102811437 0.7574969743362626
255.5 0.8694781563590939 0.7565103747187854
255 0.8696329910478239 0.75677935169506
254.5 0.8694028697282913 0.7563784580552898
254 0.8685723715210333 0.7549371286106021
253.5 0.869371645345966 0.7563301795411509
253 0.8684263254543821 0.7546909696038647
252.5 0.868238056578032 0.7543599555448092
252 0.8682792284951767 0.7544293076667525
251.5 0.8678662247822763 0.7537036785070703
251 0.8682491536665123 0.7543806981551204
250.5 0.8677580906102104 0.7535269689136853
250 0.8676620438448067 0.7533522684513575
249.5 0.8668053761348053 0.7518553281537551
249 0.8678626043846247 0.7537014412154158
248.5 0.8662731420433236 0.7509449264167409
248 0.8668159914724802 0.7518962626897439
247.5 0.8664210794395067 0.7512057441071386
247 0.8662421055498374 0.7509057656618368
246.5 0.8660230756450967 0.7505085027146488
246 0.8658919462216332 0.7502963230617917
245.5 0.864988009339401 0.7487280380769614
245 0.8656498693053644 0.7498656796582424
244.5 0.8651314816410167 0.7489936757532909
244 0.8646256076806281 0.748108239495529
243.5 0.8639271111789878 0.7469091326118265
243 0.8645331243152415 0.7479425442139692
242.5 0.8639987202578943 0.7470154347942947
242 0.863611403670704 0.7463543292214764
241.5 0.8633298747160875 0.7458750678421573
241 0.8633819716958404 0.7459590322597287
240.5 0.8633076777225922 0.7458203108627411
240 0.8630526548102582 0.7453799505190605
239.5 0.8628757435050868 0.7450962574346988
239 0.8630093575534972 0.7453177635758672
238.5 0.861941044592191 0.7434642764148939
238 0.8619293983980497 0.7434466953484085
237.5 0.8621163177022969 0.7437755297308666
237 0.8618707372142884 0.743355707182063
236.5 0.860423729692927 0.7408639167682195
236 0.8605239672366988 0.7410210428506014
235.5 0.8611685388147402 0.7421398030840861
235 0.8611714157083434 0.742125144588717
234.5 0.8603232985632681 0.7406812939271928
234 0.8599928366911975 0.7401349505741186
233.5 0.8603485647555457 0.7407185196293027
233 0.8602179817746942 0.7404958950156058
232.5 0.8590422205504847 0.7384731847862984
232 0.8592816112813759 0.7388858987675555
231.5 0.8591744605194691 0.7386955915709656
231 0.8590816007389058 0.7385321702891517
230.5 0.8585786387875037 0.7376780765463347
230 0.8588508372632658 0.7381482033627388
229.5 0.8579394692412059 0.7365866068245305
229 0.8579068606593684 0.736522524669383
228.5 0.8571952347371077 0.7353093521301005
228 0.8570146605662077 0.7350137259770434
227.5 0.8569913000849829 0.734955511169058
227 0.856279400988851 0.7337357549921034
226.5 0.8559193675682762 0.7331270062097356
226 0.8566595804211644 0.7344039761603878
225.5 0.855388523609995 0.7322183483785566
225 0.8555795471481066 0.7325281848303629
224.5 0.8545037306725429 0.730693372238756
224 0.8555047882449879 0.7324350530637643
223.5 0.8541733026503343 0.7301506203924187
223 0.8543087965612427 0.7303663311223505
222.5 0.8540111522110825 0.7298763943575339
222 0.8544459466403473 0.7306016671822786
221.5 0.8534438181721964 0.7289008448383474
221 0.8533119677369109 0.728678098710481
220.5 0.8536451027049722 0.7292394010262567
220 0.8524587277478249 0.727216962509631
219.5 0.8525686219434104 0.7274050924900427
219 0.8516823307226797 0.7258781533147218
218.5 0.851980733760447 0.7264076491433351
218 0.851777282800358 0.7260531559289639
217.5 0.851800600330681 0.7260838990602801
217 0.8510940377889474 0.7248886775231367
216.5 0.8512074946695878 0.7250828908000461
216 0.8508473702964382 0.7244779284633466
215.5 0.8504974732386358 0.7238824010602914
215 0.8498364350060887 0.7227543332820389
214.5 0.8497421408331478 0.7225806054435299
214 0.849420360898137 0.7220378083070831
213.5 0.8495722880701106 0.7222991866793673
213 0.8484174377008098 0.7203451862139483
212.5 0.8487400280806393 0.7208786581944969
212 0.8482837809757979 0.720114014569422
211.5 0.8475857290079312 0.7189324481628737
211 0.8487251512817442 0.7208731397283982
210.5 0.8472100857648829 0.7182859066653748
210 0.8479659533754985 0.7195895362500595
209.5 0.8466133368158317 0.7172793849516597
209 0.8468334823981643 0.7176734766109669
208.5 0.8465387737329747 0.7171720474971203
208 0.8457605197820455 0.7158471086360118
207.5 0.8458596871470986 0.7160002387227378
207 0.8447998928727228 0.714205266389083
206.5 0.8455119395933512 0.7154267625376625
206 0.8443758726396475 0.7134894396644097
205.5 0.8437716695262764 0.7124755470775321
205 0.8436302787400467 0.7122334549482595
204.5 0.8435739231778092 0.7121416009276892
204 0.8436062042052402 0.7122086958755178
203.5 0.8432227966388228 0.711569315189129
203 0.8427539246154164 0.7107623130214971
202.5 0.8423058910152266 0.7099953447424252
202 0.842208008681361 0.7098449182627022
201.5 0.841825765591551 0.7092007568661483
201 0.8411989684612954 0.7081411935356519
200.5 0.8414195278069038 0.7085165652395418
200 0.8406619610891872 0.707256827836677
199.5 0.8406137099166886 0.7071563855563568
199 0.8401873513560708 0.706450062517631
198.5 0.8399827553121026 0.7060942626721401
198 0.8397588540986624 0.7057249351571568
197.5 0.8404076844124694 0.7068030790302595
197 0.8389437306986213 0.7043747750966723
196.5 0.8382655452634774 0.7032287653106891
196 0.8376613251297332 0.7022199867446738
195.5 0.8378777408012237 0.7025568264068354
195 0.8371403269132969 0.7013357098470359
194.5 0.8372775301113484 0.7015696751878032
194 0.8363798103427291 0.7000739190868399
193.5 0.8355203482128023 0.6986230975783415
193 0.8356383901047244 0.6988185952729364
192.5 0.8363836226993173 0.7000603701484214
192 0.8353436108211224 0.6983281410600479
191.5 0.8351900551372791 0.6980591865057428
191 0.8339815187131691 0.6960719478411921
190.5 0.8337354240072734 0.6956501576387071
190 0.8335948950206292 0.695411230578005
189.5 0.8341904312461634 0.6963907053165945
189 0.8332629482874323 0.694847781369
188.5 0.8331972091281319 0.6947594745322941
188 0.8329114339587603 0.694293748443511
187.5 0.8323717966191575 0.6933908285042389
187 0.8324403342359439 0.6935041763820082
186.5 0.8302198254835124 0.689773489899147
186 0.8305714514179183 0.6903924580872554
185.5 0.8306966816638782 0.6905752758685099
185 0.8306654815360958 0.6905536660006503
184.5 0.8295664136479075 0.6886953167656714
184 0.8294907327744196 0.6885825328661062
183.5 0.8286297210179697 0.6871441870949283
183 0.8284790313781141 0.6869203028777456
182.5 0.8280825127662962 0.6862620165700173
182 0.8270311965073882 0.6845069075946012
181.5 0.8272818808911232 0.6849215632188246
181 0.8264324818298621 0.6835418029600568
180.5 0.8264897701531324 0.6836000569970246
180 0.8252195512613189 0.68152714756196
179.5 0.8264824931869319 0.683595681048812
179 0.824904375963386 0.6809976812628854
178.5 0.8247717322384106 0.6807882028005391
178 0.8244824417435399 0.680291978078974
177.5 0.8244259025771544 0.6801964229702332
177 0.8231611484036536 0.6781142526762186
176.5 0.8228179516863429 0.6775666426958922
176 0.8222531437133602 0.6766346192200029
175.5 0.8217431781510439 0.6757951240526584
175 0.8212411740303353 0.6749599395167896
174.5 0.8212004919805763 0.6749124524077157
174 0.8200725387961638 0.6730648730213536
173.5 0.8208917790030914 0.6744012040598857
173 0.8210508533504015 0.6746553729034025
172.5 0.8205007062738687 0.6737579151105404
172 0.8190723332500537 0.6714050192665655
171.5 0.8184075099698865 0.670327808740542
171 0.8180042151195167 0.6696748436159832
170.5 0.8185090298354878 0.6705028626334032
170 0.8179556245999099 0.6695654028003346
169.5 0.8176903551438424 0.6691402898873838
169 0.8164793038051209 0.6671797812028286
168.5 0.8154781099269314 0.6655242755891064
168 0.8157955731875298 0.6660477092155934
167.5 0.8146016934291066 0.6640930933064889
167 0.8145675730015818 0.6640491792088924
166.5 0.8150493089169532 0.6648487665840279
166 0.8143951018158745 0.6637417608340256
165.5 0.8132788291436615 0.6619471766828584
165 0.8125457661988683 0.6607690970962193
164.5 0.8122452290316092 0.660256343274676
164 0.8114315797768299 0.658946040001243
163.5 0.8117109595130648 0.6594026415726442
163 0.8102247835612613 0.6570165686933871
162.5 0.8095198252885514 0.655846093175976
162 0.80931372955553 0.655506414995154
161.5 0.8091284173806246 0.6552234121769258
161 0.8084997301274343 0.6541982364101131
160.5 0.8076975854656417 0.6529152113718537
160 0.8080178346064298 0.6534410528235898
159.5 0.8065719729854803 0.6510973033277576
159 0.805975046227225 0.6501353621209501
158.5 0.8062435562114909 0.6505516652215637
158 0.8054244953641381 0.6492321880470563
157.5 0.8054103821519284 0.6492138753829911
157 0.8047224608791212 0.6481034784306932
156.5 0.8038130662330544 0.6466501441804228
156 0.8028780853544509 0.6451327403374342
155.5 0.8025514935797599 0.6446299216222052
155 0.8028368461759798 0.645072220861603
154.5 0.8018466228931582 0.6434906319622093
154 0.8010307908938791 0.6421662838408887
153.5 0.8004178313390408 0.6411937038775888
153 0.7992335656268142 0.6393170996290384
152.5 0.7997550159154958 0.640120521053973
152 0.7985917822139174 0.6382677840514241
151.5 0.7985315388516471 0.6382002294804169
151 0.7977133711389451 0.6368682120180413
150.5 0.7970945444646549 0.6358939894181753
150 0.7969672348950755 0.6356614798795271
149.5 0.7971589206405312 0.6359893129314093
149 0.7952532643966105 0.6329549936439978
148.5 0.794794827323979 0.6322255371702932
148 0.794188672663063 0.6312551192352357
147.5 0.7943036778098348 0.6314340619638386
147 0.7917982221704494 0.6274792535698832
146.5 0.7924899258146083 0.6285626688350341
146 0.7916897616618979 0.6272795517363826
145.5 0.7912207927622544 0.6265379212088078
145 0.7905097354185093 0.6254638753142026
144.5 0.7903175516688008 0.6251398142247786
144 0.7892363596738194 0.6234117158811129
143.5 0.7896062103199444 0.6240154324732037
143 0.7878913949519355 0.621301311304894
142.5 0.787282020590336 0.6203336930706336
142 0.7874876076372002 0.6206741768402088
141.5 0.785011544877495 0.6167710109091128
141 0.7853550488684307 0.6173020293547675
140.5 0.7849562206982617 0.616674973420254
140 0.783777479142195 0.6148543836442242
139.5 0.7837347304609136 0.6147401198658339
139 0.7823834659965628 0.6126437654976331
138.5 0.7828615817792717 0.6134078380931275
138 0.7822054316412711 0.6123540099075608
137.5 0.780584278489982 0.6098447116738557
137 0.779898405981724 0.6087623938871388
136.5 0.7783757998352933 0.6063883547993273
136 0.7790484515182703 0.607439409516054
135.5 0.7776872425929762 0.6053322293515241
135 0.7774143158070971 0.6049067322822879
134.5 0.77683561455969 0.6039887058273726
134 0.7759023656496408 0.6025662467731492
133.5 0.7747087403048577 0.6007121280521965
133 0.7740469875691197 0.5996241217266335
132.5 0.7732027586572181 0.5983704363371578
132 0.7734215075576361 0.5987142475328862
131.5 0.7714559137921863 0.5956679197604391
131 0.7709242351288865 0.594846557980839
130.5 0.7715168532378557 0.5957340763733244
130 0.7700079735430552 0.5934311223650279
129.5 0.7687639738751997 0.5915281296208974
129 0.7685845895454445 0.5912413057761372
128.5 0.7676668821684463 0.5898215445233167
128 0.7671986916917586 0.5891072833693561
127.5 0.7656887252336794 0.5867792922899815
127 0.7648427049750457 0.5855053966699831
126.5 0.7641423095395009 0.5844085012247012
126 0.7643609864599853 0.5847435958697902
125.5 0.7636673898303693 0.5836825793007064
125 0.7603653815819453 0.578700107636953
124.5 0.760995683932231 0.5796178140469657
124 0.7603554258288507 0.5786638795589808
123.5 0.7582868019303497 0.5755357066507893
123 0.7587018545184336 0.5761246991070216
122.5 0.7586494671474289 0.5760540659158916
122 0.7565682293182997 0.5729232040143397
121.5 0.7561191446841522 0.5722203987481446
121 0.7554592360098555 0.5712133808579068
120.5 0.7535458925550195 0.5683406057175675
120 0.754015825826478 0.5690292646481502
119.5 0.7522623456156833 0.5664287545360432
119 0.7505188423572996 0.5637922847627196
118.5 0.7511173525432099 0.5646835569246059
118 0.7498707735127801 0.5628151721437085
117.5 0.7491581348643955 0.5617366535983164
117 0.748375780866978 0.5606090586528693
116.5 0.7478734098844627 0.559812158999905
116 0.7462539434589005 0.5573703478607195
115.5 0.7455199733348736 0.5563088947587428
115 0.7441066925882688 0.5541899296736681
114.5 0.7432662112877609 0.5529520612574507
114 0.7424513518567036 0.5517324024457098
113.5 0.7415715780868648 0.5504286664706208
113 0.7410638293397485 0.5496595361644894
112.5 0.738673450783058 0.5461207008944897
112 0.7369136792039244 0.5435475566062903
111.5 0.7373186521527915 0.54411504853241
111 0.7359461279486421 0.5421372174000908
110.5 0.735196385309393 0.5409909916838789
110 0.7338166694808533 0.5389904952245888
109.5 0.7330919840849942 0.5379118140487005
109 0.7319775778444528 0.5362850782597693
108.5 0.7322849423788945 0.5367209528894321
108 0.730663546090956 0.5343632731986434
107.5 0.7284844563878797 0.5311755937626902
107 0.727317509384159 0.5294766536239875
106.5 0.7267678199821025 0.5286755454510372
106 0.725248571146282 0.5264532424221937
105.5 0.725330447912251 0.5265711567410792
105 0.72420922885852 0.5249444503457976
104.5 0.721810779356867 0.5215029282767109
104 0.7228164208928605 0.5229525430885738
103.5 0.7212495274244721 0.5206698763812323
103 0.7186693603115626 0.5169603966724455
102.5 0.7190964435152006 0.5175838893094533
102 0.7177591117841442 0.5156600429085598
101.5 0.7165799787926928 0.5139752562691213
101 0.7150323357949168 0.5117484230764867
100.5 0.712173248448346 0.5076443591724031
100 0.7133280408165693 0.5093119545496272
99.5 0.7118366775328389 0.5071640319415941
99 0.7094214103423394 0.503723953794746
98.5 0.709633033548971 0.5040550929568415
98 0.7072363535195736 0.5006502221220347
97.5 0.7084717771806005 0.5023795304332198
97 0.7068906172508067 0.5001685325694276
96.5 0.7025561570283638 0.49406372812287397
96 0.7032538399697923 0.49501889034341096
95.5 0.7003603974482998 0.49095108829766576
95 0.7001628778352227 0.490671680407101
94.5 0.6995059229965048 0.4897657003344032
94 0.6976113130262158 0.48710252234711693
93.5 0.696727459205309 0.48588733815688556
93 0.6930969478453078 0.4808429009457083
92.5 0.6936217693296336 0.4815503582830939
92 0.6922900982633379 0.4797256198117517
91.5 0.6911612117274184 0.47811423417614757
91 0.6885694048527298 0.4745831865042653
90.5 0.6883161060410727 0.4742267585062316
90 0.6869220994563827 0.4722846513941064
89.5 0.6860976506584452 0.4712072661252864
89 0.6853159703521768 0.47009069696540007
88.5 0.6840051643217798 0.4682678944875178
88 0.6814800078100831 0.4648528437227747
87.5 0.6817783580391541 0.4652620089911734
87 0.6786126197722501 0.460968095522875
86.5 0.6754574122021448 0.4566804151739396
86 0.6767710751220292 0.4584201076677893
85.5 0.6750373252195636 0.45609236257864555
85 0.6713696612620643 0.45118334503866075
84.5 0.6725507719742115 0.45271984327089404
84 0.66986992179126 0.4491312014041934
83.5 0.6689055233910147 0.44785007148197103
83 0.667867195472825 0.44644628262757186
82.5 0.666543280381393 0.4446926577905684
82 0.6639599190791169 0.44123771626454306
81.5 0.6638552732494936 0.4411228278558576
81 0.6623054154440827 0.4390551191510958
80.5 0.6590273810459413 0.4347010993899001
80 0.6589900109125414 0.43467743945598714
79.5 0.6568051792613372 0.4317920108953948
79 0.656277364181166 0.4310994588987067
78.5 0.6534866613693342 0.42744867675373494
78 0.6514023637575529 0.42473082852043775
77.5 0.6499751007090929 0.4228529826570236
77 0.6502510479608177 0.42320917585949197
76.5 0.6487799240162893 0.4212778002228135
76 0.6459498920572959 0.4176269284276012
75.5 0.6448282268116401 0.416165888287916
75 0.6419658239012935 0.4125246324070353
74.5 0.6406595422931005 0.4108322484201227
74 0.6387901655441859 0.408429993244398
73.5 0.6370542551784751 0.4061961816789481
73 0.6361839034406803 0.4050866201069431
72.5 0.6338807817460089 0.40215523080398186
72 0.6322655647085467 0.4001089127338043
71.5 0.6305558790931157 0.39797607222929593
71 0.6277912305791112 0.39445607129464033
70.5 0.6268660371580987 0.3933335150154088
70 0.6266806294481364 0.3930516881343132
69.5 0.6232165920477197 0.38870631914494
69 0.6221822695882782 0.38741699975419547
68.5 0.6192160506609583 0.3837758156857476
68 0.6185002116512102 0.3828575102516529
67.5 0.6155386523340344 0.37923883654655577
67 0.615319418536905 0.37897051818417
66.5 0.6125031399451687 0.3754585199219208
66 0.6110261575159934 0.3736621303803523
65.5 0.6095586777577733 0.371875824766397
65 0.6080668219694084 0.370070013344601
64.5 0.6063299344019082 0.3679337995615756
64 0.6042495985968994 0.36537399484854177
63.5 0.6016662634792121 0.36231828317877257
63 0.5998890999276365 0.3601453975156694
62.5 0.5987471396604777 0.35877806450984173
62 0.5979062992225191 0.3577743367039576
61.5 0.5946372885536293 0.3538584699388633
61 0.5934529780470953 0.35244250326824456
60.5 0.5908709459975238 0.34939038250965226
60 0.589699217499224 0.3480082067081114
59.5 0.5857230880439085 0.3433449171318064
59 0.58592375559465 0.343568867015178
58.5 0.5831678425057094 0.34037516871024764
58 0.5797718311914761 0.336379246425993
57.5 0.5784694823031824 0.33488711568786195
57 0.5759117799238574 0.3319194952750993
56.5 0.5748984879209352 0.33074930485590115
56 0.5738343793262531 0.3295374352673233
55.5 0.5722658760381264 0.3277334598557945
55 0.5693634028666683 0.3243964412836679
54.5 0.5689504587797766 0.3239047869291729
54 0.5650767038104578 0.31953046651673284
53.5 0.564659198287195 0.31907342615826084
53 0.5626194960105617 0.31676973007148684
52.5 0.5611878159284686 0.3151667168945462
52 0.5599868625877855 0.3138035443860031
51.5 0.5561711206115583 0.30952844574795224
51 0.5564564389088762 0.3098428324533496
50.5 0.5541785814286979 0.30731424166022014
50 0.5524157764571542 0.3053511521901007
49.5 0.5479573528962111 0.3004628537049174
49 0.5461297473670782 0.2984401006202434
48.5 0.5433645849474387 0.29543502821160783
48 0.5420096920065363 0.2939568518560255
47.5 0.5410608563407187 0.2929017210695654
47 0.5397894530999365 0.29153809372601586
46.5 0.5360016605953692 0.28749497109876676
46 0.5349797494186725 0.2863600204727907
45.5 0.5326114963781164 0.28385373386793483
45 0.531595121429832 0.28273929594115915
44.5 0.5290303858617861 0.2800134673174061
44 0.5281509369978686 0.27909202890918516
43.5 0.5260622962768825 0.27688369534303353
43 0.5231975338751914 0.27386826229928213
42.5 0.5222815891778474 0.2728884569855621
42 0.5204586806443824 0.27098673884593816
41.5 0.5179590033993507 0.26840596363151287
41 0.5176334390761206 0.26807477987371214
40.5 0.5161380569219778 0.2665253528095495
40 0.5124269123617351 0.2626969350600051
39.5 0.5117431477678135 0.26196111568794855
39 0.5116165326095133 0.2618631916554625
38.5 0.5085881143037139 0.25876797294980225
38 0.5070321520317623 0.25717777899799854
37.5 0.5041863527650892 0.2542988601212191
37 0.5010163273364127 0.2511030305014962
36.5 0.5002416498108424 0.250333254378683
36 0.49830737607833897 0.24838648672726446
35.5 0.49755595433856337 0.247651738299949
35 0.4963243573972746 0.24641916237907893
34.5 0.4937042042317011 0.24381839747770442
34 0.49331323331524624 0.24342489606999335
33.5 0.4908401542318952 0.24099561412893702
33 0.4890977010135152 0.23927313888750304
32.5 0.48814680817008943 0.23834944163974645
32 0.48551286980653957 0.2357722897017791
31.5 0.48374010659955485 0.23406566151965583
31 0.48251593204455245 0.2328651371674011
30.5 0.48151523453474676 0.23190990478916895
30 0.4794208945040334 0.22989664819116942
29.5 0.47753128788364846 0.22809587627857883
29 0.4768393763534448 0.22742559118544733
28.5 0.4774837730154936 0.22803053332315
28 0.47505195706279707 0.22571581855161624
27.5 0.47316944815882106 0.22391954996234742
27 0.47545965137851853 0.22610142867791383
26.5 0.4699385503142797 0.2208648044095868
26 0.46932856900835274 0.22029831043282902
25.5 0.4669166572171 0.21803281666550278
25 0.4679505804082253 0.2190020212716731
24.5 0.46710374271416055 0.2182240290747901
24 0.46422518636205995 0.2155324037624719
23.5 0.4638645886687676 0.21518780520356903
23 0.4628412274495341 0.21424759198485874
22.5 0.4612288428281854 0.21275725877957805
22 0.461949486081256 0.21342330692582465
21.5 0.4586962492243485 0.2104147931695882
21 0.45935597009189666 0.21101831163655452
20.5 0.4611471578708834 0.2126658112102659
20 0.45805088736644267 0.2098318128251905
19.5 0.4549563721515193 0.20699497632313488
19 0.4581266648077739 0.20988958223774715
18.5 0.4553776494280727 0.20737501049514045
18 0.4540823263522192 0.206200463190566
17.5 0.45373890987118815 0.2058836300081093
17 0.4533256943979705 0.2055093788291961
16.5 0.45325656668725905 0.20544750570666173
16 0.45214461277279655 0.20444022409631915
15.5 0.45055250303242106 0.20300110760911536
15 0.45014917101171614 0.20263676007982
14.5 0.45137621421686286 0.20374443303914047
14 0.4516738371490104 0.20401263865320762
13.5 0.45057539366669747 0.20302076390822535
13 0.4495274294499797 0.20207649511225903
12.5 0.4484781907170457 0.20113322066683464
12 0.4475236345499165 0.20027856053622595
11.5 0.4488785777425013 0.20149308228961546
11 0.4476748312541107 0.20041335526215348
10.5 0.4475205970332943 0.2002749722936798
10 0.4479731111483963 0.2006801156961683
9.5 0.44813807138681633 0.20082801895863397
9 0.4474836547067081 0.20024201753806062
8.5 0.44723565158829737 0.20001991468911265
8 0.44716312753501325 0.19995494860020957
7.5 0.44701901620683526 0.19982607407150738
7 0.44692676363568523 0.1997435597783841
6.5 0.44690082778806317 0.19972037638198312
6 0.44688496653521953 0.1997061917772258
5.5 0.4468755623673997 0.19969777887274429
5 0.44686175223223884 0.19968543871735528
4.5 0.4468974837926286 0.19971737244702273
4 0.4469411476118592 0.19975639885094554
3.5 0.4468361704424642 0.19966256437578941
3 0.44682925291645753 0.1996563821671979
2.5 0.44682705218995655 0.19965441537727624
2 0.44682190342776884 0.19964981406004972
1.5 0.44681914835528214 0.1996473519268933
1 0.44681514545980916 0.19964377464499503
0.5 0.44680447733947504 0.19963424098944219
