1000 0.3004032550150317 0.09063916037580182
999.5 0.30072946705364945 0.09084446965627502
999 0.30044471364178604 0.09065936664583434
998.5 0.30062640654332073 0.09077105035641654
998 0.3003428053507307 0.09061019659608731
997.5 0.3003970425842621 0.0906352374441291
997 0.3001201308020249 0.09047848411284752
996.5 0.30008733527764125 0.0904545835850358
996 0.3006428730799868 0.09078844796762804
995.5 0.2998347606331028 0.09030551033114871
995 0.30023908977415614 0.09054756800422596
994.5 0.30055083054572124 0.09073852402457287
994 0.30014492840110235 0.09048595119270668
993.5 0.30011755439479737 0.09047577799318818
993 0.300055394841184 0.09045010721714028
992.5 0.3001614829059984 0.09049964705955817
992 0.30045050392759876 0.09066493629647422
991.5 0.3000910493503321 0.09045970821302586
991 0.30000491324591816 0.09039575365711111
990.5 0.3002530372888181 0.09055255793195027
990 0.30030426178086195 0.09058663405122187
989.5 0.30033474418723727 0.09059912550031192
989 0.30037360520705797 0.09063047266739037
988.5 0.30026032588255025 0.09056862484150856
988 0.2999328406373785 0.09036703752209073
987.5 0.3001884079771327 0.0905314317870572
987 0.3003079609558927 0.09059155323804113
986.5 0.2999883407088702 0.09039357317496863
986 0.29992460616098493 0.09035691170965442
985.5 0.29927059423726515 0.08997035770474729
985 0.3001324086976158 0.09048001182846258
984.5 0.2999164029590443 0.09035198915734895
984 0.300228537345767 0.09054151255292794
983.5 0.30014700793090154 0.09048947928030021
983 0.30027558885815503 0.09057266760650014
982.5 0.3001994000292434 0.09052980219999562
982 0.30013491913941426 0.0904765155312926
981.5 0.30002178776298366 0.09041766504802991
981 0.29989137773799746 0.0903485867166319
980.5 0.29961398736448586 0.0901734540596416
980 0.3002817412038375 0.09058087840935576
979.5 0.30001239001469987 0.09041447961303375
979 0.3000469348007162 0.09043310345809555
978.5 0.2998159205159119 0.09028439372236186
978 0.29994628838723647 0.0903762683684576
977.5 0.29966461924232435 0.09020275922178649
977 0.3001757812408825 0.09050823222016373
976.5 0.30042385027502644 0.09065781712824812
976 0.3000220704570735 0.09041244044398226
975.5 0.29976070538346405 0.09027175089079933
975 0.29943779204051424 0.09006563141968797
974.5 0.2996815683609743 0.09021501525358173
974 0.2997437204862389 0.09024692030623371
973.5 0.29982833301118184 0.09031129424563342
973 0.29987281834086776 0.09031766154872099
972.5 0.2998653589270973 0.09033236436334148
972 0.2993077169091352 0.08998023660588515
971.5 0.30010476897677474 0.09047542633665767
971 0.2996773051114913 0.09020402554346756
970.5 0.299894690763659 0.0903433711821952
970 0.2999447194272758 0.09036732948474732
969.5 0.2996315466950209 0.09018098028000911
969 0.30013210875166557 0.0904819300556526
968.5 0.29966790691235773 0.09019685428265042
968 0.2994861550184158 0.09008963492512952
967.5 0.2997408456972237 0.09024695623725934
967 0.29969390443763877 0.0902175233330431
966.5 0.29982538784550716 0.09029651308450072
966 0.2992943601430347 0.08998598949898516
965.5 0.2997961959362379 0.09028755652386618
965 0.29931673414354815 0.08999500493135068
964.5 0.2998422324766834 0.09031306557119478
964 0.2998708932778694 0.09032526358076609
963.5 0.29957942999238485 0.09014358282912903
963 0.2994551452633543 0.09007971135004443
962.5 0.29918584535872667 0.0899164137395506
962 0.29962563110139556 0.09017319657973522
961.5 0.30000125780851944 0.09040187946958798
961 0.2998221606347605 0.0902934884765229
960.5 0.29935946996820023 0.09001701815210796
960 0.29949461528782023 0.09010351432261995
959.5 0.29923586223066323 0.08994982695594159
959 0.29972912648589783 0.09024380183732283
958.5 0.2992095502207354 0.08992787783260957
958 0.2991542510107953 0.08989423084114055
957.5 0.2995803148803082 0.09015345180945697
957 0.29980184944513427 0.09028342018852617
956.5 0.299055734182397 0.08983976770599252
956 0.2993778488469002 0.09004164917358651
955.5 0.2993063499557867 0.08998122385336972
955 0.2989676123639626 0.08978635949681577
954.5 0.2994207994231013 0.09006008737292853
954 0.2992585933215936 0.08994794322160765
953.5 0.299424111180045 0.09006009357479905
953 0.2993357720253108 0.09000424677871494
952.5 0.2991891262048581 0.08992061617765504
952 0.29984164924110585 0.09030547428728271
951.5 0.2998694032146641 0.090323279625918
951 0.299178870777525 0.08990942894839726
950.5 0.2992745389095831 0.08996962137701678
950 0.2996526706759868 0.09018967442772474
949.5 0.2995851237094232 0.09015009591102016
949 0.29912858881222504 0.08987383710921629
948.5 0.2993896774605676 0.09004311920118088
948 0.2992645851212659 0.08996318858432517
947.5 0.29942049585051583 0.09005815976115668
947 0.29918249251667917 0.08991169078463285
946.5 0.29961665081970074 0.09016463621891334
946 0.29940026833823496 0.09005416089401135
945.5 0.29956466496481055 0.09013250363266968
945 0.29905676089456973 0.08983153820883057
944.5 0.2991660050748069 0.08989560907281968
944 0.2989021846303382 0.08973982309963165
943.5 0.2989398229579221 0.08975897745691348
943 0.29946044440304304 0.09007376876469451
942.5 0.299244212818768 0.08995232904006778
942 0.29905666736106606 0.08983631983604388
941.5 0.2989649129096732 0.08977469821959691
941 0.29928079632686744 0.08995831072986792
940.5 0.2987602364045761 0.08965338721506562
940 0.2995340765728747 0.09011542075764242
939.5 0.29888290366105075 0.08973196394958449
939 0.29929656133036975 0.08998759072465555
938.5 0.29879404496111334 0.08968010180826487
938 0.2989146557127151 0.08975468415062735
937.5 0.2991918866638342 0.08992285030363649
937 0.2987999829730409 0.0896861341361821
936.5 0.29879450753603376 0.08967410118969449
936 0.29889875717260245 0.0897502664978201
935.5 0.2991633173248844 0.08990384088831462
935 0.2991549887746408 0.08989347648775514
934.5 0.2989833579581314 0.08979383272770086
934 0.2988044752572271 0.08969061734181348
933.5 0.2991985676975226 0.0899248901218972
933 0.29938950575907425 0.09003906768265243
932.5 0.29911655705370754 0.08986885218619424
932 0.29855870798619416 0.08954702187629451
931.5 0.29900302411720586 0.08980927148204311
931 0.2991882487735486 0.08990587157422933
930.5 0.29820599090148886 0.08932824376678845
930 0.2992163843819574 0.08992568375457335
929.5 0.29922602511869884 0.08993984263141301
929 0.2988812816178386 0.0897373415261866
928.5 0.29886055435457903 0.08971926616900486
928 0.2989118533007508 0.08975303256732116
927.5 0.2989903520945747 0.08979422215765276
927 0.2986427150226189 0.08958375455664974
926.5 0.29919577368291456 0.08992423189591128
926 0.29872338831113426 0.08963404846034258
925.5 0.2987199654941324 0.08964519984447618
925 0.29878700931101354 0.08967358816675242
924.5 0.2984068664092529 0.08945423795132654
924 0.29875542682644246 0.08965521852226563
923.5 0.2988057879467268 0.08968116120111992
923 0.2988521014762882 0.08972217432709181
922.5 0.2987464942193803 0.08964745300762057
922 0.2991333288393139 0.08988264189713609
921.5 0.2985197479895069 0.08951510123147875
921 0.2984605851436107 0.08947661247138172
920.5 0.29878821256207566 0.08968619386368744
920 0.29859539732649604 0.0895677516295057
919.5 0.29871187972472274 0.08962719623424277
919 0.2983290254539049 0.08940652842680405
918.5 0.2992658820148695 0.08996347497077371
918 0.2982347896600784 0.08934425934359504
917.5 0.2987618838768289 0.08966789595656208
917 0.2986716800403514 0.08960503623162588
916.5 0.29796188665552703 0.08918948517206525
916 0.29862898370236174 0.08958383381891843
915.5 0.2981473686146277 0.08929279148607656
915 0.2986058330509649 0.0895826037489299
914.5 0.2983711419570039 0.0894263803146867
914 0.2987368903229459 0.08964039113889719
913.5 0.29835161101531965 0.08940960151773601
913 0.29856379018921303 0.08955405258979898
912.5 0.29831032808918684 0.08939929305174396
912 0.2985522994758641 0.08954273995405927
911.5 0.29828795648284007 0.08938083155897787
911 0.298446079490274 0.08947326214420405
910.5 0.2983608271142992 0.08942414956895785
910 0.29782961039379924 0.08909898424624266
909.5 0.2981962474234135 0.08933079464120354
909 0.29853177384004176 0.08951850056776152
908.5 0.29817069414853015 0.08929692091038043
908 0.2981858692235628 0.0893235477883487
907.5 0.2982967603491794 0.08938116578241187
907 0.29837894871145626 0.08942754833383466
906.5 0.29815584919901117 0.08930532726946454
906 0.29843506178959983 0.08947001351872355
905.5 0.29844229677755674 0.08948016754028557
905 0.29799084281025334 0.08919912292021627
904.5 0.29846550909226816 0.08948487392626372
904 0.2980929943522304 0.08925096258913273
903.5 0.29820670937973864 0.08932765780502902
903 0.2980731408278379 0.0892469882590329
902.5 0.2980289296758592 0.08921470823000172
902 0.29855403526624585 0.08952206785246951
901.5 0.2979660493984986 0.08918715992038358
901 0.29773876583252784 0.08905068551997994
900.5 0.29806178088352503 0.08925375552378273
900 0.297763825071654 0.08906465659904686
899.5 0.29770438622692086 0.0890320999494613
899 0.29792559541807206 0.08916877509925496
898.5 0.2982178538639047 0.08933468536010196
898 0.29780557437546484 0.08909231471508494
897.5 0.297919607534176 0.08916849471224426
897 0.2977943118959975 0.08908985105900574
896.5 0.2982921277278826 0.0893858940172835
896 0.29798690203622213 0.08919697100008236
895.5 0.29794297731702163 0.08917813188179972
895 0.2975798036609519 0.08895074473866016
894.5 0.29835675682334 0.08941588521679877
894 0.2982996906261444 0.08939219915997049
893.5 0.29759852705847 0.08897867998173771
893 0.29815035800512885 0.08929864808231558
892.5 0.2978615627221875 0.08911828478796237
892 0.29765710024261893 0.08900858003388623
891.5 0.2980782202190417 0.08924713448048895
891 0.29825390747156827 0.0893575496045839
890.5 0.2980247610741278 0.08922440848362158
890 0.2980112648872067 0.08921176144874268
889.5 0.2975503546802482 0.08894509002476592
889 0.29760501492909436 0.08896835904951415
888.5 0.29798416456536403 0.08919046836624965
888 0.29776822562912636 0.08907814433012035
887.5 0.29799910794767187 0.08920439076426939
887 0.2975553048384349 0.08894399228186646
886.5 0.2978828207486474 0.08914074907353063
886 0.2975253509088154 0.0889081535261742
885.5 0.2975869780953366 0.08896189711525512
885 0.29764586557961037 0.08899487434959025
884.5 0.29775474324922374 0.08905192508611408
884 0.2977110861754559 0.089033914235793
883.5 0.2977961229835274 0.08908569250814477
883 0.2979183053467784 0.08915932673528212
882.5 0.2973770687700238 0.08882931058102175
882 0.29802755439650186 0.08921918224858627
881.5 0.29759854114705553 0.08896853498464286
881 0.2977299875591798 0.08904559539160467
880.5 0.2976952809366057 0.08903468943762036
880 0.2974021588798689 0.08885256951199014
879.5 0.29732995258206013 0.08880930513126783
879 0.29767622064613947 0.08901998313957879
878.5 0.29770059537744925 0.0890226404021084
878 0.29778242272431293 0.08907273583588275
877.5 0.2974992908864203 0.0889167418567874
877 0.2973522986408971 0.08882661756312027
876.5 0.2974492526218382 0.08887368990452961
876 0.29717547256729193 0.08871449163570766
875.5 0.29780254282194535 0.0890958672954633
875 0.2972127503108727 0.0887339359767542
874.5 0.29756322115458506 0.08895129188875903
874 0.29746311946801174 0.0888819646215315
873.5 0.2973717542277672 0.08883699070516649
873 0.297613053975879 0.08897164014466968
872.5 0.297658163643927 0.08900983187216455
872 0.2971410327078214 0.08869277100348393
871.5 0.2975962482515617 0.08895819101750985
871 0.2973120892524281 0.08879833375289814
870.5 0.2973952288801501 0.08883905403426108
870 0.297404205052028 0.08885358539203914
869.5 0.29735108468822996 0.08882767583813256
869 0.29768130747366167 0.08901616396249519
868.5 0.29743975702540343 0.08887744845724076
868 0.29727772464174107 0.08878483085870302
867.5 0.2974726127262699 0.08889673561545498
867 0.2971912217283386 0.08872108520449222
866.5 0.29762138392585863 0.08898026901178926
866 0.29740871691209125 0.08885668203298004
865.5 0.2973167082095152 0.08880110091368973
865 0.2974978883531024 0.08890863592794326
864.5 0.29740316605191086 0.08884431508773268
864 0.29711524871159795 0.0886850197873144
863.5 0.2973817433674163 0.08883920789131854
863 0.297088652254495 0.08866327788494002
862.5 0.29736546830488536 0.08882876431242977
862 0.2971354584190352 0.08869601603476482
861.5 0.29721932524079736 0.08874792833755318
861 0.2970445476767995 0.0886343903711334
860.5 0.29734885961846474 0.08882208135714702
860 0.2969758594385264 0.08859458204103557
859.5 0.2972424515067349 0.08874840321033291
859 0.29700737571182295 0.0886175800236609
858.5 0.2969357149339788 0.08856215558597651
858 0.296959246564749 0.08859398665863742
857.5 0.29719991108673477 0.08873267367919194
857 0.2973070487947024 0.08879617902255464
856.5 0.2967712649565516 0.08848632098037912
856 0.29704347393670366 0.08863600883025914
855.5 0.2971860583690248 0.08871826172389129
855 0.29722599077607464 0.0887426990500357
854.5 0.2970170719839924 0.08861532556082517
854 0.2971631295423793 0.08871246324319641
853.5 0.29664652009178377 0.08840811630295999
853 0.2970549703054707 0.08864869145562562
852.5 0.2965399592552361 0.0883482738173261
852 0.29675427933836473 0.08846376069468276
851.5 0.29675097993785526 0.08846204030981836
851 0.2971105272910807 0.08868376694622145
850.5 0.2967005951994603 0.08842825130648223
850 0.2966384114613613 0.0883891381583322
849.5 0.29657370704351377 0.08835797579197482
849 0.2964174753324104 0.08826733596901486
848.5 0.29677935948825085 0.08848664641080922
848 0.29689417611639024 0.08854293691504099
847.5 0.29692107171229143 0.08855448949684071
847 0.2966345470646607 0.08840143754660197
846.5 0.29674600533803613 0.08846171007749433
846 0.2968236482973391 0.08850661968168552
845.5 0.2965228305076783 0.08833223818163789
845 0.29624646083063066 0.08816308168692082
844.5 0.2965031704529328 0.08832158590333096
844 0.29688659973352366 0.08855314018713022
843.5 0.2965424663728953 0.0883486386807942
843 0.29675391851837446 0.08847208024839465
842.5 0.2969009189164731 0.08854641188220023
842 0.29642446083508667 0.08828371685917319
841.5 0.2964492864603256 0.08829954445925481
841 0.29641602439966147 0.08827241292364606
840.5 0.29679889850327545 0.08848636915494819
840 0.2968201965823438 0.08850394546184133
839.5 0.2967954108771746 0.08849243995547071
839 0.29637981866660745 0.08824511800503766
838.5 0.2964448563665186 0.08828631088310715
838 0.2965218627932986 0.08832241910925445
837.5 0.2962518572023487 0.0881675018190233
837 0.29619569617639563 0.08814240646595314
836.5 0.2966866118693093 0.08843440008554768
836 0.29658971874409046 0.08836559175471857
835.5 0.29657361630844126 0.08835579811640279
835 0.29632242513951107 0.08821702527910283
834.5 0.2962060187760055 0.08814164423214521
834 0.29616778416892564 0.08811659596566496
833.5 0.2964640563783109 0.08829737515700943
833 0.2964719627932199 0.0883064702365539
832.5 0.29638694102300805 0.08825492833790961
832 0.2963735894999903 0.08824726947872549
831.5 0.2961924839246873 0.08813789731904553
831 0.2964961064597276 0.08832473953961253
830.5 0.29587288182318355 0.08794614554232635
830 0.29665811576998763 0.08840974077894669
829.5 0.2959200694760024 0.08796616924994913
829 0.296079667740716 0.08806486888640398
828.5 0.29583061264393523 0.08791683219005726
828 0.29611819763680236 0.08808770949988803
827.5 0.29629181704739876 0.0881854416228951
827 0.29591034824062856 0.08797022329681836
826.5 0.2963814606166463 0.08825201501976268
826 0.2963096679359843 0.08820031119538721
825.5 0.2961030494420098 0.08807079188444883
825 0.29643792441053757 0.08827762170865255
824.5 0.29573946123324657 0.08786937735153398
824 0.2964470200970141 0.088277392744731
823.5 0.29641021156986075 0.08827274342193961
823 0.2958005114262013 0.08790010293229829
822.5 0.29652631656283224 0.08832625441904743
822 0.2961176704562641 0.08809727457082518
821.5 0.29631675231610627 0.08820950161645873
821 0.2958182555885114 0.08791980976922552
820.5 0.29619981370788856 0.08813758184939464
820 0.2954200091279923 0.08767073703699917
819.5 0.29579915905279114 0.0879057794799603
819 0.2960185800004708 0.08802549579831975
818.5 0.29635357018304037 0.08822227280231167
818 0.29582128541705216 0.0879090673747686
817.5 0.29559752039468423 0.0877851907584001
817 0.2958662133308462 0.08793864406119416
816.5 0.2960489786741167 0.08804497364994662
816 0.2955913527628722 0.08777535916331533
815.5 0.2959387578236989 0.0879894938330034
815 0.29573428338028945 0.08787266758449533
814.5 0.2961057137338158 0.08807599253285445
814 0.2958124218147884 0.08790358431999717
813.5 0.29576951314895383 0.08788091713971835
813 0.29582240228198925 0.08790107990559438
812.5 0.29562449860315265 0.08779604579203217
812 0.2959388241069253 0.08798298012854915
811.5 0.29584606600647034 0.08792412790359125
811 0.29551880828903576 0.0877321640956088
810.5 0.29580191147161844 0.08790583263986995
810 0.29603007040396034 0.08803114444861572
809.5 0.2959268445369111 0.0879891281419875
809 0.2958654417360518 0.08794648940657013
808.5 0.29583515650921877 0.08793411137945423
808 0.29536906459119416 0.08764349134416236
807.5 0.2962793713838289 0.0881872799472289
807 0.2957150900091208 0.08786099206699065
806.5 0.295066923033448 0.08747670581331828
806 0.2958762880479667 0.0879497694854123
805.5 0.2955593250666383 0.08775080274678353
805 0.2952739940747836 0.08759414142248398
804.5 0.29513563144324106 0.08751085045895632
804 0.295612801135615 0.0877929196752758
803.5 0.2956781492939521 0.08782851964018928
803 0.29541478375378427 0.08766374356430184
802.5 0.2953230991726067 0.08760710879106995
802 0.29544595316406497 0.08769604918039349
801.5 0.2951177350718991 0.08750428778671256
801 0.295384437706191 0.08764781198905182
800.5 0.2949870823224261 0.08742239117399415
800 0.2951957595062994 0.08754577517081785
799.5 0.2957146081946402 0.08784330556744155
799 0.29550867594639285 0.08772142469153263
798.5 0.2952666685355016 0.08759592168969778
798 0.29549604993593637 0.08771225581403824
797.5 0.29560681268541644 0.08778351159913358
797 0.29524005364646344 0.08757529942330401
796.5 0.2952653657003426 0.08758922792992743
796 0.295045991043704 0.08745626900303688
795.5 0.29526161308031995 0.08757511259430029
795 0.2950839891759688 0.08747399448142155
794.5 0.2954399063405724 0.08768675831163654
794 0.2951487231731025 0.08752521344303871
793.5 0.2952294961023043 0.08755893934855831
793 0.2950347962555441 0.08744389014838898
792.5 0.29512948280636103 0.08749729041423263
792 0.29491398296780763 0.08737848778442711
791.5 0.29489797243631916 0.0873685601875216
791 0.29509132035685526 0.08747939367005578
790.5 0.2949113861260793 0.08738082497086068
790 0.29511307015809984 0.0875155954957853
789.5 0.29476133622354517 0.08729266632476865
789 0.29500052705255186 0.08742133113015871
788.5 0.2948853602246105 0.08736227330595046
788 0.295315776774305 0.08761211392382998
787.5 0.2944609084584876 0.08710996005219497
787 0.2950188549078587 0.08744163110816904
786.5 0.29456097183766256 0.08717166260067671
786 0.2948692223748841 0.08734740596044885
785.5 0.29424707945896117 0.08699096157806697
785 0.29470975791628673 0.08725561210492756
784.5 0.29477700355568354 0.08729762474138139
784 0.29469475060234357 0.08724223135422686
783.5 0.29453360304576565 0.08715356704223405
783 0.295065739714301 0.08745704734013153
782.5 0.2950073800912144 0.08742970733949917
782 0.2945119118160989 0.08714435951065544
781.5 0.2943810656374743 0.08706725637679283
781 0.2949178394456182 0.08738704041387171
780.5 0.2946293061383127 0.08720531554176686
780 0.29431149415620006 0.08702811667117172
779.5 0.2946154098238967 0.08720858110684966
779 0.2949097926910879 0.08737426906136454
778.5 0.2944582289974043 0.08711339050298647
778 0.29472084760232053 0.08726037486963116
777.5 0.2949452519697916 0.08740094052206164
777 0.2941013401849959 0.08689888995358387
776.5 0.29443355194532117 0.08709718839223389
776 0.29429455228405177 0.08700230264738017
775.5 0.2940084912635426 0.08684442628284673
775 0.29436358145833075 0.08705192601147972
774.5 0.2943683085708271 0.08705777944642318
774 0.2944495546747729 0.08709468665788908
773.5 0.29451741810294063 0.0871361908847961
773 0.2944024022935701 0.08707480241331955
772.5 0.29453477281293455 0.08715982766431256
772 0.29432244479927333 0.08702479711145628
771.5 0.29442048007458144 0.0870855842143214
771 0.2947059833694508 0.08725972858242213
770.5 0.29441305717065136 0.08709201854187493
770 0.2943358495149983 0.08703005787557463
769.5 0.2944945727240765 0.08712479396892828
769 0.2940977695655203 0.0868984148022791
768.5 0.2941367713332916 0.08692079126481804
768 0.2941750863879615 0.08693246725873224
767.5 0.2944183168862368 0.08708885532265964
767 0.2942970405366376 0.08702131229812694
766.5 0.2937235222731443 0.08666864766549559
766 0.29430001577924997 0.08701214195848696
765.5 0.29411631303305497 0.08691230590854207
765 0.29354305084586696 0.08656792211959645
764.5 0.29421167949974064 0.08695610156057855
764 0.29399809555266715 0.08683189016643238
763.5 0.2939121093087243 0.08678193420000366
763 0.29415057182477505 0.08692960010410752
762.5 0.2939428126551785 0.08679829327630138
762 0.29390907610115646 0.0867877908511903
761.5 0.2942166822620121 0.08696425516152695
761 0.2946124732665005 0.08720635345216221
760.5 0.29407195747407855 0.08688237348360908
760 0.2937318348385639 0.08668654928800525
759.5 0.2944584316074256 0.08710632639638011
759 0.2944639687350821 0.08711686229260401
758.5 0.29377578654964165 0.08670513916391277
758 0.2935369667915221 0.08655759710521954
757.5 0.2934360819534099 0.08649730873151809
757 0.29463256749451294 0.08721192409147441
756.5 0.29359861602176623 0.08659976063771252
756 0.2935635567879072 0.08657276546031203
755.5 0.29400594707379163 0.08684219628798247
755 0.2942002834780846 0.08694802169022785
754.5 0.2938593544774199 0.08676385703903222
754 0.29362621774939246 0.08661244277033223
753.5 0.2939311762300111 0.08679811329509993
753 0.29398779216946036 0.0868302772687078
752.5 0.29341160311119796 0.08649861827963094
752 0.29419083444890454 0.08695634696107646
751.5 0.2938791323371381 0.08677530149801164
751 0.2939633304663271 0.08682076542664387
750.5 0.2930569616842668 0.08628112274086536
750 0.2935544704010114 0.08657854005011577
749.5 0.293462727595467 0.0865228651246531
749 0.2935459041469768 0.08657850398430633
748.5 0.29354358996775504 0.08657863524856935
748 0.29365864044239237 0.08663980188788063
747.5 0.2932975154777686 0.08643313274552968
747 0.2939961274862433 0.08682253373862442
746.5 0.293441975594889 0.08651943754054302
746 0.2939258911867135 0.08679803521503743
745.5 0.2933324204512357 0.08644989706284632
745 0.29366937966082357 0.0866569402353414
744.5 0.2934296635312955 0.08650692646773674
744 0.2936871041581997 0.08666072454030806
743.5 0.2934262927807549 0.08650468211184124
743 0.293405010383968 0.086492462922932
742.5 0.2936793158164421 0.0866524779590308
742 0.2933182097463717 0.08644137842938222
741.5 0.2932164679653705 0.0863777999066181
741 0.29348930206180524 0.08652677585243453
740.5 0.2930057606622797 0.0862529611027648
740 0.2931105754547204 0.08631627679800309
739.5 0.2934781827923923 0.08652829019715726
739 0.2932653412519241 0.08641474542497292
738.5 0.29310750556994747 0.0863174334684328
738 0.2931641664741294 0.08634866809858896
737.5 0.29338397696192214 0.08647463493199453
737 0.2933416998245182 0.08643957330694903
736.5 0.29345227742553737 0.08651470355451413
736 0.2934386965018438 0.08651314370006402
735.5 0.29270482138361126 0.08607829510008536
735 0.29326415896501634 0.0864070515342277
734.5 0.2933070303567427 0.08643285794516871
734 0.29346179581588633 0.08652435142522928
733.5 0.292635359683781 0.08602271667473543
733 0.2928431443713922 0.08616023847667514
732.5 0.2934324596003998 0.08650106024940397
732 0.29267482299631153 0.08606486905077435
731.5 0.29287172506395803 0.08618724895040067
731 0.29307043538957755 0.08630289844184437
730.5 0.292554326710905 0.08599222162147327
730 0.2928574136086829 0.08617216458818097
729.5 0.29235777213679304 0.08587828728606721
729 0.29305229427739893 0.08628382578498493
728.5 0.2927137371591112 0.08608882150578012
728 0.2930898008247066 0.08630274629336533
727.5 0.2929249980830801 0.08621514412476243
727 0.2928360140563173 0.08615346167506649
726.5 0.29284327847428115 0.08616541639381953
726 0.29257282012305086 0.08599863939519105
725.5 0.29281611095793025 0.08614872428296272
725 0.29341438045328255 0.08649817333495402
724.5 0.29252638530430614 0.0859674200682143
724 0.2925922237161444 0.08601444534583874
723.5 0.2926676625395227 0.08605471814139921
723 0.29267241721147824 0.08606360909237903
722.5 0.292935321798234 0.08621281269524458
722 0.2924984259491618 0.0859496426078288
721.5 0.2926854390171372 0.0860594379305773
721 0.29293579899991623 0.08621562935047002
720.5 0.2921666815498708 0.08576381996670861
720 0.2926532779360776 0.08604679471067067
719.5 0.2923330550223056 0.08586355854367676
719 0.2925681225304194 0.08599732629945528
718.5 0.2926303182930031 0.08603190975465523
718 0.29230379261738765 0.08583813789646585
717.5 0.2919118043920996 0.08561437837457092
717 0.2922471209244249 0.08581032596155005
716.5 0.29250436150078757 0.08596243583629658
716 0.29258027498456335 0.08600805993398433
715.5 0.29280581038134684 0.08614102072965302
715 0.29247193523342524 0.08595313426924144
714.5 0.29196871874574687 0.08565207056497368
714 0.29237290330176713 0.08589404734116063
713.5 0.2922053710664096 0.08579128612912884
713 0.2920221759540523 0.08567722280313962
712.5 0.2925103111070897 0.08596214163934032
712 0.2923677391666984 0.08588424917375233
711.5 0.2921279797143507 0.08573887065730675
711 0.2923684210195294 0.0858884692627578
710.5 0.2921325307285501 0.08574964633485162
710 0.29193241351371657 0.08562721350112576
709.5 0.29190954920283874 0.08561701774894512
709 0.2922660902100501 0.08582516331529175
708.5 0.2921708269605844 0.08577123726765756
708 0.2923571329827575 0.08587474175381594
707.5 0.2919903081243345 0.08565852274125854
707 0.2920062543437315 0.08566075768075916
706.5 0.292177989709253 0.08577105868576805
706 0.29220270520742714 0.08578090366349662
705.5 0.2917732944374192 0.08553939907481865
705 0.2919037142649577 0.0856190717089795
704.5 0.2915837176068088 0.08542235113921898
704 0.2916073018680462 0.0854342938878872
703.5 0.2916228641059888 0.08544964183190794
703 0.2914962513579584 0.0853629072635315
702.5 0.29184754278519104 0.0855710634283391
702 0.2913687128169187 0.0852988706881607
701.5 0.29188947861035264 0.08561240771692132
701 0.2920365457825799 0.08569797099576762
700.5 0.2920556676983577 0.08569306461879142
700 0.29169993549138457 0.08548772658012838
699.5 0.29174554553102894 0.08552117530657966
699 0.2919244585099652 0.08561763539608944
698.5 0.29164441861937535 0.08545219681003541
698 0.2912097867352977 0.08520620494264756
697.5 0.2919380522443865 0.08563723117751881
697 0.2918580151482213 0.08558715015825459
696.5 0.2915432687954055 0.08539227481619145
696 0.2915370942092381 0.08540485075964392
695.5 0.29137347278786707 0.08529775300183143
695 0.29155099805910245 0.08540826161655062
694.5 0.2917045315362676 0.08549743689690979
694 0.29148016093218754 0.08535480963657069
693.5 0.29184716178243186 0.08557684727416194
693 0.2912619938258254 0.08524155859914254
692.5 0.29181995724444415 0.08555324930531728
692 0.29172700888052316 0.08550713595715931
691.5 0.2911198208216403 0.085155254978405
691 0.29124874360837294 0.08522613770584066
690.5 0.2913127674578013 0.08526317268161204
690 0.2916764701036335 0.08547585568264876
689.5 0.2911851943812181 0.0851921191719551
689 0.2911792536018157 0.08518944135408066
688.5 0.29121226810657336 0.0852082396880083
688 0.29129041088657087 0.08525017199655556
687.5 0.29114709239538156 0.08518015099095876
687 0.2913159681623742 0.0852663502271024
686.5 0.29104949760835097 0.08511889446810353
686 0.2906914482436504 0.08490967964580085
685.5 0.2911120156917697 0.08515356891709337
685 0.29077701431264275 0.08495922079152689
684.5 0.2912589720670917 0.08523274652018023
684 0.2906465698892165 0.08488867205676341
683.5 0.2912309256012756 0.0852198614241127
683 0.29095551955591437 0.08506318355852292
682.5 0.2913985365750222 0.08531368404896855
682 0.29080202376595493 0.08496486430897385
681.5 0.29095743762988047 0.08506084977560942
681 0.29142743024782336 0.08532569020905177
680.5 0.2905293450112379 0.08481162581913332
680 0.29123424077978594 0.08522159944239521
679.5 0.29078270221845526 0.08496251131719375
679 0.2905683774949333 0.08482277218901049
678.5 0.2908643020740006 0.08501482645001904
678 0.29123837521217805 0.08523191301940107
677.5 0.2906584961099916 0.0848910584257187
677 0.2911306732045172 0.08515989693755069
676.5 0.2905637810668305 0.08483611157324814
676 0.2908375052581836 0.0849883859902833
675.5 0.29050082328605253 0.08479299115462334
675 0.290623473157467 0.08485621739431562
674.5 0.29068429837659193 0.08490300751415081
674 0.29079637304268474 0.08497254218136943
673.5 0.2904661581616322 0.08476524181026333
673 0.2905079826383579 0.08479956077953187
672.5 0.2904873872118265 0.08479857217167582
672 0.2904694936161675 0.08478348663968766
671.5 0.29073787881485563 0.08493361166180448
671 0.2903317895186374 0.08468948887574114
670.5 0.2908023029287594 0.0849643034489999
670 0.2905217889585826 0.08480340584130996
669.5 0.2905055696328637 0.08479213189402088
669 0.29022408230336555 0.08463221994249774
668.5 0.29067871273929463 0.0848970418149422
668 0.29008192633549634 0.08455365136894806
667.5 0.2903639701055471 0.08471642245904179
667 0.2905027444446292 0.08479559714443632
666.5 0.29047323688658855 0.0847700965121123
666 0.2895315414610992 0.08423040587740738
665.5 0.2898965877997901 0.08444627080472923
665 0.2901519990660135 0.08458946787484174
664.5 0.28991647258805203 0.08446207307026625
664 0.29009407920338176 0.0845675312637459
663.5 0.2905703952543744 0.08484621536642326
663 0.28985327189033805 0.08442733041827113
662.5 0.2902697362619074 0.08466018273246459
662 0.28967352625445963 0.0843088833062833
661.5 0.2898224476520416 0.084401901217301
661 0.29014100168094253 0.08456833686872972
660.5 0.28968938211633155 0.0843282281379896
660 0.2897904150076265 0.08438404442876662
659.5 0.2897642745512837 0.08436075150879832
659 0.28983120056035144 0.08440260827996254
658.5 0.2897917504246395 0.0843739249386964
658 0.28979534622990266 0.08437518374012787
657.5 0.2897878307989894 0.08437860622807702
657 0.28960150109515387 0.0842735801074461
656.5 0.28952234293032186 0.08424188104714245
656 0.290117182168501 0.08457675264616676
655.5 0.28933579695993694 0.08411618931266841
655 0.2897401394849828 0.08434229051841856
654.5 0.2895711203265142 0.08425948606846353
654 0.2895042912082638 0.08422363899141029
653.5 0.2894860508934599 0.08420775641323522
653 0.2897069640250973 0.08432816196260048
652.5 0.2894924632508611 0.08420930634275242
652 0.2895747904000308 0.08424762715747712
651.5 0.28983754003989637 0.0844181196922056
651 0.28969422137534184 0.08432336756797335
650.5 0.28936319339276617 0.08413788565986105
650 0.2897169709592833 0.08433730060391297
649.5 0.2899080671822368 0.08445998243486065
649 0.2894760879379607 0.08419353763045459
648.5 0.28957612093577834 0.0842623360070432
648 0.2892094859543544 0.08404252299747501
647.5 0.28886922472860305 0.08383723361616272
647 0.28931569305722254 0.0841060353231557
646.5 0.2890784301831704 0.08396800914389047
646 0.2896667835894043 0.0843152590693779
645.5 0.28908657170491747 0.08397911087804287
645 0.28913211562035873 0.08400823571897709
644.5 0.2892130070263735 0.0840445689045728
644 0.2891392266016365 0.08401191069943101
643.5 0.2890827039970735 0.08397711829065975
643 0.28914273837871846 0.08401809638259314
642.5 0.2894817510161862 0.08420894988231738
642 0.28898769568172517 0.08392958178595618
641.5 0.28912207648065247 0.0840097684755167
641 0.289020882346453 0.08395000015591465
640.5 0.2894333355605716 0.0841770320630763
640 0.28936851769575156 0.08413225429278591
639.5 0.2889215362532724 0.08388262750016649
639 0.289100279778069 0.0839789162051353
638.5 0.28923897563536655 0.08406312958722606
638 0.28907856789160136 0.0839651855308074
637.5 0.28847015281070715 0.08361357000193158
637 0.2888512938046717 0.08384016909363863
636.5 0.28871593807366164 0.08375332632547718
636 0.28871800030606204 0.08377071649679639
635.5 0.28948634165836484 0.08421170801308818
635 0.2886481975465046 0.08371442123431237
634.5 0.28841290596033714 0.08358568929467783
634 0.2885357368311067 0.08366417857379789
633.5 0.288470613471261 0.08362045877862691
633 0.28909399046973244 0.08397610616167864
632.5 0.2890435642574911 0.08394349864774803
632 0.28831244141075885 0.08352756436131668
631.5 0.2885250093559888 0.08366133988363669
631 0.2886135294277465 0.08370911667298722
630.5 0.28837394421980045 0.08357291707386134
630 0.28881565212944554 0.08382100669528898
629.5 0.2888915910726841 0.08386623779224994
629 0.28892221370630045 0.08387672573463781
628.5 0.2880977342270438 0.08339353481638695
628 0.28798839256884495 0.08334388503470738
627.5 0.288617033976069 0.08370485383996529
627 0.28873092700747943 0.08375924914671107
626.5 0.28829176825980946 0.08351324330508461
626 0.28807312056514506 0.08338297634352541
625.5 0.28821815532007017 0.08347009612253191
625 0.28787556487866117 0.08326688768881531
624.5 0.2880402504514966 0.08338241475427466
624 0.2879480876985658 0.08332586991431305
623.5 0.28808841807504815 0.08339104768751136
623 0.28855305264624326 0.08367267045585731
622.5 0.28774011527353494 0.08320086579995237
622 0.2880427919647396 0.0833750167611789
621.5 0.28820150058979394 0.0834699854901498
621 0.2881225055618882 0.08341957087603576
620.5 0.28786695993539296 0.08327079577731056
620 0.28822315358185313 0.0834789735202412
619.5 0.2879678020914112 0.08332491037058781
619 0.28798485174849997 0.08334302733635235
618.5 0.2877847812439547 0.08321527374686177
618 0.2880300076689 0.08335835422184769
617.5 0.2875532731283019 0.08308928069918874
617 0.2877130605346103 0.08318888287422738
616.5 0.28773744667039186 0.08319488570857149
616 0.2877699739638154 0.08321159187714929
615.5 0.2877163359675739 0.08318129328321072
615 0.28788250141940025 0.08327758658868503
614.5 0.2874931816205806 0.08305399201200044
614 0.2879768001642346 0.0833361785826928
613.5 0.2874484093642805 0.08302597597892585
613 0.2881169767642549 0.08341035429938344
612.5 0.2880199734898912 0.08335754693683442
612 0.28792791123116235 0.0833136579215772
611.5 0.2873372767244892 0.08296820278102861
611 0.28804966421712663 0.08337760141966473
610.5 0.28745505234940316 0.08304194333301515
610 0.2873204900664808 0.08294438476569874
609.5 0.2875033898868323 0.08307137265776222
609 0.2875146985274685 0.08307408727059704
608.5 0.2880738421826179 0.08339423376919641
608 0.28744867030661164 0.0830341987778592
607.5 0.28740095878517424 0.08300134363011703
607 0.28714689132399507 0.08286160307281884
606.5 0.2871744755555978 0.08287695428634334
606 0.2875111608543289 0.08307997779067726
605.5 0.28735085062666554 0.08297559423759845
605 0.2872145631588866 0.08289439475560531
604.5 0.2873390881827171 0.08296550978424391
604 0.2873498197883055 0.0829729704670766
603.5 0.2870942828396721 0.08282559430723703
603 0.2870386328371567 0.08278774469179381
602.5 0.2875711478700967 0.08310755902754625
602 0.2868247714084165 0.08266584463190772
601.5 0.2869516741141508 0.08274170720410225
601 0.2864305067386714 0.0824430529461219
600.5 0.2867313791477398 0.08261769277133191
600 0.2868678319174807 0.08268480056526457
599.5 0.28668387723250277 0.08259310698256024
599 0.2863419805733079 0.08239804672695798
598.5 0.28686845731811783 0.08269499037242742
598 0.2866354657844891 0.08256600071473312
597.5 0.2869005464472288 0.08272183903844749
597 0.2868746455180883 0.08270414041324572
596.5 0.28708849683283966 0.08282659220560222
596 0.28651457788948914 0.08248679055739383
595.5 0.2867563898134287 0.08262681504860032
595 0.2868456789974201 0.08268441961876524
594.5 0.2867277746769221 0.0826076414173096
594 0.286649131534196 0.08258278911535272
593.5 0.28642952088455903 0.0824476355533362
593 0.28657838664911933 0.08252482990056223
592.5 0.2868416455887538 0.082698004488747
592 0.28622455082452647 0.08233499974945839
591.5 0.2866355724069671 0.08256421722361403
591 0.2865101374266147 0.0824786345733621
590.5 0.2865057964092482 0.08249280393084053
590 0.28625964594598385 0.0823500584184712
589.5 0.28641402451469355 0.08243542742547681
589 0.2866482154179962 0.0825667126572919
588.5 0.2863730417122174 0.0824199545843954
588 0.2861020944713254 0.082269035822851
587.5 0.2859025615314463 0.08214922983248009
587 0.2855353233847827 0.08192999243816051
586.5 0.285769231735037 0.08207031840013806
586 0.2859745469479943 0.08218957418938831
585.5 0.2861995157210413 0.08231437691488616
585 0.2853350049410498 0.08181680221411514
584.5 0.2860598342463588 0.08223192654943773
584 0.28550060228822427 0.08191886856144794
583.5 0.2862851178978153 0.08236504390934382
583 0.28611744396707217 0.08226660408265166
582.5 0.28574819055336453 0.08205345885706132
582 0.28578722964557485 0.08208145064109332
581.5 0.2862971642844427 0.08236837583732312
581 0.2861591183602668 0.08227928447960214
580.5 0.28609368501725296 0.08225290543982453
580 0.2857389658287957 0.08204494467221538
579.5 0.2861024441131176 0.08226404797141841
579 0.2855943137440235 0.08196918351852904
578.5 0.28593681130162185 0.08216491532533528
578 0.2861599496805228 0.08229311734605937
577.5 0.2859024888907884 0.08215369661253905
577 0.2854072331700102 0.08186309831404269
576.5 0.2851417710516222 0.08170877076633208
576 0.28525374449699903 0.08177214881487796
575.5 0.285471051804976 0.08189148136158854
575 0.28560073236922556 0.08196563806576618
574.5 0.2855976160852391 0.08196950881483496
574 0.28552961523172316 0.08192632248353825
573.5 0.2850781937934574 0.08167609367583517
573 0.28568580534173066 0.0820126788395874
572.5 0.2852619855553466 0.08178431118216913
572 0.28529393066053416 0.08179200187627063
571.5 0.2846875288595981 0.08145615701124552
571 0.28523493078888046 0.08176977536826403
570.5 0.28514238910559425 0.08171668704586976
570 0.2850485259170105 0.08166139816638034
569.5 0.2849725633251737 0.08160508811129875
569 0.28570654774107496 0.0820346039790005
568.5 0.2851807235383027 0.08172953595744875
568 0.28475929092906266 0.08148747249462737
567.5 0.28506203884851095 0.0816690145847387
567 0.28503014303813246 0.0816426306415395
566.5 0.28478437461496775 0.08150226105207711
566 0.2850413645609936 0.0816543853771797
565.5 0.28470465134809814 0.08146107475297214
565 0.2846199074797167 0.08140683069429996
564.5 0.2849165480172198 0.08158513968165115
564 0.28460683855158997 0.0814096618624853
563.5 0.2844843201737011 0.08133106375640016
563 0.28467367711136876 0.08146407085973464
562.5 0.2848652416381939 0.08155294502996863
562 0.284783272224195 0.08150229197702534
561.5 0.2842871781523923 0.08122338686349745
561 0.2842423037354112 0.0811916489930683
560.5 0.2848222332584003 0.0815292797233172
560 0.2845229479529144 0.08135051975935963
559.5 0.284683455999694 0.0814437815312412
559 0.2846097339922662 0.08140867334533876
558.5 0.28483380250643575 0.08152638817212163
558 0.2846053334782101 0.08140310280435974
557.5 0.28435235139125464 0.08126287703888162
557 0.2841179381645045 0.08112591260850752
556.5 0.28386712451222135 0.0809655524535367
556 0.2846714779919038 0.08144385941056836
555.5 0.2839340777351819 0.08101260618435514
555 0.28385969233027974 0.08098000967953817
554.5 0.28430628542829717 0.08122839942840032
554 0.28404086525487576 0.08108718941275478
553.5 0.28402457035668444 0.08108123626365574
553 0.2837288689408895 0.08091370492810017
552.5 0.28365297376744364 0.08086663380733607
552 0.28418514601945 0.08117089166867483
551.5 0.28422128820396486 0.08118391537091205
551 0.28404606176014147 0.08109245544819277
550.5 0.28341294144149853 0.08071960462297773
550 0.28346482157785957 0.08075110417168438
549.5 0.2840360239511462 0.08108100958792358
549 0.2835002498867854 0.08078270637698269
548.5 0.2837169325014287 0.08089948332620188
548 0.28402729913264263 0.0810742710178074
547.5 0.28390715469856026 0.08101497405657493
547 0.28360469795081206 0.0808444790647876
546.5 0.28387786226990946 0.08098754105230403
546 0.2832862172927715 0.08065179575866346
545.5 0.2837698822637759 0.08092854985245376
545 0.2834820205017268 0.0807703953111165
544.5 0.28328862295337953 0.08065853873589669
544 0.28340950395481684 0.08072522053906858
543.5 0.28318626808626907 0.0806056173423487
543 0.28373637091282583 0.08091128232568727
542.5 0.2832502592039137 0.08062860473216768
542 0.2832429775321746 0.08062736297622608
541.5 0.2831713996842132 0.08058652839361088
541 0.28309993428069335 0.08054827349522867
540.5 0.28249150749008806 0.0801996247748348
540 0.28344248305444975 0.08074573507072358
539.5 0.2829181651993015 0.08044972652905334
539 0.2831679291808229 0.08058353504337507
538.5 0.2828825221256575 0.08043110241244557
538 0.2829841445461991 0.0804796589704663
537.5 0.283418683467197 0.08073483311249167
537 0.28308965314083695 0.08053925227147535
536.5 0.2825643861442148 0.08024423799122693
536 0.28271621677088205 0.08032484015625829
535.5 0.28321491792049763 0.08061420514219657
535 0.2825548420695218 0.08024633617465605
534.5 0.2829896501235781 0.080483327328713
534 0.2830116613848277 0.08050244593912421
533.5 0.2832423099391416 0.08063366526179018
533 0.28294284691256766 0.0804557260275411
532.5 0.28268454004735544 0.08031335437519807
532 0.2825113780468683 0.08021399875184505
531.5 0.282844837360316 0.08039891604624502
531 0.28257150898713035 0.08025302539603893
530.5 0.2827393993108715 0.08034837914218958
530 0.28243798089533356 0.0801818733477894
529.5 0.282553706991956 0.08022263696064111
529 0.28224667047305746 0.08005616603557944
528.5 0.28243974004073213 0.08018798163443602
528 0.2823024562619458 0.08011135950598189
527.5 0.2822535709061523 0.08007217949869024
527 0.28215090152664246 0.0800066496405828
526.5 0.282283061676277 0.08007866431523043
526 0.28192962641379643 0.07989113274111517
525.5 0.2821610944087666 0.08000521671456785
525 0.28185739932520126 0.0798432597389876
524.5 0.2816453609643382 0.07973252311004715
524 0.28212141520269246 0.07999357658979143
523.5 0.28153982783007325 0.07967935634034519
523 0.2826634608610132 0.08029816424985008
522.5 0.28182740583367893 0.07983208620405177
522 0.28224143426328535 0.08007288877613258
521.5 0.2815605450851992 0.0796850769955274
521 0.2817050011467342 0.07975865242430669
520.5 0.2813518580795848 0.07956973259748368
520 0.2815618913484039 0.07967574433060881
519.5 0.28153496408683054 0.07966525551480635
519 0.28187962272679223 0.07986563191745465
518.5 0.2813193235911065 0.0795460114919143
518 0.2819353689611245 0.07988755988262196
517.5 0.2820089129818327 0.07993359545587937
517 0.2815325452155188 0.07965649271320038
516.5 0.28146225490043164 0.07962894390764723
516 0.28159499764025653 0.07969326077347692
515.5 0.2811954383994625 0.07946503787959809
515 0.2813172962348957 0.07954128954291777
514.5 0.2816129057695725 0.07970974495403504
514 0.28142395223280575 0.07959858247647511
513.5 0.281197529764809 0.07948448509853714
513 0.28105338590487683 0.07940014839660693
512.5 0.2815279648602012 0.07966011067707095
512 0.2811650275680342 0.07944340112268622
511.5 0.28102491148006975 0.07937573053800905
511 0.2814301015621962 0.07960917330815757
510.5 0.28143868014507506 0.0796184576132848
510 0.2811233187289071 0.07943077241216849
509.5 0.2810485659845939 0.07938440456133818
509 0.28098474209956376 0.07935452946837539
508.5 0.2805117814907012 0.07908118871260285
508 0.2810182151292185 0.07937357203754228
507.5 0.2806574856823202 0.07917325601549777
507 0.2809558562724224 0.07934619898410632
506.5 0.28105112578580205 0.07938624831240848
506 0.28061169259309854 0.07914294563612259
505.5 0.28040403291599514 0.07902745381162501
505 0.2806763528035487 0.07918406479424954
504.5 0.28055161840366233 0.07911245392767878
504 0.28056748427201267 0.07912980202584147
503.5 0.2800647044598882 0.07882773633883212
503 0.2805416797925903 0.0791053809776226
502.5 0.2806942330947608 0.07917630206186554
502 0.28027293115264035 0.07895414647584757
501.5 0.28112852795005 0.0794340485394864
501 0.2803122311516692 0.07898214027482679
500.5 0.28026266685672996 0.07895707445805882
500 0.28079524997633193 0.07923580403882284
499.5 0.280462814693794 0.07905720487364275
499 0.2802568203264716 0.0789454919052471
498.5 0.2799245517844137 0.0787669802726445
498 0.27991576615601005 0.07875182148992807
497.5 0.279624530930728 0.07859133111262381
497 0.2802537416058628 0.07893035087054187
496.5 0.27997808966694326 0.07879239313916295
496 0.2798540199494285 0.07872660366927978
495.5 0.27998335838879546 0.07879136655887314
495 0.2796748768875211 0.07861767815229283
494.5 0.28041151669792225 0.07903898016543952
494 0.2794743252347589 0.07850708021963947
493.5 0.2796396750944023 0.07860461117940624
493 0.27962708672926706 0.07861101990072297
492.5 0.2797303944972839 0.0786483592521875
492 0.27963620205126755 0.07859240367954305
491.5 0.27915591366836556 0.07832654212448098
491 0.2790919842941028 0.07829367865748238
490.5 0.27931814647627873 0.07842411478910702
490 0.2790142165005588 0.07825688344400569
489.5 0.27984482852713904 0.0787250113725388
489 0.27898051178784417 0.07823300857830277
488.5 0.2795623501937571 0.07855713161773152
488 0.27982669649081976 0.07870365029293136
487.5 0.2792474282474705 0.0783893294816234
487 0.2788733905505994 0.07816756486297219
486.5 0.2792721483629247 0.07839971341172458
486 0.27893022307844706 0.07821096456162563
485.5 0.2791608648464863 0.07832625053816718
485 0.2789707408922812 0.07822522371640303
484.5 0.2790378052707859 0.07827171421407038
484 0.2785878938866866 0.07800455107645508
483.5 0.2784178118511619 0.07792328395567427
483 0.27955457738296796 0.07855647557287836
482.5 0.27855858169082454 0.07799653176217054
482 0.2790063729230506 0.0782360638885128
481.5 0.27878844865084146 0.07812891524708343
481 0.2788456975727564 0.07816024773441226
480.5 0.27904441409666086 0.07827535990079534
480 0.27825121522112145 0.07782661915845197
479.5 0.27820142158688765 0.07780641650826786
479 0.2786723814356833 0.07805889285145055
478.5 0.27872451214529653 0.07808642802022839
478 0.27794152496146785 0.07765673795921442
477.5 0.27856776728607807 0.07799111430754287
477 0.2778277310032609 0.07758358142328042
476.5 0.2788255453473905 0.07815394902376104
476 0.2782245671069256 0.0778133234016922
475.5 0.27800312323973103 0.07769227525392344
475 0.27809503787492745 0.0777437632322507
474.5 0.2779728247151473 0.07766174367611181
474 0.2778288406170911 0.07758646362736966
473.5 0.2774305031359918 0.07737756666731521
473 0.27766667841158843 0.07750879858020415
472.5 0.27774865239286495 0.07754389712197102
472 0.2782136152683328 0.07780419312280143
471.5 0.27788842702684685 0.07762573534729654
471 0.2773133236251307 0.07730876897469757
470.5 0.27709994666767673 0.0771854612335551
470 0.2777678309329137 0.07756012860563767
469.5 0.2776504349337331 0.07749491962845731
469 0.27772323614863004 0.07752977614494905
468.5 0.2769094274787376 0.07709145566233322
468 0.2776529495105912 0.07749558720852923
467.5 0.27758311782931167 0.07745287703259848
467 0.27730955428505993 0.07730150392558097
466.5 0.2769622289329494 0.07710388151592588
466 0.27741982688606265 0.07736772358446391
465.5 0.2771923669831539 0.07723054425616682
465 0.27675680181457385 0.07700048153165268
464.5 0.27694905104255985 0.07709625305546529
464 0.27696794269083763 0.07710412957608721
463.5 0.27685692138430484 0.07705824559744816
463 0.27638976199963694 0.07678611977299449
462.5 0.27709028339384634 0.07717014070469533
462 0.2768285654959101 0.07703948219785901
461.5 0.276424593611114 0.07680360719585652
461 0.2769211114992896 0.07708917037219533
460.5 0.2763776205478407 0.07678142577013711
460 0.27659244045949744 0.076911429808113
459.5 0.27681292645494177 0.07702770353768168
459 0.27689453425749505 0.07707304026571933
458.5 0.27661024730256717 0.07691042621708154
458 0.2760651115139187 0.07662978772902206
457.5 0.2768213046876739 0.07702012396140513
457 0.2766711267910905 0.0769426395633761
456.5 0.2760817812651663 0.07662785359481548
456 0.2764690763779093 0.07683448945622565
455.5 0.27610204744082206 0.07663713421186029
455 0.27618397777919595 0.07668726839316067
454.5 0.2762915246284553 0.07674779286978271
454 0.27626068977791335 0.07672008809057591
453.5 0.276364074215173 0.076780381199978
453 0.27587153548860704 0.076503494832704
452.5 0.2757954394551632 0.07646405814394992
452 0.27623981430517197 0.0767109471900289
451.5 0.2760757213916741 0.07662014169363177
451 0.27641459817585745 0.0768102184342321
450.5 0.2762079437023344 0.07670321250765394
450 0.2760122570031471 0.07658450114407835
449.5 0.27577700898170904 0.07644188045049427
449 0.27580693454614696 0.07646522840892135
448.5 0.2756768722158371 0.07638499695995217
448 0.2759070805379673 0.07653143034719188
447.5 0.275341357966311 0.0762168834813313
447 0.2753957751657984 0.07625195500996265
446.5 0.2749926855030155 0.07602778740841389
446 0.27509667295981355 0.07607406973424002
445.5 0.2749579274287894 0.07601178745942129
445 0.27532808332438274 0.0762140285423574
444.5 0.2750830529637293 0.07606015785291624
444 0.27510689330567384 0.07608379231324021
443.5 0.274912140422794 0.07597951339601235
443 0.2749817137189024 0.0760193240203723
442.5 0.27478345867668563 0.07590626472418407
442 0.2751340033411468 0.0761020214252583
441.5 0.2748408035479425 0.07593893633478685
441 0.274662986124477 0.07583119577837692
440.5 0.27501416740324247 0.07603175181846865
440 0.2747360243211607 0.07588015746920057
439.5 0.2746169962610114 0.07581710299313461
439 0.2747695082388732 0.07589760684827462
438.5 0.274758028370401 0.07590553342371507
438 0.2745911987078627 0.07580334081331305
437.5 0.27398126506496173 0.07546606202188075
437 0.2747210298394379 0.0758733462710452
436.5 0.2742736939427688 0.07562610371441848
436 0.27418184759557385 0.07557154110273263
435.5 0.2744400880522679 0.07571439590719896
435 0.2744388335461243 0.0757141309785073
434.5 0.2737472135793802 0.07533832701641567
434 0.27370412325235627 0.07531614384969737
433.5 0.2744895488630199 0.07573579386108115
433 0.2742359006918578 0.07560229309970792
432.5 0.2737846638679585 0.07535558437417551
432 0.2739351647589837 0.07544106881865095
431.5 0.2741966760387132 0.0755912329072215
431 0.27310098518427134 0.07497792749202498
430.5 0.27377373805098343 0.07534991589525664
430 0.27380775513272226 0.07536599453665667
429.5 0.27384530486911396 0.07539307170792539
429 0.2734812787199481 0.07519218872924442
428.5 0.27353057224820865 0.07522439884549191
428 0.2736155217822087 0.0752552352321356
427.5 0.27333949169736144 0.07512168615191092
427 0.27324715223755536 0.07505630690165412
426.5 0.2732305644913327 0.07505462025797364
426 0.2735286662435514 0.0752154665798994
425.5 0.273409768505527 0.07514582079170629
425 0.2731566399775388 0.07501734354217937
424.5 0.27346629423406565 0.07518757164919239
424 0.2727601441910344 0.07479657758898135
423.5 0.27261096841759075 0.07472071095975619
423 0.2727536321377537 0.07479441944720618
422.5 0.27332136001202656 0.07509378245343704
422 0.27290660058719457 0.0748752340806866
421.5 0.2726304284621458 0.07473888359284701
421 0.2728714512306612 0.07484816793123213
420.5 0.2727944729054935 0.07481362290717071
420 0.27191745802973066 0.07431922352823617
419.5 0.27240528013378845 0.0746026779802905
419 0.27257809472314287 0.07470196306424658
418.5 0.2720116714760711 0.07438880151854943
418 0.2719596525720271 0.07436752589864322
417.5 0.2722208257685481 0.07450291834280635
417 0.2718910318253374 0.07432548338849497
416.5 0.27182874331070356 0.07428422977243355
416 0.2726178580902592 0.07471965268704506
415.5 0.2716937510244203 0.07421857580301133
415 0.27213171617530524 0.0744624602791733
414.5 0.2717662535378386 0.07425438409147206
414 0.27187889928787906 0.07430770139497456
413.5 0.27119139325455516 0.07393896494607995
413 0.2717735463142895 0.07426004409588231
412.5 0.27199499840475233 0.07437989636593602
412 0.27172020954343307 0.07423150901323057
411.5 0.27155452567389565 0.07414405924178158
411 0.2711728541246737 0.07392895698102873
410.5 0.2716084577362092 0.07417006306133422
410 0.2714929324476491 0.07410712228101918
409.5 0.27113041347928785 0.07390783607536157
409 0.2710694107513845 0.07388022406843965
408.5 0.27060857786545023 0.07361748369795967
408 0.27110494882066116 0.07390987483362052
407.5 0.27141693391193533 0.07405635128465735
407 0.27060851003577147 0.07362430866452575
406.5 0.27115992418978807 0.07392312463646615
406 0.27090198896512285 0.07378740213121046
405.5 0.2710147072840903 0.07384748145820275
405 0.2704598895954104 0.07354784351584714
404.5 0.2712160904324491 0.0739617812508338
404 0.2705297517857086 0.07356945234720516
403.5 0.27064322101751415 0.0736632326425272
403 0.2705716593443881 0.07360504865500966
402.5 0.27052637779314037 0.07358349001012
402 0.27077263100678306 0.07371318801888299
401.5 0.27064672821303787 0.07364109953676219
401 0.2700718491933069 0.07335259041501713
400.5 0.27028394632104336 0.07345321986909215
400 0.27023688574662835 0.07343104117576449
399.5 0.26969124164397595 0.07313896523848226
399 0.27033800507107436 0.07347472075915237
398.5 0.27042458129996944 0.07351852688602659
398 0.26956172608121326 0.07306495554645438
397.5 0.269579004623269 0.07308036895412634
397 0.269855817351718 0.07320786811526565
396.5 0.2694517241229161 0.07299104806065888
396 0.269626941278151 0.07310746073407604
395.5 0.2700837163980026 0.07334917261911854
395 0.2693479683968412 0.0729505867734438
394.5 0.26963574253262657 0.07310106741844043
394 0.26894614770069164 0.07272457381214291
393.5 0.2699198412459771 0.07324753053768918
393 0.26920825145647936 0.07287716117424478
392.5 0.2692708259528667 0.0729050363137483
392 0.26919929631519957 0.07285444871038294
391.5 0.2689452904823703 0.07273054764156359
391 0.26908930118999913 0.07281754482406402
390.5 0.26940201916842355 0.0729762623394414
390 0.26852713190214567 0.07251596683744804
389.5 0.26862072303253137 0.07255690753815776
389 0.2689929886746253 0.07276652934965343
388.5 0.2683458493918765 0.07239920003855864
388 0.2687188905213249 0.07261052167489501
387.5 0.26888656220998475 0.07269992437878853
387 0.26794160079369894 0.07219408666728332
386.5 0.26847737554353285 0.0724761007532281
386 0.26795637756893265 0.07219909201585188
385.5 0.2679212724706692 0.07217606157917456
385 0.2681145477562815 0.07228598787210158
384.5 0.26768149548356857 0.07206042838391144
384 0.2687244550248849 0.07262522629256218
383.5 0.2681559458818799 0.07231759926532154
383 0.26783203827261837 0.0721315729248014
382.5 0.26801626218747865 0.07222545432727728
382 0.2678854009932959 0.07215682057716487
381.5 0.26782832363876324 0.07213504535928043
381 0.2678786640050435 0.07215861639163394
380.5 0.26780312664435396 0.07210738954568069
380 0.26710358402147927 0.07174238164755187
379.5 0.2675324864775808 0.07197254680024612
379 0.26748998298059196 0.07193920693298492
378.5 0.26746084285190513 0.07193392377532869
378 0.2675651838041025 0.07199480838713826
377.5 0.26699569138244333 0.07168218104070685
377 0.2672917151320376 0.07183211061418278
376.5 0.26636270240160687 0.07134794801789121
376 0.26644916044885647 0.071391795827064
375.5 0.2670845304600413 0.07173621628988285
375 0.2669725710847425 0.07167063560001101
374.5 0.26700776865014736 0.0716951342322126
374 0.2671398123609713 0.0717615106999019
373.5 0.26664814786125746 0.07149288600512478
373 0.2670449662794568 0.0717095373382043
372.5 0.26649091156608284 0.07140997563488076
372 0.26617008925219526 0.07124966293360863
371.5 0.2665703895594275 0.07144998392786656
371 0.26632020390778327 0.07134202549466145
370.5 0.2662737119400413 0.0713004818807828
370 0.2663070560568963 0.0713176405501704
369.5 0.26570537674477934 0.07100318562536301
369 0.2660372839168448 0.07117736089007226
368.5 0.2657511363846717 0.07101627332194688
368 0.2656746091194698 0.07097651835969432
367.5 0.2654712362039703 0.07085670445322124
367 0.26557780480357346 0.07092671223468953
366.5 0.2655880884340785 0.0709298235932536
366 0.26534875807136493 0.07080304541262182
365.5 0.26619071939642597 0.0712585441789838
365 0.2650948731746665 0.07066430425734832
364.5 0.2656043381948247 0.07093688737672844
364 0.2653130343296711 0.07078846129268472
363.5 0.2652688704772588 0.07076325180654312
363 0.2651316154430669 0.07069872112677429
362.5 0.2649985547038034 0.0706117915487623
362 0.2652222085885134 0.0707271648745199
361.5 0.26541114769077273 0.07083834946855723
361 0.26528921965419333 0.0707720215271177
360.5 0.2643862458008977 0.07028576125066771
360 0.26451489789810256 0.07037003531040151
359.5 0.26452041451125696 0.07035981481203955
359 0.2644748080982173 0.07034952116876286
358.5 0.26396819556780643 0.07006003995475502
358 0.26415689045362734 0.07018134680789107
357.5 0.26413701961287545 0.07016703635119831
357 0.26417003091341473 0.07018091522426269
356.5 0.26401552083366814 0.07010325260984052
356 0.2641544678226217 0.07015933764873258
355.5 0.2643934306559089 0.07028971035500568
355 0.2641266883484152 0.07016653134364312
354.5 0.2638553448641665 0.07000776428565265
354 0.26409390383036124 0.07013563148507017
353.5 0.2639252319473581 0.07004876598346013
353 0.26368598031053836 0.06992112668148744
352.5 0.2636038878068717 0.06988688493266446
352 0.26333688084147894 0.06974240518422763
351.5 0.26312700369281444 0.06963749591017139
351 0.26330646977940525 0.06971966847915675
350.5 0.263254073538251 0.06969912993661068
350 0.2633577327636066 0.06975649822547592
349.5 0.26287312907240207 0.06949931705270286
349 0.26289726846311356 0.06949755578619034
348.5 0.26212489735327726 0.06909265113281897
348 0.26302969625822026 0.06957974875811353
347.5 0.26255665220655405 0.0693250328948277
347 0.26279605242320847 0.06945586827148255
346.5 0.26236044758559646 0.0692274831106233
346 0.26271720687543043 0.06941052246776235
345.5 0.2624828460881933 0.06927824986226615
345 0.2619649580685429 0.06902423763000136
344.5 0.2621773495726462 0.06914068553788849
344 0.26156842726515916 0.06880421164609657
343.5 0.2615035348124434 0.06877821149842156
343 0.2623912262421758 0.06924701123199575
342.5 0.2623809990258219 0.069237262814819
342 0.26190674105156303 0.0689963195396305
341.5 0.26179841361927075 0.06892518046159725
341 0.26184677733802186 0.06896261905252739
340.5 0.2619285423716502 0.0690072142681416
340 0.26164788409303147 0.06885104607121095
339.5 0.2617741276403548 0.06891855263713768
339 0.2611952149959601 0.0686097044980634
338.5 0.26094385982058727 0.0684909023938313
338 0.2610772928566192 0.06855823600677734
337.5 0.2607103607668099 0.06836060004767888
337 0.26124963622297404 0.06864329857671478
336.5 0.2610929175251628 0.06856349501300822
336 0.2608632767420138 0.06845244887619045
335.5 0.26056154222732886 0.06828585812965116
335 0.26072089599244125 0.06836207941273865
334.5 0.26060173111307733 0.06830630697922165
334 0.2605085169021559 0.06824998351016542
333.5 0.2605603313195297 0.06828268482841303
333 0.26022944630015316 0.06811630493726833
332.5 0.26011857617890866 0.06806320833556452
332 0.25952828914685544 0.06773970083029542
331.5 0.2600064298132997 0.06799382236429269
331 0.2597315913719356 0.0678418490374831
330.5 0.25933337670193046 0.06765602232449132
330 0.2598257227161767 0.06790800581340102
329.5 0.2597026040040735 0.06783952970104992
329 0.2593379928546793 0.06764170973333297
328.5 0.259550249726822 0.06776043872841073
328 0.259256222432403 0.06760011395151977
327.5 0.25972092294621674 0.06785072397107789
327 0.25864684172652835 0.06729103196607049
326.5 0.2590340224243706 0.06748819998026928
326 0.25958475734255637 0.06777159138944276
325.5 0.2586906687602151 0.06731288133317415
325 0.2588387053990739 0.06738875792843198
324.5 0.2583963884328848 0.0671573891958451
324 0.2585912820627991 0.06725490114123141
323.5 0.25889716980462824 0.06741819857098388
323 0.25924435239852667 0.06759743156956295
322.5 0.25787208728367167 0.06687899422423432
322 0.25828240669862695 0.06708161590840353
321.5 0.25795158571152255 0.06692701266378209
321 0.2576870670080118 0.06678711417120752
320.5 0.25796966319840503 0.06694498706137664
320 0.2580882601368315 0.0669967803254932
319.5 0.25769230109257774 0.0667944989838449
319 0.25796646285570973 0.06693650362039084
318.5 0.2578626517008775 0.06689190271149015
318 0.25713737391880376 0.06651348521165637
317.5 0.2572101895441761 0.06654789395198456
317 0.25761493528958873 0.0667534611157737
316.5 0.257090017575021 0.06647524326842971
316 0.25740013325623884 0.06664522785576765
315.5 0.25688856266700716 0.06637257952870493
315 0.2565584494605874 0.06620842556283654
314.5 0.25686332892926 0.06637419412072741
314 0.25631096948368104 0.06608655567125266
313.5 0.256149901310604 0.06601330707533384
313 0.2561407194641857 0.06598680863059166
312.5 0.2560244437359904 0.06593546607212704
312 0.2565304678030491 0.06620638494548581
311.5 0.25592773742597075 0.0658857003315634
311 0.2557958164988713 0.06581313356504405
310.5 0.25597109480260877 0.06591006717064798
310 0.25570084325677084 0.06577328546487204
309.5 0.2561741314953857 0.06601374497668301
309 0.2559348740948012 0.06589308121504511
308.5 0.2552536056588907 0.06554369203936901
308 0.25536131204921847 0.06558879089126862
307.5 0.2556524667216391 0.06574969921429279
307 0.25514191593724517 0.06547768812695559
306.5 0.255220727798549 0.0655212054893752
306 0.2550102712776222 0.06540973953170372
305.5 0.25490580251780354 0.06536323300034631
305 0.25462174822744355 0.06521705762849848
304.5 0.2547008208612509 0.06526782744487265
304 0.2549089707935582 0.06537150776537856
303.5 0.254281882790979 0.06504677214311988
303 0.2543095669026299 0.06505453794380278
302.5 0.2544681252514339 0.06514271596895392
302 0.2542220747829086 0.065007448987097
301.5 0.2538930232359089 0.06484798164601167
301 0.2543300663915485 0.06506956793213682
300.5 0.2540206019503599 0.06491618853686063
300 0.2529302765683158 0.06436494564973844
299.5 0.2535492308712081 0.06467049534774928
299 0.25333345008370317 0.06456714807519223
298.5 0.2531572202167341 0.06447226886264563
298 0.2533969300833236 0.06457767532037599
297.5 0.25340586795515396 0.06460646609864207
297 0.25323608374340256 0.06450709109088891
296.5 0.25270460040069775 0.0642430577811479
296 0.2527613159188172 0.06427644001097296
295.5 0.25317487509616804 0.06448308937503301
295 0.25216714102747045 0.063975646649647
294.5 0.25274635302988335 0.06426705377930254
294 0.2531043470621873 0.06444296185954732
293.5 0.25276891394294504 0.06427010556750849
293 0.25228708757821605 0.06403295053112855
292.5 0.2521927606615299 0.06398808624555766
292 0.25199278332923275 0.06388709264933108
291.5 0.25215070009829205 0.06395558228691939
291 0.2515824269843434 0.0636822816819194
290.5 0.2512635196440874 0.06351570190842164
290 0.2512215417820398 0.06348603928689799
289.5 0.2513361837194429 0.06354924258525993
289 0.2514115109688197 0.06358671909005625
288.5 0.25127839550204667 0.06352270483795634
288 0.2515603771552492 0.06366805194908941
287.5 0.2510747625942423 0.06342445772248355
287 0.2508995823795361 0.06333012451326615
286.5 0.2503921724900575 0.06308662197605687
286 0.251237527690021 0.06350958372093571
285.5 0.2506882504773258 0.06322256275702164
285 0.2507882145369534 0.06327899250490922
284.5 0.250347121470047 0.06306709632125934
284 0.24995801137946835 0.06284443413492678
283.5 0.2499582635879154 0.0628645761193216
283 0.25013040963121114 0.0629478639818422
282.5 0.25066453057117577 0.06321929186903491
282 0.24951727318014894 0.06264059504541011
281.5 0.2489427384431569 0.06235032394240824
281 0.24918639037044585 0.06247190039254424
280.5 0.24911262168117965 0.06245219458497002
280 0.24926829021655736 0.06251602365306173
279.5 0.24921274128235582 0.06249044037708375
279 0.24987597770094067 0.06281791314511044
278.5 0.24884027349912902 0.06228985824421066
278 0.24830778870695447 0.06204071833991903
277.5 0.24872896752060616 0.06225113018480559
277 0.24873151875007354 0.062248228161280755
276.5 0.2484291314380469 0.06209060480032023
276 0.2483717222889855 0.062066175467737995
275.5 0.24822670160850724 0.06200520692419308
275 0.24801240389498502 0.06188482122840829
274.5 0.24809626830303377 0.061932810569728165
274 0.2482230094843663 0.06199900709928737
273.5 0.24766183654942417 0.06171507521859447
273 0.24754799038191785 0.061655542786710066
272.5 0.24720818528727947 0.061486635859199626
272 0.24757213019385427 0.06166553978640774
271.5 0.24699310585410628 0.06137363065809227
271 0.24672213115909994 0.061259108816981864
270.5 0.2472605526571175 0.06151801754148957
270 0.24649776623935057 0.06112988515640088
269.5 0.24670679003546597 0.061240713027017175
269 0.24679181190950417 0.06128482797133955
268.5 0.24625308403420984 0.061030088216936104
268 0.24629666537383016 0.06103375814753228
267.5 0.24606147542008333 0.06092734867908357
267 0.24617899977515087 0.06098425111003994
266.5 0.24617487019358275 0.06097820657168382
266 0.2455163178886867 0.0606585686534417
265.5 0.24533230213119242 0.06057359889492004
265 0.24516992463208717 0.06048501058566136
264.5 0.2451920359746853 0.06050728752781806
264 0.24450751718504574 0.06016428783895008
263.5 0.24457966836182335 0.060187781979156516
263 0.24465753228558856 0.06023167478088495
262.5 0.24485233053262911 0.06032892837663118
262 0.24502853146743578 0.06042477347700583
261.5 0.24433624049023964 0.060081215918443114
261 0.2442021120131117 0.060020510544942784
260.5 0.24367321088439478 0.059762535722058904
260 0.2439563847086202 0.059892637800452
259.5 0.24397930659964842 0.059899901111453505
259 0.24401648785819927 0.059917344575540946
258.5 0.2435293650504253 0.05967849600035418
258 0.24360795187278653 0.05971879162431705
257.5 0.24317197511353944 0.05950141049546236
257 0.243218897075156 0.05953050220128093
256.5 0.2431365790789328 0.059488990296264144
256 0.24343457435558233 0.059630585926366844
255.5 0.24305847943983946 0.05944558964760466
255 0.2425384784643748 0.05920113462525189
254.5 0.24209877997298795 0.05898703017262797
254 0.24225365635890753 0.05905526729460344
253.5 0.24254315257395065 0.059204708026763024
253 0.24164246975410952 0.058758602849552394
252.5 0.24187854988146218 0.05887610842961291
252 0.2420174350276473 0.05894416447797335
251.5 0.2417279645630107 0.05880960183380832
251 0.2417334002555011 0.05881689009948841
250.5 0.24156088373596288 0.05872556140575313
250 0.24055612421211622 0.05823666781363096
249.5 0.2407159877474426 0.05831388194210129
249 0.24084608140594183 0.05838092526201489
248.5 0.24059553167638809 0.05824695039596395
248 0.2404938186310416 0.05820424104648805
247.5 0.2395515278574349 0.057757754155825694
247 0.24039594437982725 0.05815417764295777
246.5 0.2401743514555098 0.058070165058882676
246 0.23981185857665402 0.057872100966815124
245.5 0.23992896220708393 0.057929833663024344
245 0.2396032258057219 0.05778783403951953
244.5 0.23933872229430891 0.057653591258166756
244 0.23909740109448327 0.057540805755827415
243.5 0.23908695608168187 0.057526627672023836
243 0.23886404833211694 0.057413453627388214
242.5 0.23867284091793886 0.05733762124855996
242 0.23859667915385058 0.057300959135410334
241.5 0.23819173933370594 0.05710805768555824
241 0.23840797326126256 0.05719852584270523
240.5 0.23880477677701994 0.057400554624696974
240 0.23808441071453004 0.0570490160419854
239.5 0.23847664535912233 0.057231526211590625
239 0.237822061106757 0.05691811854655876
238.5 0.23766381460115213 0.05684417738619081
238 0.23768394447553676 0.056855711546533905
237.5 0.2374724732082925 0.056758609660815924
237 0.23706721434125416 0.05655155478896369
236.5 0.23627747512301814 0.05618899719378646
236 0.23691598147137682 0.0565015183422128
235.5 0.23644516039673039 0.05627232152481319
235 0.23640681398220992 0.056256762612296195
234.5 0.23615238144241982 0.0561398790609684
234 0.2357863180280186 0.05596488292763015
233.5 0.23573198716117294 0.05595085502997043
233 0.23582062797012004 0.05598274626430826
232.5 0.23515403599440438 0.05567304864830532
232 0.2358166315138532 0.05597553224373785
231.5 0.2347002574367443 0.055441033139335655
231 0.2351199507296708 0.05563545675937394
230.5 0.23523761490982883 0.055700296857222546
230 0.2344468592952728 0.055325418631645126
229.5 0.2346564763390002 0.05543094903027714
229 0.2346766636584845 0.055443802656959564
228.5 0.23383466656159443 0.055045941383639
228 0.23396782237440997 0.055113137416891604
227.5 0.23370994357994226 0.05498457327311419
227 0.2338069670262587 0.055023081783537
226.5 0.2336601919616644 0.05496032876861754
226 0.23325688350560253 0.054773020948192454
225.5 0.23363030366789062 0.05494886762494667
225 0.23326866049663553 0.05477793116447097
224.5 0.2328219354532893 0.054559710295447435
224 0.23278212316642904 0.05454778875763504
223.5 0.23244287644006115 0.05439501134121326
223 0.2322866670305332 0.054318114344673554
222.5 0.23245939632997747 0.0543926900322239
222 0.23210808556120482 0.054239343483462696
221.5 0.23169288401285384 0.05403217368687518
221 0.23184309185971128 0.054104980977592386
220.5 0.2315010819830378 0.05394992159329161
220 0.23132190022917606 0.053854789762288066
219.5 0.2304681182635067 0.05347410749868319
219 0.23077381627698737 0.05362237327389921
218.5 0.23050042889847536 0.053472068359154856
218 0.23020340121252542 0.053354190206322996
217.5 0.22992869114045797 0.05322343618471165
217 0.23011357780162803 0.05331333581114772
216.5 0.23042696805632168 0.05344479475025004
216 0.22942751477172743 0.052987981157314366
215.5 0.22955467157978746 0.053053639900838515
215 0.22918538494053706 0.052881151630152314
214.5 0.22900119648171968 0.0527990568513329
214 0.22887077730865432 0.05273748537079315
213.5 0.2289125249863096 0.05275954920648605
213 0.22806139298388506 0.052373337774396816
212.5 0.22864106471162296 0.05264202993115543
212 0.22851515329501276 0.05256489008639859
211.5 0.22736439470933625 0.05203655239844982
211 0.2279848181412804 0.05233475421831125
210.5 0.22736043776402684 0.05204298811206961
210 0.22751374080261436 0.05211032830238012
209.5 0.2273009406519516 0.05202083647005933
209 0.22675221159754147 0.05176460509614992
208.5 0.22655142390294433 0.0516842630429877
208 0.2268267480336034 0.051804445551589307
207.5 0.2265878551153668 0.05168873365453491
207 0.22546030166216416 0.05118077190307414
206.5 0.2259836957505062 0.05141790242375245
206 0.22544915440407118 0.05118109155632768
205.5 0.2260368908885883 0.05144929066167244
205 0.2249648422880513 0.050964454640591385
204.5 0.22530915217575162 0.051112028411869015
204 0.2252698418360398 0.05108111095920575
203.5 0.22454606164403698 0.05076565241505941
203 0.22465753912631037 0.05082070364274869
202.5 0.22405539792424267 0.050550070445147165
202 0.2237589893626049 0.05041235856649664
201.5 0.22357877534997925 0.05032994554956372
201 0.22340295252896983 0.050248710142260726
200.5 0.22341535091644887 0.05026699076463135
200 0.2237109271366335 0.05038782138858497
199.5 0.2228175940440724 0.04998732626511872
199 0.2219000112883786 0.049585334227859656
198.5 0.22285586717756695 0.05000937585409651
198 0.22319796626943267 0.05016497985240016
197.5 0.22242896023654266 0.04981887203430211
197 0.2220208328576033 0.04964391128769176
196.5 0.22177789570864453 0.04952126191581298
196 0.22131616823041023 0.04931916777449375
195.5 0.22134712018704203 0.049336889221475895
195 0.22064730906143182 0.04902931759616978
194.5 0.22072353315605453 0.049058668859834544
194 0.22109699817057538 0.04923162881095506
193.5 0.22070843473557275 0.04904961118654239
193 0.22012875538069387 0.048793381977205556
192.5 0.2194432585701294 0.04849665810781131
192 0.21970091090358906 0.04860309798257839
191.5 0.21963813769160584 0.04856959703098216
191 0.21912512591388864 0.04834998207288336
190.5 0.2190319264196473 0.04831257702802539
190 0.21887592473387568 0.04825510187607843
189.5 0.21850760052698026 0.048082228973965
189 0.21793954061947535 0.047837972020773105
188.5 0.21773854167300039 0.04774235999913525
188 0.21806797220114454 0.04788770004980217
187.5 0.2170901199656652 0.04746424928665313
187 0.21734281781138354 0.04757660189717997
186.5 0.21727232030771151 0.047539586160307894
186 0.21680949587281037 0.047336994640718194
185.5 0.2166774511520302 0.04728447242561189
185 0.21668056963970328 0.04728402630113051
184.5 0.2161929520996384 0.04707021160689311
184 0.21604465597316508 0.04700956412209674
183.5 0.21556300252993552 0.046807445618171614
183 0.2150586964012864 0.04657497560275383
182.5 0.21508011483967462 0.04658027903516283
182 0.21509820787870235 0.04660378011070926
181.5 0.21430607317766476 0.04625681835982707
181 0.21445424330235785 0.046327357348749425
180.5 0.21410164109293153 0.04615863449514962
180 0.2137566671663638 0.04602955339875263
179.5 0.21384325998959647 0.0460583019260305
179 0.21354615504632915 0.045925292730073064
178.5 0.21319347070384467 0.045786856599975584
178 0.21294807566060056 0.04568286941220707
177.5 0.21177025308130704 0.045173979840181164
177 0.2124478272266397 0.045461909510553816
176.5 0.21207037721951338 0.045314162777741154
176 0.21227874596655288 0.04538918569253613
175.5 0.21151906236751727 0.04507323872099037
175 0.21108524414842209 0.04488339230005588
174.5 0.21119179797142507 0.044918547010708985
174 0.21058623785683442 0.04466929745196676
173.5 0.21075237052041212 0.044742936988997756
173 0.21036368774231542 0.04457469693923066
172.5 0.20999547674980393 0.04441669960299622
172 0.20986422206649988 0.04436371143408137
171.5 0.20937448998413402 0.044159507526855664
171 0.20871858003194635 0.04387011023977189
170.5 0.20832019662679857 0.04371461383958158
170 0.2088969699516073 0.043966192728453264
169.5 0.2081535502381409 0.043646671911449046
169 0.2085806147780522 0.043833641590576476
168.5 0.20801247772583994 0.04358557616368766
168 0.20703774132646996 0.04318028191195302
167.5 0.20721845028271085 0.043252602252558274
167 0.20706106587016704 0.04319616674736159
166.5 0.2065505502821218 0.04297018219958898
166 0.2063077614542211 0.042880693912500704
165.5 0.20611558346327535 0.04280179988542992
165 0.2056493012320747 0.04260061915855874
164.5 0.20586792395344986 0.042692776552573794
164 0.2054961591854576 0.04254222873052329
163.5 0.20505393194907004 0.04235040578474754
163 0.20461750272275808 0.04219424590879743
162.5 0.2051057252604695 0.042373925256950475
162 0.20426538837608627 0.042028574547931075
161.5 0.20346001540014316 0.041717375106694154
161 0.2031985256316082 0.04160553395643326
160.5 0.2035620317538459 0.041745418537413724
160 0.20255301562566255 0.04133257702007974
159.5 0.20264789880409056 0.04137224743454059
159 0.20187650508231475 0.0410584997232146
158.5 0.20227483149352107 0.04123026538828019
158 0.20107756037409855 0.04073790675592474
157.5 0.20076981185261827 0.04061367278633209
157 0.2007490982083309 0.04060714744380072
156.5 0.20094161937741498 0.04067671087655469
156 0.20018987064681837 0.040373301245958504
155.5 0.20020992406990545 0.04037583200925043
155 0.1999265835220312 0.040273229105106764
154.5 0.19972881023436356 0.04019639598925086
154 0.19939046396027707 0.040071175854563726
153.5 0.1979043718950559 0.039466979545782294
153 0.19904731201913592 0.03992133840353946
152.5 0.19770461210890042 0.03939000569187087
152 0.19799496426733854 0.03950418602352999
151.5 0.19778997982834837 0.039429727427974154
151 0.19708186097179892 0.03914115374961165
150.5 0.19630288192280163 0.038826919361780655
150 0.19677560020279972 0.03902117469761862
149.5 0.19583205037207851 0.03864468410212731
149 0.19604822998682606 0.038725914717094724
148.5 0.19512906198944782 0.03836383248218183
148 0.1950763916749021 0.03835332710530482
147.5 0.19455196456095278 0.03814975607538127
147 0.19490140731686173 0.038275520594397365
146.5 0.19397477179633943 0.037921723054661835
146 0.1936121411313456 0.03777476978164462
145.5 0.19348193339440267 0.03771968723578188
145 0.19284074960468453 0.037476089041309994
144.5 0.19247915895757248 0.03733767056906399
144 0.1923347745584427 0.03729038469770421
143.5 0.19229814850960875 0.03725786358422849
143 0.1922961279747929 0.03725958946231456
142.5 0.19163468726343416 0.037017825974612464
142 0.1911014058673313 0.036810811091830625
141.5 0.19121609571721668 0.036850583325640354
141 0.19067653061310752 0.03663444426848152
140.5 0.1899570384523967 0.03636459279740359
140 0.18943737063047716 0.03616555486180435
139.5 0.1889438692864528 0.03597220304753324
139 0.18887088451391745 0.035962997830222374
138.5 0.18814349421013254 0.03567530911126596
138 0.18794421019181182 0.035601968642378815
137.5 0.18741782504794985 0.035396695700641634
137 0.1872576980455114 0.035345502605284414
136.5 0.1866250430603599 0.0351016931467167
136 0.18679671096850095 0.035164481042032715
135.5 0.18622071166883164 0.03495574201368411
135 0.18546255056413033 0.03467699681285412
134.5 0.18530561898613274 0.03460169856926826
134 0.18562381139337286 0.03473147427313747
133.5 0.18478077928148148 0.03441597094441331
133 0.18362064608852652 0.03399621154455619
132.5 0.18400255798569515 0.034119162313006476
132 0.1837056684261537 0.03402136607382362
131.5 0.18276855906233122 0.033668113835918875
131 0.18263776416527563 0.03362989921379246
130.5 0.18278445608827415 0.033682567587740284
130 0.18203224967658455 0.03340084098660174
129.5 0.1819353106924591 0.033359861499695144
129 0.18131643046927362 0.03313677461562548
128.5 0.18110331393800094 0.033062183335411804
128 0.18052375036063156 0.03284108078108327
127.5 0.17997743189901635 0.0326471606050656
127 0.17969544644336966 0.03255056693246796
126.5 0.17869640823424043 0.03219378874751306
126 0.17871718872557538 0.03220646265284461
125.5 0.17889183915549348 0.03225425658310145
125 0.1778364030678723 0.031880795075964856
124.5 0.17751349135907007 0.03176831904641481
124 0.1773584279022664 0.03170891294439923
123.5 0.17669182373723466 0.031476687988177536
123 0.17683423535850093 0.03152617907424368
122.5 0.1757320269480778 0.03113723403792025
122 0.17538693943748598 0.03100735200169144
121.5 0.17493286241615022 0.030847997475146972
121 0.1746350122367069 0.030748451000910868
120.5 0.17456552754988622 0.030738553178975794
120 0.17321038878258685 0.03024337925275823
119.5 0.17276623074394482 0.03009204984749885
119 0.17230393913242767 0.02993819887418504
118.5 0.17273201065548005 0.030076383645162758
118 0.1723877918494098 0.029968853241354232
117.5 0.17264710154226295 0.030056086995641964
117 0.1710081609913735 0.029488177880904156
116.5 0.1707696359813535 0.029404807660641255
116 0.17051557374031373 0.029314147491066197
115.5 0.1695404032238676 0.02898222742684915
115 0.16934441064835495 0.028911801558413004
114.5 0.1686907044927182 0.028685429127088206
114 0.16873998014493224 0.0287081874876211
113.5 0.16791445098244467 0.028422276964605878
113 0.1678983975028426 0.02842718922761013
112.5 0.16751769764861776 0.028285713216993014
112 0.166106860333558 0.027822881125712174
111.5 0.16618629984587893 0.027851095320151488
111 0.16560478310532858 0.027652154283290695
110.5 0.16511705818144112 0.027492927453777984
110 0.16549262799864212 0.027624085688308653
109.5 0.16465908023546005 0.027341366377816107
109 0.16327641531020914 0.026888610537872126
108.5 0.16325019891557194 0.026879568084670704
108 0.1629411533424796 0.026774925406608144
107.5 0.16332574764631755 0.026909986586980753
107 0.16119805702383533 0.026212553726481274
106.5 0.16127335472145649 0.026234495073137843
106 0.16121215026295324 0.026205740241443808
105.5 0.16042362070055466 0.025953024800951983
105 0.15983738458335073 0.025767729575286797
104.5 0.15943822646724057 0.025634641770669188
104 0.15876930308103382 0.0254317101230956
103.5 0.15868756874306364 0.025401248475798565
103 0.15847392153294168 0.02532193317687013
102.5 0.15796935380754973 0.02516907376005537
102 0.15701464847389054 0.024863324425030253
101.5 0.15675060860454826 0.02478196950449636
101 0.15616974583764923 0.024602898415235448
100.5 0.15536066370133775 0.02433550553993404
100 0.15499638488524925 0.024230455000421335
99.5 0.1547217905360684 0.02414411408376438
99 0.15395355237817485 0.023899516366641112
98.5 0.15328907931642463 0.023710895961305826
98 0.15235366784347443 0.023407805096121958
97.5 0.15225756880499877 0.023385532402540776
97 0.15163029047368037 0.023192970201804306
96.5 0.15103169467683192 0.02301099692492036
96 0.15058487100494108 0.022872020870039058
95.5 0.15080544159793666 0.022931574512228436
95 0.14992322629167815 0.022665005537994772
94.5 0.1483095433948642 0.022192988605787174
94 0.14826526272602536 0.02217675932180899
93.5 0.14792802704460048 0.022073892815722758
93 0.1471284541596043 0.021842870152769055
92.5 0.14656859283838825 0.02166149388316644
92 0.1467825314127471 0.021735678468271298
91.5 0.14601564440752623 0.021503064167713536
91 0.14548068069931117 0.021349098852514514
90.5 0.14453086953570798 0.021073651101775292
90 0.14353906221410326 0.020785911171320583
89.5 0.1434284547776497 0.020744952174456818
89 0.14368824779486164 0.0208271211138923
88.5 0.14291975924150727 0.020605731146779625
88 0.14171397547821615 0.020259226159786863
87.5 0.14159524287502703 0.02022710946074829
87 0.14134448458514504 0.020147980507683707
86.5 0.13987484759025667 0.019737365139604973
86 0.13961876061233505 0.019664037371497852
85.5 0.13865362085447555 0.019397903748355826
85 0.13866668234057541 0.019403563788448253
84.5 0.1377011837169294 0.019127078066240276
84 0.13775772645399417 0.019146523125627635
83.5 0.13669943950673488 0.018855486595405414
83 0.13607087262646705 0.01868455286183903
82.5 0.13507531493911248 0.018410204979819093
82 0.13486895552294498 0.01835190711736019
81.5 0.1338364361844244 0.018071624884261984
81 0.13394446168057264 0.01809861940348341
80.5 0.13287667875723536 0.01781408136081447
80 0.1321519346151062 0.01762018018875522
79.5 0.13183371443449876 0.017537823384499687
79 0.13073191543246554 0.017246861547613058
78.5 0.13088764830178345 0.017279362144678293
78 0.13033183632302522 0.01713736360799922
77.5 0.1296098800688197 0.01694489616162709
77 0.12854139631830752 0.01667660603364614
76.5 0.12813875649654408 0.01656520330016732
76 0.12709914182623636 0.016300343748720966
75.5 0.12695931183211362 0.016260849671143076
75 0.12557344727226713 0.015911668132640958
74.5 0.12498808480895342 0.015763863348221895
74 0.12454538214082445 0.01565534760159015
73.5 0.12424485886596402 0.015578830136634475
73 0.12342948143678463 0.015376460239999588
72.5 0.12257410262876813 0.015154745012031129
72 0.12275035841859423 0.015201327708122592
71.5 0.1215667428117527 0.014911404589706936
71 0.12143918458352503 0.014886847433754189
70.5 0.1208870089102984 0.014746368604315418
70 0.11968991938609862 0.014456198247196628
69.5 0.11915204563352229 0.014322755508068892
69 0.11849899925137995 0.014171691536584607
68.5 0.11792232388707537 0.01402757208708938
68 0.11670124846318286 0.01374634638098199
67.5 0.11621649854506147 0.01363032949813502
67 0.11567674757492703 0.01349618599392119
66.5 0.11506892943963566 0.013364210072289183
66 0.11421749272609237 0.01315834299009321
65.5 0.11376185651516542 0.013058246002490722
65 0.11278876314071051 0.012837384712851386
64.5 0.11227735085516254 0.012723156500491948
64 0.1112998141833787 0.012503176324320103
63.5 0.11117967394005218 0.012475954921981806
63 0.11077126086487755 0.012383447242764002
62.5 0.1098856967705275 0.012179469731100713
62 0.108797120698559 0.011941505436109029
61.5 0.1079520001779763 0.011766528786886192
61 0.10768807578926828 0.011699496246136547
60.5 0.10639684002194917 0.01142385414393202
60 0.1061235417991076 0.011366457598623455
59.5 0.10527368411730866 0.011190177080701486
59 0.10456670589656471 0.011030805540101999
58.5 0.10414110354846177 0.010945226337899742
58 0.10309461822442724 0.010725536015818087
57.5 0.10215750827455466 0.01052772396823241
57 0.10178727844642217 0.010457333694570121
56.5 0.10126051239851652 0.010345902293134805
56 0.09999532281678239 0.010093887719744747
55.5 0.09906577914244424 0.009904360511744667
55 0.09872294530561057 0.009839030116899992
54.5 0.09825753160256248 0.009741127183064913
54 0.09771073852262045 0.009637532870852073
53.5 0.09638284153885093 0.009374898375830413
53 0.09621774910109769 0.009344634553161592
52.5 0.09455011152296139 0.009019799187962745
52 0.09381203470408983 0.008877627952142685
51.5 0.09377832015121244 0.008875693544089912
51 0.09288594922455524 0.00870894037554403
50.5 0.09235325027786785 0.008606299603267815
50 0.09146917871693676 0.008439187174530632
49.5 0.09025910957258756 0.008222783199992464
49 0.08982944893135454 0.008146966746318129
48.5 0.08862888230073289 0.007923695997085716
48 0.08842365483654112 0.007894272580746238
47.5 0.08729953706114892 0.007691186895684434
47 0.08721885333884727 0.007677982276070645
46.5 0.08586365341459762 0.007436870757258023
46 0.08529291359253803 0.0073410517047364145
45.5 0.08429875586550542 0.007167984087383492
45 0.08396402458422657 0.007114285308462222
44.5 0.08264868336130625 0.006895437304186598
44 0.08217509892772429 0.0068131926838248084
43.5 0.0816377813320409 0.006727554554756132
43 0.08064535555495686 0.006557604443063437
42.5 0.07941209718146382 0.006362306073065951
42 0.07876729221665338 0.006261212599218854
41.5 0.0775234396503985 0.006065106952369998
41 0.07728343693104146 0.006025239173977424
40.5 0.07633782422884038 0.005880377664403244
40 0.07584342033155672 0.005800323560744584
39.5 0.07494654439037354 0.005668099235539356
39 0.07402891284172682 0.005529151028076475
38.5 0.07291447740983933 0.005364399572943019
38 0.072425677010153 0.005290525419140223
37.5 0.07159104788361226 0.005170515903956509
37 0.07080866263963993 0.005059667180195526
36.5 0.07052837306700933 0.005016410313751735
36 0.06893069671329784 0.004794020780275265
35.5 0.0686057232944331 0.004747156895740153
35 0.06792512128163632 0.004652796840525077
34.5 0.06671877119117155 0.004490555496867875
34 0.06577343897588749 0.004363920247566769
33.5 0.06463601400401596 0.004213791742873673
33 0.06431430578301327 0.004175635673630744
32.5 0.06339927123818129 0.004053856222565167
32 0.06241150273159595 0.0039288906493827915
31.5 0.061385090757331236 0.003799267532552234
31 0.06116768433167649 0.0037730313288087325
30.5 0.0603514705032681 0.0036738260133847467
30 0.05953179545930961 0.0035758138769274267
29.5 0.058396119983426406 0.0034414733100480584
29 0.05766580908390928 0.0033520021320936418
28.5 0.056568155750913895 0.0032265332725973004
28 0.05596625402174786 0.0031569155028118457
27.5 0.05500719519226005 0.0030515898904412706
27 0.054165094211609706 0.0029584411636983396
26.5 0.05395141464293943 0.002933595603532752
26 0.05250386934840293 0.002779420069252569
25.5 0.05153986992758551 0.0026775871735617105
25 0.05108299808567671 0.0026303966027634348
24.5 0.05012410737132497 0.0025331498374055166
24 0.04920066494524539 0.0024381558882927597
23.5 0.04860155553042481 0.002379474884855467
23 0.04748494783244021 0.0022738162879899428
22.5 0.04697019125247456 0.0022220832427513014
22 0.04594437152798417 0.002126877061236786
21.5 0.04524804723036039 0.002061614972753947
21 0.04445485267919039 0.001989746981137039
20.5 0.043104420625764694 0.001871851895592874
20 0.04257109894782705 0.0018247838170370083
19.5 0.04215836071629351 0.0017887997199254467
19 0.04114015602125291 0.0017030209540067499
18.5 0.04060842907178363 0.001661027579130939
18 0.03967333516735278 0.0015839987599646132
17.5 0.038680721281100845 0.0015052832751447556
17 0.03792100487451661 0.0014473955623311408
16.5 0.03716941853685141 0.001390096333395594
16 0.03632538313316144 0.0013275065280400641
15.5 0.03574352196834693 0.0012858474672921174
15 0.03476794550422854 0.001215994738463092
14.5 0.033902835394427504 0.0011554075032367528
14 0.03338765254986824 0.0011206461646717048
13.5 0.03250934903961111 0.0010624347276261981
13 0.031681629283981765 0.0010087494066418972
12.5 0.03093960574090514 0.000962224791130828
12 0.0301798293525122 0.0009158227485375261
11.5 0.029421024714970868 0.0008695635628637246
11 0.028611173277596425 0.0008220122223065802
10.5 0.02809361916555818 0.0007921703097548145
10 0.027381748312349307 0.0007525384517703301
9.5 0.02671573039051711 0.0007164325397952118
9 0.025890088462080886 0.0006723220726042407
8.5 0.025253665496675976 0.000639514966703734
8 0.024756210419666042 0.0006143574278414233
7.5 0.02419829339335608 0.0005869155819041106
7 0.02332383804206932 0.0005449775054803584
6.5 0.022767028525448894 0.0005190385758130349
6 0.022544639829170276 0.0005090571809813256
5.5 0.02196764442611971 0.00048313448419850966
5 0.021512069312331707 0.0004631681443821174
4.5 0.021103155249728146 0.00044563976547124884
4 0.020764566757899124 0.0004313643796657424
3.5 0.02046508147649077 0.00041896657057479303
3 0.02016637068799268 0.0004067721461220745
2.5 0.019906447798889497 0.0003963219928140489
2 0.019747482850529168 0.00038998837117138374
1.5 0.019615136387254928 0.0003847659322751736
1 0.019518698379798777 0.00038098333784130896
0.5 0.019446110322310514 0.0003781517584388993
