1000 0.4950738013598327 0.24558510304228634
999.5 0.49507158457683537 0.2455879077411739
999 0.4949972416882158 0.24552282434848513
998.5 0.49518973257759596 0.24569506911419656
998 0.49478677927872683 0.24528569246799944
997.5 0.49458236995371363 0.24508814977004556
997 0.4949980655537102 0.24550969892512117
996.5 0.49541265527279194 0.24592220533910228
996 0.49532769493798345 0.2458239447541757
995.5 0.49444124614214874 0.24494758268267836
995 0.49430900746372985 0.24482064474465925
994.5 0.4949064562664042 0.2454260729142317
994 0.49484257692526146 0.24535463330155316
993.5 0.494657565306809 0.2451758161670568
993 0.49501112925634916 0.24552032034297355
992.5 0.49479345465842445 0.24530925030631848
992 0.49457899338747396 0.24510041855525097
991.5 0.4945161391191371 0.24503783521807818
991 0.49473738842174086 0.24525493626750786
990.5 0.4946252877184222 0.24514670536214087
990 0.49460024643018974 0.24511081347003516
989.5 0.49486472994422137 0.2453762304665954
989 0.49456752522366687 0.24508214243548965
988.5 0.4945803041241032 0.24510910079816786
988 0.494682238512199 0.2451979587723123
987.5 0.4947651471071173 0.24528270275792566
987 0.49457482766611705 0.24509673525785539
986.5 0.49461602055214904 0.2451257375284624
986 0.4947456856564293 0.24526293916903016
985.5 0.4948324273125097 0.24534734490068663
985 0.4941647847386948 0.24468890922062633
984.5 0.49464087389419487 0.24516375105009564
984 0.4944761549269079 0.2450027055981579
983.5 0.4941509400919896 0.2446744347643798
983 0.4941361476005939 0.24466724707801515
982.5 0.49439404361448774 0.24492423003089905
982 0.49448187492116796 0.24500715981283497
981.5 0.494579625950666 0.24508871711827246
981 0.4950959766711415 0.24561202041636093
980.5 0.49443796069301843 0.24495944929251404
980 0.4948114823025751 0.24532561988575466
979.5 0.49418449555152305 0.24469140901194814
979 0.49461777053338507 0.24512510952604633
978.5 0.4944689079656196 0.24498844657847763
978 0.49441735210129534 0.24492147075257664
977.5 0.4946714287383941 0.24519657266752473
977 0.4941580202549331 0.24468478913547007
976.5 0.49495452636236953 0.24546364903081214
976 0.49430989836065714 0.24483044046383962
975.5 0.49463136173874145 0.24515090860010852
975 0.4943645486486682 0.244877720406033
974.5 0.4946180944451802 0.24513504626822855
974 0.49375203414735014 0.2442710752734684
973.5 0.49452905232316874 0.24504968357152196
973 0.4943401244864797 0.24485072447592118
972.5 0.49398876043359674 0.2445038457753087
972 0.49437878976185196 0.24492139464742452
971.5 0.4944612150307271 0.2449815129562609
971 0.49429685432190085 0.24482337966917034
970.5 0.49404600139905996 0.24456893285195047
970 0.4940537098843385 0.24457535659822888
969.5 0.4941452371621033 0.24465882921384163
969 0.4941018961946414 0.24462377639146773
968.5 0.49372236158816873 0.2442501778415155
968 0.4944193731462393 0.24493908244793616
967.5 0.49412137250667626 0.24464887201553942
967 0.4938229812342833 0.2443364464041806
966.5 0.49373835083440176 0.24426712922229823
966 0.4938578503193023 0.24438126991703724
965.5 0.49397587862066306 0.24449389351903633
965 0.49398591006248516 0.2445227614597776
964.5 0.49378931517007446 0.24432280048592375
964 0.4945693102921726 0.24509469230247394
963.5 0.4940670649287875 0.2445863398037716
963 0.49412624118455917 0.24464227889109622
962.5 0.4941408452080478 0.2446675977111258
962 0.4939459532600364 0.24446229728585883
961.5 0.4938919014804805 0.24440733176291926
961 0.49385073406503777 0.24437423396613042
960.5 0.49398435921099126 0.24450079607835007
960 0.4937068700037159 0.2442158851672682
959.5 0.49390182307523167 0.24442504845427995
959 0.49403118872959884 0.24456441397627915
958.5 0.4939045362354138 0.24442436244670449
958 0.49387776477370926 0.2444007387474037
957.5 0.493581539451175 0.24411983675953472
957 0.4940330792666411 0.24455515401480257
956.5 0.49394539013489835 0.24447527502743394
956 0.49347148178944567 0.24400108292774522
955.5 0.4944106751071508 0.2449244299228912
955 0.4940419132336893 0.24456176533101034
954.5 0.4935905824543357 0.24411584521770388
954 0.4936295037219497 0.24414983446272995
953.5 0.493743636559711 0.24427124119056437
953 0.49364912509829223 0.24417365591708917
952.5 0.4936172764282458 0.24413429869100894
952 0.4932916118492594 0.24382829685427043
951.5 0.49383220942488987 0.24435947825749
951 0.4936261677665922 0.2441596902869317
950.5 0.49425579447277573 0.24476255967554747
950 0.4938835188134575 0.24441087250917765
949.5 0.49328864410608597 0.24381995618670121
949 0.49362055777902736 0.2441466844564161
948.5 0.4937068146597777 0.24423908298870264
948 0.49367082905204124 0.2441922136618606
947.5 0.4930387867703634 0.2435688389184429
947 0.4931876724511474 0.24372772019590003
946.5 0.4934949661248188 0.24401677510826852
946 0.493541410898292 0.2440789947454331
945.5 0.49313743095165113 0.24367150798755968
945 0.49333215083775656 0.24387067944007138
944.5 0.49301064884162643 0.24355888820055344
944 0.4930684513424947 0.2436041100399452
943.5 0.49388309833962357 0.2444056780548778
943 0.49320261502189616 0.24373931752860326
942.5 0.49333494660050237 0.24386038155954098
942 0.49368888015802725 0.24422788581691102
941.5 0.4934262877956053 0.24395834119122878
941 0.4927643292968355 0.24330275857200614
940.5 0.49333258623729553 0.24385938237716137
940 0.49359234781869965 0.24411063879015515
939.5 0.49375083823181093 0.2442722244197004
939 0.49338889718004664 0.24391234781531468
938.5 0.4938358205150118 0.24436663743153636
938 0.4933356024451659 0.2438678541423461
937.5 0.4928478182004532 0.2434024602734829
937 0.49334610356530173 0.24387757026790852
936.5 0.4925629517750118 0.2431057547882756
936 0.49310407093738934 0.24364162291049546
935.5 0.4930959556576072 0.24361408900687742
935 0.4930498596595243 0.24359476426518453
934.5 0.4929808408717331 0.24352282443118453
934 0.4929415177091919 0.2434732446880515
933.5 0.4926904843738892 0.2432288876154249
933 0.49317915692246694 0.24371358072057872
932.5 0.49305727154689966 0.2435976678511426
932 0.49298390645717227 0.2435181558672243
931.5 0.49298469162249897 0.24352068024971305
931 0.49298507275382064 0.2435260754908872
930.5 0.49289903618842323 0.24343921461957102
930 0.49349794064479735 0.24403374833152508
929.5 0.4929256200122894 0.2434670169487503
929 0.49279426019480965 0.2433370274805702
928.5 0.4928327923103959 0.24336582324583367
928 0.49273096282121603 0.2432852224042489
927.5 0.4930072121950746 0.24354774395680034
927 0.4937574987659477 0.2442713656084485
926.5 0.4928969679275559 0.2434397794506961
926 0.49274393453044035 0.24327784367151054
925.5 0.4931252428561638 0.24366710365401514
925 0.49305284726749615 0.24357487681767442
924.5 0.49270097732211404 0.24324656512192996
924 0.4926711383373534 0.24320703232919108
923.5 0.492963377750634 0.24349154938487969
923 0.4926319898715815 0.24316572720530719
922.5 0.49285170668691897 0.24339785095986308
922 0.49311547447541965 0.2436478227048341
921.5 0.4927648940968563 0.24331656723626716
921 0.4929053661190942 0.24345584793059957
920.5 0.4926173120976992 0.24317009787216637
920 0.49284084063859723 0.24338138410911528
919.5 0.49250878551929606 0.24305819834694872
919 0.49256332095626276 0.24310595172373192
918.5 0.4924503879948814 0.24298251919941757
918 0.4922440349838319 0.242789204366373
917.5 0.49313786781789753 0.2436796668551888
917 0.49255146332360594 0.24308767409762946
916.5 0.4925230685686627 0.2430737376342693
916 0.492745429796142 0.2432809623463008
915.5 0.4927667162950382 0.24329725775091474
915 0.4927594747032899 0.2432999177907799
914.5 0.4926360594770952 0.24316317136326027
914 0.493355650082935 0.2438890901300826
913.5 0.4924416971670038 0.242991273409357
913 0.4927589124916821 0.24328671923963574
912.5 0.4927468522738587 0.24329134734421812
912 0.4923299719361697 0.24287509383081848
911.5 0.49286643166624255 0.24340836048649003
911 0.49237110174729665 0.24291865660073808
910.5 0.49249231882113953 0.2430480278840269
910 0.4924336989644192 0.24297368044603013
909.5 0.4922610944665043 0.24281121161498828
909 0.49286806055046345 0.24339575155043927
908.5 0.4925853777207319 0.24312109706682364
908 0.4926433541919093 0.24319767216191052
907.5 0.49199842167487345 0.24254290730152586
907 0.49269279037253244 0.24323532695312192
906.5 0.4928003686454462 0.24333246136651618
906 0.49231571459185774 0.2428640397794417
905.5 0.49283606288143417 0.24337967682822703
905 0.49314523034761376 0.24368788909696348
904.5 0.4923863121309561 0.24292813057554544
904 0.49223678589776587 0.24278728497139976
903.5 0.49223817392876845 0.24280073340574515
903 0.49264085520779405 0.24318632120419753
902.5 0.49240697082531726 0.24295464173298528
902 0.49208652158429794 0.24264530517385452
901.5 0.49248436304102466 0.2430255607296364
901 0.49245084779518894 0.24299989281057077
900.5 0.49274319163377045 0.24328413776412594
900 0.4919177775852001 0.24246812834362325
899.5 0.4921157750646879 0.24266592130703868
899 0.4924608563200783 0.243004705270962
898.5 0.49220523997233356 0.24274309478295508
898 0.49198915657179115 0.24253514281854996
897.5 0.4919707172436401 0.24253712556755258
897 0.4921260637767576 0.2426650493012981
896.5 0.4921481161706757 0.2426993286034698
896 0.49222157452388576 0.24278358497582864
895.5 0.4920924020081661 0.2426447064945565
895 0.49181835170117544 0.24238286758770528
894.5 0.49222034080310034 0.2427681619512272
894 0.49205029986281457 0.24261638312819162
893.5 0.49162241138393553 0.24218247679069035
893 0.49127210978832764 0.24183632910108485
892.5 0.4924095033499724 0.24295729629179413
892 0.49221610898847307 0.24274938845104613
891.5 0.49228060638619914 0.24283659981157243
891 0.49187496484468224 0.24243724058879684
890.5 0.49176553734694567 0.24232579763309395
890 0.49181937993136304 0.2423692707530174
889.5 0.4916495044289597 0.24221420233677016
889 0.4913570994508725 0.24191969336483204
888.5 0.491748388211509 0.24229866032599864
888 0.4916720715194323 0.24222841422251454
887.5 0.49171579622602346 0.24227458897257514
887 0.4921494867108652 0.24270433705679598
886.5 0.4920255053643821 0.24257182158646975
886 0.4919805980640488 0.24253952990951597
885.5 0.4914400278550934 0.2420106481790368
885 0.4920870468882912 0.24263787501200335
884.5 0.49176308934368773 0.24231873163404863
884 0.49194739309517876 0.24249670237161997
883.5 0.49160238077969454 0.24215120160083364
883 0.49181491700186586 0.24235650569441394
882.5 0.4918579308216578 0.24240674809267745
882 0.49205860918745975 0.24261614173768206
881.5 0.4916513311166172 0.2422248115685761
881 0.49174292625130406 0.2422925689266983
880.5 0.4916895343455494 0.2422568680556857
880 0.49174072079157827 0.24229343182059204
879.5 0.49188511892523823 0.24243282004221733
879 0.4913518821020089 0.24191973188762653
878.5 0.4923089267472501 0.24286015016807175
878 0.491566705830641 0.24212870363175612
877.5 0.4920370107407808 0.24258776746076227
877 0.4914718029427368 0.24205751582021703
876.5 0.49183268431580107 0.2423868673661904
876 0.4916858519716146 0.24224199381102723
875.5 0.4912072234613351 0.24177298770542743
875 0.4915793932653148 0.24213232278426247
874.5 0.49148218889364914 0.24203160700238155
874 0.4914198018068275 0.2419839972678129
873.5 0.49137001476365827 0.24193330434040536
873 0.49136813261718665 0.2419366641839487
872.5 0.49125761173061755 0.24182974259806156
872 0.49117608309620137 0.24174249894527716
871.5 0.4915199072066954 0.24207239359862173
871 0.49151471345406794 0.2420829188291177
870.5 0.4909054442513379 0.24149184705286583
870 0.49093573509663807 0.24150019300726913
869.5 0.49149353679071195 0.24205359450311648
869 0.4908922985139063 0.24146359530574352
868.5 0.4914237162289824 0.24199575756959382
868 0.4908998414913471 0.24147825300915104
867.5 0.4909762199284223 0.24155862121039934
867 0.4911412316730302 0.2417017013697995
866.5 0.4915359682312258 0.24210532348901193
866 0.4911550745026448 0.24171989851404718
865.5 0.4910926463293443 0.24167387684308003
865 0.49086042947167696 0.2414325578657418
864.5 0.49133680496341575 0.241910368345305
864 0.49049700090749787 0.24107061778029293
863.5 0.4912238492193792 0.2417837803950218
863 0.49073752083776845 0.24131235290743372
862.5 0.4908180254743193 0.24140278704506551
862 0.49095318694246254 0.24152717806610902
861.5 0.49091487078264295 0.24147525673616008
861 0.49090555877714626 0.241488419609763
860.5 0.4908998753085738 0.2414747561681761
860 0.4909756782850874 0.24154326025554285
859.5 0.4915512857761231 0.24212275147086257
859 0.49077925957963614 0.24136296878843194
858.5 0.4905660180384976 0.24113635317465035
858 0.49068315793611944 0.24125693309909102
857.5 0.4907534076258444 0.24131782956099734
857 0.4913228864603249 0.24187241620530264
856.5 0.49052456232680214 0.241104546759681
856 0.49116847406765296 0.24173714365938895
855.5 0.4905960516739932 0.24117168558039265
855 0.4908333007807808 0.24140691216455074
854.5 0.491057911774168 0.24164132154851586
854 0.49037771012329573 0.2409600312982547
853.5 0.49028563578458445 0.24087438066828734
853 0.4906937405067371 0.24127450750904691
852.5 0.49071047784585237 0.24129200351255473
852 0.49086800349257587 0.24143056244298894
851.5 0.4911646921413877 0.24173079476581988
851 0.49091121325532355 0.24149661282468474
850.5 0.49072944356890097 0.2413006631605518
850 0.49065057133003964 0.24122126549065723
849.5 0.49060597130912326 0.24118156477766192
849 0.49072384807270003 0.24129902558168773
848.5 0.4899479427074095 0.24054083478887645
848 0.4909700902026147 0.2415292456524463
847.5 0.49062307817844986 0.24121363219595063
847 0.49057810762279175 0.24116087691194044
846.5 0.4902561349075437 0.24083418176901816
846 0.4902548135701878 0.2408478106414609
845.5 0.49056532174883155 0.24114954376319808
845 0.49037169853676704 0.24095045861358813
844.5 0.4907236254672307 0.24129630711583355
844 0.4903584930178489 0.24094919254561492
843.5 0.4900389296889631 0.24063627793133155
843 0.49044644977692314 0.24101961936982802
842.5 0.4904675793396448 0.24105700376296774
842 0.4903927185360919 0.24098031477631598
841.5 0.49045784901030537 0.24104269307852214
841 0.48989590543427153 0.2404911294121036
840.5 0.4901857373290618 0.24077684349892817
840 0.49097056135422845 0.2415429265474977
839.5 0.490284446265308 0.240874496560171
839 0.49020486571004235 0.24079713124117524
838.5 0.49005438172626936 0.24063857295089297
838 0.48981029063167275 0.240397152014963
837.5 0.4895744659415837 0.24017784641881415
837 0.4899112699951439 0.24050312113620953
836.5 0.4901928016702668 0.2407672579468889
836 0.48992049168662893 0.24050100946068337
835.5 0.4904740024854026 0.24106482179355543
835 0.48988463510841007 0.24047839589194633
834.5 0.489882389661917 0.24048594547013175
834 0.49048612357029014 0.24105355119757235
833.5 0.4899363248444114 0.2405478278546307
833 0.48995860083736764 0.24055423469502477
832.5 0.4899108826221015 0.24050877945204868
832 0.4894814096512689 0.24007783532766985
831.5 0.4897781243446353 0.24036889211509485
831 0.49004284913884216 0.24063070541976878
830.5 0.4898281826843186 0.2404199683949913
830 0.4902585815730425 0.240835467209875
829.5 0.49053722090374186 0.24111114516356602
829 0.4898042834743108 0.2403975350181379
828.5 0.48969112649130725 0.24029577096248902
828 0.4895623303431983 0.24015010667815664
827.5 0.48918093133641066 0.23978329514483765
827 0.4899380760236197 0.2405362892894263
826.5 0.48954925972304375 0.24015348731602446
826 0.4896320964978263 0.2402239660923569
825.5 0.489553427901541 0.24015880763500058
825 0.4897010587679054 0.2403061067796688
824.5 0.48992943148567725 0.24052685039532398
824 0.4895008697387477 0.2401079780077213
823.5 0.4895319916427646 0.24012907568791872
823 0.48931407653652526 0.23991494983325212
822.5 0.48966763134780916 0.24026875322551425
822 0.4895943813935729 0.24018755968170208
821.5 0.4893761846570691 0.2399722247503303
821 0.4896938328953142 0.24029401755892457
820.5 0.48986026889494183 0.2404643899986476
820 0.4894093836012099 0.2400155934153627
819.5 0.49008720585462917 0.24066825922178547
819 0.4897286574525159 0.2403270144203367
818.5 0.49001663752363983 0.24060917249908012
818 0.4899236806304338 0.24051980707627157
817.5 0.48893856046965367 0.23955790586564302
817 0.4895459702207533 0.24015221931916225
816.5 0.48930338171084875 0.23991289319257164
816 0.4893795265305794 0.23999541725275986
815.5 0.48936171355992925 0.23995734342658218
815 0.48940576526076 0.24000475086412032
814.5 0.4893109290837216 0.23992411391021515
814 0.48958123478593235 0.2401714562450599
813.5 0.4893662064893296 0.23994962973306422
813 0.4895348699653976 0.24014851951614327
812.5 0.48936389296687277 0.23997219947925852
812 0.48949449250596877 0.24010593800610353
811.5 0.48928332738652386 0.239888082292773
811 0.48930620307391215 0.23992222175499597
810.5 0.48931175104385577 0.23992248344695774
810 0.4890122876725993 0.23962419817330874
809.5 0.4890714769125108 0.23969066292684402
809 0.48883472772221126 0.23945541732706918
808.5 0.4892803513189737 0.23989610274098544
808 0.48907571792160354 0.2396929290653858
807.5 0.4888088264731883 0.2394293780078611
807 0.48896595642314683 0.23958212191026554
806.5 0.488615484316584 0.23923742867983336
806 0.48940338024385405 0.24001604649909422
805.5 0.48906864852555854 0.23967955700874718
805 0.48881934494980994 0.23943397279187054
804.5 0.4887692297959285 0.23940127251623855
804 0.48934322411122055 0.2399421003672735
803.5 0.48873850973692934 0.2393562541539575
803 0.48894581837412815 0.2395559109721959
802.5 0.48897028778080415 0.23957382046706394
802 0.48886317523161116 0.239487555903026
801.5 0.48890366079633535 0.23952319307220926
801 0.48885117481916746 0.2394795133194264
800.5 0.4887321615944608 0.2393522691130151
800 0.4887393106801317 0.23936288909548503
799.5 0.4889232481520466 0.2395437010554874
799 0.4888783422256669 0.23949367607386907
798.5 0.48861327054995657 0.23922476110112206
798 0.48849341963458504 0.23911166477885956
797.5 0.48896145561135046 0.23957725323425308
797 0.4886582316378834 0.23928675769487712
796.5 0.48900259552582576 0.23961859670169067
796 0.48877058573106946 0.23937947862298442
795.5 0.4883450742592112 0.23896660540199793
795 0.48935419160727023 0.23996427276199794
794.5 0.48856818239632477 0.23918791337461273
794 0.4885991967533201 0.2392195924435013
793.5 0.4885050323920226 0.23912811131426648
793 0.48864584379710907 0.23926357829589898
792.5 0.4884271909491122 0.23906112537545066
792 0.4887358451600036 0.23935300259573655
791.5 0.48894639142410096 0.2395687478414453
791 0.48869403982124643 0.23930824861044617
790.5 0.4885802647563797 0.23920040486675992
790 0.48860250040099806 0.23922594624347038
789.5 0.4884500292132945 0.2390819584457521
789 0.4886359134251609 0.23926274993066265
788.5 0.48842378547336124 0.23904426586546487
788 0.48856224363660816 0.239172458381815
787.5 0.487881394146854 0.2385204013868809
787 0.4881183536285179 0.23874033107466294
786.5 0.4880259843678082 0.23865117329074897
786 0.48791476333625916 0.2385546891923608
785.5 0.488377651598654 0.23900886628259274
785 0.48786820976861084 0.23851165979764757
784.5 0.48814401662082635 0.23877699786574266
784 0.4883487716874647 0.23898778671647586
783.5 0.48810544385718135 0.23873870155738497
783 0.4884317691271553 0.23905425621524207
782.5 0.4881126002052175 0.23874800603844984
782 0.4879690175048572 0.2385978190357493
781.5 0.48808873426183064 0.23872064632021606
781 0.48755949058712866 0.23821679931061704
780.5 0.48788812954517047 0.23853025583988505
780 0.4880198827060938 0.2386707459282107
779.5 0.48774483928863105 0.23838730629608296
779 0.4882389955187352 0.23887764747116394
778.5 0.4876389379931685 0.2382969705096214
778 0.4881939552654039 0.23881879016098587
777.5 0.48794795242795436 0.2385873947249866
777 0.4883669030647802 0.23899541490911258
776.5 0.4883537717380779 0.23898213391003806
776 0.48837257351968855 0.23899826631936133
775.5 0.48763790677782665 0.2382699391029024
775 0.48772238058903566 0.23836476945667887
774.5 0.48757173933756603 0.23822310843949376
774 0.48793218684770895 0.23857144809757783
773.5 0.48787126343296267 0.23851442225775843
773 0.48711370914750063 0.23775842634941324
772.5 0.4875858032620514 0.23824194913634353
772 0.4880695583365186 0.2387013217423827
771.5 0.4879704941239805 0.23861772933682965
771 0.48733185045305877 0.23797305663779664
770.5 0.48699969260778475 0.23767921181939738
770 0.4881966673852648 0.23883188669655772
769.5 0.48727868052227635 0.23792977562882023
769 0.48782161132933244 0.2384699690323467
768.5 0.48738522588397615 0.2380368061013637
768 0.4875460404336051 0.23820783875385607
767.5 0.48772877327392355 0.23837703813215128
767 0.48750059195448786 0.23815942703087176
766.5 0.48716453190070597 0.2378220165962072
766 0.48732783883718633 0.23797778456386312
765.5 0.48701764600133896 0.2376815091780193
765 0.4871559749771532 0.23781786910468852
764.5 0.48740204970364726 0.23805112016908728
764 0.48708145247979945 0.23773700735884024
763.5 0.48734521026266236 0.23800106351469255
763 0.4872627008117382 0.23793048199517966
762.5 0.48732835067254726 0.2379703528155304
762 0.4872838045754599 0.23793477438338223
761.5 0.4872531596440773 0.23790917887952132
761 0.48718439227266375 0.23785004165995968
760.5 0.487004100803549 0.23767277583866253
760 0.4870070132736076 0.2376591727353019
759.5 0.48713925969514654 0.23778803160267198
759 0.48717882852932853 0.23784050389639466
758.5 0.48686993694642705 0.2375333896098514
758 0.4870072013739534 0.23766506922331965
757.5 0.48752353061872844 0.238174464008597
757 0.48698715765602374 0.23765859028798048
756.5 0.4869083700353055 0.2375694878336431
756 0.48674380427757247 0.2374142615318283
755.5 0.4872374601923691 0.2378955743798075
755 0.48675328791142675 0.23741920610513284
754.5 0.4869788111723435 0.23764037459801132
754 0.4868706155099787 0.2375325336222023
753.5 0.486948641120427 0.2376205175652002
753 0.48716117301863027 0.23782273252583058
752.5 0.48742980679203407 0.23807283464098702
752 0.4867467968402465 0.23742400782861814
751.5 0.486870836519671 0.23753501692834186
751 0.48658213888746266 0.23724742697393733
750.5 0.4867097762152421 0.23738180071294257
750 0.4868021388463255 0.2374724023830575
749.5 0.48679915500775806 0.23746742357967862
749 0.486473080308807 0.23714778821341165
748.5 0.4862874045020463 0.23697834162294482
748 0.48655288377144473 0.23723059283319176
747.5 0.4864080657703894 0.23708043840835677
747 0.4862671581751515 0.23694687758656113
746.5 0.4868683532246148 0.23752080236675188
746 0.48613879249639214 0.23682569128059885
745.5 0.4869749622118919 0.23764495060399204
745 0.4863637086039003 0.23704731366924778
744.5 0.4865993308308513 0.23727744334187273
744 0.48596595275006965 0.2366564383858214
743.5 0.4868863583482796 0.2375582312088172
743 0.4863144637995246 0.23700172717310525
742.5 0.48661354722073247 0.2372948370602881
742 0.4869357751280214 0.2375978217928727
741.5 0.4865937926845992 0.23726605399747425
741 0.486715508107429 0.23738615886025446
740.5 0.4863561932901036 0.2370471624423353
740 0.48670674233617883 0.23736984594041893
739.5 0.48628245371709944 0.23695326866497657
739 0.4864880260668898 0.23715257210728535
738.5 0.4866482917282267 0.2373338007814545
738 0.48650897197056997 0.23718489377066032
737.5 0.4863946504058874 0.23705916537564642
737 0.48639163091180054 0.237077240588527
736.5 0.48603190789222767 0.23672459808932578
736 0.4865352297017368 0.23720250547018026
735.5 0.4860927148753797 0.23677406744463997
735 0.4867414234483753 0.2374059178491277
734.5 0.48591945054530566 0.2366208809717686
734 0.48579895615732716 0.2364852887235366
733.5 0.4859502128716352 0.2366435549576891
733 0.4856712462840262 0.2363746725714858
732.5 0.48593987192884935 0.23663622763850817
732 0.4856766987186692 0.23636726311784156
731.5 0.48606681592344375 0.23675681338979973
731 0.4859937500785678 0.2366804369892816
730.5 0.4860403002652102 0.23672832411355949
730 0.4855747534724684 0.23628980436192606
729.5 0.4856539233434693 0.2363626419339924
729 0.4857516027280971 0.23645592545051508
728.5 0.4858776931038946 0.2365791334056549
728 0.4855927358227438 0.23629938664694003
727.5 0.4856860553902957 0.23637729156310294
727 0.48547243983468075 0.23619933435869472
726.5 0.4853302849025335 0.23604556331824833
726 0.48573698322809483 0.23643944201469563
725.5 0.48500263326700643 0.23572299285647766
725 0.4858740239038391 0.23656076575211574
724.5 0.48586034764172886 0.23655747036262093
724 0.48608160919636406 0.23677030462961962
723.5 0.4853769149059884 0.23609941187132774
723 0.4852205796772994 0.23592109180638526
722.5 0.48563740039521275 0.2363443325146391
722 0.48537012288582 0.23607461231215152
721.5 0.4856185494360612 0.2363225576832522
721 0.48518630733882395 0.23590428198883906
720.5 0.4851409047799277 0.23585994564601404
720 0.4857241978854729 0.23642762977000148
719.5 0.4852180715072266 0.23593445707860577
719 0.4850536928751854 0.23577355751040438
718.5 0.485027154026144 0.23573912970877406
718 0.48541881076707794 0.23612943854830593
717.5 0.485256826835635 0.23596983675218616
717 0.48554852030654716 0.23624180896999425
716.5 0.4854223806996568 0.23612352173818052
716 0.4851683935363847 0.23588162416542177
715.5 0.48521230294656736 0.23592388088492472
715 0.4848768475489877 0.23560174968590766
714.5 0.48548792820651304 0.2361881002636448
714 0.48527290111581106 0.2359868454024868
713.5 0.48541980902246806 0.23612725123779282
713 0.4848184201950047 0.23553540064750497
712.5 0.48473378953565643 0.23547453222725917
712 0.48537930077443064 0.236099334608982
711.5 0.4850512448077477 0.23575053770122278
711 0.48499728767956024 0.2357225726124504
710.5 0.4848006513232228 0.23553957952099874
710 0.4847634475431386 0.23549335700383245
709.5 0.485223077844786 0.23592530984115026
709 0.48458704508779815 0.23531121685180567
708.5 0.4848683893754554 0.23559156280338278
708 0.4847683726235914 0.2354932942473476
707.5 0.4846385665709677 0.2353632202547023
707 0.4847746407825534 0.23549371620641238
706.5 0.4846428395172974 0.23537591814888942
706 0.4844621980303344 0.23519817367879922
705.5 0.48463635874186334 0.2353702966554226
705 0.4846662833798038 0.23540416467155073
704.5 0.4853143693376547 0.2360190008783696
704 0.4838666766570512 0.23461050317822765
703.5 0.48449760662516456 0.23523416326346203
703 0.48419849579454 0.2349550371080942
702.5 0.4844667322801119 0.23519655246846724
702 0.4847210414686058 0.23544842718646694
701.5 0.4842366635138429 0.23497461981726034
701 0.48404950996130824 0.23481467640259907
700.5 0.4844132816466062 0.2351584254736322
700 0.48439041871363864 0.23512891366117325
699.5 0.4836623967030501 0.2344274699202065
699 0.48454344606262734 0.2352681400112705
698.5 0.4837718717557576 0.2345295466924082
698 0.48434544576781846 0.2350892137625424
697.5 0.48471893770340085 0.23544822565263554
697 0.48414590339642627 0.23489629030497972
696.5 0.48392022261932294 0.23466983303664837
696 0.48443261477876837 0.2351668328441427
695.5 0.48404763017463664 0.23479234401527335
695 0.48462607941966374 0.23535703979009195
694.5 0.4839922971899075 0.23475035018045554
694 0.48379655977063746 0.234559007026028
693.5 0.48427627569251036 0.2350223415307123
693 0.48361166982579024 0.2343836916632258
692.5 0.4839119272336063 0.23467000949232333
692 0.48401150037003293 0.23476037123048527
691.5 0.48437137206872793 0.23510336266836915
691 0.4838513837911415 0.2346038223679409
690.5 0.4840895928769764 0.23484212613071206
690 0.4842575978055848 0.23501004801630843
689.5 0.4838105158469817 0.23457267548498972
689 0.4840322585378365 0.2347897662559948
688.5 0.48439431225336965 0.23513983108868078
688 0.4839730050665 0.23472092038913306
687.5 0.48356539604326226 0.23433513279543774
687 0.48386892863190323 0.2346189097993291
686.5 0.48335130165606194 0.2341370608342156
686 0.48426676407284797 0.23501255088323939
685.5 0.48328974293044663 0.2340640176499107
685 0.48362561824048556 0.23438678271039423
684.5 0.48357487129559173 0.23433426130401497
684 0.4838374128252858 0.23459070591972078
683.5 0.4832603564086086 0.23403738343250047
683 0.48379833975068093 0.23456881456200435
682.5 0.4836275730003891 0.23440784939523915
682 0.4831122130968413 0.23389464595927364
681.5 0.4832786980045975 0.2340639084196081
681 0.4832628588909669 0.23404407594580684
680.5 0.4834624829559935 0.23424356804989488
680 0.48317804684407206 0.23396052252367697
679.5 0.48331111466560567 0.23407476298505384
679 0.4837669948449304 0.23451522453929727
678.5 0.4841864234918088 0.2349340285946566
678 0.4832670123832855 0.23405235097737395
677.5 0.48318560178190184 0.23396272085510442
677 0.4829616285367654 0.2337510457988482
676.5 0.4828784418130074 0.23368089644855347
676 0.48341605609252253 0.23419293218325163
675.5 0.48306331259374724 0.23384005524241286
675 0.4831726564596616 0.2339510636364698
674.5 0.48317029432038255 0.2339446163111628
674 0.4831407021594185 0.23392166030679554
673.5 0.4834054158542214 0.23418332793292218
673 0.4830578437346611 0.23384189487249465
672.5 0.4826576672191246 0.23345557655445554
672 0.4831916271071487 0.2339661862657202
671.5 0.48306060399415346 0.23385206005766188
671 0.48271176742382 0.23350471150940313
670.5 0.48265308522278 0.2334602139929589
670 0.4826595493892034 0.2334625165111084
669.5 0.4827876685428817 0.23357563164256112
669 0.4823430009838653 0.23314647154320992
668.5 0.4824274789320207 0.23323902159117352
668 0.4828168528789728 0.23360048864346766
667.5 0.4821885196859461 0.23300321671265098
667 0.48274492896863447 0.23353596573015797
666.5 0.48238658755333125 0.23318966230954313
666 0.4824423350488082 0.23324557234161727
665.5 0.4823510669488162 0.23315240106889176
665 0.4828251727478054 0.2336162025690709
664.5 0.48198319894707103 0.2327907947298738
664 0.4825126387752556 0.23331294605601707
663.5 0.48209768072376985 0.23291852948873074
663 0.4820485500753697 0.23286200916049024
662.5 0.48238757687100803 0.23318762478702185
662 0.4820878098718548 0.23290477379260902
661.5 0.4815046942711945 0.23233871286801433
661 0.48212539723622044 0.23294474069080626
660.5 0.48232146453674335 0.2331174300361682
660 0.4822502798679115 0.23306042422035977
659.5 0.4826578870165383 0.23344031243067068
659 0.4822743291584639 0.23308080946744483
658.5 0.48205754373586 0.2328696499937696
658 0.48203575371388324 0.23285110271318235
657.5 0.48184894501242553 0.23266690326122488
657 0.4821936211722777 0.23300859675792476
656.5 0.4813341898618796 0.23217004935124988
656 0.4816514770838583 0.23248926199507586
655.5 0.4815200528328203 0.2323453903110959
655 0.4819172761484182 0.2327442262898932
654.5 0.4818233264727124 0.23264395886178355
654 0.4818967787646962 0.23271930777403388
653.5 0.482058261344386 0.23288240785527436
653 0.4819047241303882 0.23273017162483634
652.5 0.4820630257452052 0.23287870763364835
652 0.4820295919458741 0.23285210295579767
651.5 0.48194249199339 0.23274894114884764
651 0.48179938422324775 0.23261913691241554
650.5 0.48139946727040783 0.23223657333518094
650 0.4819968320730553 0.23282515410142532
649.5 0.48193392330145707 0.2327669004774873
649 0.4815502646051379 0.2323849034801978
648.5 0.4815004645055159 0.23234383696909056
648 0.4815225831477108 0.23235934296009503
647.5 0.4815945874882659 0.2324456871444556
647 0.4805998753390531 0.23146673912601884
646.5 0.4815498555630921 0.2323907423154131
646 0.4813641699809765 0.23220376609170804
645.5 0.48129596014377624 0.23214574916802797
645 0.481317647810261 0.23217004391054163
644.5 0.48146595573568446 0.232300823774711
644 0.48155935844027725 0.23239238609202725
643.5 0.48131537715945927 0.2321647111349917
643 0.48119315171776766 0.23203620420324386
642.5 0.48084663575090436 0.23172107143296872
642 0.4808142509854072 0.23168225592767688
641.5 0.48085919088296125 0.2317237497819229
641 0.48116717495318856 0.23203175489424863
640.5 0.4809225007313419 0.23178315363055813
640 0.48068898957610595 0.23156165955601457
639.5 0.4812398504742547 0.2320873468471376
639 0.4810348496708626 0.23189317734551007
638.5 0.48023257464285973 0.2311157676906971
638 0.4804573799896716 0.23132373374781773
637.5 0.48106918459459014 0.23192981565245285
637 0.48116943266052586 0.23203892353057914
636.5 0.480780147801184 0.231641200137549
636 0.48082451739168275 0.23168384586800395
635.5 0.4806521310484952 0.231523312629874
635 0.4809563733573755 0.23180939719202265
634.5 0.48071516931264213 0.23160181189500523
634 0.48104932435094033 0.23188992206837852
633.5 0.48080873317691164 0.23166914956591445
633 0.48052518763140073 0.23141288627490417
632.5 0.4808397455922533 0.2317014288513686
632 0.4803919652406839 0.23127885093025766
631.5 0.4807310050924945 0.23159654988985695
631 0.4804284911490906 0.23132631064387035
630.5 0.4804253182388559 0.2313052206104609
630 0.4807846556106705 0.23164482480811413
629.5 0.4801238523824347 0.23101365276235683
629 0.4808611096907983 0.23173279659482812
628.5 0.47991385433511335 0.2308180949838973
628 0.48021766765859336 0.23110566038608188
627.5 0.47986413237408143 0.2307807709607521
627 0.48025946511127826 0.23115065214602434
626.5 0.47989558275433997 0.23080036737647366
626 0.4803158705169435 0.2312060235312481
625.5 0.48027766751613193 0.23117020322779375
625 0.4797631636180777 0.2306675867339066
624.5 0.4803292024971872 0.231215464671943
624 0.4799329079521298 0.23083755547654444
623.5 0.48008730172056224 0.23099292480038375
623 0.4804417186056732 0.2313391006831611
622.5 0.48021416250331556 0.23110129569804297
622 0.479781591973272 0.23068503730468995
621.5 0.4798217635558613 0.23072975110828556
621 0.4794375943891605 0.23037291203021934
620.5 0.4793395431739818 0.2302663326035197
620 0.4793942965180604 0.23031874309518974
619.5 0.47987554581763325 0.23077516587529046
619 0.4797176871323322 0.23063236066486514
618.5 0.4797383439852207 0.23064167860475876
618 0.4801750258399201 0.2310639453429352
617.5 0.47955119457173945 0.23047196758896016
617 0.4795704956307124 0.2304771683853327
616.5 0.47954746971003676 0.23045129897859762
616 0.4796946826614751 0.230617045152603
615.5 0.47949586270930183 0.23042248125835552
615 0.47936628320470986 0.23028144066179732
614.5 0.47919112217849286 0.23011264517138882
614 0.479499338938348 0.2304295530652816
613.5 0.47932129166192344 0.23023019985974968
613 0.4794401248690491 0.23037126749172937
612.5 0.47908352490022865 0.23003194991162745
612 0.47910884692489414 0.23003247248999298
611.5 0.47909102346304056 0.2300387313974445
611 0.4785761706885328 0.2295218140739276
610.5 0.47946673110978916 0.23039196784012977
610 0.4793464491298581 0.23027382412171518
609.5 0.47951113356397773 0.23042567753273477
609 0.4791610780156897 0.23010269839040826
608.5 0.4788059602718126 0.2297512883269011
608 0.4793566068780683 0.23028521003976454
607.5 0.47927569857051006 0.23021569566647276
607 0.479296320679726 0.23021476892584253
606.5 0.4794324571934456 0.23035887865031093
606 0.4792942562539759 0.23021830805188237
605.5 0.4790026225069639 0.22993626103054848
605 0.47888928042493273 0.22983985565023937
604.5 0.4789791408348668 0.22991894433859844
604 0.4787601467507373 0.22971705229833625
603.5 0.47898527134126784 0.22991461529232426
603 0.4784645136666277 0.22942755998602973
602.5 0.4785113492960388 0.22946904767410628
602 0.4782052563331752 0.2291800010080455
601.5 0.4786414929289993 0.22958812737360995
601 0.47852868851720043 0.22948985952326126
600.5 0.47816900304750176 0.2291341386065212
600 0.47859004385647286 0.22954388387873767
599.5 0.47783508565143756 0.2288377837634629
599 0.47869114589230277 0.22964740969967992
598.5 0.4786893628270407 0.22965648268066316
598 0.4783233397235258 0.22929189703016772
597.5 0.4782880163262662 0.229255052739855
597 0.47842257879861033 0.22938682355268789
596.5 0.47839871409549317 0.22935551996725856
596 0.4782175459520034 0.2291909238805066
595.5 0.47811869840654 0.2290950253234382
595 0.4781863252337256 0.22916029861625628
594.5 0.47786187366300875 0.2288475666817582
594 0.477674667541121 0.2286797424700533
593.5 0.4780577714683303 0.2290523640941891
593 0.47766751423474824 0.2286734489275514
592.5 0.4777611668410302 0.2287618907898599
592 0.4776626534399778 0.22866713843753286
591.5 0.4777706463131872 0.2287750039345068
591 0.478441075194593 0.22940004884359372
590.5 0.4780154977201244 0.22899160758489068
590 0.4776801667162099 0.22869182803882043
589.5 0.47731268900264684 0.22833570068940073
589 0.4777365304484249 0.22872374421674113
588.5 0.4775032661948598 0.22849814877329364
588 0.47781787027218675 0.2288100861341502
587.5 0.477802819421481 0.22880920874217997
587 0.4778978560242255 0.228882757866725
586.5 0.47822893335378897 0.22920734874908344
586 0.47790348872102195 0.22889834938212464
585.5 0.47729049515992744 0.22830054049151438
585 0.4778432779466109 0.2288167787429879
584.5 0.4774107274051304 0.22842303451175308
584 0.4773275264389294 0.22833973802236113
583.5 0.47713394178008844 0.22815855680604827
583 0.47710302331094223 0.22811940917876142
582.5 0.47749129795736606 0.2285010275388976
582 0.4770027305274714 0.2280462753383715
581.5 0.4771062656865884 0.2281321375853682
581 0.4766907330554791 0.22774938960442787
580.5 0.47683092282495215 0.22785759017362475
580 0.47675416264428494 0.2278021154759871
579.5 0.47651996415405073 0.2275767906344702
579 0.47686144997707536 0.22789018461305777
578.5 0.4772515954095959 0.22826230095603636
578 0.4765616218228436 0.22760530182337851
577.5 0.47676032147034675 0.22780154430331281
577 0.47661298834792054 0.2276617246518098
576.5 0.47648620476834447 0.227528061761967
576 0.4767693759067718 0.2278152120793925
575.5 0.4764547253650104 0.22750982452062785
575 0.4765454326141468 0.22758862016637746
574.5 0.4765262267829571 0.22757705282270393
574 0.4769902903026635 0.228005053589292
573.5 0.476882573500735 0.22792048472144458
573 0.4770761046737863 0.22810625703611387
572.5 0.47634923166259463 0.22740667456487967
572 0.4768711485099892 0.2279129319621136
571.5 0.47619831058179796 0.22727110432952677
571 0.47671835309139965 0.2277689172455161
570.5 0.4762353859555491 0.2273110203999328
570 0.4767991871717352 0.22783928620927077
569.5 0.4762979960428497 0.22735422959858187
569 0.47604317702506316 0.2271241020404939
568.5 0.4761566046455268 0.2272230526941993
568 0.47627412996728835 0.22734911372366454
567.5 0.47582110013464124 0.2269128588978131
567 0.4764900749696676 0.22755419838952418
566.5 0.47614393216827017 0.2272126697099609
566 0.47575189272814933 0.22683936948310676
565.5 0.47607365724736606 0.22714334875331524
565 0.47570663684433195 0.22679681653833425
564.5 0.4757660403622588 0.22686291824001445
564 0.4759356925842994 0.22702347708361156
563.5 0.4760392666763823 0.22710319063151888
563 0.47554972400208867 0.22667013042791934
562.5 0.4754066733216034 0.2265172956310433
562 0.4756542232770082 0.2267481450657123
561.5 0.47572241385590164 0.2268062963492853
561 0.47571085690121495 0.22680881572582592
560.5 0.4759927928288844 0.22707158251378226
560 0.4751748746463337 0.22628923252620053
559.5 0.47529790988512494 0.2264223831055612
559 0.47551793248362356 0.226616461374507
558.5 0.47479781602497395 0.22593243347049122
558 0.475730913260607 0.2268202045623772
557.5 0.4749370377523156 0.22606233632502726
557 0.47551037184854245 0.22661716827445536
556.5 0.4752071832138239 0.2263164365216346
556 0.47519155974741445 0.22631597968854328
555.5 0.4750113700541272 0.2261396699848337
555 0.47556470577252236 0.22664752420236225
554.5 0.47498327294170395 0.2261070153974398
554 0.47524728195083693 0.22635755461573492
553.5 0.474923419961888 0.22606124575451603
553 0.4746871406989067 0.22583585227480352
552.5 0.4748480332800727 0.2259888853186306
552 0.47516780301954065 0.2262827483801928
551.5 0.4745342354283891 0.22568530816883503
551 0.47400864937570025 0.2251742727097916
550.5 0.4748904625064256 0.2260324594822459
550 0.47444799910604735 0.2255952428257708
549.5 0.47509906452481937 0.22622384104238755
549 0.4749126792975455 0.22604723791405112
548.5 0.47456315620969913 0.2257102773426837
548 0.47474344016360454 0.22589165041719728
547.5 0.47462198647648696 0.2257652034030317
547 0.4746631489384067 0.22581923847638113
546.5 0.474246980978156 0.22538982659972012
546 0.47488457033115067 0.22600298257170348
545.5 0.47426487694314434 0.2254261158587271
545 0.475122227552671 0.22623953602771235
544.5 0.4739288537009716 0.22511174724860603
544 0.4743992173883791 0.22555196497248883
543.5 0.47392036508391244 0.2251014741808016
543 0.47380931340219706 0.22500014494650852
542.5 0.4741189347359455 0.22530435884879982
542 0.4736012031631839 0.22480172291803494
541.5 0.47345822184211295 0.22465988227155087
541 0.47395863091091317 0.22513260356578382
540.5 0.47383261033880836 0.22502229776214855
540 0.4738684206353405 0.22505826384761102
539.5 0.47320588489645693 0.2244157696790847
539 0.4739319060917659 0.22511023150412554
538.5 0.47406039836985103 0.225246526178607
538 0.47340471109140153 0.2246175047378828
537.5 0.4740734793732586 0.22526085165046233
537 0.47318842148420076 0.22440404178238305
536.5 0.4731267444457032 0.22434881408104276
536 0.47433538391931956 0.22549179248961843
535.5 0.4732566872550214 0.22446371128327952
535 0.47356678246523376 0.22476075207809554
534.5 0.47342070764479766 0.22462976340060578
534 0.47359410497662163 0.22480187032108254
533.5 0.4731843737520703 0.22441193984012173
533 0.47293866227759 0.22417142690231587
532.5 0.4730891221530094 0.22430038433729085
532 0.473037339617229 0.22427171746369914
531.5 0.47334805543697767 0.22455762119714656
531 0.473286899188093 0.22449749834372673
530.5 0.4728253677923815 0.22406182268368258
530 0.4729699244740512 0.22420676434991785
529.5 0.47277051895029626 0.22401378340322264
529 0.4728285976760703 0.22408500260395897
528.5 0.47321709526371397 0.22444192471672944
528 0.47256788304779784 0.22382615462670688
527.5 0.4732264932120601 0.22443799622682747
527 0.4730056636066817 0.22424279520220444
526.5 0.47223518769979567 0.2234978462269511
526 0.47244359508342093 0.22369617510784107
525.5 0.47235168458972054 0.22361484663570602
525 0.4727875992693542 0.2240259151932925
524.5 0.47222036590922356 0.22349641427603922
524 0.47240749046961084 0.22366254522723406
523.5 0.4723777423101707 0.22364664359417769
523 0.47230782782937303 0.2235697910977814
522.5 0.4724503868762548 0.2237264628797319
522 0.47190928557756245 0.2232133669073594
521.5 0.47194092439306956 0.22323308759168492
521 0.47214474928512457 0.22341526847934168
520.5 0.47194816518849503 0.2232314666902715
520 0.47243050741058595 0.2236852983280339
519.5 0.4718275956165501 0.2231245024497983
519 0.47200965961443836 0.22329305846510628
518.5 0.4717903559694395 0.22307847296137204
518 0.4728790797669392 0.22411792304646797
517.5 0.4723463292893123 0.2236175552294487
517 0.4714160041294766 0.22272755095857064
516.5 0.47175531476693927 0.22305304579113644
516 0.47135878502383405 0.22268771665949763
515.5 0.4716273670634111 0.22294473455925817
515 0.4715456242049386 0.22284285445953048
514.5 0.47187883964933075 0.22317983795392765
514 0.4716677205583406 0.2229687372795637
513.5 0.4712813975240589 0.22261474909603035
513 0.4713141868995427 0.22264747270778917
512.5 0.4711915067128506 0.22253270023588342
512 0.47179280074320995 0.22308264835248753
511.5 0.47142973785835035 0.22275635804237637
511 0.4708571130389272 0.2222161118613498
510.5 0.47097245579949226 0.22233016683844456
510 0.47055418527083764 0.2219264408249283
509.5 0.4711997777279705 0.22253574785294272
509 0.4710094951423816 0.2223569227388045
508.5 0.4709343031957389 0.2222721740958458
508 0.47102352109804085 0.2223587600290803
507.5 0.47090258688602804 0.22224745981387387
507 0.4710829764030008 0.2224298989945045
506.5 0.4709073386397588 0.22225293764955337
506 0.4705225072050488 0.22191066105475835
505.5 0.46999773554928137 0.2214004537567265
505 0.4706225865696097 0.22198157446360672
504.5 0.4706659958445422 0.22202473011880547
504 0.4703389341535932 0.22172333920063808
503.5 0.47043270056254544 0.22181357186816156
503 0.4704778024913077 0.2218492347879173
502.5 0.47000758914920165 0.22142767603983368
502 0.4703338601701437 0.22171981998709483
501.5 0.4703719953628961 0.22176847601253255
501 0.47048677659455707 0.22187465091738262
500.5 0.46961842622832445 0.22103202216265766
500 0.47036519322534687 0.22175341792892497
499.5 0.4699421001164364 0.22134447273363797
499 0.46985924563397535 0.2212661624935263
498.5 0.46954134443547113 0.22098060595641417
498 0.4699508586026984 0.22135985291199173
497.5 0.47000001657307894 0.2214118172233608
497 0.46939276676632063 0.22084042962853198
496.5 0.47001596268735113 0.22143488710510864
496 0.469579041539399 0.22101066482375734
495.5 0.46975043948153644 0.22117784340402516
495 0.4697470088370331 0.22118365056240613
494.5 0.4699159884687083 0.22131290087267175
494 0.47000516424720024 0.22140017679047697
493.5 0.46913272916025156 0.22059366848949227
493 0.4691677390815301 0.22061174581940188
492.5 0.46960571098521686 0.22104683028295527
492 0.4691796770117141 0.22064302829077365
491.5 0.46918819381546173 0.22063322136621275
491 0.4689451441438923 0.2204049371960694
490.5 0.4693847881000827 0.22081988117978077
490 0.46918582417404586 0.22065167691781232
489.5 0.468834508877522 0.2202936904056313
489 0.4689059606207058 0.2203759605500695
488.5 0.4689940812059949 0.22045589392003348
488 0.46890891348200325 0.2203827993633535
487.5 0.468474958836005 0.2199744932321019
487 0.469055525567484 0.22051424610308415
486.5 0.46859723998654257 0.22009493551282652
486 0.46884360762860755 0.2203272799390865
485.5 0.4687217627473197 0.22019456363212453
485 0.46891166040413546 0.2203910378681015
484.5 0.46838301989770453 0.2198953239845101
484 0.468432486970562 0.21993743672130436
483.5 0.4688795418791102 0.2203477725721377
483 0.4688330545143886 0.2203167659163565
482.5 0.46811671717655273 0.21964396983687734
482 0.4681838128249815 0.21970690412475136
481.5 0.4681238633089638 0.21964952281416922
481 0.4689644722605526 0.2204332306946158
480.5 0.4680861968680628 0.21960305275940925
480 0.46790432543685556 0.21943616493057239
479.5 0.4677002724824697 0.21925440194153942
479 0.46786123663611395 0.21939742973898735
478.5 0.4681672709895876 0.21967103103001792
478 0.4679687879442902 0.21950493929121645
477.5 0.46783288734613887 0.21936048010305767
477 0.4676584493101408 0.2192165845745934
476.5 0.467661063454988 0.21921613091493314
476 0.4673046601487456 0.218880336202784
475.5 0.467585473599949 0.21914975173232046
475 0.46747823685025786 0.21904234670390063
474.5 0.46719718033723845 0.21877144481067273
474 0.46716332665724264 0.21875527488372482
473.5 0.4670162257426165 0.21860168194532933
473 0.4669367537477361 0.21854694992133702
472.5 0.46748031342895485 0.21905116117940504
472 0.4665975061033122 0.218222739452447
471.5 0.46702178383944704 0.2186009513453073
471 0.4672087209039743 0.2187986792721606
470.5 0.46692271711705446 0.21853200571696543
470 0.4670362368121638 0.21862882707313633
469.5 0.465824623021106 0.21749529564521383
469 0.4664971247917372 0.2181249777678294
468.5 0.46632274968379755 0.2179524492597109
468 0.4672256727264367 0.21879813397786335
467.5 0.4669802228103624 0.21857316643055089
467 0.466726021195261 0.2183404928840145
466.5 0.466811401601416 0.21841717540643496
466 0.4663497266077014 0.2180018521487018
465.5 0.4661380951168182 0.21779003537590882
465 0.46667145016382927 0.21828517720916188
464.5 0.466421140017321 0.21805842133700437
464 0.466583394684507 0.21819840913806562
463.5 0.466624368419172 0.21823426609700378
463 0.4664806149090336 0.21811709579834593
462.5 0.4656554386357873 0.21734873429767493
462 0.4661322506001783 0.21779346286607648
461.5 0.4660348375075199 0.2176752091066619
461 0.46583834652172085 0.2175074638426207
460.5 0.46607563948418973 0.2177337620233378
460 0.4659164715697462 0.217580315238867
459.5 0.46538561505299225 0.217110137460648
459 0.4659511484775878 0.21761694688229957
458.5 0.4650698668487998 0.21679942390111395
458 0.46527607379343344 0.216991430454888
457.5 0.4656414794845113 0.21732942184029574
457 0.4649105176654465 0.21665280490900266
456.5 0.4654709557686671 0.21717566879992964
456 0.4656461258089005 0.2173384907843239
455.5 0.4650421083167256 0.2167652133956711
455 0.4653816020543501 0.21708669869258015
454.5 0.46497831640853726 0.21671064938509835
454 0.4644689183284628 0.21624961371208828
453.5 0.4647721200521445 0.21652066787452343
453 0.4652423325883654 0.21695795319275704
452.5 0.4647217662672418 0.21647801174243694
452 0.46463309257130153 0.21638355540466878
451.5 0.4652109509526527 0.2169194555462479
451 0.4650923651817592 0.21681612243780288
450.5 0.46460068425860274 0.21636830268511892
450 0.4645620822574568 0.21633145840908738
449.5 0.4645442283966473 0.21629851706964137
449 0.4641436621905473 0.21593292447514684
448.5 0.4644424946852841 0.21619823753722048
448 0.46405272485862736 0.21584702742289255
447.5 0.46394841119245045 0.21574335433819
447 0.4639062879473614 0.21572424614071872
446.5 0.4641026979484063 0.21589097551479253
446 0.4639698309268001 0.2157908045187449
445.5 0.46411095622319776 0.21590577645856382
445 0.46394029496877565 0.21574021655813194
444.5 0.4637715608173587 0.21559480162426345
444 0.463650605914381 0.2154813829018554
443.5 0.4638201395285301 0.21562739123118474
443 0.4634895473602762 0.2153253160750433
442.5 0.46359343360692673 0.21543318635983083
442 0.4631832491044514 0.2150410528814697
441.5 0.46290842266328597 0.21480077726460925
441 0.46305596073527555 0.21493733409016855
440.5 0.46342217197152297 0.2152560204866911
440 0.4635569910184547 0.2154081276076379
439.5 0.4633047031068868 0.21515724152942098
439 0.46280464308529295 0.21470070757478302
438.5 0.46324741131502806 0.21510094172736574
438 0.4629760199163584 0.21485015498211996
437.5 0.46291879228867294 0.2147898273798802
437 0.4629326178980086 0.21481397105166247
436.5 0.46329056026353543 0.21515493944349215
436 0.46259752371124563 0.21450340035988993
435.5 0.4627427897503339 0.21464217981257228
435 0.46220918992157817 0.2141476226188075
434.5 0.4627587119373973 0.21464991142620335
434 0.4626950375473985 0.21457931009286987
433.5 0.4627988146982099 0.21468742495673118
433 0.46211956091310835 0.21407330367969485
432.5 0.46190504390395076 0.21386323711198454
432 0.46250184489519813 0.21441015934700808
431.5 0.4620263468769513 0.2139621659813436
431 0.46149313815247417 0.21348558847570914
430.5 0.4616430999101842 0.21362180228323277
430 0.4615504778145944 0.21353956841284802
429.5 0.4622016646715067 0.21413621415017772
429 0.4617583955275387 0.21374905204978223
428.5 0.4613662284841754 0.21337778523903328
428 0.461871827426744 0.21383985033609976
427.5 0.4614791979832652 0.21346551287563242
427 0.4613589667999653 0.21335122196246606
426.5 0.4614297602115849 0.2134121681417175
426 0.46157018411855133 0.2135511783100375
425.5 0.4619424499246959 0.21389556050136094
425 0.4613814406450142 0.2133713265562759
424.5 0.4611173892346317 0.21314389337763984
424 0.4611212006533081 0.2131579259023202
423.5 0.46065903507386347 0.2127156895038436
423 0.4612597093317256 0.21327563189447774
422.5 0.4607573618829891 0.21280578492817404
422 0.4603423617345359 0.21241816044004355
421.5 0.46047583428888456 0.21253153853565532
421 0.4601401609228179 0.21224905908767364
420.5 0.46072641200732134 0.21278527312897913
420 0.460371530137037 0.21245345734622897
419.5 0.4609434380148729 0.21297936809244145
419 0.46041536970461466 0.21249187854623036
418.5 0.4603917074437558 0.21246427970503276
418 0.4602969516874972 0.21238725703711941
417.5 0.4598362131880913 0.21197072457216828
417 0.4601704691224845 0.21225964803801683
416.5 0.45981441687042146 0.21193132382224872
416 0.4604389103436663 0.21250405671385636
415.5 0.46034333161803714 0.2124171608162781
415 0.45944224829754443 0.21160482161469824
414.5 0.4595549323620708 0.21169498483894228
414 0.4593421339826761 0.21149847346101827
413.5 0.45963580781046254 0.2117800429856486
413 0.45944646625364505 0.21158652611100745
412.5 0.45847653765731483 0.21069887230743903
412 0.45993266834318547 0.212049537478796
411.5 0.4589723086645023 0.2111629543377256
411 0.4591403856080861 0.2113104628155233
410.5 0.45912134667084376 0.2113059375695139
410 0.4595621633690159 0.21169553117799633
409.5 0.4592004020475821 0.2113644752061791
409 0.45830037968186643 0.21054728575185355
408.5 0.45883622940367974 0.2110443009843536
408 0.4586244753805852 0.21083517513060493
407.5 0.45826730476845556 0.21052249384020472
407 0.4588957761333546 0.21108782929807812
406.5 0.45853102929276507 0.21076034235050767
406 0.45887538547139456 0.2110804187011917
405.5 0.4582992482123387 0.2105543297344416
405 0.4577229699558588 0.2100243498369276
404.5 0.45808315607021294 0.21035000338518114
404 0.4579627635799945 0.2102391459130796
403.5 0.45782740904630165 0.21012767098497664
403 0.4577844666435123 0.21007582278365872
402.5 0.4582535381881276 0.21050643358185359
402 0.4573013462468914 0.20964276033644993
401.5 0.45782975076986526 0.21011204602841832
401 0.45794634234315335 0.21022505105113784
400.5 0.45809247422813343 0.21035243488415875
400 0.4575722097984216 0.20987912574156406
399.5 0.45739198401423403 0.20972226264240157
399 0.4572205563219923 0.20954662768851046
398.5 0.4574525261018838 0.2097658348973773
398 0.4561879501415338 0.20862564176205034
397.5 0.45757404742811525 0.20987932282658892
397 0.45649941683576156 0.2088968700554652
396.5 0.4564176253811634 0.20882196980755124
396 0.4568538745003798 0.20921798043007847
395.5 0.4566234293699792 0.209015250783309
395 0.45678603028150777 0.20916636988224704
394.5 0.4562890307277412 0.20872054180091207
394 0.4564802041725513 0.2089004803644539
393.5 0.45619303788298843 0.20862877827499132
393 0.4562796136365973 0.20868597107275086
392.5 0.4562200010736162 0.20864417645036054
392 0.45624956795264743 0.2086686875213934
391.5 0.4559821371710635 0.20843763583238578
391 0.4558906418461539 0.20835727083415764
390.5 0.4563862789537145 0.20879229635911706
390 0.455508229761467 0.20801613210132702
389.5 0.4558962389722506 0.20835915412212777
389 0.4553952564931915 0.20787638897371008
388.5 0.4551842687500418 0.2077129374998672
388 0.4557629624414025 0.20821996740689352
387.5 0.4554334097388598 0.20791866536588613
387 0.4547697173509484 0.20732900499437737
386.5 0.4551607587586405 0.20767871369439547
386 0.45532259221479787 0.20781801269020203
385.5 0.45496586666291644 0.20750413611579935
385 0.45523218831088624 0.20773865656548962
384.5 0.45465921884733235 0.20723547458902272
384 0.4543448019205211 0.20694210686302386
383.5 0.45457798766511887 0.2071611330810909
383 0.45442530246914187 0.20702461167936217
382.5 0.4545229576406051 0.2071110653914774
382 0.4546564216668684 0.20721444196139657
381.5 0.45488939817187996 0.20744184975428417
381 0.4543562234506869 0.2069538156404352
380.5 0.4538881814050801 0.20652244134884332
380 0.45424596619771646 0.20686531273737993
379.5 0.4540273843749557 0.20665797917244008
379 0.45360548118434907 0.20627599854863324
378.5 0.4538488829633996 0.20649668655030118
378 0.45364482043759 0.20629933653950294
377.5 0.45387366254857564 0.20651160200472105
377 0.45350034057920224 0.20617247984109946
376.5 0.4533935007661613 0.20609496194771543
376 0.45339129507016485 0.20608170095273629
375.5 0.4531761478521444 0.2058798064920205
375 0.4533304864303495 0.20602456490605411
374.5 0.4528093750152152 0.20555086173222495
374 0.45344201740457857 0.20612498992348907
373.5 0.4521596860135172 0.20496513819613374
373 0.4525060114036101 0.2052727924912218
372.5 0.4523890073073608 0.205155230503144
372 0.45284353568545627 0.20557717919174023
371.5 0.45259246649446355 0.20535722196673872
371 0.45229767378167324 0.20507822104071083
370.5 0.4528229296044443 0.2055542672961486
370 0.45206824872891044 0.2048694451345325
369.5 0.451890671312315 0.20471944695318212
369 0.45191962982215333 0.2047358038947082
368.5 0.45255542445832275 0.2053226509170159
368 0.4521000130890115 0.20489379959266046
367.5 0.45230307461183916 0.2050999196713604
367 0.4518045412372393 0.20463669565895223
366.5 0.4520451124275423 0.2048462760010879
366 0.45150498712991877 0.20436739201101567
365.5 0.45084792957693187 0.20377992313714485
365 0.45163565676935774 0.20447628597091413
364.5 0.45152648580587273 0.20439112365197196
364 0.45115235007622617 0.2040577158944775
363.5 0.4511373816339947 0.2040333843627743
363 0.45079166645138763 0.2037205208705112
362.5 0.4508022438289069 0.20373062297408906
362 0.45096523875562783 0.2038792329853639
361.5 0.4511292540628749 0.204032169584096
361 0.4505414335893793 0.20350048075239402
360.5 0.4498692323653749 0.20289048534135803
360 0.45043408710630345 0.20340939161897
359.5 0.45008249639622316 0.20309012573533222
359 0.4499581760050195 0.20295912901982643
358.5 0.4500669146466739 0.20307617800047367
358 0.450016815579092 0.20302978239758335
357.5 0.4494839204173958 0.20254542773003933
357 0.4497678299502223 0.20280591742669973
356.5 0.4494508586520132 0.20250606435980062
356 0.44943085443842556 0.2024983880628947
355.5 0.44967907569736254 0.20271418633550445
355 0.4488614211935379 0.201986673130473
354.5 0.44909930488829886 0.20219565636797818
354 0.4487659272654481 0.20189301412940036
353.5 0.4489244830242808 0.20203816156841511
353 0.44861423184559407 0.2017718059031525
352.5 0.4489041140415819 0.20202610684879718
352 0.44895919968416276 0.20207085290987797
351.5 0.4486961534294161 0.20184038168541163
351 0.4492019053739463 0.2022883297297134
350.5 0.44861121550157657 0.2017605282700342
350 0.448402833029388 0.20157021071394704
349.5 0.4483312051359986 0.2015114485636289
349 0.4480198156820199 0.20123813348290118
348.5 0.44831642556892926 0.2014863395537043
348 0.4477236952557614 0.20096169835681113
347.5 0.4477097507163834 0.2009578465710785
347 0.4480573113026691 0.20126171185434508
346.5 0.44810103399545886 0.20130132106048496
346 0.44759693275210954 0.20085948208489465
345.5 0.44716264551247764 0.2004704247794279
345 0.44748811060035293 0.20076048528686913
344.5 0.4475056854755613 0.20077740341131714
344 0.4471239664991123 0.2004338747291261
343.5 0.4469169815326404 0.2002476315006486
343 0.4465695444392586 0.19993673665007755
342.5 0.44677298757660633 0.20011386545900461
342 0.4468493721074471 0.20017962958046395
341.5 0.44625031452260394 0.1996421044698152
341 0.4463819160347467 0.199757513893814
340.5 0.44606041771841654 0.1994774316985764
340 0.44673213328237765 0.20007650445408687
339.5 0.44599792901519236 0.19943655431319868
339 0.44604567220461677 0.19947315546476493
338.5 0.44569245803223334 0.19914957464817906
338 0.4462484573950862 0.19964557827487875
337.5 0.44623801111816963 0.19962757053077387
337 0.4455513895398973 0.19902390775179
336.5 0.4452303974710567 0.19874479899703199
336 0.44520046187920864 0.19871827775044582
335.5 0.44520286575331397 0.19872157267591867
335 0.4456203534127028 0.19908939669564057
334.5 0.4456055564733845 0.19909218455458957
334 0.4450850953153726 0.19860501388197582
333.5 0.4448974424050247 0.1984454509958763
333 0.4443405320956308 0.19796363661553515
332.5 0.44454859671236735 0.1981142989094394
332 0.44475768991870096 0.19833465267356312
331.5 0.4445042756204504 0.1980860258120657
331 0.44404645201426146 0.19769800942395135
330.5 0.4440572245111827 0.19771278286594035
330 0.44383962546051114 0.1975121022409991
329.5 0.4435580123233422 0.1972493408711114
329 0.4439695315867545 0.19762028906690582
328.5 0.44366294061564004 0.1973495534752961
328 0.4433849108034018 0.19709788475366977
327.5 0.4435059645916654 0.19720927016511794
327 0.4435916807186431 0.1972827070013953
326.5 0.4428456009520439 0.19662192845997786
326 0.44310854214652756 0.19684509971392714
325.5 0.44309651416138146 0.1968314802435956
325 0.44311206154255683 0.19686741095121815
324.5 0.44264894545760836 0.19644334314682152
324 0.4423767364818643 0.1962105742419251
323.5 0.4420924355228889 0.1959527012401239
323 0.4422387068497844 0.19608623659100255
322.5 0.4421710383215176 0.1960340686440409
322 0.44175457003139446 0.19565593047094473
321.5 0.44163746552889527 0.19554584198692737
321 0.44117522834590467 0.19514556396891578
320.5 0.4414000960302095 0.1953579185477755
320 0.44138736701388087 0.1953448976495042
319.5 0.4408570034482345 0.19485887553511458
319 0.4413013823060123 0.19525711079157276
318.5 0.4413762791063483 0.19532128905222254
318 0.4415178284933521 0.19545211422452843
317.5 0.4410671089161369 0.19504661142583551
317 0.4408946282367382 0.19489745564912267
316.5 0.4403295118855233 0.19439296875471818
316 0.44056335903995403 0.19460502748547034
315.5 0.4409484659578949 0.19494927887699648
315 0.4399333070503298 0.19407031413923187
314.5 0.4399208986452334 0.19404363112908476
314 0.44063036059184607 0.1946588138061565
313.5 0.4395139216867359 0.19369935873098548
313 0.43966074597810756 0.19380787584017772
312.5 0.4393063625667483 0.19350320554363792
312 0.43958137254651036 0.19373491740716833
311.5 0.439111882984957 0.1933351722559981
311 0.4390006611050032 0.1932223559197284
310.5 0.43889248321651264 0.19313731384708976
310 0.4387841770907173 0.1930616252656608
309.5 0.43877718546446515 0.19304018039503448
309 0.4386561581371291 0.1929252785425119
308.5 0.4388686014526455 0.19310858054499536
308 0.4380789682419066 0.19243466333536427
307.5 0.4384249168038575 0.1927260417994312
307 0.4381413449074729 0.19248410959642184
306.5 0.437628368756159 0.1920263556209873
306 0.43821818819938496 0.19253069389238273
305.5 0.4381163021449185 0.19246821904742206
305 0.43741227221428197 0.19183748853361898
304.5 0.4371619214920542 0.19160840194917292
304 0.43729886540215035 0.19174833024400692
303.5 0.4371420165210369 0.19163044442728203
303 0.4367306306890991 0.1912386720328857
302.5 0.43680142270096306 0.1912909353170291
302 0.4367818758953118 0.19128557110342514
301.5 0.4369110149780414 0.1914026836765107
301 0.43574719838928844 0.19039892936551941
300.5 0.43635503905181966 0.19089679975385185
300 0.4361666133105838 0.19074916702957562
299.5 0.4356910101048009 0.19033797111511425
299 0.4358379515246743 0.19046306504449714
298.5 0.43587203181978873 0.19049552352485433
298 0.4353891628678482 0.1900667994953695
297.5 0.43589065011142464 0.1905185299466809
297 0.4356155242758092 0.19027397521018413
296.5 0.4348754789908034 0.1896250839365394
296 0.435152098259549 0.1898792191691937
295.5 0.4339564520024589 0.1888280558469174
295 0.43493278905631383 0.18968796879102856
294.5 0.434447519240576 0.1892414983946589
294 0.43445146327755896 0.18925798983995099
293.5 0.43451571499405717 0.18931013805022368
293 0.43419935601186516 0.18903862048464157
292.5 0.4337756259291904 0.18868374320323913
292 0.43427475663746107 0.18910622365468485
291.5 0.43345518284496004 0.18840381815495266
291 0.4338221256711589 0.18870627566527093
290.5 0.4339506052475429 0.18883178893877667
290 0.433376519918361 0.18832018082411173
289.5 0.4331154768083879 0.1880932597633645
289 0.4328780201567437 0.18789495015512286
288.5 0.4329379566039351 0.18796158482516656
288 0.4326909293053304 0.18772827236556258
287.5 0.43252976227225753 0.1875831562154165
287 0.43242474619413834 0.18748648298066212
286.5 0.4320738941261099 0.1871930273848616
286 0.4307618405410238 0.186076307405656
285.5 0.43210544602040796 0.1872346771195315
285 0.43120589565020734 0.18643129890084695
284.5 0.4322786494417557 0.187397624851323
284 0.43151089839782014 0.18672695000612197
283.5 0.4309830919307685 0.18624854452920034
283 0.43099094246853825 0.18625309151976585
282.5 0.43048498432687715 0.18582503841099918
282 0.43081539025946086 0.186117559479592
281.5 0.430276034219071 0.1856251673015514
281 0.4299653551551091 0.1853804277096811
280.5 0.42998343011329787 0.18538981874938074
280 0.4295245734027216 0.18500136539456327
279.5 0.4298506550195613 0.1852795289467373
279 0.42982600954539546 0.18526848539624813
278.5 0.4300129060728747 0.1854219987992848
278 0.4294117152483695 0.1848998324414404
277.5 0.42900699161089323 0.1845573047911155
277 0.4290684443708022 0.18461737168312536
276.5 0.4297781070778727 0.18521724173506038
276 0.42825872133853354 0.18391322491827167
275.5 0.42825583092432895 0.18390405456876505
275 0.4279823825097398 0.18368197287493943
274.5 0.4281296106086166 0.18380675391581147
274 0.42806350188259074 0.183741029070061
273.5 0.4277330807085397 0.18345964917079322
273 0.4279674953143402 0.18367712428461624
272.5 0.4278820265359426 0.1835838259988952
272 0.42675368816567755 0.18262016677536985
271.5 0.42700533014598807 0.18284258261883685
271 0.42728522607591557 0.183071962494537
270.5 0.42706888621050815 0.1829003490024166
270 0.4272596537228181 0.18305483941348413
269.5 0.4264795672310784 0.18236794168517442
269 0.4261960294284377 0.18216566932998468
268.5 0.42656617206261377 0.18245961182624865
268 0.4259897122825089 0.18197845778821273
267.5 0.4251201619462049 0.18123416837758824
267 0.4255884664916386 0.18163031080926006
266.5 0.4255040648759737 0.18156152525360286
266 0.42525858538941463 0.18135381563333136
265.5 0.42539927422820123 0.18145657561462109
265 0.42484718559981355 0.1809946012425736
264.5 0.4251888949475815 0.18129709079833634
264 0.42446481285648724 0.18068191253731902
263.5 0.4246769315954724 0.18087552821149985
263 0.4242750420232549 0.1805147047464727
262.5 0.4243079056154483 0.18054271084303714
262 0.424038472085385 0.18031710964672232
261.5 0.423630293890338 0.17996612979562926
261 0.4232091681840899 0.17961644657416387
260.5 0.4228639504776349 0.17931642611329984
260 0.4227255490618369 0.17920563722861763
259.5 0.4228394306838559 0.1792960179095518
259 0.4223765081871865 0.17891379365643445
258.5 0.4227447371067282 0.17921697068971013
258 0.4222843612338335 0.17882287007023984
257.5 0.42195864371425146 0.17854887076891832
257 0.4216577599980013 0.17831629828967058
256.5 0.4217017708457529 0.17833900232911246
256 0.4210904971448533 0.1778167381253527
255.5 0.42051050123729067 0.17734882414562325
255 0.4212816641374838 0.17798194009346657
254.5 0.42093101025234503 0.17768896514065532
254 0.421406339367219 0.17809502615005476
253.5 0.42075679288946904 0.17755497754931832
253 0.4209615824712463 0.1777090623537416
252.5 0.4200761289758262 0.1769609467642752
252 0.41924214146835725 0.17627113063008437
251.5 0.4196072242609968 0.17657663928698483
251 0.41999568833250733 0.17687648036920817
250.5 0.4190055574717786 0.17607584741861407
250 0.41889949615922895 0.17597718201074508
249.5 0.4192251209773984 0.17625915570965872
249 0.41884685517854076 0.17593860905800124
248.5 0.4187264163003599 0.17582727008206628
248 0.41908229459261753 0.17614637736613367
247.5 0.4178038403620784 0.175059109867969
247 0.41764900183846365 0.17493285009350176
246.5 0.41738931302839327 0.17470922336968528
246 0.4182874212182527 0.17545703040467417
245.5 0.41804028708528335 0.1752585608474298
245 0.4170715845714025 0.17446313997400714
244.5 0.4171914269445773 0.17455091744406542
244 0.4161786021464138 0.1737035299904573
243.5 0.41665101629732865 0.1741084274135194
243 0.41609528997831885 0.17363309100399843
242.5 0.41614820707054545 0.17367423715605046
242 0.4163178357309962 0.1738338775316288
241.5 0.4157374940599511 0.17334068079256162
241 0.41538439724062015 0.17305490211062544
240.5 0.41545085679128085 0.1731035161353328
240 0.4149477692188967 0.17269413789215735
239.5 0.4152751351171753 0.17295129841788118
239 0.415302381559654 0.17298564331873245
238.5 0.4138748139843165 0.17178515469265418
238 0.41374926278486335 0.17169888516041423
237.5 0.41398060230222344 0.1718864070921703
237 0.41391050980970057 0.1718214092882238
236.5 0.41323563446789296 0.17125650935985098
236 0.4135457569448904 0.17152199571522633
235.5 0.41211839325294697 0.17034152612651723
235 0.41319489148883376 0.17122498328850316
234.5 0.4126001906009223 0.17073495899557925
234 0.4118854482497432 0.17016271260344423
233.5 0.4117992613212588 0.17008469270060525
233 0.4115370067718391 0.16986478122349682
232.5 0.4116945060716846 0.17000482102942288
232 0.4111739350037173 0.1695566999837353
231.5 0.41177963280486635 0.17006740756173547
231 0.4104497397259964 0.16897720465963148
230.5 0.41140081541372736 0.16975730768886396
230 0.41076313848372153 0.1692074855553094
229.5 0.4090356255223568 0.1678050865090188
229 0.40995404600388313 0.16856014685208975
228.5 0.4095797406096218 0.16824732887760843
228 0.40941413782824676 0.16811795887073858
227.5 0.4090120831136043 0.16778112404500592
227 0.4093126066898366 0.16804378785490373
226.5 0.4082031284325991 0.167130957396684
226 0.40879362668119373 0.16761578194564009
225.5 0.40805962827668507 0.16699970373060002
225 0.4077177262410159 0.1667350309806905
224.5 0.40744185522358384 0.1665014781767348
224 0.4078694237382722 0.16686535020911425
223.5 0.4068534361885102 0.16604731114653623
223 0.4072247164027076 0.1663393838299642
222.5 0.4072012102132459 0.1663183187784256
222 0.40624418015660896 0.16553164712508003
221.5 0.40574272866962074 0.16512663276392983
221 0.4062681933928514 0.16556021619277517
220.5 0.40549778135734554 0.16492903607647258
220 0.4059551001225537 0.16531217450122046
219.5 0.4050626048471701 0.16457832269272535
219 0.40456193551294695 0.16415681012183558
218.5 0.40481411810473567 0.1643670697208933
218 0.4052085547027909 0.164690890180099
217.5 0.40456491507584086 0.1641627650279454
217 0.40412688847891676 0.16382408055781206
216.5 0.40347762049300917 0.16328524739010475
216 0.403573760826024 0.16337372825522323
215.5 0.4031889233274749 0.16305819078581366
215 0.4030012705270153 0.16290765579753805
214.5 0.402951926558623 0.16287053571149615
214 0.4020737703677996 0.16217208121168075
213.5 0.4019713271776783 0.1620675486331144
213 0.4021427483521826 0.16221137639372757
212.5 0.4015200751605683 0.16171990341679113
212 0.40097631084880087 0.1612656185898116
211.5 0.4012628117395737 0.16150489641368718
211 0.40084980032291384 0.16118434989133726
210.5 0.40017112049993225 0.16063230332403833
210 0.39959436066419113 0.1601751060693924
209.5 0.39966085015569147 0.16021425871990952
209 0.3994529204894693 0.16005610604054213
208.5 0.39926280370939204 0.15991106460840548
208 0.3997173931743645 0.16029045384164095
207.5 0.39929619689072265 0.15994102854217784
207 0.39820529523848813 0.15906665635433703
206.5 0.3986066423324446 0.15936695348519292
206 0.3978476824709489 0.15877326301949685
205.5 0.39788196888283184 0.15881319447942635
205 0.39744065108963267 0.15845727532243978
204.5 0.3968696589131201 0.1579878337396635
204 0.39576659745941517 0.1571283229899925
203.5 0.39647878879032916 0.1576853630557028
203 0.3956274853842812 0.15700106591320687
202.5 0.3959892723349207 0.15730633820310855
202 0.3955205526140892 0.15690849378630978
201.5 0.3950676188889241 0.1565516654298322
201 0.39443440186538353 0.15606881213475773
200.5 0.394391151087246 0.15605141754644072
200 0.3939890821224127 0.15571229645230666
199.5 0.39429299610922497 0.1559445681726116
199 0.39344811323578655 0.15529341671073668
198.5 0.3923716749191014 0.15443652537410085
198 0.39293029102476423 0.15488964599473085
197.5 0.39251350805648544 0.1545395025296939
197 0.392677252109806 0.15468012484735952
196.5 0.3918986511443348 0.1540861543568601
196 0.3916030424043129 0.1538240240571123
195.5 0.3916130598601908 0.15385175664984815
195 0.3911984361268278 0.15351653496514528
194.5 0.39089570453946965 0.15328772762515466
194 0.3900316449228285 0.15261266508894217
193.5 0.38986871110876153 0.1524801325220421
193 0.3898968578604767 0.1525073868212341
192.5 0.39015954000458686 0.1527140607837409
192 0.38831095036926533 0.15127958532196492
191.5 0.38907904647325126 0.1518766421414066
191 0.3890541130175184 0.15184793520065462
190.5 0.3879238582984033 0.15097654709100775
190 0.38823573826969077 0.15120586313071605
189.5 0.38706880812387756 0.15030824726474987
189 0.3874094256256498 0.15057626557868253
188.5 0.38642763200747243 0.14979987861780797
188 0.3867755580454292 0.15008843593626905
187.5 0.38603182115188744 0.14950075060151208
187 0.3860482024929678 0.14951814716433748
186.5 0.38462455995677125 0.14840706892698408
186 0.3854477580008531 0.14907342192688364
185.5 0.3845072881009746 0.1483556254694741
185 0.3837892589135008 0.14777823263864762
184.5 0.38463271139885435 0.14843580196786174
184 0.38302504145274713 0.1471829898877772
183.5 0.38321344481071523 0.14733848617830575
183 0.3825966679098529 0.1468484206171991
182.5 0.38225338904426714 0.14658994583107784
182 0.38156730041859643 0.14607009508286178
181.5 0.38242805600177066 0.1467140350488598
181 0.38144143380019935 0.14598264156129115
180.5 0.38063446058690265 0.14536180254240275
180 0.3805759758549342 0.14530181181999424
179.5 0.38074073483170606 0.1454569299243417
179 0.37974187850835545 0.14468776542086573
178.5 0.37945829908542017 0.14446830213285508
178 0.379155333683318 0.14423523980389752
177.5 0.3791228589883337 0.14421160671781255
177 0.3783167734990907 0.1435905309170685
176.5 0.3779395023468396 0.143307967197751
176 0.37718927884152764 0.14276020237696896
175.5 0.3771714973440602 0.14273842060119588
175 0.3761864938162745 0.14198081619199437
174.5 0.3763039929052993 0.14207551570323879
174 0.3759333951346723 0.14179990947629995
173.5 0.3757558096782537 0.14168232351342133
173 0.3753801746939078 0.14137377137560594
172.5 0.3754591404247916 0.1414519219138986
172 0.37349521149933274 0.1399802806459518
171.5 0.3738933896818142 0.1402651069017288
171 0.3736501229180793 0.14008802257214054
170.5 0.37343237779467325 0.1399265462393223
170 0.37348956167070085 0.13997624845779763
169.5 0.3725256841235127 0.13924992866292255
169 0.3719646666925241 0.1388391406306061
168.5 0.37190409874869607 0.13877527300887002
168 0.371873922893862 0.1387815698857439
167.5 0.37106738569778164 0.1381656610247422
167 0.3702451377481782 0.13755017055508983
166.5 0.3710218573199195 0.13812479947016834
166 0.36956172608239185 0.13703673676479994
165.5 0.36916119955189125 0.13673321995490673
165 0.36932453791798303 0.136870685830687
164.5 0.3685216094488286 0.1362892149296741
164 0.3673812078739605 0.13542364663159998
163.5 0.36778919688417333 0.1357371452748391
163 0.36666307407817256 0.1348992934056398
162.5 0.36687397552874734 0.13506727901648324
162 0.3662151355219341 0.1345813927258666
161.5 0.3661773597457789 0.13454267213524812
161 0.3652992499726522 0.13389643643048046
160.5 0.36493010548329513 0.1336190081251802
160 0.3644258194486382 0.13326857858070917
159.5 0.3639831923270133 0.13295736122580987
159 0.3634708834717747 0.13257357926594895
158.5 0.3632118789913584 0.13238017509369937
158 0.36191157265177554 0.13143710840970385
157.5 0.3616165733757678 0.13120662514127313
157 0.36151599998513045 0.13113924805712623
156.5 0.3614391416695127 0.13110937470298245
156 0.36077873924952425 0.130618765845938
155.5 0.36146552572381413 0.1310988736692769
155 0.35916838355178743 0.12944805172875468
154.5 0.36003625731002875 0.13008200521041668
154 0.35936176789892404 0.12958973653280786
153.5 0.3583902562963126 0.12888536422721383
153 0.35789110216458847 0.1285434818639324
152.5 0.3574279627297948 0.1282275510370357
152 0.35695031822124207 0.1278676298437947
151.5 0.35637675768370936 0.12746769453831633
151 0.35580919648582116 0.1270533758297705
150.5 0.35579576719144346 0.12703574108193794
150 0.35520552192334914 0.12661505950091817
149.5 0.35479490096824035 0.12632030482587747
149 0.35453537613575803 0.12614844370072467
148.5 0.35338636758820524 0.1253235532698906
148 0.3528234733965171 0.12492329898740377
147.5 0.3518040649225804 0.12421294996977832
147 0.35157637369438394 0.12404395395747395
146.5 0.35129730269492937 0.12385038938507516
146 0.3506839987782993 0.12342206266222915
145.5 0.3502049275953141 0.12308159811010076
145 0.34985569838919384 0.12281994739493542
144.5 0.34925985356224354 0.1224259035387641
144 0.3485170112366603 0.12190734770390713
143.5 0.34841809172880733 0.12182207883289452
143 0.3478854395566201 0.12143582707736408
142.5 0.34707499421162796 0.1208890709351072
142 0.3465370036687248 0.12052951793387612
141.5 0.3455231132509542 0.11980421523289739
141 0.34486957995652034 0.11936049487339737
140.5 0.3444408531832573 0.11907834500143559
140 0.34445818592702265 0.11909128851870988
139.5 0.3440730966038605 0.11882276717021582
139 0.3433687577036901 0.11832904645573993
138.5 0.342241531274942 0.11756063526204723
138 0.3409883422186447 0.11670466127683797
137.5 0.3421175123104129 0.11746887007556205
137 0.3413102308351274 0.11691738123414315
136.5 0.3409211973520624 0.11666044272063429
136 0.3400463637464389 0.1160540033772243
135.5 0.33949274186733763 0.11569016247078867
135 0.33803182556608136 0.1146838211297319
134.5 0.33898698483283257 0.11531217204006795
134 0.337297975182246 0.1141805689316949
133.5 0.3374629458137662 0.11428769879831958
133 0.33671236773646734 0.11380103776758857
132.5 0.3353311402043074 0.11286547356232422
132 0.33531654990244864 0.11286350067802209
131.5 0.33472503346344246 0.11245735245879043
131 0.3334556860967356 0.111600848494011
130.5 0.33360091048006885 0.11171337086046346
130 0.3338141627856899 0.11183854763967094
129.5 0.332576112967705 0.11100672064302493
129 0.3316437908999261 0.11040754916244233
128.5 0.3307206728553627 0.10979084912463147
128 0.3305561778607356 0.10969105013327225
127.5 0.3304023670378205 0.10956375193716084
127 0.3294465413420775 0.10894400820513257
126.5 0.3287040345476072 0.10844305283575197
126 0.3285197944393679 0.10834434338189577
125.5 0.3277472051722138 0.10781581079671008
125 0.32597842323766923 0.10666599303045261
124.5 0.32623278703685427 0.10683799240217447
124 0.3249551490119452 0.10599890366436072
123.5 0.32384260917427343 0.10527770546780515
123 0.3239970859763773 0.10536521387923736
122.5 0.32368182914445937 0.10517103173979496
122 0.322917545299525 0.104661784658008
121.5 0.32217391777470616 0.1041866513293175
121 0.32074889610978874 0.10329822621069115
120.5 0.32080120710473575 0.10331947798069893
120 0.3198529096351236 0.1027083484297829
119.5 0.3194351863271356 0.10245468737276202
119 0.3182320846029983 0.10167012645292452
118.5 0.3175244902755903 0.10122419707745564
118 0.3167561069059968 0.10071504869581194
117.5 0.31681521471602403 0.10075948376198451
117 0.3149741480036684 0.0995743559952098
116.5 0.31518477494291663 0.09972846183217683
116 0.31453455950866205 0.09933082559768522
115.5 0.31423732734738813 0.09913400127593447
115 0.31230859623571233 0.09792310818189319
114.5 0.31277131792427937 0.0982126397936535
114 0.311239056769691 0.09723749868429324
113.5 0.3107263515261607 0.0969278675044725
113 0.3103843807035879 0.0967222127249177
112.5 0.3091919787827233 0.09599697247912076
112 0.30759930197598756 0.09498923156316301
111.5 0.3075932056615925 0.09497992779071829
111 0.30690416998258674 0.09457273355077793
110.5 0.3057171382794537 0.09384988040882662
110 0.30511631121369714 0.09346915220130468
109.5 0.30488340366112704 0.09330547648372281
109 0.3039915337585366 0.09277621922694605
108.5 0.3030197856986299 0.09217582190380039
108 0.3028132380273729 0.09205284565830528
107.5 0.30135347839809923 0.09117467839161462
107 0.3016225068583332 0.09132054010274927
106.5 0.2996390775124032 0.09015711271629269
106 0.2993437224405368 0.08996882545124078
105.5 0.2989766739942564 0.08974755858977133
105 0.2980276787933189 0.08917120580766154
104.5 0.2965135241472033 0.08825817911556466
104 0.2960098012515106 0.08797058047633291
103.5 0.29565643517908846 0.08774814321288989
103 0.2946244845811794 0.08714983339568975
102.5 0.29320521300148505 0.08630155093403612
102 0.29248291830606643 0.08588532875392402
101.5 0.2916948821457812 0.08542661475007465
101 0.2910808075788019 0.08507272169823563
100.5 0.2903705127795418 0.08464409538251796
100 0.2892425145196185 0.0840098089636584
99.5 0.28864655984763743 0.08364992011100827
99 0.2871910660315392 0.08281482687051499
98.5 0.2870095712660021 0.08270447475726006
98 0.28617003638099864 0.0822195229284443
97.5 0.2852459184944932 0.08169833576814094
97 0.2836082893865391 0.0807515240143917
96.5 0.28327569340239656 0.08058205882079338
96 0.28258476539488714 0.08019513529601689
95.5 0.2810880519194541 0.07933014873776788
95 0.2798087952110651 0.07860295926002399
94.5 0.2793314166916834 0.07833871800136444
94 0.27962415362384124 0.07850059949506319
93.5 0.27832252885150927 0.07776700413060393
93 0.27754019268273367 0.07732785790319303
92.5 0.27626460096344374 0.07664852474994488
92 0.2750625334216783 0.075970111403471
91.5 0.2737860905330349 0.07525968233715442
91 0.27240074923565116 0.07451509147510771
90.5 0.27289599644380863 0.0747749069409386
90 0.2701269055736897 0.07325988183006761
89.5 0.27041846480717935 0.07343801404464101
89 0.2706700822474864 0.0735531768724836
88.5 0.2694697686704206 0.07290818110806054
88 0.2687649913761755 0.07252713619113298
87.5 0.2665575337668359 0.07135222716739936
87 0.2663019675615407 0.07122416005389982
86.5 0.26581572159863054 0.07094885061801243
86 0.2636914519934566 0.06983271763579436
85.5 0.2624722317533328 0.06916824600815209
85 0.2625987672186909 0.06925468788537784
84.5 0.26113194043188104 0.06847195314391549
84 0.2600281302639889 0.0678958626275387
83.5 0.258456376119802 0.06708250828895455
83 0.2573003864199692 0.06649776101706192
82.5 0.2564601964684221 0.06605567891804652
82 0.2573933146216551 0.0665168957328772
81.5 0.2553278052823233 0.06546316171536168
81 0.25330220555016225 0.06441454315262446
80.5 0.2528976814254477 0.06422515244322258
80 0.25236348409402815 0.06395047855094306
79.5 0.2497445456916529 0.06263777980032964
79 0.25034429038061257 0.0629233173726804
78.5 0.24862508130282057 0.06207126920569848
78 0.24748915448396214 0.06151979742368498
77.5 0.24687065817300097 0.061197634091579384
77 0.24592757078198868 0.06071998235636415
76.5 0.24402141044978398 0.05979952257384763
76 0.2433473632031622 0.05945419543993068
75.5 0.24237757766188875 0.058987218764705675
75 0.24027097881825457 0.05798169879961497
74.5 0.24120641264094686 0.058425757958641106
74 0.23927251218151233 0.05749871386548126
73.5 0.23837695863627276 0.05706076843061257
73 0.23682969307330498 0.05632270292002434
72.5 0.23612866679223654 0.05599241694845859
72 0.2348579477930547 0.05540118260092991
71.5 0.2329032750146949 0.05446145144316047
71 0.23137793190699685 0.053752202413800625
70.5 0.2303880527593591 0.05330124731877012
70 0.2294935623919607 0.05289424168999982
69.5 0.2294874066507646 0.05288288090731378
69 0.22800632065317514 0.05220614522251921
68.5 0.22659589168284672 0.051550210737655124
68 0.2263529472567342 0.051451144721343045
67.5 0.22501863233349575 0.05085017819426045
67 0.22326302221757366 0.05006202422110317
66.5 0.22145946950627465 0.04924941281041935
66 0.22096733203417804 0.04902883376363484
65.5 0.21993463403433755 0.04857641557103174
65 0.218846467475293 0.04809385740726274
64.5 0.21776932907929356 0.04761826578509891
64 0.21628778740622562 0.04696181601380779
63.5 0.2156606929981776 0.046695776381231506
63 0.214185260146315 0.04606174844272153
62.5 0.21155440923866634 0.04494034138257411
62 0.2113572851628074 0.044854445678674755
61.5 0.21050457939176181 0.04450326185661465
61 0.2087694458184858 0.0437792114688992
60.5 0.20724797798351655 0.04312614985880046
60 0.2057761392497492 0.04252673035929013
59.5 0.20532982514177348 0.042327718545469795
59 0.2041456252663281 0.041844332785376824
58.5 0.20309564388322726 0.04141190599693125
58 0.2018775055534903 0.04091928110848925
57.5 0.20055709355277637 0.040382011843770466
57 0.19869071668970228 0.039638746613919466
56.5 0.19798572167633274 0.03935392885116176
56 0.1957705890005044 0.03848069144611113
55.5 0.19499313096416204 0.03817206464899992
55 0.1940051994032847 0.037786768755794446
54.5 0.1943062141921251 0.03790847122480653
54 0.1910260974690527 0.036641180709567664
53.5 0.19108420596220962 0.03666919428319142
53 0.18966272157989286 0.036111108906775886
52.5 0.1878786336847916 0.03544814593531362
52 0.18739309105701796 0.03526142624932521
51.5 0.1858037158708065 0.034665018698074666
51 0.18433686900776844 0.034104867889015775
50.5 0.18310825631528854 0.03366162329026523
50 0.18077598406331405 0.03280740446463535
49.5 0.1796263012058704 0.032397021487475974
49 0.17994757173711387 0.03251137179228714
48.5 0.17811778411590354 0.03184060162000597
48 0.1771552292109652 0.03149544048719852
47.5 0.17486798111150373 0.03069726161708074
47 0.17467043663767925 0.030626841955932432
46.5 0.1719875582667522 0.029686588672361947
46 0.17102410781028318 0.02936058611342231
45.5 0.168900032404113 0.0286266434763254
45 0.16773302566544374 0.028243935233177246
44.5 0.16742498313437165 0.028141527521971278
44 0.16584505716778336 0.027612624389410072
43.5 0.16455658365868714 0.027188827478041768
43 0.16321587533315365 0.026739034689930885
42.5 0.16057755102348656 0.025875444212337496
42 0.16131131221114237 0.02611568850478124
41.5 0.15889943209916785 0.025338883585012753
41 0.1573664660164464 0.024860471199347714
40.5 0.15673040054272624 0.02465717338419572
40 0.15450178825167607 0.02395615227349729
39.5 0.1536741838244681 0.02370332575938151
39 0.15243844724714545 0.023319074342302657
38.5 0.15086321323932492 0.022834429652061842
38 0.14900839639640548 0.022287410043197634
37.5 0.1481834308672287 0.022037130088561684
37 0.1464643412320081 0.021524879061192763
36.5 0.14633944127937992 0.021488161238242452
36 0.14423090723278456 0.020867857143468317
35.5 0.14254786204622028 0.020384437118644516
35 0.14085668411361285 0.01990813300000395
34.5 0.14034214469344547 0.01975656501243499
34 0.13835040124821696 0.01921038694529108
33.5 0.13605975985515345 0.018570714375250177
33 0.13649881252176468 0.018687316476914812
32.5 0.1345586265754701 0.01816531096231192
32 0.13343579479931586 0.017866559851693678
31.5 0.1319095298500368 0.01744726869085328
31 0.13008380982614084 0.01696491013616587
30.5 0.12925388407490768 0.016762615900467955
30 0.12866505252943955 0.0166049003607226
29.5 0.12607764217319764 0.015944524931192448
29 0.1244153696366692 0.015527041654457686
28.5 0.12416593401080252 0.015462801551760049
28 0.12260337289205854 0.015072493961719802
27.5 0.12230428212837778 0.01499562689634929
27 0.12029024014233888 0.014505710794107392
26.5 0.1179529439100324 0.013948829218804661
26 0.1172408545332933 0.01378329272723901
25.5 0.11671164618044479 0.013655309569608545
25 0.1147751062883187 0.013205998123474278
24.5 0.11406017596435299 0.013036663067882263
24 0.11199613052410475 0.012573454943471946
23.5 0.11026118899915371 0.012184333182994883
23 0.1095794756648633 0.012033977948637095
22.5 0.10813728518396677 0.011719528033664536
22 0.10677167184104541 0.011427012190379041
21.5 0.106415848593464 0.011346364438138955
21 0.10468182819641225 0.010981129326770325
20.5 0.10401198124634124 0.010835826230050097
20 0.10207075924951597 0.010433466420825214
19.5 0.1011065563079365 0.010241509028350134
19 0.09942284732019688 0.00990378283133512
18.5 0.09879665191068251 0.009777746679948157
18 0.09763993820148434 0.009552364808156749
17.5 0.09659146409361322 0.009344137570283972
17 0.09662768972055616 0.009347487703500256
16.5 0.09333897885914386 0.008724879509961396
16 0.09414595892861 0.008874177143719434
15.5 0.09216606599161183 0.008505444068667671
15 0.09231146618561324 0.008530529405384363
14.5 0.08961254898329689 0.00803712891922817
14 0.0893750501732208 0.007994270986404506
13.5 0.08858417597069049 0.007853176090301221
13 0.0881064021586674 0.0077679431391014355
12.5 0.08741152228624198 0.007647210913383285
12 0.08617070364111051 0.0074287722868790085
11.5 0.08531452168644432 0.0072821195635779995
11 0.08502174450370911 0.007231460957601074
10.5 0.08412407346559761 0.007079878347126164
10 0.08386576460856437 0.007036339510174957
9.5 0.08492559494782201 0.007214555983900479
9 0.08293860245344335 0.0068802342567391445
8.5 0.08231522369834036 0.006777554142499893
8 0.08186275174169254 0.006702751046066405
7.5 0.08163600074297798 0.006665288242428765
7 0.08144060979003218 0.006633387242134568
6.5 0.08050417774303409 0.006481521330803771
6 0.0795711047538437 0.006331853221783665
5.5 0.07949037182470543 0.006318968403017698
5 0.07978426387830477 0.006365748787694507
4.5 0.07994640808425808 0.006391581660598463
4 0.07956339743826447 0.006330437313412439
3.5 0.07959304454449342 0.006335089102004462
3 0.07949410868822367 0.006319334455697887
2.5 0.0794491073498422 0.006312169300620869
2 0.07942133403834196 0.006307752950305892
1.5 0.07939744727464154 0.006303956441670673
1 0.07937818851969076 0.0063008974847284654
0.5 0.0793616750060971 0.0062982757421035165
