1000 0.7284559372483674 0.5310846381983317
999.5 0.7277383038414302 0.5300525141340995
999 0.7281417900392776 0.5306343548753231
998.5 0.7281452135837636 0.5306250707201521
998 0.7278765657988602 0.5302473071145805
997.5 0.7279038867572055 0.5302922956401157
997 0.7277097075626473 0.5300069720770186
996.5 0.727289887891128 0.5294087107779113
996 0.7280678981998635 0.5305325081267431
995.5 0.7276917612192381 0.5299734071433121
995 0.7277947145249999 0.530122281180151
994.5 0.7278656588083988 0.5302430035681636
994 0.7278771891634193 0.5302390853235909
993.5 0.7281370576310732 0.5306272261058225
993 0.7280902663599207 0.5305556420706178
992.5 0.727709307799774 0.5300034282951894
992 0.7281182929682107 0.5305956048605697
991.5 0.7272933077474253 0.5294039536412166
991 0.727567851820315 0.5297910565924248
990.5 0.7277183388070166 0.5300101376186507
990 0.7276466592229777 0.5299147995758425
989.5 0.7278464708307976 0.5302137060256703
989 0.7274529599868711 0.5296405639620977
988.5 0.72777460590715 0.5300972172986208
988 0.7277301506138121 0.5300458454946444
987.5 0.7282487571585287 0.5307887207871147
987 0.7279454650541852 0.5303409695163704
986.5 0.7278431782392114 0.5301897850511037
986 0.7278366671350978 0.53018843045674
985.5 0.7278053973163959 0.5301423679203815
985 0.7275638506087118 0.5297798656281175
984.5 0.7274372205103996 0.5296063833584936
984 0.7277723197626276 0.5300899031346215
983.5 0.7278201776039419 0.5301508115228618
983 0.7272362470629403 0.5293131006595294
982.5 0.7275520760323857 0.5297706055588514
982 0.7276008358431992 0.5298404865418072
981.5 0.7271201698491218 0.5291505746985061
981 0.7275352227777229 0.5297611047245447
980.5 0.7279736696592956 0.5303926724024598
980 0.7277760301521281 0.530095088297969
979.5 0.727068711506341 0.5290717991013929
979 0.7271731466661073 0.5292323336609664
978.5 0.7274173928822754 0.5295726910221767
978 0.7272474543109829 0.5293362968647609
977.5 0.7276349655684247 0.5298975930765877
977 0.7273102794951872 0.5294158697770471
976.5 0.7272869024158672 0.5293903134030541
976 0.7271548790818084 0.5292041969889136
975.5 0.7276470693053697 0.5299032379771713
975 0.7274793183641367 0.5296682916902237
974.5 0.7275278289053426 0.529744378510393
974 0.7276620447689289 0.5299324896787283
973.5 0.7275094036576836 0.5297103466442097
973 0.7272949629111405 0.5293995908027094
972.5 0.7274440323732402 0.5296227830329037
972 0.726924663668926 0.5288556339485534
971.5 0.7271356452387108 0.5291637902427505
971 0.7271870816481603 0.5292418417906132
970.5 0.727696209794711 0.5299854513545045
970 0.7273518653334404 0.5294759120555329
969.5 0.7275235900619589 0.5297320060663777
969 0.7269271915477077 0.528867069132296
968.5 0.727694317003991 0.5299722949265387
968 0.7274947528187818 0.5296970317177067
967.5 0.7271900820284681 0.5292494997238788
967 0.7270492420763083 0.5290431776658396
966.5 0.7270935020639359 0.5291155585010607
966 0.7270802228657645 0.5290871098978973
965.5 0.7270459688133987 0.5290453638375022
965 0.7270858881597296 0.5291021435808403
964.5 0.7273555356532498 0.5294898493688209
964 0.7277729064735805 0.5300924597328869
963.5 0.7271188457623506 0.5291477368642775
963 0.7269288576634126 0.5288696195681819
962.5 0.7271664675785228 0.5292179925235039
962 0.7267973952929976 0.5286859683308933
961.5 0.7269271174284608 0.5288708999684547
961 0.7273897778433059 0.5295350480950801
960.5 0.7269402803152584 0.5288874742584142
960 0.7271284713245946 0.5291747141358938
959.5 0.7271929396377298 0.5292454712893234
959 0.7265529800091891 0.5283232739775964
958.5 0.7268716522704913 0.5287904316468843
958 0.7269984822993878 0.5289700760609498
957.5 0.7270686420780103 0.5290758829361587
957 0.7275976776265496 0.5298355234907048
956.5 0.7265819175822433 0.5283676257445639
956 0.7266879963849318 0.528519555782981
955.5 0.726974842191591 0.5289435842898849
955 0.7265432294347461 0.5283072944758049
954.5 0.7270825793709477 0.5291014490765984
954 0.7269117384944658 0.5288446065817217
953.5 0.7265943096339083 0.5283725600500784
953 0.7263999061858131 0.528100027166414
952.5 0.7266329766587666 0.5284419136725129
952 0.727101542808485 0.5291174343656919
951.5 0.7271000433573319 0.5291266409823014
951 0.726970854177321 0.5289396019035596
950.5 0.7273894110974612 0.5295392567837222
950 0.7268693012299474 0.5287703119137342
949.5 0.7270441576393675 0.529028681267576
949 0.7266861349770002 0.5285174574579303
948.5 0.7266667860808479 0.5284831173805132
948 0.7266300316653278 0.5284324771282944
947.5 0.726903943477132 0.5288363113035407
947 0.7265476382612747 0.528308413223771
946.5 0.726607237867645 0.528390200196983
946 0.7261310773906766 0.5277103788289071
945.5 0.7268664474176079 0.5287706560874836
945 0.7262780329339291 0.5279188932991167
944.5 0.7266248338027785 0.5284242243891594
944 0.7263562308322548 0.5280401012438052
943.5 0.726552638407756 0.5283103769544315
943 0.726019692210898 0.5275367193142019
942.5 0.7268305611995891 0.5287272061116194
942 0.7264175469999441 0.5281251760715447
941.5 0.727000424022092 0.5289689985986997
941 0.7265813879386857 0.528377277841995
940.5 0.7267042269494237 0.5285420098996964
940 0.7263135473218956 0.5279704095307808
939.5 0.7263891144515479 0.5280933251603726
939 0.7266892762318202 0.5285225467916564
938.5 0.7270839238573462 0.5290891152963891
938 0.7263880057217741 0.528083601899685
937.5 0.7263417794461478 0.5280148539312085
937 0.7263956851756004 0.5280908512433063
936.5 0.7265937912974186 0.5283809486269486
936 0.7264588958818766 0.528188415459691
935.5 0.7268721842477196 0.5287831648593864
935 0.7264502149854992 0.5281732874227943
934.5 0.726728307572208 0.5285911777179397
934 0.7262556740100926 0.5278938452411769
933.5 0.7263060066716909 0.5279555955292347
933 0.7264234395492343 0.5281319318557403
932.5 0.7261847986556593 0.5277892755540287
932 0.7265687293530728 0.5283394361742826
931.5 0.7264335946017094 0.5281406900985298
931 0.7262475606441546 0.527883072627557
930.5 0.7263113755019854 0.5279737211408395
930 0.7263672143129565 0.5280535562349071
929.5 0.7267395954236511 0.5285967627280425
929 0.7263263214463811 0.5279960963600671
928.5 0.7261952620214245 0.5278059603311314
928 0.7261751894414185 0.5277754894723671
927.5 0.7262845228685674 0.5279285852042958
927 0.7258678503956022 0.5273306797841106
926.5 0.72623019316424 0.5278533319352328
926 0.7262489022733849 0.5278910152400327
925.5 0.7262866302900297 0.5279361837697466
925 0.7258513337036249 0.5273124697478023
924.5 0.7262203926583553 0.5278323413131296
924 0.7258811508333981 0.5273540208421686
923.5 0.7261307365623852 0.5277047467415674
923 0.7263758000042471 0.5280682651235447
922.5 0.726856046323024 0.5287572686808698
922 0.7258083097768074 0.5272441819512247
921.5 0.7255731672950761 0.5268973301991631
921 0.7258362530107026 0.5272744725337691
920.5 0.7257558156192578 0.5271670651856251
920 0.7258324456632972 0.5272898973375835
919.5 0.7261064044714783 0.5276726962797905
919 0.7261593904495204 0.5277473690511888
918.5 0.7261494602483728 0.527735328939364
918 0.726079985860497 0.527638572972769
917.5 0.7256896436823295 0.5270855996620131
917 0.7261041846796882 0.5276725177567578
916.5 0.725981645247355 0.5274939733398963
916 0.7257584040073026 0.5271637156620891
915.5 0.725950156727538 0.5274518592216589
915 0.725543558321286 0.5268608291977568
914.5 0.7258097794259186 0.527239136130514
914 0.7255298772047217 0.5268428902509051
913.5 0.7260070171489097 0.5275372911455745
913 0.7260435101496541 0.5275901142663675
912.5 0.7258380339228894 0.5272840320180687
912 0.7255314560619162 0.5268437928454989
911.5 0.7259287990866781 0.5274130050067616
911 0.7264909392990939 0.5282317373154936
910.5 0.7257697992132025 0.5271808338560771
910 0.7259172577006461 0.5274034891923534
909.5 0.7260033869019881 0.5275399835965089
909 0.7260655016994357 0.5276126751137177
908.5 0.7258056682213428 0.5272395644030354
908 0.7254085068233773 0.5266649791701995
907.5 0.7252686196542356 0.526464522976115
907 0.7255027224579759 0.5267980379336998
906.5 0.7256467218325183 0.5270030226091535
906 0.7257254455195482 0.527112825732924
905.5 0.7253465938899457 0.526580246043006
905 0.7254803475378716 0.526770779350224
904.5 0.725562749146712 0.5268920981441587
904 0.7256545683437948 0.5270149137107236
903.5 0.7251693717957899 0.5262979859216496
903 0.725832005701814 0.527272133472481
902.5 0.7254253479265969 0.5266772844134562
902 0.7252056387888463 0.5263716430157536
901.5 0.7250656794458739 0.5261666390803093
901 0.7257010563527789 0.5270828138907793
900.5 0.725212657082218 0.5263908285684731
900 0.7253380680472451 0.5265570752970363
899.5 0.7252826263244001 0.5264876565856164
899 0.7257009344290718 0.527087679073672
898.5 0.7255906816908969 0.5269208817397208
898 0.7253566002899161 0.5265831298961631
897.5 0.7254534941296656 0.5267296017031357
897 0.7253270631086769 0.5265496797551358
896.5 0.725608342941302 0.5269402202168537
896 0.72534982203273 0.526571148325968
895.5 0.725304565982848 0.5265190227412074
895 0.725074904977985 0.5261800810201699
894.5 0.7253296047506711 0.5265486898771592
894 0.7253897972387883 0.5266279234287035
893.5 0.7250873134433209 0.526198218365684
893 0.725569194569072 0.5268852497838264
892.5 0.7253935378563144 0.5266279103393926
892 0.7253899828100974 0.5266386688480963
891.5 0.7256439023448358 0.5270075668067042
891 0.7249324679107882 0.5259721972981861
890.5 0.7250141304510885 0.526097138735748
890 0.7254274198849767 0.5266912247527475
889.5 0.7254292661307995 0.5266948483716345
889 0.7250828229836103 0.5261955736009489
888.5 0.7248418994787588 0.5258452037648275
888 0.7250600363796817 0.5261583807158982
887.5 0.7248372931335274 0.5258330437236614
887 0.72526419082105 0.5264581193555172
886.5 0.7252483772879844 0.526443172309723
886 0.7250378862317117 0.5261303280170573
885.5 0.7249120363167916 0.5259479110004542
885 0.7249750860293025 0.5260318718001629
884.5 0.7245413239256026 0.5254136911133471
884 0.7247674153333326 0.5257444897960322
883.5 0.7247615999562323 0.5257173025307045
883 0.7247650516583072 0.525722347550189
882.5 0.7249236050010683 0.5259490438508453
882 0.7248361499320041 0.5258255284336105
881.5 0.724851273766242 0.5258445345111203
881 0.7250124612245903 0.5260852943627565
880.5 0.7250297408958896 0.5261147382007041
880 0.725255876155913 0.5264432125940622
879.5 0.7246985935275355 0.5256310342147462
879 0.7251071746214756 0.5262201711625953
878.5 0.7255855115474258 0.5269155256113243
878 0.7248587919241098 0.5258713694389662
877.5 0.7246303351790515 0.5255356259654245
877 0.7250368066800983 0.5261249090098609
876.5 0.7244471348963889 0.5252610860395758
876 0.7251409033223438 0.5262712706971043
875.5 0.725079461420415 0.526179211930148
875 0.7249380741020418 0.525984391399217
874.5 0.7245961656881271 0.5254970012110726
874 0.725005426904298 0.5260665706042038
873.5 0.7248051796144991 0.5257735428783211
873 0.7242273539325742 0.52493677487109
872.5 0.7247840396487474 0.5257534077870253
872 0.7244787637895865 0.5253140399919021
871.5 0.7241708717444599 0.524857748047727
871 0.7248303640824261 0.5258343151104286
870.5 0.7245599211008188 0.5254204533402657
870 0.7246718754961168 0.5256021014856388
869.5 0.7248829526335455 0.5259001076169478
869 0.7244379601440561 0.5252596019759095
868.5 0.7244993963849169 0.5253360653727586
868 0.7248155387039709 0.525800901680035
867.5 0.7246940546226808 0.5256153044335312
867 0.7244102603084939 0.5252214273234781
866.5 0.7237776172044034 0.5243112074473711
866 0.7243719307379763 0.5251586431650427
865.5 0.7241782748666922 0.5248722460610118
865 0.7250558725327781 0.5261463424672206
864.5 0.724051265115964 0.5246953248130031
864 0.7246578123757254 0.5255694272175001
863.5 0.724277136254889 0.5250214045266675
863 0.7247666710422666 0.5257310250108769
862.5 0.724272079371588 0.5250336045641234
862 0.7239752575592006 0.5245853698282796
861.5 0.724612832517074 0.5254995360250845
861 0.7247229663556475 0.5256697342119135
860.5 0.7244859165526976 0.5253171931376517
860 0.7238449081720093 0.5243962276970834
859.5 0.7240410109705352 0.5246840837929626
859 0.7239607246970307 0.5245682291982282
858.5 0.7243037545867442 0.5250639062337588
858 0.7241911349685574 0.5248994823512075
857.5 0.7239826514254657 0.5246021014182208
857 0.724290144417926 0.525039338205145
856.5 0.7243034667004175 0.5250591493907728
856 0.7243272724917147 0.5250948331675657
855.5 0.7245220677526111 0.5253802427299561
855 0.7241773987137217 0.5248736509171779
854.5 0.7238865570291309 0.5244551335972494
854 0.7235381781589825 0.5239597146542232
853.5 0.7245176735440835 0.5253657467089462
853 0.7244725427551268 0.5253018903249514
852.5 0.7242004071220357 0.5249063199811089
852 0.7241158780193848 0.524783993543019
851.5 0.7233691313308807 0.5237015421961904
851 0.724213308453137 0.5249336889532418
850.5 0.7241428912867219 0.5248304736320968
850 0.7240774189711119 0.5247420402756349
849.5 0.7239874082589197 0.5246009240072151
849 0.7238866774210635 0.5244618520982801
848.5 0.7240284214708207 0.5246568426252988
848 0.7241520655151585 0.5248443244021239
847.5 0.723972639129701 0.5245831318403875
847 0.7237185033922116 0.5242218149125943
846.5 0.7241410086752924 0.5248162039002008
846 0.7238535672205765 0.5244193931978015
845.5 0.7241126135083773 0.5247937644441574
845 0.7244014066196863 0.5251957965817651
844.5 0.7238859819947352 0.5244632687062664
844 0.7239049328562476 0.524484839159702
843.5 0.7236501205592258 0.5241268735421046
843 0.7236251386170313 0.524078510113669
842.5 0.7233061656233886 0.5236093887620561
842 0.7236944689879108 0.5241765864612592
841.5 0.7237178561215207 0.5242181910150115
841 0.7235130676527024 0.5239177121488059
840.5 0.7233145302370724 0.5236328481869644
840 0.7237946649803713 0.524320472476389
839.5 0.723607180029003 0.5240440793614888
839 0.7239093836020088 0.5244870965770341
838.5 0.7234311542085271 0.5238134672987814
838 0.7234795111085613 0.5238668032018075
837.5 0.723343212455198 0.5236687710001204
837 0.7236279626106774 0.5240901239712289
836.5 0.723400181154299 0.5237626524973431
836 0.723241538343701 0.5235258336531442
835.5 0.7236620633721053 0.524128517325432
835 0.7230946244020365 0.5233129420211747
834.5 0.7234709984019895 0.5238529798333229
834 0.7238037208777747 0.5243356463497727
833.5 0.7237446160275258 0.5242512692728859
833 0.723177319258032 0.5234439824895936
832.5 0.7235042585395094 0.5239107053632442
832 0.7232891795709849 0.523608210152544
831.5 0.7232494032522034 0.5235415258972659
831 0.7235911161248221 0.5240286587993629
830.5 0.7231595831180887 0.5234144756384843
830 0.7232894086615925 0.523591043728154
829.5 0.7232683060891009 0.5235586802946803
829 0.7234888932079795 0.523893971449332
828.5 0.7237031543043665 0.5241960759183025
828 0.7233855965034124 0.5237268688219419
827.5 0.7228354186905186 0.5229395779805337
827 0.7231149338033201 0.5233361566401983
826.5 0.7226933103292549 0.5227381839197237
826 0.7234657922388823 0.5238454931236406
825.5 0.7232766727424291 0.5235682227225422
825 0.7231306999891912 0.5233665749684101
824.5 0.7230915272219506 0.5233106837526001
824 0.7235959651045312 0.5240322537177844
823.5 0.7231993896598116 0.523464610958736
823 0.7226171067683457 0.5226233146348528
822.5 0.7235964340930863 0.524034631376788
822 0.7230425643292615 0.5232460043467447
821.5 0.7230149705165336 0.5232039970847014
821 0.7232273457775454 0.5235010219573226
820.5 0.7231307292763504 0.5233748002047608
820 0.7230418112377022 0.5232313422597541
819.5 0.7228312313222046 0.5229379790039428
819 0.7230402624985152 0.5232390644869267
818.5 0.7231466431224026 0.523388419506391
818 0.7227079593817491 0.5227497822311131
817.5 0.7231711620717725 0.5234038383563331
817 0.7234352031031365 0.5238099474952393
816.5 0.7228204394329346 0.522928844972137
816 0.7229641014542888 0.5231290129096346
815.5 0.7222924796923753 0.5221582486929126
815 0.7229692068516933 0.5231359710509165
814.5 0.7230659682605058 0.523271251520161
814 0.7234222683236416 0.523785529549098
813.5 0.7228734710363391 0.523009047307279
813 0.7229631550551582 0.5231260079591995
812.5 0.7228552586030833 0.5229574445801997
812 0.7230942752457712 0.5233201851134925
811.5 0.7225037598960055 0.5224594070072254
811 0.7226064262700921 0.5226112778312392
810.5 0.7226676277112798 0.5226905769912029
810 0.7225877991950157 0.5225794360283098
809.5 0.7228195222978964 0.5229084167468684
809 0.7226161875614718 0.5226167964421218
808.5 0.7227654619577107 0.5228363091906306
808 0.7224830126048029 0.5224353327915916
807.5 0.7226126106181546 0.522620925954487
807 0.7231222042853154 0.5233594938965517
806.5 0.7224264388911966 0.5223386374618522
806 0.7229061158120185 0.5230354841606156
805.5 0.7224552598551623 0.5223926458886328
805 0.7224155533283628 0.5223196693209297
804.5 0.7222686811448583 0.5221189070379831
804 0.7224353354347888 0.5223621353663365
803.5 0.7225317630399325 0.5224845474580937
803 0.7220751588101494 0.5218354256939511
802.5 0.7222431608966264 0.5220727430926267
802 0.7220701770973303 0.521838134913795
801.5 0.7227008497698317 0.5227465249211665
801 0.7221398769009355 0.5219422773364292
800.5 0.7224912118259166 0.5224435868979553
800 0.7224356188117838 0.5223602981310597
799.5 0.7224155568347208 0.5223371014286297
799 0.7222082729716001 0.5220402823219144
798.5 0.7221607156061359 0.5219676196636606
798 0.7220713878442964 0.5218328428277226
797.5 0.7225354860280201 0.522510309144911
797 0.7222654427250752 0.5221166980628447
796.5 0.7225259690226565 0.5224892229735123
796 0.7220748266480613 0.5218477051660271
795.5 0.7224122053164115 0.522332922294624
795 0.722115796208439 0.5218949435298217
794.5 0.7226581138369793 0.5226772954682287
794 0.7225584833925878 0.5225404507453458
793.5 0.7218610461496697 0.52153491619008
793 0.721923899652341 0.5216201764015408
792.5 0.7223216404985876 0.5221890302422433
792 0.7217799214301235 0.5214162760895188
791.5 0.7223359255494742 0.52221197562281
791 0.7221093888841755 0.5218846720123403
790.5 0.7220621308132034 0.5218269055758
790 0.7222346988316695 0.5220622480328548
789.5 0.7218205544212505 0.5214784960024168
789 0.7217246746603042 0.5213341510698957
788.5 0.7215698871313821 0.5211099044090287
788 0.7223071594687619 0.522174047666343
787.5 0.7220026499080697 0.5217387538648925
787 0.7219344847265742 0.5216363301585368
786.5 0.7221368801202332 0.5219244948574825
786 0.7220191284572693 0.5217619593197032
785.5 0.7219292056408018 0.521634608717059
785 0.7217364196928407 0.521347480867494
784.5 0.7215061939629125 0.5210294263634069
784 0.7219748987637625 0.5216887632452392
783.5 0.7223378890358857 0.522215659319371
783 0.721478154735948 0.5209794179434827
782.5 0.7217521393969526 0.5213912955926758
782 0.7216923336704284 0.5212955220661428
781.5 0.7215020056376531 0.5210167481160161
781 0.7216864240824036 0.5212864073820037
780.5 0.7219451623748603 0.5216522967632459
780 0.7215774319942414 0.5211272200682877
779.5 0.7220164253161648 0.5217558424149067
779 0.7215665259619087 0.5211074861395635
778.5 0.7214226626326472 0.5209032769238008
778 0.7216079782390225 0.5211783364997169
777.5 0.7217002101115705 0.5212940179410016
777 0.7209822097409064 0.5202526626241205
776.5 0.7209645756279602 0.5202459745192606
776 0.7216175052398758 0.5211819708539335
775.5 0.7217861195177826 0.5214257774465809
775 0.7205770511196044 0.5196733292748201
774.5 0.7210721210515119 0.520393240866692
774 0.7218550672863021 0.5215189865926243
773.5 0.7217722023687898 0.5214075760006931
773 0.7213369010024705 0.5207742236759559
772.5 0.7217913708506911 0.5214357166233312
772 0.7216729015732036 0.5212661429586719
771.5 0.7216447743043614 0.5212216492125934
771 0.7211883238583043 0.5205741655198176
770.5 0.7215304573643332 0.5210500209613098
770 0.7213201251910031 0.5207497239199648
769.5 0.7215451308298245 0.5210927001834591
769 0.721328474607024 0.5207650124049902
768.5 0.7209214542074787 0.5201747529545849
768 0.7211118328008793 0.5204603773595438
767.5 0.7211293859939673 0.5204810680314111
767 0.7212819584621025 0.5206965178488122
766.5 0.7210622249284921 0.52038007588271
766 0.721049410740812 0.5203721833623194
765.5 0.7208662627569983 0.5201003913374488
765 0.7209648446429392 0.5202339582598932
764.5 0.7213817201530568 0.5208405877094932
764 0.7208583613965472 0.5200935384596586
763.5 0.7208069678034948 0.5200154911722757
763 0.7208366597281877 0.5200483567639589
762.5 0.7209608536005387 0.5202315750380494
762 0.7213517674733346 0.5208076297492314
761.5 0.720993472187875 0.5202805554066111
761 0.7213481981538683 0.5207940935026029
760.5 0.7206300482458374 0.5197535281893769
760 0.721042527227918 0.5203487566076066
759.5 0.7203896613419579 0.5194037071619606
759 0.7204390014988128 0.5194740630576518
758.5 0.7210798012887604 0.5203895736880418
758 0.7208926150877031 0.5201315419880729
757.5 0.7203702648808092 0.5193753888105465
757 0.721209452024427 0.5205974197131437
756.5 0.720777659004919 0.5199678305603262
756 0.7208832029471849 0.5201185440127277
755.5 0.7206865303302625 0.5198323365403525
755 0.7208347653337779 0.5200481777527113
754.5 0.7205737160809337 0.5196908887225701
754 0.7206990319216667 0.5198631386760362
753.5 0.7210549554412828 0.5203756439651515
753 0.7207546520901754 0.5199387068234324
752.5 0.7204954157251728 0.5195667616311841
752 0.7202081677042567 0.5191538908978456
751.5 0.7207253721023629 0.5199024270524844
751 0.7205232269023993 0.5195986754652937
750.5 0.7204827154407463 0.5195490442117682
750 0.7204852386919612 0.519553553614623
749.5 0.7207878513794066 0.519987753757214
749 0.7204965703525795 0.519566767517795
748.5 0.720537297888982 0.5196214622464997
748 0.7198782430532142 0.518675415573501
747.5 0.7200847272845612 0.5189624637115298
747 0.7201287388242658 0.5190356007688907
746.5 0.7203214028519984 0.5193029119765977
746 0.720386892339302 0.5194109506586747
745.5 0.7200428987395927 0.5189191398918815
745 0.7200671048165966 0.5189510903032543
744.5 0.7204613663903676 0.5195149392995712
744 0.720398491967921 0.5194194904254097
743.5 0.7200573623452138 0.5189364894259598
743 0.7200829851144858 0.5189674057427686
742.5 0.7204821296679482 0.5195449107597648
742 0.7203077603983605 0.5192960451684376
741.5 0.7205195572053564 0.5195946752773422
741 0.7199636582797169 0.5188062274902101
740.5 0.7203484727816826 0.5193544707324086
740 0.720095921240434 0.5189721420339437
739.5 0.7199044815865477 0.5187134776549195
739 0.7200414910863485 0.5188979237811931
738.5 0.7198647642856961 0.5186577878704749
738 0.7199732864739379 0.5188122443819685
737.5 0.7198877133602904 0.5186886410842668
737 0.7196719832382158 0.5183718293135238
736.5 0.7196125308266806 0.5182814804692136
736 0.7198251050944384 0.5185967926590043
735.5 0.7197823424691777 0.5185304240815192
735 0.7199810668442667 0.5188172638224635
734.5 0.7198120088340705 0.5185693670745487
734 0.719681830756641 0.5183975378282658
733.5 0.7199932665058209 0.5188464670484652
733 0.7203109889484464 0.5193016711308791
732.5 0.7200728674822989 0.5189644737147843
732 0.7194604366797389 0.5180834927615529
731.5 0.720102944930615 0.5189943861507094
731 0.7194157407649349 0.5180102138799046
730.5 0.7191459925905556 0.5176200210784939
730 0.7194730807122999 0.5180903631688
729.5 0.7199913421700609 0.5188452424777245
729 0.7193249026761863 0.5178813412909214
728.5 0.7190430582889052 0.5174563917687258
728 0.7197984748931932 0.5185588865847165
727.5 0.7197105730455456 0.5184410284553986
727 0.7195559835728724 0.518206207583286
726.5 0.7193947838494231 0.5179869043756279
726 0.7190676815635328 0.5175117926438039
725.5 0.7199541045123262 0.5187863122673699
725 0.7199288073785637 0.5187443446585085
724.5 0.7195111302502348 0.5181427233811298
724 0.7193171548021863 0.5178568514958964
723.5 0.7190842767132468 0.5175301938548258
723 0.7191032111997065 0.5175609277666346
722.5 0.7194923686780645 0.5181148348814995
722 0.7191959194881281 0.5176889049446326
721.5 0.7193990914268608 0.5179758193813625
721 0.7195094747516598 0.5181370173471884
720.5 0.7191403913819883 0.5176153798894685
720 0.7190966605578796 0.5175453154927648
719.5 0.7192271545060016 0.5177279437351647
719 0.7189488229120337 0.5173387956340082
718.5 0.7188459125429697 0.5171903241195962
718 0.7188705728314336 0.5172164129163275
717.5 0.7190640979344259 0.517503125458639
717 0.7196056774592554 0.5182851597885687
716.5 0.7192331520606368 0.5177411285618334
716 0.7196007586788162 0.5182708283689683
715.5 0.7191924755245281 0.5176812507465511
715 0.7184686354149898 0.5166575798628071
714.5 0.7194607884156871 0.5180693269496978
714 0.7188397908000662 0.5171725529798327
713.5 0.7192093749638873 0.517708229739955
713 0.719025218898621 0.5174426351115939
712.5 0.7184048129661975 0.5165628010504404
712 0.7187253368948158 0.5170128243481081
711.5 0.7184262588138145 0.5165771707522084
711 0.7189029017872083 0.5172835222547373
710.5 0.7186769359831914 0.5169496632484072
710 0.7186382058077193 0.5168886265405281
709.5 0.7185631564448585 0.5167798429773484
709 0.7188809814304936 0.517243282556071
708.5 0.718821475028795 0.5171477431076419
708 0.7185422820320685 0.5167686955605205
707.5 0.7186594004162775 0.5169125940471753
707 0.7186989508099716 0.5169806784503514
706.5 0.7187564679683394 0.5170723394695604
706 0.7189554748657409 0.5173427565165472
705.5 0.7183297525764594 0.5164576113561926
705 0.7189714123430019 0.5173739038295718
704.5 0.7183546340091566 0.516484984156087
704 0.7188851846747938 0.5172523743191152
703.5 0.7185252170093999 0.5167266165583967
703 0.7185304668675779 0.516731613615823
702.5 0.7185633438958564 0.5167863045759326
702 0.7187619575123397 0.517082342172652
701.5 0.7182808289388226 0.5163780660189832
701 0.7181954490274055 0.5162520671039733
700.5 0.7183389198289774 0.5164488727156982
700 0.7186428349301913 0.5168830439092587
699.5 0.718395920280894 0.516547622046659
699 0.7181062250554608 0.5161305887776033
698.5 0.7180798168713421 0.5160999097518468
698 0.7180840739652224 0.5160922916704652
697.5 0.717812060075997 0.5157119551846923
697 0.7179620037364047 0.5159303364300806
696.5 0.7185082193895712 0.5167010162982453
696 0.7183466375231233 0.5164736651624674
695.5 0.7182359861322702 0.5163162992067698
695 0.7178673662046147 0.5157908720676868
694.5 0.7182146558557185 0.5162705865172991
694 0.7176744115061539 0.5155095886439625
693.5 0.7175064699715581 0.5152640857378443
693 0.718068960840489 0.5160723112885439
692.5 0.7177994257493907 0.5156824147492012
692 0.7175502172977859 0.5153269995511176
691.5 0.7180001638446822 0.5159742385407796
691 0.7178870562157801 0.5158110329255903
690.5 0.7179251666980678 0.5158751900074927
690 0.7176931226439086 0.5155358738415251
689.5 0.7183184280393264 0.5164303706197236
689 0.7175796326703056 0.5153835050156863
688.5 0.7181545896236642 0.516191987683595
688 0.7182667890124488 0.5163471992019124
687.5 0.7179002778175583 0.5158283914130259
687 0.7177587263831071 0.5156298106132778
686.5 0.7178403687269961 0.5157485389377517
686 0.7174585951019012 0.5151864163785334
685.5 0.7175979343063614 0.5153941779834438
685 0.717738235887293 0.5155962027161071
684.5 0.7174343323051967 0.5151685989888611
684 0.7174821756989832 0.5152372335293477
683.5 0.7172687796170412 0.5149349852164004
683 0.7171760288274154 0.5147890651072216
682.5 0.717638493962369 0.5154600823677172
682 0.717632034902132 0.5154495941608553
681.5 0.7172918539521371 0.5149636366880699
681 0.7171875703663838 0.5148147757153363
680.5 0.7178123181330444 0.5157073497296429
680 0.7175320889066571 0.5153171611325305
679.5 0.7177867703181496 0.5156790849043362
679 0.7171862991291013 0.5148141640397624
678.5 0.7171821468296293 0.5148055624001822
678 0.717051052758714 0.5146127025468618
677.5 0.7175318851022594 0.5153220010502545
677 0.7171329165985336 0.5147442753338428
676.5 0.7170206407819979 0.5145764843632288
676 0.7169692173650137 0.5144974877228194
675.5 0.7173136475912966 0.5149879394342772
675 0.7166075832660064 0.5139713595730299
674.5 0.7168969860209098 0.5143843627733038
674 0.7173563024635846 0.5150484524531189
673.5 0.7165995111091633 0.513962121008185
673 0.7166191158121753 0.513993589394636
672.5 0.7166723914191545 0.5140644638860773
672 0.7162917254919366 0.5135349194164615
671.5 0.7171829112234666 0.5148023380197877
671 0.7167207874200319 0.5141471173959363
670.5 0.7167531460009311 0.5141871889682168
670 0.7166067994366379 0.5139797831166036
669.5 0.7172860795753679 0.5149468971069856
669 0.7169244108252125 0.5144308294376465
668.5 0.7169617193780369 0.5144822189869207
668 0.7170993001146437 0.5146890111622606
667.5 0.7173080326562626 0.5149815880751571
667 0.7166570757726689 0.5140584167540798
666.5 0.7168243510381579 0.514290708049151
666 0.7164592348553475 0.5137643037079541
665.5 0.716402165925327 0.5136822055737545
665 0.7166290464256263 0.5140080565075843
664.5 0.716991002888606 0.5145229530498132
664 0.7167728992969504 0.514218707219186
663.5 0.7163806605154037 0.5136566631389184
663 0.716333208996299 0.5135888512231217
662.5 0.7167037962341143 0.5141257492271303
662 0.7163305365533379 0.5135953087086813
661.5 0.716524672706344 0.5138650533211442
661 0.7164981715842396 0.5138250803383946
660.5 0.7163592851663182 0.513621302107668
660 0.7164824010327289 0.5138073890664865
659.5 0.7162085597361396 0.5134088382967826
659 0.7161878078652141 0.5133720778046154
658.5 0.7160421970901746 0.5131677263583794
658 0.7166691617752754 0.5140624096203043
657.5 0.7160065461165036 0.5131211885649329
657 0.7161851505210062 0.513384672766219
656.5 0.7159873392650066 0.5130822300177601
656 0.7160482129607555 0.5131803947599017
655.5 0.7160695111875864 0.5132023166895103
655 0.7167062997079958 0.5141180146078944
654.5 0.7165781916644103 0.5139336899792346
654 0.7160261893790482 0.5131500569413547
653.5 0.7162457154966508 0.5134534366286516
653 0.7162521904659014 0.5134746153970228
652.5 0.7158636183765859 0.5129154383721657
652 0.7158662537430234 0.5129153338233939
651.5 0.7161412457912731 0.5133076033603997
651 0.7162685448504023 0.5134898381877739
650.5 0.7156795768052188 0.5126442223356946
650 0.715966834433221 0.5130528671403489
649.5 0.7157624363037385 0.5127718153368459
649 0.7157717493427642 0.5127865827415422
648.5 0.7158288063584298 0.5128620188899546
648 0.71492874368482 0.5115815267815971
647.5 0.7158878173480268 0.5129534644300917
647 0.7155967144970785 0.5125441540049608
646.5 0.7152152427021894 0.5119790191954176
646 0.715874487199034 0.5129358852611705
645.5 0.7156067433039089 0.5125497410894848
645 0.7158853790159837 0.5129511555437458
644.5 0.7155654499794105 0.5124917546130263
644 0.715474536367548 0.5123572935614098
643.5 0.7153127513165454 0.5121382785707163
643 0.7155165245022671 0.512422121519872
642.5 0.7151692595725808 0.5119263382584814
642 0.7150287535139809 0.5117170040594686
641.5 0.715539233374807 0.5124509422738093
641 0.7154296947379006 0.512290618647464
640.5 0.7154465459241014 0.5123143157323268
640 0.7151307734734711 0.511860962152022
639.5 0.7155603866216942 0.5124879265420736
639 0.715237041509364 0.5120200101748265
638.5 0.7150490655304532 0.5117526285174141
638 0.7149594600729284 0.5116148473567934
637.5 0.7152491386097779 0.5120381325588995
637 0.7148600750597545 0.5114766337792216
636.5 0.7149652945415649 0.5116225735366151
636 0.7148486392652204 0.5114545186732813
635.5 0.7148578984401116 0.5114761372598807
635 0.7149119456632116 0.5115489809183774
634.5 0.7148360949881825 0.5114480982594672
634 0.7149300364748489 0.511582456022585
633.5 0.7148578212292628 0.5114710829361415
633 0.7148279995510378 0.5114386320130653
632.5 0.714569715139837 0.5110602793363596
632 0.7149680377579889 0.5116347179889016
631.5 0.7146726426386112 0.5112077226878896
631 0.7145291892009127 0.5110004829340608
630.5 0.7145899795362171 0.5110922866998814
630 0.714740505051315 0.511309627077614
629.5 0.7147136555978371 0.5112703683525222
629 0.7148170719614642 0.511422240437777
628.5 0.7144092337674723 0.510838127077703
628 0.7145542993664283 0.5110454111288442
627.5 0.7146158900156663 0.511134261831944
627 0.714773961935834 0.5113513500877646
626.5 0.7143530131829956 0.510759838780802
626 0.7142980921555784 0.5106803181393786
625.5 0.7146811697808807 0.511220708588584
625 0.7144920146749465 0.5109518880892627
624.5 0.7141172461834493 0.5104117141509666
624 0.7144179772825245 0.5108401500118
623.5 0.7146065449083248 0.5111169768757315
623 0.7153390531233005 0.512163526349768
622.5 0.7143772175745905 0.5107963239746255
622 0.7143207231839707 0.5107184590044975
621.5 0.7141790739537753 0.5104987419210227
621 0.7141972251275718 0.5105445619046314
620.5 0.7142559127852074 0.5106257619151646
620 0.7143895196735434 0.5108118276863177
619.5 0.7142204957629135 0.5105715951792069
619 0.7142559057610686 0.5106261720506639
618.5 0.7141105348689691 0.5104001521207613
618 0.7141466775183797 0.5104614141076359
617.5 0.7142784840263356 0.5106603077035947
617 0.7139780540593981 0.510230484438726
616.5 0.7135335517215411 0.5095778057101431
616 0.714217658142427 0.5105639909040598
615.5 0.7138760920788615 0.5100791574207154
615 0.7136401934162305 0.5097463487424708
614.5 0.7135395846501883 0.5095893386044773
614 0.7136839841230498 0.5098018360918656
613.5 0.7144585095280892 0.5109040545437847
613 0.7137025283857688 0.5098164317920142
612.5 0.71385445208148 0.5100532666355324
612 0.7138636570305028 0.5100576139253443
611.5 0.7136077799168987 0.5096915888377537
611 0.7137404237352362 0.509875393227377
610.5 0.7134923938596138 0.5095295378250235
610 0.7136480125525807 0.5097546022164018
609.5 0.7137468647372882 0.5098843352927364
609 0.7132253892763951 0.5091378587562182
608.5 0.7131401529578358 0.5090195689551613
608 0.7132635645700549 0.5091897482623289
607.5 0.7131489498556141 0.509044840115969
607 0.7136972473823255 0.5098025412096913
606.5 0.7133005278728011 0.5092604327197603
606 0.712884908691242 0.5086659948109497
605.5 0.7130088105904615 0.5088329968538796
605 0.713588025684926 0.5096616611790497
604.5 0.7134722692639875 0.5095065392991003
604 0.7129564576387223 0.5087757810908448
603.5 0.7133454424860077 0.5093327210734465
603 0.7130743358709939 0.5089132547569374
602.5 0.7130636874231798 0.5089110681652564
602 0.7131099561950794 0.508984384476801
601.5 0.712757219412727 0.5084750715743493
601 0.7131624467802309 0.5090500228996849
600.5 0.7133219991756934 0.5092861632712631
600 0.7127249793661778 0.5084350512107748
599.5 0.7133454806602634 0.5093178084804226
599 0.7129767239206388 0.5087971311327083
598.5 0.7125813577380776 0.5082244762061734
598 0.7129711198511065 0.5087813917181933
597.5 0.7124195716533288 0.5079972956018226
597 0.7134086321644452 0.509406511920019
596.5 0.7121868446656504 0.5076590578867282
596 0.7126943489360831 0.5083863880792427
595.5 0.7123183967287285 0.5078599717557682
595 0.7123649949179783 0.5079218018290834
594.5 0.7128319574130968 0.5085871846103899
594 0.7128224888787332 0.5085735531436478
593.5 0.7125990875878342 0.5082595696893895
593 0.7133235665330386 0.5092903539827146
592.5 0.7122467556568005 0.5077476478369184
592 0.712187385170302 0.5076591216074942
591.5 0.7125260721920745 0.5081543873359446
591 0.7126081733419277 0.5082703763366034
590.5 0.7126321710101196 0.5082942526291657
590 0.7123426346909578 0.5078867260931814
589.5 0.7121771779189556 0.5076502850979855
589 0.7127354677605399 0.5084442592573939
588.5 0.7126261744776539 0.5082894627798802
588 0.7123737819961702 0.5079262800908992
587.5 0.7119516668331469 0.5073362843159371
587 0.7114011770799593 0.5065417291740917
586.5 0.7122138061055925 0.5077044020339836
586 0.7119331550634493 0.5073027255776431
585.5 0.7125647077891568 0.5081983270283005
585 0.7120893630868241 0.5075152498312059
584.5 0.7116354648674698 0.5068736523150997
584 0.712274707618176 0.5077946457645254
583.5 0.711703216754985 0.5069791834321794
583 0.7126067735821959 0.5082794245270894
582.5 0.7121128163699181 0.5075623441795768
582 0.7119925236392712 0.5073926401850332
581.5 0.7115495408901326 0.506765243285765
581 0.7113220011243916 0.5064319977783925
580.5 0.7117942652686777 0.5071070322032479
580 0.7119572753178052 0.5073312713448338
579.5 0.7115297591782398 0.5067250223700311
579 0.71182309435635 0.5071448152511978
578.5 0.7120003753824439 0.5074009000848605
578 0.7115715552977245 0.5067931908428941
577.5 0.7112083942321766 0.5062708523328657
577 0.7114101469278222 0.5065647983249002
576.5 0.7114847421845608 0.5066756615001463
576 0.7114464722517986 0.506615615498174
575.5 0.7110709586215943 0.5060853827300715
575 0.7112260055521378 0.5063028130160128
574.5 0.7106359950841876 0.5054646754965637
574 0.7110616956081385 0.5060611917860697
573.5 0.7107165400876595 0.5055770508882226
573 0.7110491852554147 0.5060589215228523
572.5 0.7112531161628504 0.5063479690568264
572 0.7114927721455476 0.5066812637167409
571.5 0.7108448351878113 0.5057422627928566
571 0.7112244285333005 0.5063026818873745
570.5 0.7109514655674687 0.5059103752722068
570 0.7110973994503037 0.5061064268931322
569.5 0.710603605879786 0.5054209345793725
569 0.7106376974671079 0.505463741979914
568.5 0.711230188722987 0.5062982042763425
568 0.7104635234262364 0.5052020513506442
567.5 0.7107310479353954 0.505597746774898
567 0.7113425028807493 0.506462142716617
566.5 0.7106680846816101 0.5055090147214268
566 0.7105816463069327 0.5053837462302802
565.5 0.7103561813001187 0.5050760360648094
565 0.7101991488630929 0.5048371889175987
564.5 0.7106543029528151 0.5054906243518108
564 0.7102584149671766 0.5049245608341848
563.5 0.7101628896113714 0.5047871998796437
563 0.7095355952511075 0.503902653319181
562.5 0.7102386416614722 0.5048943717007103
562 0.710230248833197 0.504888335700131
561.5 0.7102161053788283 0.5048563670576461
561 0.7107378608599774 0.5056205351500704
560.5 0.7098503771494586 0.5043520966784621
560 0.7102511639345788 0.5049144281348852
559.5 0.709884119065971 0.5043979159080527
559 0.7101743184705417 0.5048178877378429
558.5 0.710439000598764 0.505186618160046
558 0.7098833363779352 0.5043892586585453
557.5 0.7097492837652705 0.5041998601997228
557 0.7097305746471799 0.5041758989850407
556.5 0.7098589979753516 0.5043549254163983
556 0.7102310556027909 0.504880445964102
555.5 0.7100222011264972 0.50458460511556
555 0.7100040928060397 0.5045631003594618
554.5 0.7101977959028538 0.5048276373328974
554 0.7100906955999249 0.5046819956773303
553.5 0.7098999340486077 0.5044129213180901
553 0.7096382575303256 0.5040437620614626
552.5 0.7099779756044374 0.5045306671969292
552 0.7099272011710875 0.5044690952745571
551.5 0.7096366930422746 0.5040359521257823
551 0.7097799907854451 0.5042487382424783
550.5 0.7098428666621204 0.5043355133922119
550 0.7089087545585653 0.5030149591873183
549.5 0.7093887723334198 0.5036814209988089
549 0.7096629763542633 0.5040902000765343
548.5 0.7098858762291561 0.5043953008660635
548 0.7100377784096698 0.5046028788768402
547.5 0.7093144883789275 0.5035916333504239
547 0.7095429632571051 0.5039179334212497
546.5 0.7096733475639679 0.5041000790441867
546 0.7093203957259835 0.5035944125366891
545.5 0.7093216009288424 0.503589815832719
545 0.7092658051612252 0.5035221008747699
544.5 0.7090755802427807 0.5032390609745641
544 0.7091624879051174 0.5033715934888164
543.5 0.7093839496422422 0.503682001416838
543 0.7089517916105311 0.5030620221375413
542.5 0.7090816287564754 0.503271062887246
542 0.7083791915979221 0.5022626842936317
541.5 0.7089908148408883 0.5031224010947797
541 0.7090780224429188 0.5032569836110922
540.5 0.7087470452915922 0.5027826659376979
540 0.7084598768948341 0.5023693919129687
539.5 0.7083363313604741 0.5021941651214127
539 0.7088283254841742 0.5028937752229307
538.5 0.7085267781279017 0.5024704778177923
538 0.7088691776948388 0.5029581927157473
537.5 0.7083036126649108 0.5021487609864002
537 0.7085422270595815 0.5024927187952394
536.5 0.708195920416449 0.5020056326100082
536 0.7085564036410796 0.5025088566350008
535.5 0.7089628285826174 0.5030792949600001
535 0.7084811478948457 0.502389938866357
534.5 0.7078822214976687 0.501569354858031
534 0.7080149773615341 0.5017497571017149
533.5 0.7083125271240632 0.502160718878121
533 0.7082452851909228 0.5020690278987446
532.5 0.7080474893011393 0.5017790252676615
532 0.7080116581946783 0.5017383894906271
531.5 0.7079220494841322 0.5016091541419958
531 0.7077562604697326 0.5013664378924954
530.5 0.7078243091228327 0.5014759798673362
530 0.7079658574190731 0.5016838985222242
529.5 0.7080221775903287 0.5017626712222355
529 0.7076607581664889 0.5012313201003556
528.5 0.7078787281516685 0.5015474688032276
528 0.7081965156934366 0.5020100299258131
527.5 0.7078202677585891 0.5014731795826733
527 0.7071520484089868 0.5005191715987949
526.5 0.7075650317514786 0.5010912481843933
526 0.7076501360017748 0.5012341633700583
525.5 0.707865461173432 0.5015293000121509
525 0.7070268843376629 0.5003525813339071
524.5 0.7068880300711913 0.5001500673659062
524 0.707510419529713 0.5010350885976368
523.5 0.7072793542311001 0.500704634086876
523 0.7076731639778489 0.5012750670648516
522.5 0.7069013002935917 0.5001740800063604
522 0.7071628115258805 0.5005549441869798
521.5 0.7067527312123337 0.4999606133395678
521 0.7073023993390347 0.5007320890852383
520.5 0.7069469740207239 0.5002323008416232
520 0.7072535328703005 0.5006773500050297
519.5 0.7071628679042263 0.5005399306763603
519 0.7069763577942259 0.5002749765108107
518.5 0.707068158590546 0.5004076682769227
518 0.706810789549692 0.5000493410389211
517.5 0.7068845469076209 0.5001310069184823
517 0.7067742555820095 0.4999869902767848
516.5 0.706248115321908 0.4992528549242524
516 0.7065203334829372 0.49962579972245885
515.5 0.7068828072317995 0.5001408614579759
515 0.7064449731195074 0.49952084134788444
514.5 0.706190314254483 0.49916099110367634
514 0.7065003819718096 0.4995977731511416
513.5 0.7064175022565273 0.49948422170490037
513 0.7068972914303421 0.5001608872587096
512.5 0.7062302206905506 0.49921887368800266
512 0.7061304641342039 0.499074845118515
511.5 0.7060930486378795 0.49902413563744374
511 0.7063900731087719 0.4994637801827864
510.5 0.706098977225779 0.4990291837667135
510 0.7065812704800298 0.4997246714592364
509.5 0.7065519544995359 0.49966317727146375
509 0.7055277633159369 0.4982348842498813
508.5 0.7062125123600792 0.4992076393695339
508 0.7060395127069894 0.4989588953037185
507.5 0.7062780712867414 0.49928385599912284
507 0.7058127105817834 0.4986432010061396
506.5 0.7061150193151786 0.4990527667304203
506 0.7059124527066627 0.49877135951858165
505.5 0.7054851771674792 0.49816691726871953
505 0.7058117391894695 0.49863762671310974
504.5 0.7056521313370616 0.4984052472706836
504 0.7052519881684289 0.4978303581341216
503.5 0.7058433663630459 0.4986650822119381
503 0.7057220939597696 0.49850787689964854
502.5 0.705433391496183 0.4980910594022848
502 0.706009989997829 0.49891172948545937
501.5 0.7053946537387138 0.49804084648579733
501 0.7050004355963662 0.49748335312074693
500.5 0.7053876123528486 0.49804335766389063
500 0.7052422398187601 0.4978316510519779
499.5 0.7049869930425274 0.49746597138243626
499 0.7051786966566531 0.49773995621513806
498.5 0.704794070119227 0.49720888596458673
498 0.7055003278263946 0.498195429523383
497.5 0.7052496129346517 0.4978374606721011
497 0.7048712146807139 0.49730429635980944
496.5 0.7050627039505316 0.49757409785000833
496 0.7047836902882646 0.49717072006217944
495.5 0.704616027527302 0.49692730375066196
495 0.7049508330779611 0.4974110542464705
494.5 0.7050685541165892 0.4975782237145826
494 0.7049210756583003 0.49737837686114655
493.5 0.7048713485075803 0.49729577632589517
493 0.7045472308027105 0.49685521829582197
492.5 0.7047803823152948 0.49717360064047955
492 0.7046473007073245 0.49699597481996033
491.5 0.7042872749333813 0.49649716805732846
491 0.7041621214676318 0.4962983658954382
490.5 0.7042133340457941 0.49636574546055334
490 0.7045461268540391 0.49684705661135914
489.5 0.7041109775776551 0.49623479305854556
489 0.7040281580572039 0.496119728485197
488.5 0.7036884990786806 0.49563748809401575
488 0.7039305974079818 0.4959737272771621
487.5 0.7036678403919995 0.4956112451911008
487 0.7036465592551693 0.4955921578226277
486.5 0.7037615118033556 0.4957414445960959
486 0.7035865530121634 0.49550098797392467
485.5 0.7040492228480844 0.496156854322277
485 0.7039825038412916 0.49606766260638796
484.5 0.7040910331607226 0.49620593239814187
484 0.7034585563801038 0.49532266828032373
483.5 0.7039044233554761 0.4959369270797988
483 0.7037353027008253 0.4957199972730765
482.5 0.703732991039487 0.49570397407226907
482 0.7034261695828856 0.49527599683026446
481.5 0.7031069327045816 0.4948199453249107
481 0.7038949762121652 0.49593467323859963
480.5 0.7032872806332111 0.49507909072926204
480 0.703835536818561 0.495838732716451
479.5 0.7031272204759479 0.4948376778251691
479 0.7035735674325861 0.4954779897723455
478.5 0.7029981662981435 0.4946659394519369
478 0.7034927571753066 0.4953603379862236
477.5 0.7029473030907409 0.4945844769606072
477 0.7033142479188957 0.495120121619572
476.5 0.7030563155061189 0.4947569123992706
476 0.7033452411363182 0.49516696805259935
475.5 0.7022990193453774 0.4936877877552268
475 0.7027875670774113 0.49436794265024486
474.5 0.702627297020161 0.4941424487058038
474 0.7021982751010986 0.4935409732270597
473.5 0.7026777596821463 0.494218492892091
473 0.7024468148209042 0.4938965805086262
472.5 0.7024340234558423 0.4938912950171462
472 0.7023871864412384 0.49380155292507594
471.5 0.7029273636594844 0.49455913689589814
471 0.7021199745374285 0.4934289874756646
470.5 0.7026494184284654 0.49417053274890305
470 0.702906077776979 0.4945430232630863
469.5 0.7021767620409883 0.49351215773248874
469 0.70204812477371 0.4933143147187683
468.5 0.7022791767683056 0.49364912797964405
468 0.7019449226855302 0.4932019877303988
467.5 0.7019113448377877 0.49314846155784536
467 0.7018418016429345 0.4930436604241152
466.5 0.7020961923612319 0.4934052176657607
466 0.7016465965328109 0.492767386951
465.5 0.7010929861599681 0.49199494285921946
465 0.7014635477862994 0.4925195429686722
464.5 0.7018619083392895 0.49308542004749156
464 0.7017356031523168 0.49289760416009487
463.5 0.7019070828717046 0.49313687935850115
463 0.7016783925944009 0.49282428780951365
462.5 0.7013309131667215 0.4923236633786173
462 0.7017652558552988 0.49295263163653896
461.5 0.7015424476938397 0.4926330813880809
461 0.7010692801978277 0.4919697144102753
460.5 0.7010632477230393 0.4919596565729196
460 0.700818220512368 0.4916077180690966
459.5 0.7015074402497861 0.49257918382713906
459 0.7017695051020252 0.49292813377656486
458.5 0.7010073837337324 0.4918776679236026
458 0.7010651337193511 0.4919598183723538
457.5 0.7014494742601297 0.49249738447019487
457 0.7005277156817412 0.491210943592305
456.5 0.7007609346698064 0.4915301292153289
456 0.7011885130820649 0.49212849854899593
455.5 0.7007883310242299 0.491573003785882
455 0.7011506669640841 0.49207991621894853
454.5 0.7006264869506129 0.49134675674755174
454 0.7005567070363683 0.4912483970615835
453.5 0.7004738158358877 0.49111681293987947
453 0.7006407939898726 0.491362316868789
452.5 0.700804325612022 0.4915797201201441
452 0.7003658635951752 0.4909743242211082
451.5 0.7001798690091168 0.4907157466705105
451 0.700634577090674 0.49134520671614823
450.5 0.7004843057999323 0.4911406867156297
450 0.7005290043418682 0.49120628778161557
449.5 0.7005411953552643 0.4912219697987136
449 0.7001983573095236 0.4907426038335845
448.5 0.6997296072560464 0.49009410668501174
448 0.7000194103442426 0.49049446890726744
447.5 0.7001010122447197 0.4906085461566466
447 0.7002264558256956 0.4907760362037908
446.5 0.6997781725335996 0.4901650409549274
446 0.6994358771554777 0.48967916806215017
445.5 0.6993683454040818 0.4895844656431407
445 0.7002437280090925 0.4908009519767399
444.5 0.6999435816810397 0.49039349094205326
444 0.6993925478014956 0.4896186173184181
443.5 0.6996995922146303 0.4900365659804553
443 0.6992452552295182 0.489416265100455
442.5 0.6984997963652011 0.48837009826936467
442 0.698914568246664 0.48894644822092204
441.5 0.6990691125442209 0.48915067910737764
441 0.6988259128551005 0.4888138453411048
440.5 0.6990157742907206 0.48909377375176116
440 0.6990010420865711 0.48906933269946884
439.5 0.6991271570714427 0.4892403052660063
439 0.6985772048622341 0.48847899450870796
438.5 0.6986369360117508 0.48855110110314165
438 0.6987704857586324 0.48874484405470947
437.5 0.6986541737981524 0.48858067140856076
437 0.6986960858354356 0.4886463147518722
436.5 0.6987146777067395 0.4886844798856243
436 0.6985696571706412 0.48845989971041154
435.5 0.6979740227131429 0.4876315344151811
435 0.6990268088971417 0.48909681931175125
434.5 0.6978596546854738 0.48748722704317154
434 0.6978300385327103 0.48744106001276993
433.5 0.6981974009958374 0.4879346963196484
433 0.6984000117051754 0.48822695163423446
432.5 0.698385209072829 0.48821093291482
432 0.6978649358673765 0.48747297258233874
431.5 0.6979499698830273 0.4875902498141678
431 0.6979632298521735 0.4876197879242936
430.5 0.6977836231753008 0.4873631987721755
430 0.697406572095596 0.4868399183952603
429.5 0.6977320277948327 0.48730419315425916
429 0.6977641302892299 0.48734928202472344
428.5 0.6973291163960039 0.48673113954598185
428 0.6977503766366591 0.4873242938571083
427.5 0.6970913428710659 0.48641328407592854
427 0.6975039103615308 0.48697731215884765
426.5 0.69749480005624 0.48695835756010264
426 0.6975544851908762 0.4870508372378068
425.5 0.6972747689755261 0.48665835191629375
425 0.6972309229542675 0.48659130117085053
424.5 0.6973787974915627 0.48680352699547724
424 0.697022087286467 0.4862985913315777
423.5 0.6968378650885679 0.4860450764190396
423 0.6966971518337578 0.4858629355327038
422.5 0.696675261997237 0.48581915090674405
422 0.6966199847229517 0.4857322183551006
421.5 0.6968149298596931 0.4860110415433543
421 0.6964542928432151 0.4855224625999474
420.5 0.696498569074896 0.48557501440009854
420 0.6959543433548735 0.4848202586072296
419.5 0.6965189406245079 0.4856129806113362
419 0.696878331750398 0.4861158271130689
418.5 0.6965447380067769 0.48564713313353447
418 0.6955758542076783 0.48428445569762674
417.5 0.6964587644251797 0.4855218424222112
417 0.6958262392074648 0.48463320557011774
416.5 0.6962054667692255 0.48517983914722945
416 0.6958644087589518 0.484701391070874
415.5 0.6954298668360575 0.48408840027331057
415 0.6956536373874258 0.4843969135193634
414.5 0.6955203519822221 0.48420537945152076
414 0.6953362907530426 0.48395453906581143
413.5 0.6955177679820005 0.4842177994271373
413 0.6954128688436944 0.4840766891485606
412.5 0.6955538219270442 0.48426304689993
412 0.6956493042101249 0.4843920994605979
411.5 0.6955690818484271 0.484282066464958
411 0.6951572685372335 0.4837165028764717
410.5 0.6949083895917576 0.4833516567658257
410 0.6949997258388538 0.48349660200642935
409.5 0.6940929025805593 0.4822497100543271
409 0.6955316533544335 0.4842459562417617
408.5 0.69484891320643 0.48326967690142264
408 0.6941873151819198 0.48236105863595874
407.5 0.6949169740201484 0.4833849224576839
407 0.6941330739815481 0.4822856157305159
406.5 0.6947456714463468 0.4831327276869666
406 0.694339954598995 0.4825669040757081
405.5 0.6948825380635247 0.4833358914841805
405 0.6940660632271258 0.4822040926298499
404.5 0.694347683680387 0.4825768603397279
404 0.6949248072847392 0.4833884341323875
403.5 0.694342102126298 0.4825801751732458
403 0.6939523996440643 0.4820379397696308
402.5 0.6935571893615199 0.48149411050758595
402 0.6936174330007756 0.48157290678617
401.5 0.6945237901503123 0.48283044021627414
401 0.6938058346436875 0.48183395793487194
400.5 0.6935143737487982 0.4814421603975854
400 0.6933907049978215 0.481265457662744
399.5 0.6934001882222457 0.4812667554853881
399 0.6936216040252354 0.4815791475704261
398.5 0.6930128294800882 0.48074504581666744
398 0.6932806240527544 0.48111449320452937
397.5 0.6930476626419314 0.4807834866261005
397 0.6936381430794519 0.4816032855871175
396.5 0.6928416134176887 0.48050491678452767
396 0.6929220195072473 0.48059957701896455
395.5 0.6936694653427733 0.481644269131602
395 0.6928953452465512 0.480568931447903
394.5 0.6931449773217069 0.48092168613550673
394 0.6926162249695392 0.4801819715387052
393.5 0.6928387825198563 0.4804834918991844
393 0.6919707497138513 0.4792891415989799
392.5 0.6925929816071984 0.48015690519047904
392 0.692258896311612 0.4796925759885211
391.5 0.6922636638183314 0.4797090394672322
391 0.6924033443589385 0.4799064564745443
390.5 0.6919789279683867 0.4793029711962197
390 0.6920964235719068 0.4794781904772152
389.5 0.6920281425386912 0.47936955568377604
389 0.6914140013525825 0.47851267555053756
388.5 0.6921128743581554 0.47948782268882767
388 0.6916858807436889 0.47889852850024633
387.5 0.6920035993630652 0.47933881519724
387 0.691572768422756 0.4787479788698101
386.5 0.691467062685482 0.47859556904637757
386 0.6918073968926652 0.4790703144094269
385.5 0.691826045061013 0.4790995210676478
385 0.6912787201734104 0.4783418782490584
384.5 0.6914300024243448 0.4785367328273104
384 0.690795463631196 0.4776713246569146
383.5 0.6908976375603209 0.4778127271526111
383 0.6904107157338701 0.47713584254072156
382.5 0.6912250038992254 0.47827197425718315
382 0.6903106553365425 0.4770030313770321
381.5 0.6907438448862803 0.4775963789686162
381 0.6904951228588067 0.4772473205876763
380.5 0.6903540093089217 0.47707239838701404
380 0.6906973699141185 0.4775224515629182
379.5 0.691014990805426 0.4779607755035847
379 0.6904274586329883 0.4771511568456118
378.5 0.6902231910634661 0.4768866713884396
378 0.6904161818225019 0.47715040865258596
377.5 0.6901450570553199 0.47678426861598167
377 0.6903181055260698 0.4770069114428832
376.5 0.6901782827487177 0.4768244573405989
376 0.690159811383274 0.4767938521235593
375.5 0.6896589542228658 0.47610029657895164
375 0.689450571101603 0.4758211194034836
374.5 0.689883679761975 0.47641829696190674
374 0.6900154109428716 0.47658316243127147
373.5 0.6896797614850032 0.4761236349668494
373 0.6895911627408101 0.4760110233525589
372.5 0.6890965383404094 0.4753235115156858
372 0.6895962378762752 0.476024030141972
371.5 0.689370243129655 0.47569899764425627
371 0.688691692184575 0.4747704453944802
370.5 0.6891598006411088 0.4754206357903271
370 0.6892637097033676 0.47555162130402656
369.5 0.6887861444946998 0.47488835765141985
369 0.6883985600610188 0.47437906912860034
368.5 0.6889921778936521 0.47519504726641876
368 0.6890105953390482 0.4751895519193294
367.5 0.6882803611250694 0.47420996017045763
367 0.6886839624403872 0.47475803404793326
366.5 0.6884544966163246 0.47444166263711235
366 0.6877757697106582 0.4734986843157873
365.5 0.6880447874081403 0.47387643987644884
365 0.6878277354356788 0.47357951286069955
364.5 0.6879149945390237 0.4736912349332417
364 0.6878525326964873 0.4736161896939207
363.5 0.6876814272507618 0.47338269374172565
363 0.6874330424331134 0.4730244810556678
362.5 0.6872996711776309 0.4728609259210893
362 0.6873618397416439 0.4729531651310092
361.5 0.6875361497821323 0.4731819771908831
361 0.6869392172055997 0.4723582160794345
360.5 0.6873346424076847 0.47289752869941304
360 0.6867894276990391 0.4721504495140717
359.5 0.6869362315000057 0.4723625425874334
359 0.6868362041440558 0.47219507218779944
358.5 0.6866558967468422 0.4719580867170951
358 0.6866178321454796 0.471909939711223
357.5 0.6868458628862569 0.47222344339222155
357 0.6864931238886454 0.4717526383304466
356.5 0.6865225919266925 0.47178911747643687
356 0.68667747282167 0.4720051278531242
355.5 0.6861317349047541 0.47125164302734923
355 0.6864806287428665 0.4717324614310625
354.5 0.6856395305602364 0.4705699240101918
354 0.6853936466962784 0.470230851708274
353.5 0.6859467368699577 0.47099568918021617
353 0.6859071553514051 0.47094275486964127
352.5 0.6858122764153236 0.4708208038461907
352 0.6857926022725103 0.47079202212336213
351.5 0.6850327438222482 0.4697285950687129
351 0.6853236443292621 0.47015005857975634
350.5 0.6855218377154194 0.4704157915978293
350 0.6850804896363443 0.46982153012761096
349.5 0.6853864384929156 0.47024048143620073
349 0.685219695158549 0.46999829712435304
348.5 0.6852768993478011 0.4700656885426788
348 0.6846005515060468 0.4691546999438728
347.5 0.6841717141021829 0.46857979372725866
347 0.6843038482989426 0.46874942654699264
346.5 0.6843849271930192 0.4688520145812516
346 0.6841324421216504 0.4685170951809677
345.5 0.6844415090040122 0.46893652721994905
345 0.684334401779176 0.46879254923874303
344.5 0.683504206020453 0.4676418312748641
344 0.6834482083021068 0.4675629130052953
343.5 0.6839512495843723 0.46826987103044654
343 0.6837597508696663 0.4680056913160973
342.5 0.6840154157441241 0.46834412006028014
342 0.6839445461806172 0.4682551269272487
341.5 0.6836025079580045 0.46779071833690167
341 0.6828070866737113 0.4667066154103192
340.5 0.6837442815832677 0.4679758833396364
340 0.6833481133226941 0.4674415652522485
339.5 0.6829490482291011 0.4668955674310294
339 0.6829721602573902 0.4669378912700327
338.5 0.6836185974131939 0.46780614213261906
338 0.6829904666285608 0.46695905607343724
337.5 0.683130047344641 0.4671382684370193
337 0.6822411200725133 0.46592000166316466
336.5 0.6822452875471887 0.46594039319757585
336 0.6823017250392616 0.46600980419512905
335.5 0.6821959075143342 0.4658715014820219
335 0.6822923968711282 0.465994323759895
334.5 0.6825987213360688 0.46640897967558725
334 0.6819513522702857 0.4655272158782041
333.5 0.6818850426971061 0.46545398468305665
333 0.6817485519578296 0.4652545515846582
332.5 0.68163546324157 0.46511244785211525
332 0.6815476765785305 0.4649816375208958
331.5 0.6812512326724272 0.4645764526877083
331 0.6815076476844214 0.46491689754106985
330.5 0.6817424119103039 0.4652489370583155
330 0.6817968778016397 0.4653313499394754
329.5 0.6814041021142371 0.46477628325396775
329 0.6811550204787515 0.4644473631828704
328.5 0.6811209206264407 0.46439239385672804
328 0.6805018837344239 0.4635617352509846
327.5 0.6802498149980506 0.4632135926806298
327 0.6810132326302395 0.46424191445150187
326.5 0.6804972089810762 0.46355015111231085
326 0.6798178549750575 0.4626330735712468
325.5 0.6799634034680837 0.4628263153123228
325 0.6804264330819545 0.4634456286375216
324.5 0.6802256825120412 0.4631796634309148
324 0.6794587994587081 0.46212587624195783
323.5 0.6794265782198102 0.4621020095527965
323 0.6796339743561919 0.4623835143090655
322.5 0.6795408991750856 0.46224769447322517
322 0.6796373550242256 0.46237764401109344
321.5 0.6791195745250505 0.4616882893736747
321 0.6789811029772151 0.4614861004906934
320.5 0.6787844145511795 0.46122456644180954
320 0.6783883937003702 0.46068224176092837
319.5 0.6786959161969975 0.4611063200527465
319 0.6779067747926831 0.46003473657153127
318.5 0.6784989012017669 0.46083437064389077
318 0.6780862552982913 0.4602741668082523
317.5 0.6778640209467124 0.4599674120858267
317 0.6781220567099357 0.460322009649057
316.5 0.6777655442929275 0.4598492976947967
316 0.677870801264916 0.45998199416253616
315.5 0.6778913201111083 0.4600194720337946
315 0.677548429482961 0.4595419033809905
314.5 0.6776361446752203 0.45966400529367485
314 0.6776072847765254 0.45962897357746335
313.5 0.6771526152973237 0.4590123675574176
313 0.6767432952529179 0.4584740115148568
312.5 0.6775949348062615 0.45960559668498235
312 0.6771822388802146 0.45905322876362026
311.5 0.6767737953105 0.4584901855345044
311 0.6767167183637395 0.45842865480002776
310.5 0.6766095629465241 0.4582717067674943
310 0.6765559055271173 0.4582175936839642
309.5 0.6768929815666759 0.4586606437695122
309 0.6758668173576524 0.45727549873177364
308.5 0.6763155187173623 0.4578749387488233
308 0.6761162486125464 0.45760916603849483
307.5 0.6753203089248538 0.456540796439835
307 0.6752410167956338 0.45642625392957875
306.5 0.675808289531361 0.45719438183717853
306 0.6760032213214191 0.45747258137721314
305.5 0.6753186541030378 0.4565446984176525
305 0.675203245509456 0.456386238979385
304.5 0.6748735168527071 0.45593560050768545
304 0.6747373843565923 0.45574295743205945
303.5 0.6753733488488779 0.4566153825297352
303 0.6747993451665796 0.4558279277351035
302.5 0.674762565492739 0.45578707423945714
302 0.6742939361801463 0.4551606368220244
301.5 0.6743173746163702 0.455180547786441
301 0.6737353102301858 0.45438649442200635
300.5 0.6739073081680885 0.4546176886566538
300 0.6734052702818933 0.4539489819598457
299.5 0.6739687220996988 0.4547089228304283
299 0.6735786448781729 0.454186135877127
298.5 0.6734209568344486 0.45396352855097805
298 0.6735019334738747 0.45406589610338455
297.5 0.6735930049960898 0.4542089215207488
297 0.6731827411012431 0.4536550153813815
296.5 0.6726108916853478 0.45287945895999954
296 0.6723882559075393 0.45257273042265594
295.5 0.6725272454601431 0.45276599914296306
295 0.6727773638658986 0.45311189892638537
294.5 0.6720177126917908 0.45208489501610655
294 0.6726369062852603 0.4529375210793731
293.5 0.6719989829132834 0.45207270769617547
293 0.6721612241480822 0.4522859747100365
292.5 0.6719273956315247 0.45197080353379865
292 0.6714581380080457 0.45133887986575616
291.5 0.6716422665839867 0.4515786552094592
291 0.6716122499843539 0.451548664405894
290.5 0.6711419735786311 0.45090900145953705
290 0.6711376590177063 0.45090224306831456
289.5 0.6710589108365561 0.4508184399191764
289 0.6704806283450565 0.45002443419863564
288.5 0.6706637616404737 0.4502602924535781
288 0.6707338653746997 0.4503709609797584
287.5 0.6705729293429437 0.45014860466559037
287 0.6700499162926645 0.449445108280433
286.5 0.6704125039908644 0.44993909967630197
286 0.6699137895500848 0.4492648478495836
285.5 0.6705259615022817 0.4500790725906383
285 0.6707237428607841 0.45035587980073194
284.5 0.6689842982469044 0.44803136383963166
284 0.6689292359504487 0.44795227646656216
283.5 0.6693029330673257 0.448443326398806
283 0.6693096376260451 0.44844579002470103
282.5 0.6681530028915598 0.4469005594524477
282 0.669064559430526 0.4481338300990312
281.5 0.6685788200799725 0.44748190495628515
281 0.6685276235473785 0.44740246965956204
280.5 0.6682875142023418 0.4470821505312408
280 0.6684423520317255 0.44729705586597557
279.5 0.6682880971560832 0.44707453340874814
279 0.6681447222816593 0.4468927833114552
278.5 0.6674337467227701 0.4459539736113848
278 0.6675004779873309 0.4460233768097963
277.5 0.6669906005395301 0.44536121101324533
277 0.6676018202490195 0.4461778992706862
276.5 0.6669178436253828 0.4452597193842193
276 0.6669535581603201 0.44531477237870976
275.5 0.666668365761391 0.4449377023026723
275 0.6664685395557048 0.4446657401238209
274.5 0.6667477570868856 0.44503840803781897
274 0.6665726924809049 0.44481896113191666
273.5 0.6657204859777495 0.44366405091284217
273 0.6655180217292488 0.44339219864657736
272.5 0.6655317845808016 0.4434100555845327
272 0.6660639734222079 0.4441339907869655
271.5 0.665746389456068 0.44368868210381057
271 0.6654196812862391 0.4432529074887694
270.5 0.6650821148425724 0.4428141474573872
270 0.6650818242271235 0.4428212292542646
269.5 0.6651421672660404 0.4428930443376354
269 0.6646211598129301 0.4422149977696275
268.5 0.6643972391965415 0.4419163921303619
268 0.6641471350051604 0.4415674487415719
267.5 0.6642317031832815 0.4416894735431164
267 0.6636938942514817 0.44097587648818204
266.5 0.6636331107304145 0.4408764214689351
266 0.6631320752472805 0.4402276725493769
265.5 0.6637342396027214 0.4410317021128464
265 0.6633899866563148 0.440575365718835
264.5 0.6632436526684065 0.44035878890414093
264 0.6633076913340775 0.4404435051763314
263.5 0.6622187189982534 0.43902358240440736
263 0.6624044137186913 0.43925778248025227
262.5 0.6626880771710106 0.4396431478761676
262 0.6619851842860849 0.4387024595033521
261.5 0.6613750673406895 0.4379112764950418
261 0.6617793512472376 0.43843027673047175
260.5 0.661508655095139 0.43809255599937874
260 0.6613717108044977 0.4379025653715711
259.5 0.6616473118028723 0.4382596981297395
259 0.6609925040785529 0.4373807720634793
258.5 0.6608398869356978 0.43720449385887983
258 0.6608626497160545 0.43722021521781057
257.5 0.6603816961792291 0.4365769406727569
257 0.6604734893788499 0.43671623837979984
256.5 0.6608381076119847 0.43719175430039103
256 0.659996166238989 0.43606260410092845
255.5 0.6601527518410973 0.43629629549932414
255 0.6599912178213745 0.43607851654200713
254.5 0.6597218752133155 0.4357321757194518
254 0.6594236309113202 0.4353228741511163
253.5 0.6588625977830729 0.4345818859678086
253 0.658365514302139 0.4339319274304912
252.5 0.6585334531163778 0.4341579430730251
252 0.6582835115241565 0.4338083453197218
251.5 0.6586974121831575 0.43436338569894883
251 0.6582774633537555 0.4338101684889747
250.5 0.658199962349196 0.4337162009166647
250 0.658138144436597 0.43365352570219795
249.5 0.6577986588410567 0.43318276482313994
249 0.6578577471389127 0.4332541676742993
248.5 0.6575813072004916 0.4328960841768294
248 0.6575071111732628 0.4328083742169057
247.5 0.6570891121892307 0.4322398145000385
247 0.657000795313229 0.4321250321231249
246.5 0.6564897819508438 0.4314556509408743
246 0.6565303219671739 0.4315079108593693
245.5 0.6563895136658567 0.43133454750003525
245 0.6554904544420211 0.43015141081613834
244.5 0.6548106636971913 0.4292624176760303
244 0.6550727295645669 0.42959446524406913
243.5 0.6551613875642345 0.4297256407158478
243 0.6549885807036887 0.4294826405102141
242.5 0.6551540401282322 0.42971068013395625
242 0.6548135996007928 0.4292809190387546
241.5 0.6546915991570567 0.4291223365906936
241 0.6546522995686422 0.4290724056992873
240.5 0.6531461759156468 0.427083482071554
240 0.653063211725107 0.4269863485268182
239.5 0.6534096552831825 0.4274384181888152
239 0.65312376239212 0.4270552486159127
238.5 0.6532966069574411 0.4272932660025134
238 0.6532243634721406 0.42718124290408227
237.5 0.6521905106706462 0.42583500649047346
237 0.6529767618949175 0.4268667678567775
236.5 0.6529432389872704 0.426824061809953
236 0.6520649227768188 0.4256740563115375
235.5 0.6517612297531609 0.4252746514668029
235 0.6520241523127746 0.42561310243505884
234.5 0.6512064327471079 0.42455635735301706
234 0.6507490076407941 0.42395479275126724
233.5 0.6515141308941722 0.42496852868684826
233 0.6506674523234479 0.423857403433585
232.5 0.6502182715035631 0.4232628697685588
232 0.6502485950813887 0.4232995722727197
231.5 0.649572787542094 0.42242208569264056
231 0.6496352849987005 0.4225102293740719
230.5 0.6496888770281659 0.422571897543465
230 0.6494820506158856 0.4223120180965318
229.5 0.6491497714079515 0.4218860637276003
229 0.6493747028756912 0.4221737124196433
228.5 0.6482648243411605 0.42071701481369966
228 0.6482719182767883 0.42073183367271766
227.5 0.6482105067152258 0.4206619408827022
227 0.6481035762005443 0.42051227939942554
226.5 0.6484776192450129 0.4209975595458105
226 0.6471817197835404 0.4193341374106115
225.5 0.6476302530272241 0.4199152170512496
225 0.6476323040650658 0.4199155244992119
224.5 0.6465966903097167 0.41857645071439525
224 0.6468595687598157 0.4188882611622141
223.5 0.6465035184939203 0.4184587058527023
223 0.6469657460371157 0.4190569512373354
222.5 0.6457229712507048 0.41742450548817833
222 0.6457608883742004 0.4174913926407292
221.5 0.6458451618836758 0.41761819622184604
221 0.6451940452106707 0.4167679924751659
220.5 0.6449543451302899 0.41645388358770397
220 0.6443500572905562 0.41567312163816655
219.5 0.644352545104843 0.4156821804240091
219 0.6445207523332205 0.41589999359094315
218.5 0.6438931646354787 0.4150857036241511
218 0.6428675749702545 0.4137619689193911
217.5 0.6433870114408503 0.41442551630054475
217 0.64257067892287 0.4133928917777068
216.5 0.642671030549426 0.41351250391173516
216 0.6423060628072282 0.4130418920429943
215.5 0.6423822676387586 0.4131328990948215
215 0.6417398629187423 0.41233034533864366
214.5 0.641779592159443 0.4123617623044822
214 0.6410735568328908 0.4114436938507953
213.5 0.6408807188090838 0.41122598375235
213 0.6409618593844004 0.41132571684809366
212.5 0.6406943911995505 0.41096726757785096
212 0.6402408631561427 0.4103961484434039
211.5 0.640258269823908 0.4104162045605642
211 0.6400519384211475 0.4101603356315621
210.5 0.6395137416694541 0.4094484462093053
210 0.63925892669296 0.4091462573141333
209.5 0.6393810579610132 0.40930099521580743
209 0.6389681518826356 0.4087731496416951
208.5 0.6394247374500653 0.40934809526322125
208 0.6388269017933075 0.4085762016526388
207.5 0.6375504715127303 0.40695882510230513
207 0.6374483787193848 0.4068265494965954
206.5 0.6378563117656877 0.4073487457710127
206 0.6368881708263313 0.4061175386188961
205.5 0.6365547658874273 0.40568794321705104
205 0.6365170609494841 0.40564919470084526
204.5 0.6367273136101474 0.40590566407924217
204 0.6352301239872626 0.4040027783120128
203.5 0.6352313814442304 0.4039981638768353
203 0.6349882193576937 0.40369408252443006
202.5 0.6345585508792961 0.40313983490543276
202 0.6344447158351383 0.40300343782311704
201.5 0.6340424755107776 0.40251044135484493
201 0.634374990686338 0.4029118152633878
200.5 0.6336684168618 0.40201308309357203
200 0.632901155062335 0.40105119015304164
199.5 0.6326367423976524 0.40071733158127165
199 0.6333037230464607 0.4015626597328768
198.5 0.6327769137375338 0.40091448582600553
198 0.6328206582790666 0.4009452250377812
197.5 0.6322943898181139 0.40028955961179896
197 0.6315216767227307 0.39931575846329437
196.5 0.6313865797317244 0.3991470965125714
196 0.6308910514740332 0.398503409439082
195.5 0.6301372169764275 0.3975679518645859
195 0.629611405626568 0.3968795449914999
194.5 0.6297942372973845 0.3971214828212304
194 0.6293494536487227 0.39655672017385557
193.5 0.6298843885992156 0.39725168179950154
193 0.6292181624894917 0.396391821455472
192.5 0.6286767520024882 0.3957438171474107
192 0.6289954303772963 0.3961166011675225
191.5 0.6275932836348699 0.39437911736972
191 0.6279207429062574 0.39476863976930165
190.5 0.626701867477209 0.39323609983866237
190 0.6269270859523155 0.3935200797871492
189.5 0.6262300620373135 0.39265338305856784
189 0.6261353281684628 0.3925152780707654
188.5 0.6266569437454708 0.39317764133957084
188 0.6256305375865917 0.39188170373431197
187.5 0.6251762851474001 0.3913446054307291
187 0.62528473760043 0.39146216744589224
186.5 0.6250132463432737 0.3911138638054235
186 0.6243111647317263 0.39024045188658407
185.5 0.6240925601145643 0.38997868046197315
185 0.6238711316002341 0.38970051094766983
184.5 0.6227562268238684 0.388305422086433
184 0.623228955465423 0.38890639355757006
183.5 0.6219662709944034 0.38733335196372526
183 0.6228556697528477 0.38842038592994993
182.5 0.6220622347768416 0.387456339112107
182 0.621581247010452 0.3868320197069217
181.5 0.6215527629383943 0.38680438469489686
181 0.6211973224059123 0.3863882104158037
180.5 0.620748187899469 0.3857951676079857
180 0.6199746282061328 0.3848606460092309
179.5 0.6199209684514849 0.38476350009489063
179 0.6193338007901796 0.3840436691070489
178.5 0.6191861119173777 0.38387594686734194
178 0.6193213501239936 0.3840462263807128
177.5 0.6177520918962331 0.3821004481411754
177 0.6174756959073221 0.38177023022827555
176.5 0.6179571259597954 0.38236075482873727
176 0.6170877339108986 0.3812774937047389
175.5 0.6159164692389331 0.37984926407358555
175 0.6164552264545801 0.38051321228979146
174.5 0.615833294098986 0.37973299050836085
174 0.6154421789935789 0.3792540825929993
173.5 0.6158505632302155 0.3797411882831372
173 0.6148288356325158 0.3784898788649006
172.5 0.6140451947330202 0.3775416954972259
172 0.6136878365009928 0.3770952707715574
171.5 0.6138549321696922 0.37732230175246695
171 0.6130779469973847 0.3763498893679321
170.5 0.6116969737497425 0.3746615047413034
170 0.6116501610526955 0.3745865852026861
169.5 0.6116236235263489 0.3745702089499685
169 0.6109019683124566 0.37369046181367904
168.5 0.6104477317360748 0.3731407182604301
168 0.6097512724854991 0.37228232838317865
167.5 0.6106110879838736 0.3733229722269856
167 0.6095564258106976 0.3720414140628789
166.5 0.609607712610408 0.37211416572989053
166 0.6085852222306426 0.3708598717997632
165.5 0.608599826608364 0.37087590043123125
165 0.6081993526162113 0.37039762434551704
164.5 0.6076405599347668 0.3697190602832271
164 0.606518125342201 0.3683571993457849
163.5 0.6068099149358298 0.3686958878770691
163 0.6057572991705236 0.3674235960246539
162.5 0.6060458290482408 0.3677641448961118
162 0.6059924559710199 0.3677011542482235
161.5 0.605392175127353 0.3669797644936201
161 0.6038327027048336 0.3650993820371029
160.5 0.6036525787611335 0.3648652553001918
160 0.6033774397432113 0.364531129605151
159.5 0.6024166535484483 0.36338351080800385
159 0.6019028694924161 0.36276900267388673
158.5 0.6027061830289677 0.363728895238597
158 0.6010213203230422 0.3617312039401404
157.5 0.599513617774784 0.3599111787114221
157 0.6008192130200202 0.3614451111333317
156.5 0.5994689427350769 0.35985604490083883
156 0.5993956170724255 0.35974633463494954
155.5 0.5988369549859746 0.3590873954298366
155 0.5985520846349514 0.35873323894780795
154.5 0.5979632033441199 0.3580303004637322
154 0.5977563465305962 0.3577905393037948
153.5 0.5973266363750667 0.35728413890736654
153 0.5964815861522189 0.3562689243074692
152.5 0.5963280265373191 0.3560858715315547
152 0.5946329983423927 0.35406980229334
151.5 0.5948623612352826 0.3543411689670521
151 0.5951523119250222 0.3546822845697055
150.5 0.5941248017417635 0.3534699522149279
150 0.592887783049222 0.3520042679900534
149.5 0.592322874828628 0.3513297367913251
149 0.5921382580880024 0.3511080542966454
148.5 0.5915441683031689 0.3503910550685278
148 0.5904372297164132 0.3490990359228482
147.5 0.589679282049372 0.348187237203407
147 0.5897573856159714 0.34830397232961346
146.5 0.5896340950282883 0.3481621346914339
146 0.5893703992346866 0.34784394967069115
145.5 0.5878809598889264 0.34607998228682646
145 0.5876475432627212 0.34580110848038426
144.5 0.5869132925445901 0.34494755609602656
144 0.5861308229308124 0.3440374600306323
143.5 0.586884156791843 0.34491615813743187
143 0.5862278589912747 0.34413564696690985
142.5 0.5853387767327228 0.34308953435372214
142 0.5845076302276503 0.34211730140699503
141.5 0.5833482576101152 0.34076819109123635
141 0.5839225731886181 0.3414491030752863
140.5 0.5825828253130405 0.33988348410784375
140 0.5824066170177369 0.33965800890420017
139.5 0.581899977584461 0.33906689777043264
139 0.5800953198634365 0.3369819042101756
138.5 0.5792277492384525 0.3359949921175802
138 0.5798209344836509 0.3366479362552418
137.5 0.579416255163034 0.3361962412923589
137 0.5789371848627453 0.3356315155957979
136.5 0.5776462353157202 0.33415131008503973
136 0.5764778384601512 0.33280670530646544
135.5 0.5759309550529547 0.3321796257894563
135 0.5753363405978268 0.33147807896124964
134.5 0.5756210456263213 0.33180203098080197
134 0.5742200945420695 0.330197811759317
133.5 0.5736565746326221 0.32956234945599483
133 0.5730396279368115 0.3288238195235032
132.5 0.5736579492127809 0.32954972308692887
132 0.5723980782172291 0.3281059995881861
131.5 0.5705068895861615 0.3259519388820457
131 0.5704990402516262 0.3259356920201147
130.5 0.5705078239005381 0.32593004650721785
130 0.568308344005655 0.3234283184342504
129.5 0.568479281156515 0.3236143735685953
129 0.5685049614810707 0.3236509788943568
128.5 0.5672309639207812 0.32221169426491186
128 0.5670955365017359 0.3220607604608722
127.5 0.5659007270845201 0.32070632689510775
127 0.5652135077992649 0.3199339694983292
126.5 0.5648462875134449 0.31951400540691904
126 0.564151821419247 0.3187225763490545
125.5 0.5628781229453502 0.3172817394347224
125 0.562489491508385 0.3168492085836156
124.5 0.5607395431243112 0.31489689919225905
124 0.5604465899416728 0.3145578769817994
123.5 0.5606177757787196 0.3147397105565152
123 0.559054222968054 0.31299588441723264
122.5 0.5586493567167559 0.3125517688525941
122 0.5592354011221718 0.3131996523620457
121.5 0.5570180613862775 0.310721958523817
121 0.5568284168057415 0.31049492065041545
120.5 0.5554065343176624 0.308935876666297
120 0.554959648240939 0.3084282884320152
119.5 0.5539969277891371 0.30736526826187377
119 0.5528955501808128 0.306145248681641
118.5 0.5519206086471116 0.3050735049799742
118 0.5519039345025242 0.30505958568023006
117.5 0.5505780829320776 0.30355739804563486
117 0.548836863981015 0.30165200334973774
116.5 0.5494781673549296 0.30239168989647275
116 0.5485252928762748 0.3013293533454304
115.5 0.5470341487071735 0.29969751442685744
115 0.5467486753991423 0.29938521990342787
114.5 0.545880019989778 0.2984246190332971
114 0.5451118482291657 0.29758859587283815
113.5 0.5440574923059436 0.2964502700027504
113 0.5422103785984649 0.2944308567162478
112.5 0.5425436558239636 0.2947977560681453
112 0.5413246130533313 0.29347844054701977
111.5 0.5412626856469317 0.29340219878065454
111 0.5394800685040912 0.2914886126893978
110.5 0.5390592496772514 0.29101709238735435
110 0.5374606555490085 0.2892960946282535
109.5 0.5371816610110121 0.28897891839571405
109 0.5356078300773236 0.28730507751330026
108.5 0.5346433149493838 0.2862642371159556
108 0.5334405111420417 0.2849992616522263
107.5 0.534193726834739 0.2857871465356411
107 0.5326366574339385 0.2841163889726502
106.5 0.5300800816310419 0.2814053951083265
106 0.5306487135870879 0.28199883124897024
105.5 0.5284092803235498 0.27964887724168125
105 0.5292075576086841 0.2804838602470339
104.5 0.5272977830749283 0.27847100448091316
104 0.5264474104532656 0.27755682423831995
103.5 0.5245440712424644 0.27557418238375886
103 0.5251166258785521 0.27616807677938987
102.5 0.5237216535695061 0.2747143354404484
102 0.5237149198124915 0.27468659839504994
101.5 0.5217211996496777 0.27260574496858975
101 0.5203139270598173 0.271141457330378
100.5 0.5192805315509147 0.2700794370947196
100 0.5199921626082034 0.27077674352433057
99.5 0.5167159805646022 0.267417422280343
99 0.5175230837276651 0.26822729600255135
98.5 0.5148794874713007 0.2655132901625622
98 0.5141564967491192 0.2647772896697986
97.5 0.5126998739121984 0.26324780903216954
97 0.5122226865233952 0.2627638993968165
96.5 0.5107293657052474 0.26125216880239416
96 0.5106295091666994 0.2611485721230381
95.5 0.5099188169587306 0.260400001586598
95 0.5084715957367358 0.2589226946356198
94.5 0.5058915324462743 0.25633474588961114
94 0.5061997551594704 0.256623650796779
93.5 0.5051100319041018 0.25554856216308086
93 0.5022298694808591 0.2526394041321121
92.5 0.5014532789149709 0.25185622017921905
92 0.5013705139877498 0.25175662267345544
91.5 0.5008957506042565 0.2512826955648478
91 0.499067348041628 0.24944190156701043
90.5 0.4960411237582386 0.24644465500677235
90 0.4978258513363214 0.24821801911821184
89.5 0.49596305973557003 0.24634500836807016
89 0.49344050686593277 0.24387470208359296
88.5 0.49443349417572074 0.24485091935389722
88 0.49229663166179916 0.2427512848470395
87.5 0.4900850423453633 0.24054002784939604
87 0.4894144557985041 0.2398906530757803
86.5 0.4883297935345243 0.2388281034040708
86 0.48686488660534094 0.23740138507301423
85.5 0.4855197601584671 0.2361135193611593
85 0.4846685765837285 0.2352773104092377
84.5 0.48197754967955736 0.23269282975142613
84 0.4826924339945982 0.2333585037309776
83.5 0.4796204820135658 0.23038424843608843
83 0.4802392182138088 0.23099931288255118
82.5 0.4781069082354751 0.22892975459405196
82 0.4758820221948255 0.22683597001047034
81.5 0.4748364907808665 0.22582044554013184
81 0.4747629431243378 0.22576574400999402
80.5 0.4721744979481945 0.22328045827376652
80 0.46899850305709184 0.2203125225250019
79.5 0.4699323948443519 0.22117690014187913
79 0.4687297401589911 0.22005065575013008
78.5 0.46855239809598775 0.21988870708621017
78 0.46446146853529124 0.21604797401765422
77.5 0.46402339796643804 0.21564861891973583
77 0.46356655851532313 0.21522153166706798
76.5 0.4611196635327653 0.21297429871975246
76 0.45961844818100855 0.21160616915447497
75.5 0.4585192435210918 0.21057218210589645
75 0.45766482471937825 0.2097847896197468
74.5 0.4556447887022561 0.2079378700391975
74 0.45340320058717276 0.20588739216816546
73.5 0.45278247124306886 0.20530681030151895
73 0.452285670881417 0.2049020296913627
72.5 0.4488939201453155 0.20184007640813723
72 0.44678007471875514 0.19992137099458704
71.5 0.4468181776891715 0.19995283867595232
71 0.44525310149440434 0.19855322001089418
70.5 0.44418865786850475 0.19759083847851117
70 0.4425927258037809 0.19616698508318997
69.5 0.4409654467482385 0.19472927709723734
69 0.43823121931726294 0.19233961213377904
68.5 0.4383627637009081 0.19247226319403812
68 0.43589454546258655 0.1902898556338289
67.5 0.43567891423811417 0.19006587218460338
67 0.4338754587159922 0.1885238935975836
66.5 0.4315039800509175 0.1864504639303176
66 0.43153171102381227 0.18650793728862966
65.5 0.42741134808652703 0.18295795014297378
65 0.4263593346438424 0.18204495082836192
64.5 0.4244765631166444 0.18045017644712155
64 0.42506746395134903 0.180941839862168
63.5 0.42172360076677934 0.17810804032558622
63 0.4208480796541772 0.1773671255163384
62.5 0.41894031359878253 0.17575243453074146
62 0.4170651096402447 0.174170323798517
61.5 0.4149122607294867 0.17239580365234472
61 0.4147477968741621 0.1722701745107112
60.5 0.4137027766134674 0.17140600262544028
60 0.41027194838284625 0.16856364144339453
59.5 0.40892093494884324 0.16746171720052663
59 0.4074641501743583 0.16626772663298026
58.5 0.4051980831571777 0.1644175654763019
58 0.40516978988656005 0.1643934702243587
57.5 0.4031184750437431 0.1627513120526523
57 0.39919161708916917 0.15955509014540933
56.5 0.39932655750821444 0.15966817372805286
56 0.39677763224185403 0.15764959009933596
55.5 0.394716491219712 0.1560026975881853
55 0.39213846060014307 0.15396967475501194
54.5 0.3912757299681229 0.15330852870155484
54 0.38941036232572146 0.15183306470017777
53.5 0.38916754572357964 0.15163205229591814
53 0.3873616883769112 0.15024547424369042
52.5 0.3850089435740848 0.14841775599573526
52 0.3833949063575385 0.1471862332088409
51.5 0.38204000610238753 0.14613406454353056
51 0.37905534442221656 0.1438422564338381
50.5 0.3763524031473386 0.14182242198546333
50 0.3766243346768133 0.14200855819365307
49.5 0.3757382327257692 0.1413647154309491
49 0.3725663711254014 0.1389733596606142
48.5 0.36977899243004053 0.1368942807007569
48 0.3683966998994806 0.1358739056813082
47.5 0.36714263549526815 0.13496217782278602
47 0.3669868360943753 0.1348327318548384
46.5 0.36190312396405416 0.13111907578631227
46 0.36384835500811324 0.13252998873660585
45.5 0.3614381538538509 0.1307889234753278
45 0.35841722976968826 0.1286011791336813
44.5 0.35674185480545006 0.12741626651664198
44 0.3533956052316747 0.12503403620074027
43.5 0.3527365334114119 0.12457042898680902
43 0.35182673285503585 0.12391092673543506
42.5 0.35118457422775695 0.12347095001909529
42 0.3491859256988476 0.12206029384558678
41.5 0.3461623815133325 0.11994899473936434
41 0.34427228135230586 0.11865359061178793
40.5 0.3416373584093686 0.11682987383434229
40 0.33939661420371836 0.11528793534915319
39.5 0.33811406368299196 0.11441276291152105
39 0.33780878969647693 0.11421075733232973
38.5 0.3372841167978511 0.11386398336141863
38 0.3355181946822993 0.1126710287408665
37.5 0.3317669806324624 0.11017057793044707
37 0.32916670933625625 0.10844053771756779
36.5 0.3299777537626212 0.10897497651158289
36 0.32757049269473837 0.1073885027594198
35.5 0.32460563496040784 0.10546217391832038
35 0.3230535863785786 0.10443419599601587
34.5 0.32235232187420015 0.10399846807480712
34 0.3196342655475596 0.10223861586746244
33.5 0.3197430318274711 0.1023184943788732
33 0.31681653596847337 0.10044050459337217
32.5 0.3145180696168644 0.0989831330210517
32 0.313205442229194 0.0981505237538717
31.5 0.3112045140243901 0.09691609557410474
31 0.3110469108921407 0.09681569945028637
30.5 0.3094577471391918 0.09581365469115032
30 0.30701726580107996 0.09431374717817916
29.5 0.3068640477802515 0.09421528475091859
29 0.30657527282472896 0.09403195106484791
28.5 0.30366540644031076 0.09226496939200547
28 0.30066234224299365 0.09044183698243698
27.5 0.298354185840586 0.08906207603167703
27 0.2973710263618262 0.08846901210842187
26.5 0.29843357406255405 0.08910623580290568
26 0.29595896406727107 0.08762706609244537
25.5 0.2928371665715548 0.08578881048555191
25 0.2921458023036878 0.08538320484800764
24.5 0.2907007783347187 0.08453529635716224
24 0.290235866947997 0.08426009666886883
23.5 0.2876023050974538 0.08273833020008381
23 0.28785804535316883 0.0828873485152844
22.5 0.2865459330374832 0.08213315219807342
22 0.284173950453896 0.08078243041591805
21.5 0.28388401443873423 0.08061106455129334
21 0.28315588768309735 0.08019408086310569
20.5 0.28217970599483755 0.07964131691893393
20 0.2825312881089932 0.07983878735951982
19.5 0.27952203189963837 0.07814456010020707
19 0.2783035607206874 0.07746384048290884
18.5 0.27824837905080246 0.07743209073040135
18 0.27845236107196786 0.07754644601041573
17.5 0.2764300168156194 0.07642183260377519
17 0.27619270463960993 0.07628885841756751
16.5 0.2751406550025118 0.07571287104434776
16 0.27379240463286586 0.07496942176209662
15.5 0.27438635345529533 0.07529519194360088
15 0.2731206804128093 0.07459950771366664
14.5 0.27271437635961987 0.07437632621187387
14 0.27214611971736563 0.07406741151102426
13.5 0.2708362067746141 0.0733546821533979
13 0.27126449900214006 0.07358804956251941
12.5 0.26922604664638655 0.07248374617166918
12 0.26950726171761374 0.07263514887370696
11.5 0.2697199104819888 0.07274978424879848
11 0.269339915818587 0.07254526804912668
10.5 0.2682774288201172 0.07197355143487223
10 0.268332040184686 0.07200288190672724
9.5 0.26800728874118307 0.07182845775473451
9 0.26824559486753646 0.07195652409975288
8.5 0.26829714322001225 0.07198396796167514
8 0.2678011427682264 0.07171771724703745
7.5 0.2673889672240602 0.0714969942343426
7 0.26732289807952764 0.07146165546354609
6.5 0.2674304982923929 0.07151914565500259
6 0.2674281619100234 0.07151787746258241
5.5 0.2674099026358653 0.07150810946071436
5 0.2674159774745664 0.07151136222194664
4.5 0.2673383025418958 0.07146979062465841
4 0.26729331314170335 0.0714457296659686
3.5 0.26726526541705226 0.07143073272314725
3 0.2672368069409783 0.07141551544839546
2.5 0.2672336636796475 0.07141383517305157
2 0.26720975183226525 0.07140105287337023
1.5 0.26720939167290764 0.0714008600626003
1 0.26719679982830996 0.07139412985329845
0.5 0.26719669088751075 0.0713940716212211
