1000 0.869360277724627 0.7562542680709362
999.5 0.8692493385073873 0.7560702501838897
999 0.8696983729687532 0.7568389521040871
998.5 0.8696114140485692 0.756691001310825
998 0.8692731528042105 0.7561080121619432
997.5 0.8691065250746642 0.7558134417090411
997 0.8693716927560233 0.7562749085938417
996.5 0.8692726879194705 0.7561056028242518
996 0.8691189989525702 0.7558436386587025
995.5 0.869662212998533 0.7567856806448399
995 0.8688814080240098 0.755421088011424
994.5 0.8689442720252616 0.7555364885418933
994 0.8688571629873192 0.7553886726083431
993.5 0.8690675277346035 0.7557550806156217
993 0.8691442384818036 0.755883095575939
992.5 0.8690851001225928 0.755780869249349
992 0.8686229450261913 0.7549869349085733
991.5 0.8692148157325011 0.7560089342594747
991 0.8689339255631904 0.7555198002399992
990.5 0.8689655115807259 0.7555922420139389
990 0.8692602822423664 0.7560755742137527
989.5 0.8688485041651062 0.7553843512027828
989 0.8691770644718164 0.7559447542290434
988.5 0.8690752537397781 0.7557750830328768
988 0.8692153259453541 0.7560077500132161
987.5 0.8690724971848588 0.7557574518688975
987 0.868983768094917 0.7556014226267261
986.5 0.8688045817747189 0.7552983389631281
986 0.8691496602678657 0.7558911539321025
985.5 0.869077323718918 0.7557743892756833
985 0.8688810363168332 0.7554273997811554
984.5 0.8686728911019883 0.7550688102713138
984 0.8690562559709009 0.7557185746814552
983.5 0.8692624075986581 0.7560888664220228
983 0.8693651116476607 0.7562713585100262
982.5 0.8695569999429186 0.7566192004554383
982 0.8688599657277463 0.7553973977751759
981.5 0.8689627989510842 0.7555695217459637
981 0.8686787924293569 0.7550687261060116
980.5 0.8688325817489665 0.7553339298067403
980 0.8688777858486382 0.7554156662136531
979.5 0.8687546057689495 0.7552173871744069
979 0.8686966240229185 0.7551038819280121
978.5 0.868805988557699 0.7553023748274476
978 0.8689767747958514 0.75560808230225
977.5 0.8686216977541413 0.7549792106856937
977 0.8691600562889052 0.7559209738057687
976.5 0.8687242773155681 0.755153080370111
976 0.8693243544142102 0.7561959101030815
975.5 0.8686608349097585 0.7550497221203886
975 0.8687782043785335 0.7552456517931492
974.5 0.8687012192659801 0.7551071757604239
974 0.8687908425714719 0.7552642407597215
973.5 0.8691263667928666 0.7558596148990624
973 0.8687960820551432 0.7552816890565236
972.5 0.8686293914664575 0.7549979030849666
972 0.8690032042828538 0.7556395101411647
971.5 0.8683291076043793 0.7544767947899144
971 0.8690696137080041 0.7557691858001284
970.5 0.8686061439087941 0.7549427548855816
970 0.8681787944585896 0.7542156964387062
969.5 0.8683980252794414 0.7545752675615195
969 0.8688881818693374 0.75544550439496
968.5 0.8685337578391066 0.7548310578237892
968 0.8685801142937812 0.7549057905980092
967.5 0.8690320204444044 0.7556888770377591
967 0.8682986351371567 0.7544212071850095
966.5 0.8685691919594434 0.7548819615263014
966 0.8687448121843626 0.755189142533575
965.5 0.8689258942055984 0.7555054324922367
965 0.8685741996429258 0.7549093144550333
964.5 0.8679730827203181 0.7538610517239988
964 0.8690636127830689 0.7557398499088646
963.5 0.8687596098238506 0.7552102717681379
963 0.868404941678507 0.7545932493367874
962.5 0.8687737069609047 0.7552351071482889
962 0.8682310978406046 0.7543114978366817
961.5 0.868572013271333 0.7549000689168253
961 0.8681851866678681 0.7542264832534779
960.5 0.8684291154999262 0.7546489499802
960 0.8687036732998802 0.7551210586474111
959.5 0.8683327726821782 0.7544795465750903
959 0.8681114074600748 0.7540860704108133
958.5 0.8689651264244899 0.7555812853564104
958 0.8681619626388539 0.7541792916701641
957.5 0.8680044479988013 0.7539064009037261
957 0.8682725905136655 0.7543755857766189
956.5 0.8685835012678005 0.7549239810036081
956 0.8682276543271313 0.7542784719294758
955.5 0.8682969159073954 0.7544101020162236
955 0.8679119396159977 0.7537556684799628
954.5 0.8682388157699727 0.7543189775448683
954 0.8683138507172286 0.754441499223835
953.5 0.868030224669144 0.7539673715468018
953 0.8681422473044501 0.7541475769178836
952.5 0.8679897082267632 0.7538954408604754
952 0.8681229221092329 0.7541077147161394
951.5 0.8679718834270054 0.7538497990617441
951 0.8686116454984971 0.7549690377908385
950.5 0.8686729709548242 0.7550690180666012
950 0.86800152248348 0.7539065413845831
949.5 0.8683509108533863 0.7544970003294275
949 0.8686193178870266 0.7549718768141634
948.5 0.8678725418759765 0.7536738415950992
948 0.8683641220623732 0.7545223270331786
947.5 0.8676773910797404 0.7533465553209979
947 0.8678823496965172 0.753687196942826
946.5 0.8684436553193242 0.7546730720862841
946 0.8680873431568193 0.7540471713925222
945.5 0.8684981241455598 0.7547541169857962
945 0.86809800839134 0.7540622925616055
944.5 0.8679898530484246 0.7538908914589015
944 0.8679808407504959 0.753852054390694
943.5 0.8676655150606452 0.7533178976262616
943 0.8681140394824713 0.7540931568753668
942.5 0.8683526784576878 0.7545070299757662
942 0.8677725752653549 0.7535029479899594
941.5 0.8678306619198273 0.7535978371846515
941 0.8679291329791815 0.7537901677298541
940.5 0.8674895625365517 0.7530141541991012
940 0.8679530127064432 0.7538131589840779
939.5 0.867830988401042 0.7536057545641424
939 0.8675425891038334 0.7531063804375802
938.5 0.86768718622891 0.7533681757330344
938 0.8673492314498297 0.7527767074411362
937.5 0.8679024066686648 0.7537243201537726
937 0.8675904524065893 0.7531986613753069
936.5 0.8680352832010233 0.7539656323766689
936 0.8678721280901923 0.7536655634979614
935.5 0.867771059943769 0.7534862054459053
935 0.8674021983393989 0.7528672204501025
934.5 0.8677441158881786 0.7534537226119619
934 0.8672513765494511 0.7526077425228289
933.5 0.8674321338423454 0.7529185250913046
933 0.867699406490061 0.7533882158131184
932.5 0.8675274359680908 0.7530808559192541
932 0.8684945044698833 0.7547613972653668
931.5 0.8674495163727872 0.7529431021508508
931 0.867699429111152 0.7533723640919663
930.5 0.8680726231420351 0.7540255923417924
930 0.867383166247532 0.7528357503872364
929.5 0.8677283996404489 0.7534343349717985
929 0.8676093220835575 0.7532322648513082
928.5 0.8674943646267224 0.7530186009575509
928 0.8674006927749024 0.7528687974766183
927.5 0.8674974578586362 0.7530401143318
927 0.8676286493071147 0.7532540845541831
926.5 0.8675709013953407 0.7531419709863129
926 0.8674290454236397 0.7529175079630377
925.5 0.8675863737454022 0.7531860587548078
925 0.8673475026413429 0.7527582353066209
924.5 0.8669426982250943 0.7520701126244101
924 0.8678704096922178 0.7536725036190872
923.5 0.8680714782735243 0.7540187113051278
923 0.867539162864442 0.7530991492450118
922.5 0.867702986826969 0.7533829951941579
922 0.867665726910379 0.7533196496603224
921.5 0.8670675521049183 0.7522800874129877
921 0.8670881652795207 0.7523233570344015
920.5 0.8672921678697548 0.7526759743699382
920 0.8672592266419915 0.7526182765324096
919.5 0.8670570473501438 0.7522637826661988
919 0.8675746497835808 0.7531540774550006
918.5 0.8672328632241875 0.7525759700872379
918 0.8668910929718339 0.751970548400822
917.5 0.8672026306844535 0.7525100675432154
917 0.8677663959957863 0.75349186401384
916.5 0.8672312242960072 0.7525652680600757
916 0.8676412147665277 0.7532666011434651
915.5 0.8671865398400016 0.7524904686819588
915 0.8674610947997535 0.7529719793881261
914.5 0.8672098178758302 0.7525297717038509
914 0.8672520779961558 0.75259750049747
913.5 0.8666064813667176 0.7514889878301154
913 0.8670510161180032 0.7522417770309406
912.5 0.8669076472371463 0.7519953742460904
912 0.8673998683897426 0.7528541835696729
911.5 0.8667170657396644 0.7516711348814435
911 0.8665413483713128 0.7513581520235211
910.5 0.8670668584760097 0.7522896212142395
910 0.866859082841744 0.7519251537760676
909.5 0.8667636136944463 0.7517417825341335
909 0.8670155396395283 0.7521850198928732
908.5 0.8670549741583938 0.7522563146696328
908 0.8668735461160701 0.7519418118239769
907.5 0.8669773779182159 0.7521229938055851
907 0.8667010648925243 0.7516404614290716
906.5 0.8670057926532962 0.7521640351177584
906 0.8672725584813791 0.7526245238743761
905.5 0.8666386400646254 0.7515421749493374
905 0.86723778647388 0.7525744277562635
904.5 0.8671047182893613 0.7523462400913696
904 0.8673319501439944 0.7527485219809634
903.5 0.866741385142055 0.7517248321265706
903 0.8670604343383641 0.7522527861546733
902.5 0.8666951638066951 0.7516437696702681
902 0.866538076791577 0.7513560180733287
901.5 0.867108399902056 0.7523538568231849
901 0.8664227083355052 0.7511653611823981
900.5 0.8665774372704085 0.7514255445466101
900 0.8665369499607575 0.7513623095697927
899.5 0.8664212646908096 0.7511606261821776
899 0.8668394254692636 0.751895474227754
898.5 0.8662181715485925 0.7508239657463623
898 0.8666389074569055 0.7515416666469151
897.5 0.866903051562737 0.7519912867534772
897 0.8666873502175226 0.7516348483866563
896.5 0.86661683153795 0.7515132424853256
896 0.8663029212118598 0.7509614549719644
895.5 0.866920565565671 0.7520257271569245
895 0.8667574849391737 0.7517426497662529
894.5 0.8664833695171378 0.7512846893005241
894 0.8664069113719987 0.751127819846978
893.5 0.8666491741556913 0.7515542493978032
893 0.8661862178408386 0.7507473094810854
892.5 0.8668661396977911 0.7519345183853534
892 0.8665511312253675 0.7513847396772129
891.5 0.8664217243848059 0.7511601651938317
891 0.8662888031316001 0.7509265809568972
890.5 0.8666587419827205 0.7515798999715946
890 0.8666753965217054 0.7515970463609178
889.5 0.8657805962090329 0.7500690448560802
889 0.8666820826699737 0.7516144655138272
888.5 0.8665015404791793 0.7513046951154625
888 0.866595240198595 0.7514562614072201
887.5 0.8657799292186026 0.7500468749883177
887 0.8668022696060091 0.7518204754757255
886.5 0.866205898528413 0.7507949170788061
886 0.8659266055671417 0.7502995677555406
885.5 0.8663172790232389 0.7509748027001437
885 0.8665205901956913 0.7513458966449036
884.5 0.8661012158438056 0.7506123362316302
884 0.8663171084524577 0.7509851833190162
883.5 0.866569018943403 0.7514160819028686
883 0.8667150845866889 0.7516631402948111
882.5 0.86624880092067 0.7508516905320889
882 0.8664044177470376 0.751120318834227
881.5 0.865843679332514 0.7501553561753651
881 0.8657619328346088 0.7500348500924648
880.5 0.8661782449888888 0.7507435385093848
880 0.8665579325138589 0.7513949412080129
879.5 0.8659332115586985 0.7503162758416769
879 0.8657809294462719 0.7500543544828782
878.5 0.8664507342053384 0.7512169433526417
878 0.8664020699682021 0.75112739170238
877.5 0.866539047017833 0.7513704958588775
877 0.8658587720138099 0.7501741569435564
876.5 0.865972594352665 0.7503840181658683
876 0.8661439534159862 0.7506865263441298
875.5 0.866195742604818 0.750765326420302
875 0.8659093740722346 0.7502738758575435
874.5 0.86618354275864 0.7507486611788795
874 0.8656291973267163 0.7497895978011223
873.5 0.8660590460746015 0.7505376331570764
873 0.8659776459318582 0.7503995524726734
872.5 0.8663080431221996 0.7509718820113174
872 0.8658552440779466 0.7501819033086657
871.5 0.8661076498821143 0.7506127121831095
871 0.8663292730475587 0.7509969279197047
870.5 0.8655319929727026 0.7496238253837364
870 0.865863274142003 0.7501928811592184
869.5 0.8658563746969766 0.7502004204843983
869 0.8660306030658127 0.7504854144039786
868.5 0.8658198595088756 0.7501241743983097
868 0.8655714282047309 0.7496969165154244
867.5 0.8656936442398239 0.7499029973421052
867 0.8654799646597867 0.7495312693583854
866.5 0.8660572802411415 0.7505455031668544
866 0.8659633560309902 0.7503698030688205
865.5 0.8655622641854073 0.7496734786850242
865 0.8653445828469742 0.7492993933042273
864.5 0.8655556382536157 0.7496633875495639
864 0.8658798180993993 0.7502391375339861
863.5 0.8662438493016494 0.7508665335933603
863 0.8660706438068275 0.7505562455610141
862.5 0.866204627935755 0.7507937852016755
862 0.8657426138821099 0.7499982028350218
861.5 0.8653828891524925 0.7493632478431715
861 0.8658033537196161 0.750103972574515
860.5 0.865889549543839 0.7502362872221581
860 0.8655496255060735 0.7496648533631182
859.5 0.8654149732094581 0.7494254154371781
859 0.8653204095004478 0.7492593200110971
858.5 0.8652652675796788 0.7491539395940641
858 0.8657790865015721 0.7500538626463182
857.5 0.8653731518460854 0.7493384358611043
857 0.8657742779786074 0.7500439065314843
856.5 0.8650242176935671 0.7487534228715976
856 0.865031959675474 0.7487620654722887
855.5 0.8652742346819231 0.7491850241548469
855 0.8646374401488838 0.7480656547221908
854.5 0.8654624523095127 0.7495102892434913
854 0.8649218839934958 0.7485652405898784
853.5 0.8655682234682949 0.7496834578267365
853 0.8652174643426315 0.7490864239870121
852.5 0.8648866571377932 0.7485148651834984
852 0.8651858566085565 0.7490313692512985
851.5 0.8658419306719207 0.7501570304214006
851 0.8651261720856088 0.7489062218020471
850.5 0.865180625418764 0.7490177179577598
850 0.8649174017088412 0.7485584661364683
849.5 0.8649708280482676 0.7486451300340065
849 0.8649472829704896 0.7486069327085947
848.5 0.864861036244059 0.7484740170661631
848 0.8648985411712811 0.7485264539606238
847.5 0.8652421251915586 0.749129946588488
847 0.8647814665404472 0.74831714663111
846.5 0.8649222243155539 0.7485778939359538
846 0.8650902778023416 0.7488584514780737
845.5 0.8646325716025158 0.7480832078843189
845 0.8651676775318727 0.7489950209998582
844.5 0.8649159348226454 0.7485567038430425
844 0.8646418871549595 0.7480925345962612
843.5 0.865022040046005 0.7487349542096983
843 0.8649035450300236 0.7485343605181823
842.5 0.8651111776798711 0.7488987050563103
842 0.8650301222769625 0.7487482466777183
841.5 0.8647889499346044 0.7483333404916211
841 0.8646542521584499 0.748105047761465
840.5 0.8650055372947382 0.748706009619985
840 0.8651917298115268 0.749036528834597
839.5 0.8652418816267421 0.7491186835283967
839 0.8647545563102095 0.7482852186386076
838.5 0.8650129206203526 0.7487244343376643
838 0.8647912121085045 0.7483422787680464
837.5 0.8647783724043034 0.7483238663359136
837 0.8650368423569587 0.748761618171016
836.5 0.8648183590123011 0.7483951254391108
836 0.8650587464084935 0.7488205254572439
835.5 0.8650379452588938 0.7487822847520652
835 0.8644651527497811 0.7477894387289614
834.5 0.8644146586040236 0.7476953154812654
834 0.8645392018284209 0.7479034387821113
833.5 0.864440662110734 0.7477433865273845
833 0.8646096212274592 0.7480189029210649
832.5 0.8642122699645132 0.747329680444165
832 0.8646253683257344 0.7480549957422323
831.5 0.8651016612855825 0.7488813430433648
831 0.8649310337004589 0.7485816481618122
830.5 0.8642048285713556 0.7473288084063169
830 0.8642062668039957 0.7473310805442714
829.5 0.864652515577852 0.7481200701055444
829 0.8647338155146345 0.7482451383405572
828.5 0.8650905296469171 0.7488679846090927
828 0.8640238403520509 0.7470193729024854
827.5 0.8642849825776422 0.7474585480025522
827 0.8645291693921062 0.7478839738096702
826.5 0.864094459663586 0.7471354561918521
826 0.8645848755502525 0.7479752094195322
825.5 0.8643265497385674 0.7475396331374872
825 0.8643477747272358 0.7475816619010581
824.5 0.8640497878470481 0.7470519275590725
824 0.8641530781362156 0.7472288794306782
823.5 0.8645146505500545 0.7478583828222723
823 0.8642032813866908 0.7473246524109644
822.5 0.8638637430977218 0.7467350727337176
822 0.864439769338798 0.7477422679081354
821.5 0.8639242790747812 0.7468376768896515
821 0.8640358916723462 0.7470377794063935
820.5 0.8641160688911943 0.7471722412949937
820 0.8639638870303947 0.7469143064268929
819.5 0.8640313748610378 0.7470316470904298
819 0.8641572907840002 0.747252883869911
818.5 0.8643763768653059 0.7476244809790947
818 0.8639749875510443 0.7469211116368587
817.5 0.8641139931814087 0.7471748130124318
817 0.8637628984910743 0.746565632904041
816.5 0.8639619442838271 0.746905006620786
816 0.8638604874517433 0.7467447664625528
815.5 0.8641361079942342 0.7472111929063848
815 0.8639484779381368 0.7468867378485633
814.5 0.8639846448153861 0.7469532494670132
814 0.8641062622424175 0.7471657114282145
813.5 0.8638370885044528 0.7466848890430243
813 0.8642239834648199 0.7473604754309262
812.5 0.8638900341147309 0.7467865174594639
812 0.8640972699462504 0.7471269143696575
811.5 0.863612900872894 0.7463071341994202
811 0.8639462244487119 0.7468749485642671
810.5 0.8641159131925457 0.7471633351865472
810 0.8642045698350621 0.7473318430809889
809.5 0.8639312191575963 0.7468597595892277
809 0.8637487461739491 0.7465429736081933
808.5 0.8635793760424884 0.7462672100485465
808 0.8632474832420765 0.7456852332382876
807.5 0.8636510483344657 0.7463633413222408
807 0.8634528783920303 0.7460318495042639
806.5 0.8637896271197095 0.7466121821750721
806 0.8639576156548007 0.7469105859254224
805.5 0.8639398846427649 0.7468756190925895
805 0.8637452435581059 0.746547508197369
804.5 0.8637213145821209 0.7464925833831247
804 0.8632349447893162 0.7456632916259838
803.5 0.8638840026304327 0.7467774386797286
803 0.8632816959498013 0.7457187666698853
802.5 0.8635785039262943 0.7462540024920384
802 0.8635317423888136 0.7461625269788055
801.5 0.8632757749783267 0.7457171730204742
801 0.8633039322063328 0.745785227032955
800.5 0.8637959222052602 0.7466143201512845
800 0.8635680037300849 0.7462351445990087
799.5 0.8631181341306475 0.7454470965074179
799 0.8636224005393972 0.7463280767700645
798.5 0.8628218273593173 0.7449523325484284
798 0.8636324271084386 0.7463525024973285
797.5 0.8635642624196757 0.7462194326587405
797 0.8635930947285082 0.746274107246125
796.5 0.8634324556849629 0.7459854685849031
796 0.8636215561049224 0.7463257221782907
795.5 0.8634564533133408 0.7460352209384269
795 0.8633759528277665 0.7458946928736522
794.5 0.8633438890214499 0.745847521000615
794 0.8629158870299064 0.7451032334416721
793.5 0.8634049657750915 0.7459507201448203
793 0.8631202353477523 0.74545410186763
792.5 0.8628680692096448 0.7450286166561497
792 0.8630451219209262 0.7453381620136676
791.5 0.8628378693593152 0.7449655068351889
791 0.8631395822669039 0.7454927486982386
790.5 0.8626526498455057 0.7446479777146197
790 0.8629985629951359 0.7452581842339172
789.5 0.862524846382109 0.744410896339407
789 0.8631111055141862 0.7454445241262456
788.5 0.8630340872151872 0.7452992668051286
788 0.8624250090277005 0.7442683721627549
787.5 0.8631905818550498 0.7455856951115862
787 0.86305198251726 0.7453445611178818
786.5 0.8635830557133778 0.7462501227322133
786 0.862717892654749 0.7447797912391814
785.5 0.8623882230614673 0.7441970083174376
785 0.8633454607052101 0.7458567213441878
784.5 0.8630942905087494 0.7454154851288592
784 0.862904637492344 0.7450915494608998
783.5 0.8631252576606528 0.7454652097017266
783 0.8627681105685626 0.7448512678491002
782.5 0.8624486382166586 0.7442995810697873
782 0.862771446175579 0.7448495863358866
781.5 0.8628524674934162 0.7449827034271331
781 0.862174975575438 0.7438301942690188
780.5 0.8623857167314742 0.7441992193613197
780 0.8628594459408925 0.7450084914455727
779.5 0.8630773339515126 0.7453732235780477
779 0.8626508813286481 0.7446558756738548
778.5 0.8627174623713874 0.7447701374917092
778 0.8625776509275277 0.7445190566922513
777.5 0.8626764681361426 0.7447015789097606
777 0.8624417806880338 0.7442835814284442
776.5 0.8623278365331085 0.7440967818394771
776 0.862472039581342 0.7443329494925314
775.5 0.8628405698158407 0.7449736901799131
775 0.8625453938185101 0.7444693210541277
774.5 0.8621705175396099 0.7438234547015241
774 0.8619728819615661 0.7434693739450673
773.5 0.8625539720561689 0.7444735691635079
773 0.8621926779094968 0.7438490720628119
772.5 0.8622026835389441 0.7438701339564089
772 0.8627409587460436 0.7448024830200536
771.5 0.8625425663129304 0.7444546891212707
771 0.862575497320613 0.7445044763094867
770.5 0.8625070935279355 0.7443887560519066
770 0.8625941503523274 0.7445618455336968
769.5 0.861888833317553 0.7433467544084789
769 0.8624504018468031 0.7443018192185173
768.5 0.8622527128658256 0.7439699016807548
768 0.8618337591961169 0.7432368707177988
767.5 0.8620595629898063 0.7436297305329451
767 0.8620914175652924 0.7436929685777202
766.5 0.8625854902100949 0.7445324482927673
766 0.8623859055018287 0.7441931802252397
765.5 0.8619950704378369 0.7435060464289454
765 0.8622101313818189 0.7438808208848422
764.5 0.862199268022791 0.7438595105993225
764 0.8621634890401989 0.7438155477014015
763.5 0.8621051593852775 0.7436908277293764
763 0.8616615697539483 0.7429472180888727
762.5 0.8619150215103608 0.7433825104223928
762 0.8620532329185289 0.7436220955172101
761.5 0.8619528374467503 0.7434640651976515
761 0.861552233340985 0.742756500788355
760.5 0.8616596895021229 0.7429331925531042
760 0.8615590857412281 0.7427647131757934
759.5 0.8615975030174686 0.742816814695694
759 0.8618636871042961 0.7433045994116119
758.5 0.8617530595486441 0.7431000765234891
758 0.8616332602598517 0.7429023764068023
757.5 0.8618782895197497 0.7433093249782101
757 0.861485798668172 0.7426348937610101
756.5 0.861866981851361 0.743302244307649
756 0.861340927019167 0.7423989037322398
755.5 0.861431134619853 0.742553135188516
755 0.8618177227635486 0.7432064386800135
754.5 0.8613609845704163 0.7424215269327592
754 0.8617652459330413 0.7431207336001353
753.5 0.8611142565618 0.7419974054024226
753 0.8619668093932248 0.7434719137816531
752.5 0.8616441482438688 0.7429095803207814
752 0.8614863860311479 0.7426487356830542
751.5 0.8617234290617466 0.7430430172260637
751 0.8612303894956131 0.7421878245977527
750.5 0.861155289726734 0.7420638676378907
750 0.8614243786781413 0.7425318824454975
749.5 0.8608958257839365 0.7416224933573853
749 0.8611438832975673 0.7420510864934867
748.5 0.8609819444018497 0.7417841746673961
748 0.8616182446762477 0.7428620951542425
747.5 0.8612935562716552 0.7423167130822903
747 0.8616316425272298 0.742876942654401
746.5 0.8613520477415939 0.7424064005630737
746 0.8614021978394201 0.7424824879009689
745.5 0.8610117031994967 0.7418126985604716
745 0.8611551245043311 0.7420742991399342
744.5 0.860821720449629 0.74148863278807
744 0.8612800671093274 0.742283065591904
743.5 0.8609985825809683 0.7417974134539446
743 0.8606974158881211 0.741277721513688
742.5 0.8608243542148211 0.7414916608061408
742 0.8610049084291606 0.7418045603264034
741.5 0.8608457712199254 0.7415376606754451
741 0.8612931129039092 0.7423140319839195
740.5 0.8610953649746907 0.7419711380367338
740 0.8609451582655546 0.741705994357264
739.5 0.8602757437447545 0.7405495180459295
739 0.860874828794935 0.7415775991554138
738.5 0.8612636394693687 0.7422516684495098
738 0.8612505944107036 0.7422266741674091
737.5 0.8605816841033398 0.7410880418980355
737 0.8608735322978931 0.7415807381634678
736.5 0.8608099685096924 0.7414808910629026
736 0.8608618042803057 0.7415702613992841
735.5 0.8607019350784508 0.7412859996848075
735 0.861209205450913 0.7421757577851288
734.5 0.8606914552369118 0.7412720493228705
734 0.8603846998002819 0.7407439172648693
733.5 0.8608152427075353 0.741483486510008
733 0.860741454972442 0.741370201772449
732.5 0.8608458295598937 0.7415340793766525
732 0.8607025059563301 0.741284551887035
731.5 0.8604869186111735 0.740925603861078
731 0.8605654407702098 0.7410490726302771
730.5 0.8610656608459666 0.7419158835044978
730 0.8604409753457878 0.7408318856717648
729.5 0.8604319925573518 0.7408252281871058
729 0.8604768623675936 0.7409220969572436
728.5 0.8603341242565302 0.7406536692266046
728 0.8604101169786291 0.7407840032023111
727.5 0.8611738848035689 0.742098028464373
727 0.8604394213332938 0.7408450313254272
726.5 0.8601587530115374 0.7403590011587238
726 0.8605998646268174 0.7411128173399429
725.5 0.8604041928400257 0.7407713658930911
725 0.8606941541349467 0.74128016992238
724.5 0.8602260470812804 0.7404686176993118
724 0.8604799782954442 0.7409118354043674
723.5 0.8601272783369086 0.7402929955030993
723 0.8604428860609474 0.7408492923814224
722.5 0.8597126666681697 0.7395785502798644
722 0.8599056861204798 0.7399384233235473
721.5 0.8603490510950228 0.7406704087074801
721 0.860557258939874 0.741046405099076
720.5 0.8607421691732 0.7413632909187926
720 0.860502509011691 0.7409524378727554
719.5 0.8601120288518276 0.7402811959219096
719 0.8600098971297107 0.7401067161673872
718.5 0.8600293314093492 0.7401424137141508
718 0.8599541367117558 0.74000690703822
717.5 0.8596235641068329 0.7394293405927581
717 0.8597540812632897 0.7396779412627408
716.5 0.8602917013372849 0.7405864795585845
716 0.8598263459056092 0.7397834787045419
715.5 0.8598183002187608 0.7397735383265553
715 0.8598696142589508 0.7398615758232518
714.5 0.859748262581516 0.7396585144972307
714 0.8601831857179555 0.7403892780568041
713.5 0.8596999165835779 0.7395535243058963
713 0.8602525059600137 0.7405248395274528
712.5 0.8594098416697469 0.7390750395951757
712 0.8592419033263368 0.738782789222187
711.5 0.8596256873767006 0.739447872937652
711 0.8597186385874411 0.7395973373792493
710.5 0.8597569718983533 0.7396691659772033
710 0.8596959649095959 0.7395535965450789
709.5 0.859505739854504 0.7392385849943593
709 0.8593649566338756 0.7389942640135058
708.5 0.859533824617927 0.7392856075188745
708 0.8595956056126858 0.7393816982934379
707.5 0.8595589665019888 0.7393227443470375
707 0.8597261376543607 0.7396146197909459
706.5 0.859901141197473 0.7399156431610391
706 0.8597379911802268 0.7396335716292703
705.5 0.8596050458924741 0.7394052767721503
705 0.8591724719234621 0.7386574862381343
704.5 0.8590941099968755 0.7385351103145147
704 0.8594663507792357 0.7391771600264175
703.5 0.8591192767715484 0.7385691410063349
703 0.8595565682074714 0.7393279134749903
702.5 0.8590138834726087 0.7383885825113561
702 0.859200985988507 0.7387148877161683
701.5 0.8589503765093321 0.738276846895319
701 0.8591835405904195 0.738670936655912
700.5 0.8590304929232964 0.7384130280626421
700 0.8590241950316915 0.7384040848854845
699.5 0.8587440872818325 0.7379329829648921
699 0.8590729163871754 0.7384891391773767
698.5 0.8591727103267439 0.7386675305299292
698 0.8592886474701741 0.7388503094064773
697.5 0.859170027507002 0.7386556247035747
697 0.8592016025233307 0.7387044118941174
696.5 0.8585927170264666 0.7376703231682572
696 0.8588487226011948 0.7381162627655625
695.5 0.8590776109571726 0.7385058316250344
695 0.8590714298276914 0.7384872827016364
694.5 0.8591735199621318 0.7386515536522261
694 0.8588235490929415 0.7380602351949159
693.5 0.8585427740924828 0.7375939930063001
693 0.8586209867156712 0.7377101548627073
692.5 0.8582147647518205 0.7370201006352137
692 0.8585857400382975 0.7376490507635709
691.5 0.8588001894536988 0.7380193793097938
691 0.8583945671953522 0.7373352330766877
690.5 0.8586615884506171 0.7377940370618966
690 0.8587244545783547 0.7378897620083684
689.5 0.8583952642101611 0.7373256480364001
689 0.8584716838524719 0.7374710804297372
688.5 0.8583000517552547 0.7371597239402748
688 0.8583262731096845 0.737219188611545
687.5 0.8586129989158393 0.7377046044574181
687 0.8586859837106142 0.7378227322630706
686.5 0.8586083455275757 0.7376919136584051
686 0.8581908795193584 0.7369835607968931
685.5 0.8585686816720319 0.7376250346880086
685 0.858539065747787 0.7375705427010792
684.5 0.8578319141562605 0.7363740828669602
684 0.858075285506543 0.7367876616780797
683.5 0.8578634143195303 0.7364158455657546
683 0.8581527657814441 0.7369133610944315
682.5 0.8581360880992375 0.7368737054912028
682 0.8581173856181112 0.7368529232310274
681.5 0.8580185794831818 0.7366797692249487
681 0.8584582842962396 0.7374419853939853
680.5 0.8573978061611696 0.735608708490554
680 0.8585706798172238 0.7376164412098658
679.5 0.858020998950609 0.7366901865311947
679 0.8576498214443885 0.7360386201423201
678.5 0.8580104274346348 0.73667290493411
678 0.8580681445386623 0.73675385379564
677.5 0.8576779626417014 0.736101778500462
677 0.8581288974588482 0.7368683367274009
676.5 0.8578948108575265 0.7364624113166611
676 0.8574590778203119 0.7357257143785548
675.5 0.8570102338583728 0.7349508996318346
675 0.8575725516739642 0.7359122873598777
674.5 0.8580251235047442 0.7366904502125742
674 0.8577424530928017 0.7362046335383358
673.5 0.8575386982730782 0.7358714583142099
673 0.8574689835123988 0.7357445212932958
672.5 0.8576984459725148 0.7361305534528163
672 0.857297091616912 0.7354428281254375
671.5 0.8576063094035851 0.7359776382384572
671 0.8576571000029484 0.7360583899712836
670.5 0.8576043978971502 0.7359658774041228
670 0.85764673927177 0.7360426339121623
669.5 0.8579403874573127 0.736550901574173
669 0.8573016830707575 0.7354629714719297
668.5 0.8579138670663631 0.7364930273066685
668 0.8573852853941359 0.7356069514808219
667.5 0.8575584406165032 0.7358962318681512
667 0.8576258464389936 0.736002638817147
666.5 0.8573612274475935 0.7355506980840935
666 0.8574643596650319 0.7357281942310591
665.5 0.8576314736188433 0.7360257527526102
665 0.856844528554515 0.7346638360441472
664.5 0.8571405301224413 0.7351737016095377
664 0.8580587777041886 0.7367626814721108
663.5 0.8569434876019901 0.7348330143714814
663 0.8574394072493532 0.735690627750969
662.5 0.857178329837275 0.7352430642821329
662 0.8570065878454213 0.7349459961444074
661.5 0.8572156994836173 0.7353064490989706
661 0.8571685576888693 0.7352347066355617
660.5 0.8567439594185072 0.7344966514814429
660 0.857230750759449 0.7353347826625359
659.5 0.8566730565608657 0.734388292307378
659 0.8571386646329759 0.735164666304743
658.5 0.8563372359494567 0.7337910257879249
658 0.8567129500100152 0.7344412783840922
657.5 0.8567491837919456 0.7345087040000657
657 0.8564409851794933 0.7339941945161557
656.5 0.8570113221359386 0.7349603454161768
656 0.8563779367821218 0.7338701737510068
655.5 0.856576981562053 0.7342155837304954
655 0.8568949051258524 0.7347582902241705
654.5 0.8563050482941041 0.7337426779432527
654 0.8569966054811688 0.7349340399874001
653.5 0.856371586118496 0.73385719945184
653 0.8566283258632353 0.7343039365558006
652.5 0.8568553980514565 0.7346792170047216
652 0.8567321547970324 0.7344795681685197
651.5 0.8569886864270676 0.7349111144859147
651 0.8562107364138819 0.733593620323819
650.5 0.8565914458072933 0.7342259352118863
650 0.8564127043989103 0.7339307914813887
649.5 0.8565008257622603 0.7340925193195551
649 0.855549192945358 0.7324584262003491
648.5 0.8562419068895369 0.7336370247154482
648 0.8564898370337649 0.7340581318266111
647.5 0.8562670137421742 0.7336776731953717
647 0.8563297650001788 0.7337868030705815
646.5 0.8560423085792793 0.7333052629928669
646 0.8563688673393443 0.7338524961361941
645.5 0.8562008704720794 0.7335662039644605
645 0.8560198461929324 0.7332625553263074
644.5 0.8561977889612639 0.7335609444013841
644 0.8560952366177186 0.7333879503284625
643.5 0.8562293838309423 0.7336103284724336
643 0.8560524255230058 0.7333067689062865
642.5 0.8560915859203023 0.733386922175867
642 0.8553865536917316 0.7321639098097844
641.5 0.855392913393343 0.7321771322821333
641 0.8555619120524413 0.7324501012080223
640.5 0.8559580182463401 0.7331631469609811
640 0.8551201668121079 0.7317172745448972
639.5 0.8558365641958235 0.7329445139859422
639 0.8558225712081126 0.7329269089455754
638.5 0.8555658156364565 0.7324853168875934
638 0.8556525249944453 0.7326227371434207
637.5 0.8561598502945379 0.7335037737299347
637 0.8555352654451143 0.7324288202328313
636.5 0.8552989715392676 0.7320370618499706
636 0.8556217409249907 0.732576718658727
635.5 0.8554833703967297 0.7323384590374376
635 0.8554158630150025 0.7322272912234093
634.5 0.856020159202884 0.7332611440779015
634 0.8556411559385537 0.7325959874401147
633.5 0.8555966321069891 0.7325291015059836
633 0.8551277996694449 0.7317202324772347
632.5 0.8554328523491196 0.7322471054700826
632 0.8553316121779665 0.7320752003949439
631.5 0.8556751814672221 0.732664701298766
631 0.8554155166502073 0.7322244448630264
630.5 0.8556860531489873 0.7326870332272853
630 0.855332376654539 0.7320930872502425
629.5 0.855104605565618 0.7316930078700327
629 0.8550429257301112 0.7315863030515506
628.5 0.8549604359872655 0.7314466635698486
628 0.8552045458589884 0.73186553279268
627.5 0.8545512352436704 0.7307293148734313
627 0.8553596521235539 0.7321391985755148
626.5 0.8552319284529258 0.7319228585712625
626 0.8552527859248382 0.7319475437509444
625.5 0.8551107838044472 0.7317063459431334
625 0.8552302685777562 0.7318924314041856
624.5 0.8546078401454335 0.7308427207654519
624 0.8550678152222337 0.7316291852778122
623.5 0.8544952811261467 0.7306498203450817
623 0.8543920919416264 0.7304640178996264
622.5 0.8545115912247332 0.7306777818222145
622 0.8547876641888503 0.7311549819951492
621.5 0.854886192774071 0.7313277531854694
621 0.8546331158569331 0.7308659075284736
620.5 0.8550379916168457 0.7315897404717927
620 0.8547485255124297 0.7310858477890678
619.5 0.854852400588956 0.7312628920530165
619 0.8546713697133609 0.7309379365612595
618.5 0.85434735214473 0.7303940577347149
618 0.8544725906654961 0.7306140840763942
617.5 0.8547554195894309 0.7310879707027789
617 0.8540953593705972 0.7299661371527207
616.5 0.853933640114972 0.7297109343636325
616 0.8542330101694311 0.7301975835347564
615.5 0.8538937516274072 0.7296239063351664
615 0.8548530966204553 0.731266159725759
614.5 0.8543824308742496 0.7304542734105208
614 0.8542433550629308 0.7302128546044548
613.5 0.8535278758604128 0.7290002327871963
613 0.8537012497875864 0.7292848729985867
612.5 0.8542344945294784 0.73020332989187
612 0.8543007319276616 0.7303145941793318
611.5 0.8541992160163916 0.7301350301882586
611 0.8536711529763374 0.7292503222274839
610.5 0.8538987325593695 0.7296333105406736
610 0.8537344046953513 0.7293467096194816
609.5 0.8540676489151605 0.729909951064165
609 0.8540919864968819 0.7299531081850036
608.5 0.8539327868063823 0.7296797729666289
608 0.8538943072818734 0.7296264057845061
607.5 0.8541412758205145 0.7300499680159492
607 0.8534816709969117 0.7289197838742709
606.5 0.8539669517333369 0.729746585149615
606 0.85342268598404 0.7288244184348975
605.5 0.8535188410962011 0.7289896728520022
605 0.8533912666252524 0.7287714005534172
604.5 0.8533948419621707 0.7287698062581374
604 0.8538620344433011 0.7295744126657046
603.5 0.8534056161688506 0.7287896997793686
603 0.8538728210438645 0.7295909474231475
602.5 0.8535829717080199 0.729084714578134
602 0.8542798666632113 0.7302764631623487
601.5 0.8534479090670688 0.7288697969018305
601 0.8529538236500157 0.7280136850553366
600.5 0.8532437790217716 0.728506487797716
600 0.8531485000395529 0.7283616913015796
599.5 0.8535937491385018 0.7291266791559715
599 0.8535916114598578 0.7290979982841872
598.5 0.8530000957201813 0.728093995899758
598 0.8533044147132429 0.7286076784903135
597.5 0.8530048814545216 0.7281048060084894
597 0.8531111142174721 0.7282961130915663
596.5 0.8530215094910698 0.7281489627435206
596 0.8527202984206655 0.7276206399805195
595.5 0.853290703366089 0.7286025475269856
595 0.8526743148990583 0.7275461915046566
594.5 0.8531226229856881 0.7283128691356011
594 0.8528696922601554 0.7278944984199232
593.5 0.8528405833503621 0.727812114002769
593 0.8533246832190197 0.7286583343905989
592.5 0.8526473823061389 0.7274911437910687
592 0.8530882714223877 0.7282398369878887
591.5 0.8526544661081602 0.7275123618547
591 0.8525024900409532 0.727247262239072
590.5 0.8529315092736364 0.7279860494017856
590 0.8522628632139171 0.726857994643536
589.5 0.8527461770166295 0.7276697026729914
589 0.8527163389130917 0.7276125986951969
588.5 0.8533346407218892 0.7286547454122031
588 0.852145792376626 0.7266421780542239
587.5 0.8526772276395954 0.7275540300593089
587 0.8524018831190164 0.727065262200282
586.5 0.8524836433014218 0.7272161414245364
586 0.8519830178219191 0.7263627488568433
585.5 0.8523500332166508 0.7269920510450621
585 0.8523248086921581 0.7269406299164823
584.5 0.8519147572042244 0.7262594898936924
584 0.8519715394364382 0.7263509086768495
583.5 0.8525009108512458 0.7272533417247231
583 0.8525667868823102 0.7273481612564247
582.5 0.8521518024845053 0.7266623147697041
582 0.8519065903571551 0.7262346950461628
581.5 0.852439022439448 0.7271349553719786
581 0.852489259288992 0.7272254930668991
580.5 0.8521575283293998 0.7266522620669253
580 0.8515018025051585 0.7255515103387383
579.5 0.8518491397954375 0.7261413084793533
579 0.8518066471245571 0.7260652006927142
578.5 0.8519189931736961 0.7262450847339201
578 0.8512493242751683 0.7251222693413566
577.5 0.8519733679039826 0.7263548652787604
577 0.8515744095539883 0.7256665514582845
576.5 0.8509289349774212 0.72459151294062
576 0.8516384132624034 0.7257876915474786
575.5 0.8517296467049393 0.7259424038512173
575 0.8512874979735726 0.7251817005270745
574.5 0.852324159402319 0.7269472434074714
574 0.8513925263584221 0.7253667614308599
573.5 0.8514847521314289 0.7255186694119558
573 0.8514443635020655 0.7254543086918517
572.5 0.8513443159356145 0.7252785169093808
572 0.8515764799681517 0.7256708489952622
571.5 0.8510726569080287 0.7248275551457807
571 0.8511995100028918 0.7250349091904955
570.5 0.8514200915789195 0.725392272174628
570 0.851240152774716 0.7251002080883758
569.5 0.8511554203607185 0.7249626118451423
569 0.8510273468165016 0.7247509254490655
568.5 0.8512026023028325 0.7250372887843431
568 0.8509784213120385 0.7246514940685378
567.5 0.8512056577529319 0.7250326632330095
567 0.8512663989080042 0.7251312046876194
566.5 0.8506987285994345 0.7241817095405656
566 0.8513964208354915 0.72536319447193
565.5 0.8503608846955263 0.7235952556801689
565 0.8517773303894055 0.7260215766145673
564.5 0.8505330929948964 0.7239036556263921
564 0.8501922510881632 0.7233233792299788
563.5 0.8503965885160643 0.7236721374416244
563 0.8506561430915675 0.7241215378342073
562.5 0.8506131135072376 0.7240305571533142
562 0.850494986259413 0.7238248460675785
561.5 0.8507939255100992 0.72433339551653
561 0.8509300495451824 0.7245775342345994
560.5 0.8502672300061461 0.7234533547189523
560 0.8498462051668769 0.7227449394730645
559.5 0.8503719117277084 0.7236276498044494
559 0.8502840517485866 0.7234839596577703
558.5 0.8506631218912994 0.7241126984582401
558 0.8503093800133086 0.723524759916108
557.5 0.8496818999726803 0.7224550398019606
557 0.8500692001270116 0.7231212909869408
556.5 0.8504309173158504 0.7237265760937355
556 0.8502722430054639 0.7234662652468847
555.5 0.8494039093652048 0.7219788428047267
555 0.8503223041880527 0.7235458833548402
554.5 0.849766651347135 0.7225990861100141
554 0.849750247947439 0.7225692031399166
553.5 0.8494333322749668 0.722039263208912
553 0.8500319319400611 0.7230506996081814
552.5 0.8494395741016277 0.7220413159891067
552 0.8496992496654568 0.7224755881740225
551.5 0.8497597845134472 0.722580899167779
551 0.8500502652981485 0.7230792058314364
550.5 0.8502481796344389 0.7234142982455973
550 0.8496199311953315 0.7223607081140028
549.5 0.8491774031515307 0.7215871809014699
549 0.8491062648983108 0.7214587935571493
548.5 0.8493485829446972 0.7218839001042218
548 0.8497283080723202 0.7225262274034234
547.5 0.8494508043050312 0.7220570810838669
547 0.8499715616663535 0.7229420689269178
546.5 0.8493371455736549 0.7218552946129863
546 0.8491648780510513 0.7215797043589757
545.5 0.8490029713638911 0.7213074202577939
545 0.8493645098950713 0.7219086890580467
544.5 0.8489927775021661 0.7212813626569343
544 0.8488010602897301 0.7209522441510159
543.5 0.8490888851711005 0.7214381197670969
543 0.8483007421476101 0.7201047915469685
542.5 0.8496501452261254 0.7223867205508739
542 0.8487182165374627 0.7208137054730237
541.5 0.8489016108124985 0.7211263332487109
541 0.8486976112030536 0.7207939130591499
540.5 0.848758364470523 0.7208946950696419
540 0.8490035348502635 0.721297514006675
539.5 0.8486869646351296 0.720759434007137
539 0.848603713929382 0.7206131705882111
538.5 0.8488497286329786 0.721027404925787
538 0.8482081160366367 0.7199445941770908
537.5 0.8480810297194895 0.7197382843457498
537 0.848616076767437 0.7206365596882849
536.5 0.8484241826531221 0.7203151416999961
536 0.8486871821718053 0.7207711148148175
535.5 0.8482168515316537 0.7199638696913379
535 0.8487214377660036 0.7208103810583705
534.5 0.8479167609106537 0.7194444591051089
534 0.8482649315408998 0.720056417515976
533.5 0.8486835513005616 0.720762673679534
533 0.8481889273060179 0.7199380005497535
532.5 0.8485806158438651 0.7205966762017171
532 0.8484234133862146 0.7203220086265353
531.5 0.8481515304418338 0.7198507137710368
531 0.8478240752881904 0.7192971741414838
530.5 0.8482211483626062 0.7199738566151083
530 0.8482419019493035 0.7200090818014675
529.5 0.848104358077757 0.7197785453736045
529 0.8479178348844288 0.7194675383960105
528.5 0.847404880613604 0.7185838490557037
528 0.8478638919214777 0.7193795655968557
527.5 0.8471336315513893 0.7181327457670762
527 0.8472082681686451 0.7182621273990482
526.5 0.8471605654906147 0.7181686752438472
526 0.8480024286314941 0.7196021376086864
525.5 0.8479239771778296 0.7194665162128916
525 0.8473190052465819 0.7184369602382856
524.5 0.847119934587484 0.7181000625626153
524 0.8473236218506826 0.7184619961681132
523.5 0.8475187859855233 0.7187857693385008
523 0.8473570574678212 0.7185144447291222
522.5 0.8470699993886415 0.7180097985572744
522 0.847029206930777 0.7179413886392808
521.5 0.8466890699317198 0.7173943812796321
521 0.8472349139568021 0.7183074674130357
520.5 0.8469487019709543 0.7178165794580834
520 0.8472574430628015 0.7183510607362518
519.5 0.8470916870622799 0.7180521981481163
519 0.8474439529533626 0.7186516650131117
518.5 0.846584282724627 0.717204553011419
518 0.8472446522765573 0.7183267517673464
517.5 0.8463985699689414 0.7169076109014028
517 0.8470518974501953 0.7179922780270026
516.5 0.8469620715143992 0.7178394054744017
516 0.8468265942330755 0.7176092342515676
515.5 0.8463893989014502 0.7168594763965895
515 0.8464639379119994 0.7169869522062483
514.5 0.8465346460663693 0.7171173315532049
514 0.8463290080213175 0.7167624309710925
513.5 0.8458188204541913 0.7159099599456671
513 0.8464234298902868 0.7169351205821977
512.5 0.8464616194570637 0.7169867518224733
512 0.8464915312031056 0.7170396714873853
511.5 0.8462279251427552 0.7165940864001562
511 0.8460727181677316 0.7163531948040032
510.5 0.845764427474827 0.7158184225952868
510 0.8459390978215862 0.7161123988224422
509.5 0.8456123202846741 0.7155675782820219
509 0.8457115735417906 0.7157280450054929
508.5 0.8463822165876411 0.7168648415441529
508 0.8458081211519213 0.7158843222389494
507.5 0.8452523422593874 0.7149431189211356
507 0.8458387841631267 0.7159310203566217
506.5 0.8457889238079835 0.7158422200153893
506 0.8455164908613648 0.715405830415778
505.5 0.8456803798969605 0.7156586871642181
505 0.8456451259372846 0.7156078358980114
504.5 0.8452399924828466 0.7149355663153426
504 0.8455369454226334 0.7154173451742628
503.5 0.8456220121593709 0.7155725337901461
503 0.8452705762018786 0.714980451941807
502.5 0.8454129710895284 0.7152238087254196
502 0.8454313685882279 0.7152509360690608
501.5 0.8456241351762614 0.7155831940744056
501 0.8452835156636401 0.7149836507869164
500.5 0.8448987441501832 0.7143480541637298
500 0.8450014765850544 0.7145271783522436
499.5 0.845015795227509 0.7145413819133805
499 0.8452724045072018 0.7149789340824442
498.5 0.8447060056255649 0.7140344977318194
498 0.8447875441010716 0.7141571910426036
497.5 0.8448784590404137 0.7143298542075048
497 0.844847250504641 0.7142753773218147
496.5 0.8442829488310553 0.7133145157707573
496 0.8449011179934391 0.7143546851582987
495.5 0.8445742626565094 0.7138014303724822
495 0.8445014011345072 0.7136754836145933
494.5 0.8445143964385121 0.7136865884439489
494 0.8442640814133661 0.7132739702274006
493.5 0.8446185148005451 0.7138718195644003
493 0.8444026889555977 0.7135190820594274
492.5 0.8440127620792056 0.7128555629232738
492 0.8437754153135534 0.7124597177330241
491.5 0.84478110536951 0.7141421673706778
491 0.8444735752946755 0.7136323254482935
490.5 0.8441728274762483 0.7131201226972488
490 0.8441909252679304 0.7131446014393779
489.5 0.8438515510745023 0.71258155885952
489 0.8437124420169941 0.7123605255676805
488.5 0.8439699037745281 0.7127996713604058
488 0.8442206619983867 0.7132065777428777
487.5 0.8436085146296511 0.7121675007881041
487 0.8437276521044748 0.7123821197201166
486.5 0.8430646910821283 0.7112449893734872
486 0.844156779831088 0.7130890202349653
485.5 0.8433320983156135 0.7117001548600981
485 0.8435445615838557 0.7120634464774509
484.5 0.8433069467877449 0.7116808380466869
484 0.8432322001703427 0.7115334416857797
483.5 0.8428654029283993 0.7109130760115829
483 0.8435769579327851 0.7121191158096609
482.5 0.8441871016782518 0.7131514730482108
482 0.8427716365263416 0.71075455279293
481.5 0.8434863595295824 0.7119560815088951
481 0.8430253719516234 0.7111874687953689
480.5 0.8433179211211501 0.7116809462268515
480 0.8424132670566884 0.7101640176003902
479.5 0.8427139052828851 0.710679283278963
479 0.8427728085763458 0.7107627648834796
478.5 0.8426726786616051 0.7105999615832841
478 0.8426970583067078 0.7106455536135383
477.5 0.8428180213927781 0.7108253482093683
477 0.8425224053751869 0.7103474870739048
476.5 0.8429066286481227 0.7109838982446067
476 0.8426165045485629 0.7104981019502142
475.5 0.8422380606840851 0.7098770198965422
475 0.8421426471748545 0.709707765583714
474.5 0.842511966232526 0.710330203102804
474 0.842759725046076 0.7107395215799411
473.5 0.8425120861307012 0.7103349906144708
473 0.8425813627264058 0.7104337032370995
472.5 0.8423986472190702 0.7101305188481848
472 0.8421459553525588 0.7096958510798058
471.5 0.8422623147124424 0.7099179410649122
471 0.8421189293454774 0.7096520730078908
470.5 0.8419151662463068 0.7093232049755028
470 0.8419064881432853 0.7093040962388191
469.5 0.8423721104894575 0.7100943991762123
469 0.8425740204285834 0.7104428904060153
468.5 0.8422178211963416 0.7098314687825976
468 0.8421375649425626 0.7096935987934045
467.5 0.8412714696880461 0.7082372356635078
467 0.8418420914089635 0.7091942858427301
466.5 0.8410087823817698 0.7077936633464612
466 0.8411982259394634 0.7081101685650656
465.5 0.8416122130263766 0.7088112909091403
465 0.8410525985377861 0.7078660232325148
464.5 0.8413952415111834 0.7084487230225275
464 0.8409836774382661 0.7077539056845924
463.5 0.8412644166376656 0.7082222502610271
463 0.8411215186678601 0.7079835736058939
462.5 0.8409348518337496 0.707677975146604
462 0.8410940236185848 0.7079392674901757
461.5 0.8413579063734826 0.7083788846278624
461 0.8408677125623576 0.7075663677964485
460.5 0.8412432621345081 0.7081827535887836
460 0.8410649411480343 0.7078933414784575
459.5 0.8407551185577489 0.7073833440609149
459 0.8405006484585597 0.7069370183333278
458.5 0.8412118956986953 0.7081307996972417
458 0.840089813881864 0.7062525100267294
457.5 0.8407433182508984 0.7073449975609563
457 0.8400260857740909 0.706145490960198
456.5 0.8403657391765551 0.7067172634743487
456 0.8406058248905781 0.7071239949182506
455.5 0.8398066738648403 0.7057729433148698
455 0.8404040894697751 0.7067844180495778
454.5 0.8401816446352833 0.7064018548509533
454 0.8399330679250314 0.7059801957793689
453.5 0.8405887547239291 0.7070956024171197
453 0.8398993301267135 0.7059385229867243
452.5 0.8399254856094887 0.7059708734570852
452 0.8396021290155916 0.7054333368898813
451.5 0.8399999901130187 0.7060958188886562
451 0.8391578577520133 0.7046734236207443
450.5 0.839240835380967 0.7048444328855834
450 0.8393002693333046 0.704929030276253
449.5 0.8396569367962547 0.7055368617535331
449 0.8394871005151107 0.7052489540771903
448.5 0.839422631050111 0.7051363397439889
448 0.8397428483984879 0.7056591888635944
447.5 0.8390734086589523 0.7045541474933984
447 0.8386915726643839 0.7039107919679742
446.5 0.8390778047656223 0.7045561316413083
446 0.8390301661480125 0.7044619793312739
445.5 0.838976865438321 0.7043935993580337
445 0.8386292898957001 0.7037893032279066
444.5 0.8386949097039457 0.7039113035964372
444 0.8382183523130655 0.7031052517891538
443.5 0.8385319102088951 0.7036450720290087
443 0.838485339920618 0.7035676583266405
442.5 0.8386887417343242 0.7038911640837774
442 0.8391200496922198 0.7046228627543847
441.5 0.8387261131515279 0.7039652448516664
441 0.8382777473552756 0.7032084805815125
440.5 0.838397749732255 0.7034239080219494
440 0.8385831722431862 0.7037300838729232
439.5 0.8386919915068098 0.7039141622554975
439 0.8378663481065279 0.7025271513828281
438.5 0.8375958726474493 0.7020632836420633
438 0.8379162164726895 0.7026154099638998
437.5 0.8380335694630117 0.7028030906802811
437 0.837738422937027 0.7023058444341235
436.5 0.8377543832867921 0.7023121750323873
436 0.8380605993621687 0.7028446861164477
435.5 0.8373804216875734 0.7017206355569466
435 0.8373785819391126 0.7016868132140986
434.5 0.8376560554176118 0.7021773896867899
434 0.8373950212570244 0.7017419791954395
433.5 0.8370854304878863 0.7012082295406189
433 0.8372960074129169 0.7015756980132372
432.5 0.8375428651476085 0.7019913488734589
432 0.8375447579019775 0.7019795044613863
431.5 0.837553664748528 0.7019864635356616
431 0.8376977773601157 0.7022401054458928
430.5 0.8370666995663444 0.7011797877180996
430 0.8367222957856895 0.7006238807175426
429.5 0.8369740697658062 0.7010330477901571
429 0.8365400609259629 0.7003193963837265
428.5 0.8365148930344749 0.7002576514520291
428 0.8370921100377677 0.7012322315714994
427.5 0.8363848450197425 0.7000416683252463
427 0.8366974256156061 0.700558379693636
426.5 0.8363477855849369 0.6999628543655761
426 0.8364583187566443 0.7001730096515175
425.5 0.8367021364206954 0.7005724938931996
425 0.8360257985076011 0.699437907627565
424.5 0.8362640532852117 0.6998370474784843
424 0.8365254678796922 0.7002680601903764
423.5 0.8362943267635755 0.699905595804831
423 0.8362080078312891 0.6997437422708296
422.5 0.8356521398821157 0.6988138718611233
422 0.8356386076299775 0.6988004227126973
421.5 0.8359060133746612 0.6992351213129981
421 0.8357328096111141 0.6989506032072759
420.5 0.8359440107235099 0.6993051231072357
420 0.8354237278945927 0.6984303713088181
419.5 0.8354918343575769 0.6985596723379996
419 0.835186190867914 0.6980437391843242
418.5 0.8355944102719505 0.6987276648376416
418 0.8353932237826662 0.6983942910911671
417.5 0.8351135113236666 0.6979330749886807
417 0.834569322659478 0.6969948539252534
416.5 0.8340520453093104 0.6961552477612772
416 0.8348773464899116 0.6975250641421858
415.5 0.8349938948269006 0.6977349764994284
415 0.8342614470400493 0.696495480407966
414.5 0.8347744033936387 0.6973580515332609
414 0.8349938379516398 0.6977084332859668
413.5 0.8346314053217275 0.6971168833606041
413 0.8342641877664665 0.6964992052619993
412.5 0.8343545478899324 0.6966566362790031
412 0.8341163606813946 0.6962471140216937
411.5 0.8349980690989015 0.6977212267265444
411 0.834438608236783 0.6968018533311878
410.5 0.8340649768702509 0.6961677807779675
410 0.8343774653158312 0.6966948719273199
409.5 0.8340756549089259 0.6961831917718252
409 0.8340616784485528 0.6961579397087022
408.5 0.8338071511618054 0.6957396287612255
408 0.8339040904152867 0.6958930097330881
407.5 0.8334529684989991 0.6951556881756463
407 0.8335454766035837 0.6953042505665153
406.5 0.8334593724030865 0.6951680081191363
406 0.8337987279811393 0.6957285980655903
405.5 0.8331832712352116 0.6947116420033047
405 0.833705061972513 0.6955715806267023
404.5 0.833444176558556 0.6951276368170806
404 0.8327718945953302 0.6940196063894983
403.5 0.8332061467938616 0.6947457685967876
403 0.8327660247897951 0.6940020303952884
402.5 0.8334238311967671 0.6951023729309607
402 0.833573516285031 0.6953373788951561
401.5 0.8333539298848828 0.6949956924790064
401 0.8322314912904129 0.6931125342408035
400.5 0.8329507437479993 0.6943089095938677
400 0.8328077946242892 0.6940853330843998
399.5 0.8321562048222445 0.6929809640374885
399 0.8319294285156507 0.6926128249545522
398.5 0.8321842637632757 0.6930419563388754
398 0.8321030986927015 0.6928918727669967
397.5 0.8320554400470489 0.692814814755348
397 0.8321261749968116 0.69293976209975
396.5 0.8316957996374111 0.6922342632232374
396 0.8315675372445991 0.6920074478296844
395.5 0.8316386725041405 0.6921384297302855
395 0.831746052654057 0.6923126701331098
394.5 0.8317695900074569 0.6923299922533546
394 0.8314442201993587 0.6918076497315953
393.5 0.8314357539718944 0.6917973449727293
393 0.8313289559787679 0.6916172983332267
392.5 0.8312384768845429 0.691465544118755
392 0.8312247179259359 0.6914368609067157
391.5 0.8311038775593625 0.6912313108605492
391 0.8311655382100629 0.6913476981962662
390.5 0.8308739386308854 0.6908451688128852
390 0.8308351769375157 0.6907977341105261
389.5 0.8306532530183562 0.6905024432013509
389 0.8311174754538411 0.6912668235660168
388.5 0.8303432745707141 0.6899759874508937
388 0.8310322812026475 0.6911221053351294
387.5 0.8304732667220075 0.6902083131490737
387 0.8307042620929477 0.6905728768976427
386.5 0.8305632271929957 0.6903428529088148
386 0.8302535834500386 0.6898432351489323
385.5 0.8303700406890049 0.6900305031732642
385 0.8299693643807118 0.6893636442540242
384.5 0.8298750086974469 0.6891959805961444
384 0.8291786694491124 0.6880477132421368
383.5 0.8300302309184037 0.6894626592955672
383 0.8297165237673042 0.6889389171262382
382.5 0.8290905093527885 0.6879062543553269
382 0.8293182286827365 0.688286282182484
381.5 0.8293953770636043 0.6884110363986302
381 0.8293521893040884 0.6883337408046268
380.5 0.8294516913963617 0.6884921294878841
380 0.8286991138640261 0.6872584620652014
379.5 0.8290461589806273 0.6878254875392571
379 0.8291060280455189 0.6879351142640318
378.5 0.8281594626374729 0.6863568019813598
378 0.8285945375870752 0.6870665731459883
377.5 0.8284774386999285 0.6868922423417413
377 0.828682095296281 0.6872116662337355
376.5 0.828226181541952 0.6864668548233172
376 0.8279001367892888 0.6859414679481863
375.5 0.8281995961830041 0.6864142462793765
375 0.8284623296240845 0.6868544273310002
374.5 0.828076153575226 0.6862293981645755
374 0.8282084162070927 0.686430917878043
373.5 0.8277463517928995 0.6856691053727318
373 0.8280645254123814 0.6862109973310891
372.5 0.8278302897262168 0.685810009480377
372 0.8275001887333828 0.6852682610430718
371.5 0.827374096644058 0.6850573568019525
371 0.8269502751726204 0.6843613538840453
370.5 0.8271007365203925 0.6846063882252322
370 0.8266207316731748 0.6838008134162341
369.5 0.8273853061181291 0.6850776604901413
369 0.8273734763000885 0.6850474243546328
368.5 0.826814252349797 0.6841297075456828
368 0.8262849492875107 0.6832569819185242
367.5 0.8267127104376694 0.6839785451292142
367 0.8266671072157187 0.6838915058462806
366.5 0.8268021908170676 0.6840971088223048
366 0.8268511876480026 0.6841996391314035
365.5 0.8269585609580657 0.6843612509971846
365 0.8264916799927571 0.6835989673071017
364.5 0.8271273626479557 0.6846608932198501
364 0.8262291923529955 0.6831487022445023
363.5 0.8260512488946192 0.6828725876712649
363 0.8264240057947709 0.6834794898926393
362.5 0.8263434735952276 0.6833615308276868
362 0.8257500539173628 0.6823769489416905
361.5 0.8256740673720538 0.6822428241001476
361 0.8255515565436455 0.6820502195569852
360.5 0.8258179300498498 0.6824943054382651
360 0.825662954072655 0.6822317572868755
359.5 0.8257392701579286 0.6823746911579891
359 0.8254879655804929 0.6819487645311735
358.5 0.8250457785920401 0.6812166339560184
358 0.8253635654228378 0.6817526771906871
357.5 0.8251217046291077 0.6813379968968432
357 0.8248278147096856 0.6808397356279189
356.5 0.8247480699785487 0.680716870761242
356 0.8247707112362593 0.6807605748500742
355.5 0.8242657035678459 0.6799180805326429
355 0.8250443075270006 0.6812119914894725
354.5 0.8240618216418982 0.6796000838477141
354 0.8241325697769619 0.6797121863451067
353.5 0.8239245688503531 0.6793705206693417
353 0.8242545861461231 0.6799171125573745
352.5 0.8239101344576357 0.6793285033750185
352 0.8235365725592707 0.6787358660787072
351.5 0.8232487491494891 0.6782394333156145
351 0.8232612793961939 0.6782811213679613
350.5 0.823882615951375 0.6792962994576754
350 0.8240983749892863 0.6796502166998405
349.5 0.8239750897300067 0.6794482491939866
349 0.8234650035877853 0.6786074992800949
348.5 0.8228824502380105 0.6776539195492454
348 0.8221751671269152 0.6764836609470972
347.5 0.8230059858207287 0.6778489954237064
347 0.8225993152017621 0.6771902072396981
346.5 0.8218253253758601 0.6759114480809404
346 0.8229223326157089 0.6777097267648645
345.5 0.822530455479158 0.6770872193002478
345 0.8223902158361216 0.6768452794770556
344.5 0.8225166531759904 0.6770487544756466
344 0.8219602652443241 0.6761310375603888
343.5 0.8222321072331438 0.6765932685533227
343 0.8216991054211958 0.6756965682949444
342.5 0.8220476170285801 0.6762662262291088
342 0.8224425270735735 0.6769290223915013
341.5 0.8215456844418831 0.6754519790782476
341 0.8212420360227966 0.6749448975946858
340.5 0.8219754037874571 0.6761582916229063
340 0.8214673922162781 0.6753246130559512
339.5 0.8207372331678795 0.674150339896847
339 0.8209314740446864 0.6744513809867461
338.5 0.820976965697097 0.6745213080169455
338 0.8205139419166374 0.6737504294264911
337.5 0.8204392639514129 0.6736471806988639
337 0.8204300983604557 0.6736290235269657
336.5 0.8207838574582531 0.6741996337251501
336 0.8212288931619895 0.6749223262911875
335.5 0.8205865270229782 0.6738758501459561
335 0.8200361931015954 0.6729708903511056
334.5 0.8204209667545421 0.6736019939569049
334 0.8200658649312101 0.673023914357826
333.5 0.8196356383162643 0.6723163843084172
333 0.8198563462709139 0.6726802054619597
332.5 0.8191085278564636 0.6714675446711341
332 0.8193985275240914 0.6719192258087154
331.5 0.8191003967757855 0.6714378584942421
331 0.8200033779519035 0.6729355039945166
330.5 0.8192762026983014 0.67172481358313
330 0.818853458513446 0.6710440167953124
329.5 0.8182381535769392 0.6700438650806274
329 0.818606982039131 0.6706203398045123
328.5 0.8180190108655232 0.6696738703379593
328 0.818862326823833 0.6710531316882128
327.5 0.8180218871423576 0.669674338404002
327 0.8177388652393465 0.6692187173526496
326.5 0.8180107601970363 0.6696695856325028
326 0.818226341680644 0.6700063125131891
325.5 0.8184076408468816 0.6703121393771367
325 0.8181604575082518 0.6699164446695908
324.5 0.817815488181324 0.6693332183366231
324 0.8172629752867763 0.6684452522932067
323.5 0.8176422694614153 0.669056496281144
323 0.817070270699244 0.6681374859220619
322.5 0.8167412270871365 0.6675930513869884
322 0.8168258374425175 0.6677180365458437
321.5 0.8171335473300617 0.6682402966351805
321 0.816173066584659 0.6666569645986191
320.5 0.8167790202360368 0.6676398598515307
320 0.8169655694842941 0.6679370863642663
319.5 0.8163212101651798 0.6668873902116702
319 0.8159623167094 0.6663235218486548
318.5 0.815620993647961 0.6657584557889805
318 0.8155726068751433 0.6656844529530641
317.5 0.8166134849705171 0.667368010654112
317 0.815532771747496 0.6656115714209961
316.5 0.8154373836902852 0.6654562423877015
316 0.8160400812255542 0.6664405484886217
315.5 0.8148690076090483 0.6645397704382437
315 0.8147717251228322 0.6643804808255885
314.5 0.8155091243146629 0.6655611888634914
314 0.8149239853037764 0.6646115230816402
313.5 0.8148095535974105 0.6644250799646643
313 0.8143696257250183 0.6637179873954576
312.5 0.8148623810148254 0.6645074837371885
312 0.8138386288696937 0.6628687536218063
311.5 0.8135640358382319 0.6624086953993952
311 0.8142252577845532 0.6634837861849608
310.5 0.8138881474233235 0.6629447463060629
310 0.8138086345164565 0.6627986227058098
309.5 0.8130936836914127 0.6616413570493254
309 0.8135393358661679 0.662357451704824
308.5 0.8133425431295929 0.6620389131598554
308 0.8134827253845819 0.6622671361329913
307.5 0.8132714873361684 0.6619291364773661
307 0.8128780553643152 0.6612913531175091
306.5 0.8127470357052347 0.6610773632807033
306 0.8131604951790451 0.6617515686044777
305.5 0.8124070298746588 0.660525973035697
305 0.8123432017832799 0.6604236231756399
304.5 0.8120023178199238 0.6598626836709087
304 0.8125139168216553 0.6607093694032792
303.5 0.8119985748031562 0.6598720298916967
303 0.812165572788325 0.6601358219272014
302.5 0.8117016472593616 0.6593910134797033
302 0.8114473773718348 0.6589841174115468
301.5 0.8116491930629377 0.6592903652295911
301 0.8112264393090411 0.6586178933774293
300.5 0.8107239827334288 0.657804605408725
300 0.8108654298840757 0.6580058890995902
299.5 0.8118292294733508 0.6595932355132048
299 0.8107879779352158 0.6579015480288006
298.5 0.8104929859392282 0.6574177158322527
298 0.8104391222819285 0.6573377737352342
297.5 0.8108012382265097 0.6579188033658221
297 0.8095229309467282 0.6558460093451064
296.5 0.8101878303643253 0.656923599986317
296 0.8092160105675532 0.6553509562667374
295.5 0.8099737444202001 0.6565727074355558
295 0.8097695779568833 0.656270339245517
294.5 0.8096217966870647 0.6560250877664339
294 0.8094875237500428 0.6557796006568797
293.5 0.809067905661827 0.6551264291622924
293 0.8089433945170684 0.6549318681508222
292.5 0.809347625712629 0.6555637457279853
292 0.8084131343128833 0.6540423073533201
291.5 0.8086504061650371 0.6544333867238596
291 0.8084643147092141 0.6541466829063443
290.5 0.8082801912910321 0.6538478078428546
290 0.8083378923229821 0.6539320675984479
289.5 0.8075896408831733 0.6527288902877996
289 0.8079918141466671 0.6533879085964367
288.5 0.8075446817670837 0.6526412477921176
288 0.8077419134197112 0.6529720534989899
287.5 0.8077101680224235 0.6529273059845265
287 0.8069216524364651 0.6516485088173711
286.5 0.8068069242881538 0.6514683893795233
286 0.8064858922675651 0.6509499005893106
285.5 0.8066736999080601 0.6512403054737725
285 0.8062940372725732 0.650632301415987
284.5 0.8061495142111436 0.6503938006105059
284 0.8057047844968115 0.6496900255080698
283.5 0.8055192902858274 0.6493939640500707
283 0.8057265824337418 0.6497228332129362
282.5 0.805844130325996 0.649911718098097
282 0.8052457709125599 0.6489352359857908
281.5 0.8056626600381058 0.6496161527215667
281 0.8049261223370047 0.6484250639939074
280.5 0.8047111526831633 0.6480817086735114
280 0.804593241080099 0.6478752708745742
279.5 0.8044056873424211 0.6476033565717534
279 0.8042596500777017 0.6473715931428444
278.5 0.8045137847968313 0.6477591734709264
278 0.804058900693169 0.6470278605979191
277.5 0.8038041229494596 0.6466210770749604
277 0.8031885187225735 0.6456513477781325
276.5 0.8034236084208862 0.6460246367171119
276 0.8036422714389501 0.6463812230675863
275.5 0.8035488955020854 0.6462117641311679
275 0.8034161431791288 0.6460034959520642
274.5 0.8028145871618344 0.6450134776584193
274 0.802889503052058 0.6451503615358963
273.5 0.8026340896137769 0.6447556286730145
273 0.802436581230118 0.6444354971033699
272.5 0.8021212628200327 0.6439368208660177
272 0.8023904733159246 0.6443521789065267
271.5 0.802517903335149 0.6445718403769406
271 0.8013986887114847 0.6427758887399939
270.5 0.8012250355115076 0.6424815818796445
270 0.8015680780028639 0.6430427086874821
269.5 0.8006228903380689 0.6415208120371739
269 0.8007561528327467 0.6417366864964056
268.5 0.8004793679697906 0.6412955904488773
268 0.8002332463158294 0.6408895163510466
267.5 0.8007766725290159 0.6417546645583548
267 0.8001086437220581 0.6407022140269555
266.5 0.8002141953684727 0.6408887704589413
266 0.800078295286124 0.6406608931842089
265.5 0.7996366509803131 0.6399496591944414
265 0.7991804151277974 0.6392240878870625
264.5 0.7995094535450926 0.6397464780837844
264 0.7988939025198342 0.6387724999475424
263.5 0.7983908753048414 0.6379623610500353
263 0.7991164850172532 0.6391247495524036
262.5 0.7992862819616657 0.6393825002204264
262 0.797528504598251 0.6365647906238961
261.5 0.7986241361033415 0.6383305498813955
261 0.797879985979919 0.6371561386692418
260.5 0.7973614266874174 0.6363175993896952
260 0.7974725733374889 0.6364887338545128
259.5 0.7979050731410384 0.6371820069305539
259 0.7967217370890859 0.6352984095648315
258.5 0.7963613742265816 0.6347241472805955
258 0.7966757573970791 0.6352199346623688
257.5 0.7965809566509607 0.6350618237895219
257 0.7960972252140647 0.634293768844578
256.5 0.7959501911060888 0.6340578524588015
256 0.7960382831743386 0.6342106749201724
255.5 0.7962850266424427 0.6345953544589119
255 0.7958311529819292 0.6338688918542215
254.5 0.7955740856687228 0.6334628736846373
254 0.7947109695089883 0.6320997007115101
253.5 0.7946927281263095 0.6320736347888376
253 0.7947016863400136 0.6320847272442162
252.5 0.7948196814180384 0.6322771482199122
252 0.7937051016143124 0.6305022571235119
251.5 0.7941409656054613 0.6311780404646362
251 0.7935032203384697 0.6301855288694713
250.5 0.7931549414498338 0.6296238364415776
250 0.793508096669626 0.6301960874301022
249.5 0.7926938525894871 0.6289078816191899
249 0.7926547116871684 0.6288261895759645
248.5 0.7928413079295573 0.629130395397567
248 0.7929724904258892 0.6293343754031125
247.5 0.7929008565438966 0.629215454785447
247 0.7928878730845798 0.6292194223773526
246.5 0.7923423076794253 0.6283311764135218
246 0.7928731561892172 0.6291750618634627
245.5 0.7910006252175812 0.626212124485737
245 0.7912635262865673 0.6266225763915495
244.5 0.790909080174302 0.6260724226360027
244 0.7911729817901465 0.6264865004043668
243.5 0.7900198102380576 0.6246690545164455
243 0.7905707563350408 0.6255339772010892
242.5 0.790172020878826 0.6249075955947643
242 0.790193837042343 0.6249538689640661
241.5 0.7898230988336464 0.6243636159393939
241 0.789427468782919 0.6237369642144643
240.5 0.7889983901298435 0.6230455413500051
240 0.7898066987081811 0.6243232976511558
239.5 0.7886084273971449 0.6224368881992475
239 0.7885659259161177 0.622372782178507
238.5 0.7875609838997172 0.6207979536842041
238 0.788293519215705 0.6219314185754963
237.5 0.7875036182277103 0.6207107550555727
237 0.7876973961497276 0.6210091428375023
236.5 0.7871419156237226 0.6201175106173981
236 0.7877164424188298 0.6210263982500532
235.5 0.7866030755950729 0.6192804002013296
235 0.7870179715404955 0.6199321198619818
234.5 0.7860466757371561 0.6184161035825714
234 0.785864251985593 0.6181114117062825
233.5 0.7856345385019415 0.6177909171168225
233 0.7851516385011131 0.616984814707314
232.5 0.785603425184167 0.6177110793932549
232 0.7845318563824696 0.616029678357514
231.5 0.7853771917821123 0.6173418594251268
231 0.784892889305315 0.616604802655521
230.5 0.7851217866449246 0.6169530062209173
230 0.7847542927337482 0.6163816342765536
229.5 0.7840025295089114 0.6151827235571559
229 0.7835501438403022 0.6144726953031582
228.5 0.7831622759991403 0.6138885619930182
228 0.7835298306097 0.6144675998774672
227.5 0.7833060833624219 0.6141036277475366
227 0.7827499377386082 0.6132488261667287
226.5 0.7818866468922054 0.6118701715883221
226 0.7820824678324497 0.6121885289792947
225.5 0.7821448708368289 0.6123016802849066
225 0.7811722658517443 0.6107779428604334
224.5 0.7816465610462702 0.611502089445395
224 0.781077924375564 0.6106078759192582
223.5 0.7808616018925615 0.6102774498057211
223 0.780559598526412 0.6098139322764404
222.5 0.7805433028537659 0.6097808051612928
222 0.7797707189936126 0.6085751769870863
221.5 0.7800339628723489 0.6089996857815848
221 0.7788835050871914 0.6071930507618172
220.5 0.7789373766604019 0.607293941738259
220 0.7792402780514444 0.6077548385640124
219.5 0.7781086738867902 0.6059973407584509
219 0.7781950061304463 0.6061328254410917
218.5 0.7776999207376853 0.6053458072384094
218 0.7783559652219428 0.6063754411085609
217.5 0.7781632353886273 0.6060785817565315
217 0.7769974751232536 0.6042691569655846
216.5 0.7765807680368398 0.6036140059401669
216 0.7762075445565457 0.6030430329165647
215.5 0.7764738472754245 0.6034575544694882
215 0.7757924663037302 0.602403128019507
214.5 0.7753692166640702 0.6017364859627584
214 0.7755791147323142 0.6020627966615113
213.5 0.7757585505059167 0.6023433412103221
213 0.7747572739965465 0.6007926308904074
212.5 0.7748967747369778 0.6009953328148439
212 0.7745660636786946 0.6004936687163139
211.5 0.7748093777869103 0.6008793479560682
211 0.7739774161124284 0.5995689462134773
210.5 0.7738432614406939 0.5993809890965321
210 0.7719501184838744 0.5964444637323065
209.5 0.7720890410418945 0.5966794401228557
209 0.7723321133841233 0.597027143628821
208.5 0.7724660209351136 0.5972479129155137
208 0.7713201738407627 0.5954639578175855
207.5 0.7714282307654762 0.5956387638171673
207 0.7715421023727499 0.5958240100823298
206.5 0.7710554530178684 0.5950576346640456
206 0.7708367640699562 0.594736390088476
205.5 0.7699962318232527 0.5934323516240756
205 0.7690851563918946 0.592047419214474
204.5 0.7695812771420169 0.5927956303953711
204 0.7693497564474097 0.5924239394370137
203.5 0.7682828783859429 0.5907857888554736
203 0.7684186986929344 0.5910142760266989
202.5 0.7680783430499046 0.5904857736985293
202 0.7683327578604491 0.5908530234009536
201.5 0.7677006817258398 0.5899058364716593
201 0.7670291733747698 0.5888638044225791
200.5 0.7670126440163322 0.5888468509166955
200 0.7666939259176833 0.5883644633512061
199.5 0.766125915800635 0.587493118479195
199 0.7657104328174875 0.5868464328352402
198.5 0.7657910077477929 0.5869839181913742
198 0.7649914677361698 0.5857601551133346
197.5 0.7644095544358326 0.5848505608321828
197 0.764643863389108 0.585211967634202
196.5 0.7638942704469563 0.5840884177390256
196 0.764074337310603 0.5843593843551699
195.5 0.763408906869817 0.5833261306218774
195 0.7636626717707072 0.5837125983003364
194.5 0.763619389764856 0.5836390108849205
194 0.7624328630211841 0.5818314700076977
193.5 0.7624935064562406 0.5819383317576354
193 0.7621430705866955 0.5813896184977512
192.5 0.7605650896263231 0.5790000184706277
192 0.7603591435762881 0.5786892955222941
191.5 0.7603589304526224 0.578714154351446
191 0.7597136858366187 0.577714363746595
190.5 0.7602159402578916 0.578474078428258
190 0.7596898165444018 0.5776669959362093
189.5 0.7583893819516969 0.5757115310739915
189 0.7582201281092491 0.5754516592203843
188.5 0.7581328729187781 0.5753205161154696
188 0.7583444335936473 0.5756304065795895
187.5 0.7578467399547288 0.574878060134168
187 0.7574189804682405 0.574213464328158
186.5 0.7563443767626662 0.5725860712943341
186 0.7557695071645069 0.5717456192842978
185.5 0.756091903660714 0.5722355809863873
185 0.7554144305654913 0.5711945849621257
184.5 0.755006031213356 0.5705957040754182
184 0.7547994737856362 0.5702476874674703
183.5 0.7541397998954468 0.569297100845049
183 0.7532315728982539 0.5679189758651455
182.5 0.7528428355621951 0.5673164143644762
182 0.753144892968042 0.5677547445534789
181.5 0.7526290204838076 0.5669881511496344
181 0.7519578727830779 0.5659873327608524
180.5 0.7522056540532572 0.5663661892090449
180 0.7512297991925474 0.5648857369740805
179.5 0.7505803027323337 0.5639339291170554
179 0.7497013819594981 0.5626079276450805
178.5 0.7508524933967494 0.5643270284636718
178 0.7505166869437866 0.5638247778131016
177.5 0.7494241797993332 0.5621771923085122
177 0.7487377036911296 0.5611482297290985
176.5 0.7480438839241987 0.5601120796069283
176 0.7477495261373248 0.5596884568969566
175.5 0.7473506484298782 0.5590666816183101
175 0.7467630166032438 0.5582005851857744
174.5 0.7466001807077765 0.5579498965826089
174 0.7464090070515599 0.5576499726574099
173.5 0.7463029660826748 0.5575061263860689
173 0.7457091340840734 0.556613614194477
172.5 0.7456081604861223 0.5564766722610843
172 0.7439113885244564 0.5539602886712872
171.5 0.7439229277802341 0.5539818447472504
171 0.7433337212890079 0.5530950538877663
170.5 0.74353560245623 0.5533774398181286
170 0.7417914431726804 0.5508119477617798
169.5 0.742337753850963 0.5516248313621409
169 0.7416204508963383 0.5505350981499547
168.5 0.7401417065634364 0.5483466703420953
168 0.7414021368090811 0.5501938293889188
167.5 0.7404941422129429 0.548861361740803
167 0.7402888847317896 0.5485819472658439
166.5 0.7389172435137482 0.5465325702970212
166 0.7385578436304783 0.5460117155465841
165.5 0.7387228883968936 0.5462433728836978
165 0.7383138673406273 0.5456528634015635
164.5 0.7375133089710886 0.544466308795985
164 0.7364839898669328 0.5429574512357923
163.5 0.7361306911730094 0.5424182075641836
163 0.7362293414942767 0.5425913279371524
162.5 0.7350081326871089 0.540790258683856
162 0.7344962432347875 0.5400444526049646
161.5 0.7342101131846899 0.539603497999679
161 0.7324080422062528 0.5369604323561376
160.5 0.732511437169369 0.5370960041839016
160 0.7325679499243359 0.5371990985598404
159.5 0.7313531210250995 0.5354241595751225
159 0.7316226206245071 0.5358274805805183
158.5 0.7310642008430216 0.5350276300645195
158 0.7299551694042348 0.5334052852253636
157.5 0.7297508158299294 0.5331065907277521
157 0.7290924539935271 0.5321386742225254
156.5 0.7281027863536169 0.5306652211864009
156 0.7279041305510694 0.5303943050456965
155.5 0.7272923737884137 0.5294963393850843
155 0.7252539606957146 0.5265334988625758
154.5 0.7270767872129964 0.5291646800513679
154 0.7269556635215116 0.5290185907767779
153.5 0.7257876652339698 0.5273206712640597
153 0.7243971159509499 0.5252820037545746
152.5 0.7249764470536516 0.5261763532933473
152 0.7236008877116369 0.5241341489961674
151.5 0.7234580017558104 0.5239446140203396
151 0.7217738334485818 0.521487734219901
150.5 0.7220912455730736 0.5219498726433116
150 0.721417286572924 0.5209588774464792
149.5 0.7205400142150937 0.5197402414153739
149 0.7200181861243112 0.5189670472050744
148.5 0.7193117672857174 0.5179487486591778
148 0.718176050299932 0.5163232101454747
147.5 0.7185179740363353 0.5168051138748676
147 0.7171693279099254 0.5148684203663368
146.5 0.7171301629932298 0.5148280212141059
146 0.7169068064818501 0.5144927527267549
145.5 0.7159580207725855 0.5131524083245135
145 0.7153493089262023 0.5122776801378615
144.5 0.714434051204956 0.5109695925095298
144 0.7142190336633322 0.5106290538809738
143.5 0.7137009423060606 0.5099139175103399
143 0.7115924307773943 0.5069041937976689
142.5 0.7110541332556852 0.5061811099103529
142 0.7113904017079565 0.5066256629023681
141.5 0.7111230949226802 0.5062432242816668
141 0.7097867997072388 0.5043404262120944
140.5 0.7095003112398849 0.5039406637504441
140 0.7083027080004156 0.5022418055331733
139.5 0.7070700707505193 0.5004867382091047
139 0.707415576791539 0.5009732537071987
138.5 0.7059658788180065 0.4989066396153102
138 0.7050902585881567 0.49767752044219576
137.5 0.7049130384052128 0.4974448689430046
137 0.704300212903736 0.4965805078998831
136.5 0.703802793600007 0.4958702879321688
136 0.7026324214922598 0.49422976957728787
135.5 0.7026042875265524 0.4942001106172631
135 0.7015526351254269 0.4927056581375209
134.5 0.7001239034633727 0.4907191552914233
134 0.7002035992256583 0.4908314343524374
133.5 0.6992502270757311 0.4894818249273589
133 0.7000267423252486 0.49057401662842337
132.5 0.6975054283539079 0.48704930026080195
132 0.6966312281417695 0.4858494996871524
131.5 0.6958556642032665 0.4847282465517055
131 0.6945571237091863 0.4829434877981454
130.5 0.6944818385533034 0.4828468713847689
130 0.6942985633058968 0.4825993502431741
129.5 0.6938302372453823 0.4819494244271124
129 0.6906153398463092 0.47745807261158757
128.5 0.6908220308030482 0.4777707657497087
128 0.6903550680065379 0.47710867887829805
127.5 0.6891996519111263 0.4755187524277418
127 0.6884761563504822 0.4745291473513187
126.5 0.687643859444447 0.47339878355399384
126 0.6871320044370359 0.47267806764583026
125.5 0.6856887289946159 0.4707151863199717
125 0.6866266598182086 0.47200566169144376
124.5 0.68294212413972 0.4669544359991674
124 0.6835960329637245 0.4678284073613242
123.5 0.6833729010487886 0.46751786376266596
123 0.6817312928808615 0.4652863578034656
122.5 0.6804152837898698 0.46348042886552604
122 0.6791232886407559 0.46174575556646597
121.5 0.6789370109185069 0.4614914262299239
121 0.6791622432577892 0.46178973513968763
120.5 0.6763238839164856 0.45792223567721374
120 0.6763633758880205 0.4579778446012135
119.5 0.6758448360059823 0.45730135026805674
119 0.6746703985011268 0.45570306265678906
118.5 0.67370445132399 0.45440167152635935
118 0.6724418616802735 0.4526909350243687
117.5 0.6717559131636256 0.45175312489020414
117 0.6713266568605877 0.4511920044597247
116.5 0.6709625924454393 0.45072820882154474
116 0.6689603206989038 0.4480240349709306
115.5 0.6685553300812416 0.4474864707780106
115 0.6676779449267659 0.4463042401987317
114.5 0.6659367717035319 0.44399524957777087
114 0.6646974496807492 0.44234067692781365
113.5 0.6645605990458122 0.44215922543313224
113 0.663805465828123 0.4411599057464613
112.5 0.6618400539088807 0.4385279324800301
112 0.6612904658578956 0.43779895289518045
111.5 0.6617112731573137 0.43837805604500313
111 0.6596518957417827 0.43563486507072735
110.5 0.6582870174719992 0.43383311012063275
110 0.6576582585376783 0.433015549989119
109.5 0.6556896726865583 0.43042796085287843
109 0.6549294115479454 0.4294254523287064
108.5 0.6543423209905801 0.42864950510639493
108 0.6532174526569778 0.42716409520733545
107.5 0.6522698872502734 0.4259354222328981
107 0.6503876266987323 0.4235009057621141
106.5 0.6499747903543488 0.4229849303927286
106 0.649671357494664 0.4225868957717884
105.5 0.6475291779653558 0.41982383783394656
105 0.6463143734029702 0.4182110935668486
104.5 0.6449029457098114 0.41638775940785444
104 0.6425971849182319 0.41342575883705757
103.5 0.6411048084529557 0.4114657294427751
103 0.6421708079756075 0.41288680477204326
102.5 0.6393210360810004 0.40921785115367365
102 0.6392236152555177 0.4090936979269132
101.5 0.6381606121726763 0.4077153796061897
101 0.6376191850812608 0.4070682802620007
100.5 0.6355429038283685 0.40438037384248604
100 0.6336554888023292 0.40197448694465665
99.5 0.6341793062328142 0.4026716730573539
99 0.6309192324147587 0.39856131103799547
98.5 0.6325625929200195 0.40064483690487107
98 0.6283117094772491 0.39524535522467025
97.5 0.6292290603585111 0.3964248616398633
97 0.6267079559933041 0.3932144231141411
96.5 0.6256417640847681 0.3919114008967254
96 0.6252239551813741 0.3913591083551285
95.5 0.6234160307972335 0.389138678504362
95 0.6217571038769555 0.3870179793718759
94.5 0.6204918357983178 0.3854854482388218
94 0.6188793385644609 0.3834874592206399
93.5 0.6175658988066602 0.3818932710436155
93 0.6176397749856576 0.38192997356815805
92.5 0.6169006506613997 0.3810129620154781
92 0.6136032778851794 0.3769430166494303
91.5 0.6128973446473699 0.3760961180812421
91 0.6097729324527748 0.3722669961229439
90.5 0.6106220950541538 0.37329004686135947
90 0.6077948914811214 0.369861970741745
89.5 0.6078396945402132 0.36994461480044594
89 0.6043146252967182 0.36567075470936505
88.5 0.6052078310095309 0.36671484338437743
88 0.6032586952825046 0.36434877778928126
87.5 0.6003353662342257 0.36088121955185054
87 0.5993826162478306 0.3597124200226232
86.5 0.5995771167161122 0.3599065846674793
86 0.5968645950893339 0.35671332483422435
85.5 0.5981530726858597 0.358238317255854
85 0.5943617400215448 0.35367102072385315
84.5 0.5929281359345276 0.35199623296893845
84 0.5918069327266992 0.35064558425077486
83.5 0.5895935335410265 0.34806701042469534
83 0.5873966259720392 0.3454199985312864
82.5 0.5876720057152228 0.34577362503547815
82 0.5867821125080218 0.3447365825928655
81.5 0.5826687337657688 0.33991751155082495
81 0.5838647410862303 0.34128686796453533
80.5 0.5796149970622351 0.336365881814699
80 0.5791034635631791 0.3357709238778432
79.5 0.5770794783039076 0.33340424029603977
79 0.5757333794041268 0.3318648826510698
78.5 0.5750764206635586 0.3311124631429456
78 0.5738130891451979 0.3296347865213837
77.5 0.5714212005115462 0.3269235515174407
77 0.5685997844135708 0.32368680577763315
76.5 0.569261398696136 0.32445204952001433
76 0.5662225024939711 0.3209947836821163
75.5 0.562817999146028 0.3171512673847714
75 0.5633757904008931 0.31776554307429156
74.5 0.5601343956868675 0.31410636988778545
74 0.557833367511484 0.31155393888745314
73.5 0.5594751954726831 0.31337435770523275
73 0.5572853651268156 0.31093237071671337
72.5 0.5538797001941708 0.30715039786161186
72 0.5529038496992479 0.30604818982235593
71.5 0.551262402100294 0.3042666481418703
71 0.5492466768744115 0.30201906168099146
70.5 0.547213973501719 0.2997972612314196
70 0.5452927098255617 0.29769705096986915
69.5 0.544013665744176 0.2962707380712729
69 0.5433698621357141 0.295593574743095
68.5 0.5398703540547316 0.2917933436170112
68 0.5385885474240742 0.29040185230016674
67.5 0.5361644782060138 0.2877931326200768
67 0.5356545620012936 0.28724395014558884
66.5 0.534463524717219 0.2859626356738659
66 0.5304075842004247 0.281633937535739
65.5 0.5299791202193922 0.2811965285092007
65 0.5293516368675951 0.2804979418620434
64.5 0.5277053336186376 0.2787696630438132
64 0.5253168891584045 0.2762671426801399
63.5 0.5210384582264268 0.2717940897572124
63 0.5198943296220649 0.27055964499187013
62.5 0.5186148407337282 0.2692497616861771
62 0.5163334441828278 0.26686866252920755
61.5 0.514668879316169 0.26513811594485076
61 0.5126272943246702 0.2630880497272143
60.5 0.5101608056772712 0.26052968429266243
60 0.5103454417125816 0.2607014202844523
59.5 0.508875839180839 0.259203681604703
59 0.5068943875807912 0.257241277667528
58.5 0.5041078248547151 0.2543800439938046
58 0.5013688424710463 0.25163430806941994
57.5 0.5012870244923681 0.2515145257506683
57 0.498366855721758 0.24860042924619144
56.5 0.495955701077688 0.24622760597585794
56 0.49545199127351935 0.24572160832490794
55.5 0.49181540668107915 0.24211507943364988
55 0.49239208140221186 0.24269701414573086
54.5 0.48795848002659775 0.23834115259365815
54 0.4867861227442991 0.23718150929629297
53.5 0.4836716176217048 0.2341538581024865
53 0.48253864104563987 0.23304951366676027
52.5 0.48016774221721137 0.23077996855115904
52 0.480940282310274 0.2315065510495373
51.5 0.4780678341864246 0.2287369793422627
51 0.47660148174714484 0.22736042201815942
50.5 0.47292145659959356 0.22387200087626175
50 0.47011566450998843 0.22118779042532968
49.5 0.46963710892392446 0.22074444980986707
49 0.46796411904918617 0.21919819620141764
48.5 0.4650126442592405 0.21642306501635536
48 0.46482075613457446 0.21622037613910874
47.5 0.459976865027629 0.21175025730910238
47 0.45986201375098074 0.21165209984326655
46.5 0.4573701004816997 0.20936798576649593
46 0.4561430203371458 0.20822629068458945
45.5 0.45662624347026565 0.20867600603093156
45 0.45312124923695035 0.205469683474367
44.5 0.4492155613227279 0.20194432097218032
44 0.44805186845221445 0.20088872316536083
43.5 0.44723599343239945 0.20016218083174708
43 0.4463025563816251 0.19932008222286776
42.5 0.4436548746271676 0.1969429975151145
42 0.4395507646862298 0.19331548357997294
41.5 0.4391954493170432 0.19301952766194352
41 0.43469940485861003 0.18908056015855254
40.5 0.4360297528567876 0.19023299022231374
40 0.43247441806271564 0.18713320404046643
39.5 0.4307414119737286 0.1856671017503733
39 0.4295828854217224 0.18465273195461676
38.5 0.42729366074019876 0.18267290684820559
38 0.42632149121562235 0.18183896047264875
37.5 0.42440979965689707 0.1802296945685912
37 0.4231054006175244 0.17910652174449343
36.5 0.4227305766587105 0.17880971195506024
36 0.4191226799593846 0.17574594900148793
35.5 0.41916666515420076 0.17578255414621505
35 0.41681833759274967 0.17379717723628377
34.5 0.41540272930390815 0.1726144851492811
34 0.4130350413428959 0.17066838077903304
33.5 0.4116778570341649 0.16954013930409997
33 0.40999016777129405 0.16815712142602918
32.5 0.4096399836383879 0.16787023262081102
32 0.40765074882953933 0.16623845754898536
31.5 0.404943036827592 0.16405484954982658
31 0.4043867884119625 0.1635844770670906
30.5 0.40315939071867446 0.16259901507296232
30 0.4006687342213655 0.16057716438224953
29.5 0.4004097506318838 0.16037239071049855
29 0.4005342409358506 0.16047178213000735
28.5 0.3977068236608143 0.1582106669799669
28 0.3954060544089134 0.15638576933380505
27.5 0.394224846817575 0.15544435054942085
27 0.3947031470574496 0.1558273930506977
26.5 0.3915456996644187 0.1533381914860402
26 0.39288273507260507 0.15438633891175244
25.5 0.39126862516591643 0.15311494672945566
25 0.38949761683969875 0.15173469833239006
24.5 0.3891580583006268 0.1514709881622832
24 0.3885970529678348 0.15103113794650228
23.5 0.38535512898605306 0.148519967015021
23 0.3847602287398445 0.1480636223948399
22.5 0.3851951457440986 0.1483917952803886
22 0.38328256062126886 0.14691756980518916
21.5 0.38214729426862865 0.14605191853078428
21 0.38236927241965524 0.14621940107121675
20.5 0.38062437420195816 0.14488748887237485
20 0.38051088239348074 0.14479812798230052
19.5 0.3803357851727004 0.1446658464100311
19 0.37940628624252126 0.1439573510853159
18.5 0.38002039665867643 0.14442310420835444
18 0.3780149758774121 0.14290033920840042
17.5 0.37739042941519213 0.14243232160273053
17 0.376795921988608 0.14198401248951556
16.5 0.37747751871720375 0.14249470700412495
16 0.37618523799908 0.14151848434927677
15.5 0.37618352884233636 0.14151845900383245
15 0.3765527050364522 0.14179497555586218
14.5 0.3748430077232456 0.14051050052292807
14 0.37401159396477074 0.13988664654735838
13.5 0.3743623021617155 0.14014869248987505
13 0.37535497422862707 0.14089445230480704
12.5 0.37446514135651665 0.14022663329572382
12 0.37296095871837864 0.13910124764872586
11.5 0.3726476044387669 0.1388671474361736
11 0.37173025610387345 0.1381844552447801
10.5 0.3711918067742533 0.13778362244967762
10 0.37140647819285244 0.1379431349090443
9.5 0.3712287607401354 0.1378112006365355
9 0.3710533972229855 0.13768093084570296
8.5 0.37088436919074286 0.13755541475625724
8 0.3708232233803303 0.1375100001265441
7.5 0.37078320264883996 0.13748032487807826
7 0.37080356366618666 0.13749538968941244
6.5 0.3708595917160737 0.13753692599227596
6 0.3708879001652951 0.13755794222543016
5.5 0.37059384244809057 0.13733986516179877
5 0.37055442291052937 0.13731062080190667
4.5 0.3704516907181833 0.13723447486033932
4 0.37044854321221954 0.13723214196358618
3.5 0.37051402305685655 0.13728065647729737
3 0.3705405142346462 0.13730027806394296
2.5 0.37052088013611606 0.13728572417516288
2 0.37037956548394896 0.137181025532496
1.5 0.37036619252260433 0.13717111747682165
1 0.3703601032613061 0.1371666060876992
0.5 0.3703601032613061 0.1371666060876992
