1000 0.31320042126692843 0.09854441446974421
999.5 0.31289249040379763 0.09836820822823691
999 0.3128120053566846 0.09830472398909897
998.5 0.31245891464515824 0.09807824354393156
998 0.3126349577584123 0.09818989826954687
997.5 0.3125806437337148 0.0981542734601241
997 0.31269447560729824 0.0982353531587587
996.5 0.31257467547518764 0.09814338944839127
996 0.3125384209758559 0.09812897811192439
995.5 0.31253737436874346 0.09812770298997596
995 0.31236394825596675 0.09802440681662211
994.5 0.3125085237186753 0.09811937649830588
994 0.31225310486448676 0.09794939472160374
993.5 0.3120787763368072 0.09784055543306291
993 0.31241575746628886 0.09804638864212994
992.5 0.31234817246396146 0.09801285659301139
992 0.31283796949772436 0.09832348753063455
991.5 0.31197879092756586 0.09777886362743436
991 0.31228433883960216 0.09797155981805175
990.5 0.31260109675618236 0.09817156744164107
990 0.3124243894472612 0.09806514660798193
989.5 0.312306327009171 0.09798998200443779
989 0.31222075868914306 0.09793358577827375
988.5 0.31234915367123034 0.09801061099331447
988 0.3123347465175815 0.0980149305144558
987.5 0.312217197854748 0.09793154971864641
987 0.3122298900297347 0.09794770476845424
986.5 0.31238768906322895 0.09802807469036785
986 0.3119565725989656 0.09776539002918908
985.5 0.31203412632223787 0.0978173395909636
985 0.3123630957241178 0.09802164182677443
984.5 0.31273109015111916 0.09825234462918842
984 0.31254457850740397 0.09812379100281053
983.5 0.31242351385553735 0.09805794604386137
983 0.31230051502707334 0.09798826496707042
982.5 0.31213648912431285 0.0978719920392803
982 0.31242599123521786 0.0980738768636
981.5 0.31237422812624044 0.09802255644236232
981 0.31229449666760145 0.09797428042656994
980.5 0.3120373519459384 0.09780864924786457
980 0.3124367666380999 0.09807401664916057
979.5 0.3120494368984963 0.09782625414217473
979 0.31270425126282364 0.09822655290477716
978.5 0.31220779169709567 0.0979327486664692
978 0.3120440459286924 0.09782934101311476
977.5 0.31169600074990966 0.09762562570331447
977 0.31246389163589494 0.09808515072536439
976.5 0.3120774945093898 0.09783895908555987
976 0.3121892353327956 0.09791777840878453
975.5 0.3122509622076491 0.09794997623738844
975 0.3119981776225366 0.0977863729614399
974.5 0.312381618497088 0.09804497547049303
974 0.3118909136710151 0.09772869067703761
973.5 0.31175013795871553 0.0976445164399732
973 0.3121274210585007 0.09786522361095341
972.5 0.3125520989847708 0.09813754685917525
972 0.3118640313697591 0.09771897674763777
971.5 0.3118159319755199 0.09769852426669104
971 0.3123177989019189 0.09799102614698683
970.5 0.3115851431200674 0.09752451263336846
970 0.3121125834323959 0.09787307954326051
969.5 0.3120047680854183 0.0978075504678187
969 0.31222178761075275 0.09793232920978283
968.5 0.31158879171371345 0.09753029449457158
968 0.31193306872913296 0.09775978259069536
967.5 0.3122639555365951 0.09796339466467824
967 0.3116863073576815 0.09760158672348275
966.5 0.31127488180082713 0.09734272165359131
966 0.31218407483951416 0.09791267644599487
965.5 0.3116379735608204 0.0975742522287064
965 0.31185184383149583 0.09770489727979949
964.5 0.31190749197653544 0.09773371105993112
964 0.311724600191055 0.0976235444365792
963.5 0.3117091039388093 0.09761647358232306
963 0.31148214490839493 0.09747083414838362
962.5 0.3120882764691729 0.09784707747266928
962 0.3122624894209116 0.0979562320772726
961.5 0.3115997104523672 0.09755147185513627
961 0.3116255767794982 0.09755778712501764
960.5 0.31186298764279896 0.09771030296126709
960 0.31174203082801744 0.09763851797211667
959.5 0.3121746979314858 0.09790478741480448
959 0.31187889895186766 0.0977181810111873
958.5 0.3113986688641674 0.09742425026942049
958 0.31153971187713353 0.09751156821822604
957.5 0.31203661335269467 0.09782371313332656
957 0.311894156967233 0.09772657065017934
956.5 0.31200141745997323 0.09778869343932482
956 0.3120372696151131 0.09782585680030817
955.5 0.3112565984725977 0.09732714571303983
955 0.31151637014441486 0.0974932159331903
954.5 0.3113463931944868 0.09740285434453377
954 0.3117112711243497 0.09761737476144947
953.5 0.3110320763279075 0.09719453492593355
953 0.31105206233351224 0.09720718675857833
952.5 0.31100020928051186 0.09717603593471451
952 0.3116727444750134 0.09759603810085117
951.5 0.31192157478432375 0.09775707255115666
951 0.31187774133965085 0.09771856740149215
950.5 0.31145762052509535 0.0974598723283479
950 0.3116003348559124 0.09753218384584585
949.5 0.31147056925648786 0.09745812603283406
949 0.31150537232853454 0.09748864746128094
948.5 0.3111302943949154 0.09724791364773508
948 0.3111054532305068 0.0972326405525113
947.5 0.3114331747287103 0.09744346473492137
947 0.31169828415033085 0.09761216255267555
946.5 0.31099432103574814 0.09716828090986647
946 0.3114469265390963 0.09745771894984823
945.5 0.3116036607046279 0.09755942458267768
945 0.3112849029768532 0.097354163403395
944.5 0.311111374102542 0.09724297816886217
944 0.31138290925516415 0.09742554389446458
943.5 0.31129979216064385 0.097360160353199
943 0.31136914113158676 0.097403152386531
942.5 0.31141629052547853 0.09742329005619917
942 0.31132879313418693 0.09737384820403325
941.5 0.3111262471445511 0.09725378605244227
941 0.3112229078824146 0.09730894330324033
940.5 0.31113526767359223 0.09724786830535909
940 0.3111983494227892 0.09730649589410256
939.5 0.3109906611435845 0.09716201785756771
939 0.3115521382423702 0.09751750517608232
938.5 0.310922718927851 0.097123107106252
938 0.311113365160755 0.09724026086375098
937.5 0.31091146809718484 0.09712753227260715
937 0.3112201180426651 0.09730926403414752
936.5 0.31078293844668864 0.0970487286059438
936 0.3106673598788187 0.09695726803900803
935.5 0.31103571132287494 0.09719801551799398
935 0.3109100403850579 0.0971212911296484
934.5 0.3107024137644038 0.09698321210157088
934 0.3112539700903559 0.09733752775338379
933.5 0.31088577486559754 0.09710665820212311
933 0.3108397441936496 0.09705607620895335
932.5 0.3107752710314325 0.09703748770664314
932 0.3110567481338992 0.09720572196427545
931.5 0.31114217542297934 0.09725861020419721
931 0.31102667642388077 0.0972075233254249
930.5 0.31082513549631186 0.09706351767383842
930 0.3109157505710217 0.09710791528819854
929.5 0.3108589171472738 0.09709203546553839
929 0.31112985720843095 0.0972503129141204
928.5 0.31100636992257397 0.097175800023007
928 0.3111544732348791 0.09727306698950748
927.5 0.3112928554912571 0.09735622404628005
927 0.3107404978022945 0.09701815250924833
926.5 0.3108712155911649 0.09708773505716443
926 0.31068018562420746 0.09697274632215211
925.5 0.3106381929870492 0.0969438411156881
925 0.3104316428898751 0.09682138216694293
924.5 0.3109871697032621 0.0971642731966489
924 0.3108032083542392 0.0970525160974651
923.5 0.3113962532833393 0.09741993937395495
923 0.31069824946715313 0.09698974027214669
922.5 0.3108480462143193 0.09708260742134613
922 0.31076852213292067 0.09703006280565765
921.5 0.3105957595542767 0.09691879190824433
921 0.3102995278823217 0.09674414222211346
920.5 0.3109911822301039 0.09716301931659893
920 0.31058205796941113 0.09691789965956847
919.5 0.3105158390849573 0.09685995234419326
919 0.3103096392633847 0.09675004280788903
918.5 0.31102485120930096 0.09719090056452752
918 0.31112629044696516 0.09724361064052123
917.5 0.3106191725749835 0.09693710886596237
917 0.310699349346759 0.09697808540935254
916.5 0.3104376256893935 0.09681784909850324
916 0.31059318662202795 0.09690255768823008
915.5 0.31038049396206707 0.09678154832695911
915 0.31088671682560887 0.09710766905104738
914.5 0.31068045500038777 0.09697620735600897
914 0.3108847365890364 0.09711033699778542
913.5 0.31065056354251963 0.09696230138369447
913 0.3105192434739435 0.09686103391122153
912.5 0.3103368962986921 0.09677022486936865
912 0.3101275355057419 0.09663037480195213
911.5 0.3099787095992198 0.09654607020503135
911 0.3108007779877495 0.09704492406841146
910.5 0.3104567467590564 0.09682231585276947
910 0.31049050245078075 0.09685267991487322
909.5 0.3103714922229074 0.09678474856847033
909 0.3104304481044085 0.09682865083346444
908.5 0.3103682322695189 0.09677965823042357
908 0.31089352741730525 0.09710659227676699
907.5 0.31052782492605285 0.09687749199589112
907 0.3104477218162122 0.09682501871995992
906.5 0.3103313599776042 0.09675146816750574
906 0.31030756461512 0.09674376235968307
905.5 0.31019577824992506 0.09668192216128799
905 0.31033960019160683 0.09675722483659092
904.5 0.3102568629840123 0.0967270042520649
904 0.3106436175785011 0.09696154023347771
903.5 0.30981813579489215 0.09644128978247597
903 0.31022541832326966 0.09669452882661077
902.5 0.310065415487234 0.09659358331291479
902 0.3101889715508918 0.09667049153093785
901.5 0.3101177433055981 0.09662169574136026
901 0.3101029152473651 0.09661310632455225
900.5 0.3097710604408047 0.09640088245989172
900 0.3104850227953457 0.09685176653521346
899.5 0.3102008179104437 0.09667957270171043
899 0.309915854249954 0.09649755872270256
898.5 0.3099083083914072 0.09649813059341227
898 0.31008599181651836 0.09660107011874311
897.5 0.3100809584623789 0.09660294407565707
897 0.31003854763382777 0.09657718724256438
896.5 0.3099417939235434 0.09652640031958154
896 0.3100123351263331 0.09655753184883316
895.5 0.3099381600403856 0.09651159008126549
895 0.30990485551524044 0.09649354704925993
894.5 0.30989678649018976 0.09649423672529656
894 0.30994019910566173 0.09651673954939487
893.5 0.31028908845008407 0.0967397655941279
893 0.30943277140371206 0.09620714491469552
892.5 0.3103958597353106 0.09678962686731064
892 0.3103968386759459 0.09680640772269808
891.5 0.309778109730776 0.09640616020282365
891 0.30964509203046486 0.09633354847440628
890.5 0.30988938397278415 0.09647840377867976
890 0.3099800167248636 0.09653102729942119
889.5 0.3097317295248159 0.09638752238374955
889 0.3098318846146524 0.09644788602148342
888.5 0.30990438879526694 0.09650375019784371
888 0.3098854933642021 0.09648751606637854
887.5 0.30952053680596964 0.0962638971961602
887 0.3103715413936035 0.09678321513431101
886.5 0.3096592115491911 0.0963406122245576
886 0.3097168614518925 0.0963741345075318
885.5 0.30921092984667475 0.09606149952040775
885 0.30997454462019935 0.09654286143340966
884.5 0.3094810315177361 0.09622553647668153
884 0.30988298944630516 0.09647419232658799
883.5 0.3093243775569559 0.09613922960318096
883 0.3099844619240451 0.09653707668479802
882.5 0.3097915897607553 0.09642709738512366
882 0.30966625985172014 0.09634152813013612
881.5 0.30987636199120594 0.0964617933597722
881 0.3097329864275579 0.09639113798592351
880.5 0.309879741533947 0.09647301092520005
880 0.30952417639493457 0.09624705054167347
879.5 0.3097325777471622 0.09639457764162364
879 0.30952483610948617 0.09625879906262413
878.5 0.3097038768097085 0.09635686843087965
878 0.3097808277896565 0.09642460428977886
877.5 0.30938379908691976 0.09617420946819424
877 0.30963664240900296 0.0963262147484746
876.5 0.3092208022683241 0.09607964070688992
876 0.3095361714273136 0.09627287112086866
875.5 0.31009623915380763 0.09660892233572162
875 0.3090225132863287 0.09594824444060017
874.5 0.30977884013666557 0.09641235600841959
874 0.3095596098430036 0.09628704160176497
873.5 0.30938655660515074 0.09617575088118757
873 0.30937315372242347 0.09617552164877281
872.5 0.30944347713863685 0.09620653957129248
872 0.3092589856015746 0.09609135189482082
871.5 0.30945615386890174 0.09620792933378441
871 0.3090844323976949 0.09597365889454225
870.5 0.3088871100790799 0.09587405634167076
870 0.30893738993962394 0.09588088851916154
869.5 0.3092585343475813 0.09609057653220256
869 0.3093960221095734 0.09617115792662273
868.5 0.3094972802878204 0.09623648500461572
868 0.30965038231758085 0.09633725866176185
867.5 0.30909249819192797 0.09598347501759082
867 0.30929258434788487 0.09611607006259355
866.5 0.30885189253537937 0.09584205408365296
866 0.3090290938494791 0.09594910854548135
865.5 0.3091155035557582 0.09599201056504457
865 0.3088466924192118 0.09583414589193391
864.5 0.30874582869083395 0.09576498811330705
864 0.30931347270841636 0.09612331088668379
863.5 0.3092690376778552 0.09610285848772206
863 0.3091683511377283 0.0960312413914754
862.5 0.3092957409671207 0.0961279555445294
862 0.30903230113795255 0.0959588658059357
861.5 0.30899361292872773 0.09593141086947478
861 0.308602058177278 0.09568027257426426
860.5 0.30863613575743226 0.0957165913760108
860 0.3091722606875206 0.09604118651186881
859.5 0.3090332988700001 0.09594669707835715
859 0.30878367233689685 0.09580753526618314
858.5 0.3088110721856582 0.09581468126583965
858 0.30889584515275204 0.09586372722652917
857.5 0.3094223676055053 0.09620181149155353
857 0.3090718149159871 0.09598324890553686
856.5 0.3084498416758351 0.09559925093329545
856 0.3091465940435783 0.09602757093382872
855.5 0.3088321179754438 0.09582748230000222
855 0.3091956939358663 0.0960622802208069
854.5 0.30849617310006117 0.09562204621505316
854 0.30868735657247415 0.09574883329114846
853.5 0.30871419895331464 0.0957473205528841
853 0.30891400821865306 0.0958921807463199
852.5 0.3088591415057446 0.09584998626276674
852 0.3091512604777964 0.09603052240927912
851.5 0.30846262218625575 0.0956010767045052
851 0.30892952068055674 0.09589499147109935
850.5 0.3087440415532184 0.09576938926339908
850 0.3085469905077678 0.09564733516448527
849.5 0.30853198378972113 0.09563900947287679
849 0.3091517470146035 0.09602239208741381
848.5 0.30859180977939715 0.09569111771518904
848 0.30851002596000626 0.09564293274353115
847.5 0.308508022453957 0.09562883359845167
847 0.30823102754466297 0.0954530539649844
846.5 0.3086954817351795 0.0957461672447517
846 0.30818212434064535 0.09543467176607671
845.5 0.3087714012293139 0.09579848454917578
845 0.30912077135259564 0.09601124716641957
844.5 0.30870434136498587 0.09573931496941024
844 0.30870006831015123 0.0957578361613032
843.5 0.30857554773452567 0.09567587711145008
843 0.30852080564424694 0.09563168336076566
842.5 0.3082128919897228 0.09544977167310449
842 0.3077207432288274 0.09514590824589557
841.5 0.3085424852839898 0.09565787120048887
841 0.3087981478956596 0.09582448838250944
840.5 0.3083521333091021 0.09553605502625949
840 0.30823100200102893 0.09545964818065196
839.5 0.30840396381850727 0.09556856750225594
839 0.3083721134848805 0.09555423004778851
838.5 0.3080203382503825 0.09533128123401066
838 0.3084871410369172 0.09561457015407537
837.5 0.30878261213086666 0.09580730887885111
837 0.3082163497306314 0.09544904680893881
836.5 0.3079912921578924 0.09532577471197756
836 0.3081494132572561 0.09539495648494754
835.5 0.30815139547291687 0.09541167507841582
835 0.30772097427401923 0.09515208913509123
834.5 0.30829364760961214 0.09549316981485612
834 0.30822620659860905 0.09544910145856889
833.5 0.3078373010397289 0.09521652269064136
833 0.3084602008692374 0.09559989504608109
832.5 0.3082569364493134 0.09547496456772601
832 0.30828435533347676 0.09548759532107637
831.5 0.30812894706502286 0.09538574377273906
831 0.3081427779576494 0.09540673197729936
830.5 0.307858028440284 0.09522700142314519
830 0.3083619756306945 0.09554521469985726
829.5 0.30861028057144163 0.09569665203011621
829 0.30805395572108973 0.0953571602644312
828.5 0.3084996305666138 0.09562134646261551
828 0.3075446510117642 0.09504968475575004
827.5 0.3081547454004822 0.09541006036352598
827 0.30811516920105186 0.09539272245990982
826.5 0.3077298357972 0.09515410256229004
826 0.3080565303789624 0.09534002411262547
825.5 0.3081135740268241 0.09538485574169588
825 0.30808205797339033 0.09535748545208406
824.5 0.3079255003693749 0.09526476082423574
824 0.30740284353272784 0.0949462537423192
823.5 0.30775263012624243 0.09516751263510259
823 0.307559090384492 0.0950493064216343
822.5 0.30767567790857697 0.09511171008378717
822 0.3074691380351593 0.09499737329544629
821.5 0.3078546965597402 0.09523792811970556
821 0.30760904887551394 0.09508185929959427
820.5 0.30816319243162077 0.09540927034738611
820 0.30788752900168204 0.0952485111692999
819.5 0.30786204469928463 0.095229892013914
819 0.30828489182036956 0.09547601354231836
818.5 0.3072586731718588 0.09485900285909024
818 0.30808883960804073 0.09537035577180725
817.5 0.30712819770030864 0.09478101778321356
817 0.3078698504726314 0.09523355469044978
816.5 0.307648509859563 0.09510166553836166
816 0.3074454252521674 0.09497747299326031
815.5 0.30737765238740616 0.0949506796614505
815 0.30793253702620643 0.09526723212558118
814.5 0.307404770474295 0.0949471367111574
814 0.30759591880451226 0.09507869349704123
813.5 0.3078293476306629 0.0952013792426164
813 0.3078372063585734 0.09522690564734676
812.5 0.3069705593390597 0.09467994191763225
812 0.3073629363331141 0.09492653454856723
811.5 0.3076851490202259 0.09512359627491947
811 0.30774714020208394 0.09515708711744328
810.5 0.30825511778915526 0.09547519659753051
810 0.3073505838303084 0.09491136538183756
809.5 0.306986907697048 0.0946923445289003
809 0.30719928014895714 0.0948262796434293
808.5 0.30717433525706533 0.09482570900420617
808 0.30764568756214666 0.09510618146214649
807.5 0.3071945202332832 0.09481196933144385
807 0.3075567390565224 0.09503453448168152
806.5 0.30707909503918934 0.09474404584882433
806 0.30731309196488477 0.09487806000920801
805.5 0.3073398005969079 0.09490384224432968
805 0.30651308547073536 0.09440191699244237
804.5 0.3071747275132162 0.09480667993000733
804 0.3071258681541952 0.09478297088765192
803.5 0.30764256287279645 0.09510768300887297
803 0.30724040285186816 0.09484273825296786
802.5 0.3069299772812991 0.09465336049494709
802 0.30716074549755173 0.09480053276888856
801.5 0.30697531654945726 0.09468826668395144
801 0.30759231755194627 0.0950656625536706
800.5 0.3073745060655692 0.0949401679590287
800 0.3072455033819064 0.09485017620397217
799.5 0.3072791021425174 0.09488500955450332
799 0.3066007639836543 0.09446245444883841
798.5 0.30697055963906533 0.09467289475926981
798 0.3065666635133739 0.09442605926869735
797.5 0.30686682482234856 0.09462828143937758
797 0.3068591365695195 0.09461547589634538
796.5 0.30663170662547157 0.09447990579594899
796 0.3069061478246325 0.09463821923093875
795.5 0.3064716623203491 0.09437904261419106
795 0.306837586059338 0.09459440456311656
794.5 0.30734249335343655 0.0949033532122422
794 0.30670825309531874 0.09451865336486642
793.5 0.30658793968922654 0.09445146072762313
793 0.3069971392755255 0.09470168675038988
792.5 0.3060846641851762 0.09414668501192375
792 0.30630680046198594 0.094279227185093
791.5 0.3070883713700336 0.09475914890444197
791 0.3069868517237049 0.09468495649556109
790.5 0.30630262515294643 0.09428119460970312
790 0.30647018757344363 0.09438831544441155
789.5 0.3063445584134624 0.09430627095327831
789 0.3066351527444659 0.09447902976970854
788.5 0.30648739272592873 0.09438967799756288
788 0.3065823945966409 0.09443756885717874
787.5 0.30619868425184754 0.09419465332078786
787 0.30653989961526495 0.09442364700716914
786.5 0.30674948607402014 0.0945556280712965
786 0.30616112938775636 0.09419937903907066
785.5 0.30651804278491585 0.09440969446309205
785 0.30610309972129335 0.09415957364982906
784.5 0.30641728885040476 0.09434142449866621
784 0.30633982760198647 0.09430460805256487
783.5 0.30625023405894836 0.0942418533985383
783 0.3063172104711913 0.0942934436010818
782.5 0.3068089805056233 0.09458501315080971
782 0.3068225533605878 0.09458693096544779
781.5 0.3068839690379315 0.09463085842584154
781 0.30696879118171927 0.09468454750884686
780.5 0.3060630673118681 0.09413009334976787
780 0.3062346666473107 0.09424426719145523
779.5 0.30663941505193915 0.09448438684619731
779 0.3064458187902525 0.09436089995333354
778.5 0.30590099648321734 0.09402766102318219
778 0.3063024543418753 0.0942715351486285
777.5 0.30597165705583207 0.09407871450491606
777 0.30637141403336493 0.0943101705209769
776.5 0.3061531528014191 0.09417304447967498
776 0.30620623851628076 0.09422347556695135
775.5 0.30611225822868515 0.09415721085306976
775 0.3065413947649657 0.09440690066348999
774.5 0.30635237030990525 0.09430637280559058
774 0.3061612273965774 0.09419386092147009
773.5 0.3059703067088749 0.09407592598817027
773 0.3060884943285244 0.09415048477758023
772.5 0.3056097471286237 0.09385741476945879
772 0.3059965362100252 0.09408391968896426
771.5 0.30595164084059423 0.09406535239804398
771 0.30584947104171856 0.09399531023376055
770.5 0.305927798945714 0.0940472915596501
770 0.306078537755903 0.09413617198403965
769.5 0.30610466708791306 0.09415949927145013
769 0.30560259199389056 0.09384459668597711
768.5 0.3056404682982573 0.0938720492501601
768 0.3057339084311619 0.09392547349908391
767.5 0.3061891369077312 0.09421038133765368
767 0.30552535223970884 0.09380711268310735
766.5 0.30577230180006243 0.09394681042712374
766 0.3057552711191958 0.09392653980109548
765.5 0.30600414225110417 0.09409225537563197
765 0.3054989799084193 0.09377068189339224
764.5 0.30583809485053237 0.09399827632469956
764 0.3055629874766128 0.09381947855366164
763.5 0.30569087240588466 0.09390554429286468
763 0.3060279513856032 0.09410287372368978
762.5 0.30608070210348753 0.09413301095338802
762 0.30509221980556495 0.09354138040291995
761.5 0.3056703269026303 0.09388537038435775
761 0.3052329335532422 0.09361640824661227
760.5 0.3057498041313472 0.09394636428446494
760 0.30560074049903313 0.09385446920233777
759.5 0.3056187166451653 0.09385163287184894
759 0.3054425995544739 0.09376004452334691
758.5 0.3055432293921545 0.09380217310498104
758 0.3055434415835433 0.0938100411347192
757.5 0.30561816710575707 0.09386275619846889
757 0.3049938819976307 0.09347590954614539
756.5 0.3057359313570552 0.09393226442594593
756 0.30553348336064956 0.09379644608204803
755.5 0.30518448610688964 0.09359214754253141
755 0.3053345730180401 0.09367798084721847
754.5 0.3053628431001037 0.09371000662790883
754 0.3049191333445643 0.09342838223515312
753.5 0.30539092853043825 0.0937227155464508
753 0.3051491131191471 0.09356780406584164
752.5 0.3051021750007992 0.09353169346740339
752 0.30512713896665833 0.09354625872560703
751.5 0.30543784953991826 0.09375291264532604
751 0.3049442719743276 0.09344111230370918
750.5 0.30517680973484673 0.09359027410818203
750 0.3046469870098025 0.09326777119128869
749.5 0.3049618954189302 0.0934458073939208
749 0.3051706315573999 0.0935800585963981
748.5 0.3048674487422141 0.09340779870493049
748 0.30494503769663595 0.09345060760579937
747.5 0.30511059426250603 0.0935350913867892
747 0.3048635281392493 0.09338613067507694
746.5 0.3051944644920957 0.09359126964469383
746 0.30512139488987106 0.09355653963235522
745.5 0.30524923539729654 0.09363405258092364
745 0.30538319711295725 0.09370765671711273
744.5 0.3048684411630803 0.09339187856717565
744 0.3049939741062456 0.0934794272451818
743.5 0.30477178035227376 0.09333487622035001
743 0.30499939437159185 0.0934795194608759
742.5 0.3045283311262496 0.0931790936845642
742 0.30520730231958976 0.09360688733883635
741.5 0.3051723788869266 0.09357809393997198
741 0.3044862773841861 0.09316670396714541
740.5 0.3050218280568298 0.09349093076275515
740 0.30486961004796354 0.09339101651217072
739.5 0.3048674988829833 0.0933939172213536
739 0.3043044736823665 0.09304815439788269
738.5 0.30452549669846607 0.0931934114573347
738 0.3047548361688884 0.09331779183467037
737.5 0.30453881795209614 0.09321028399566321
737 0.30473273301845066 0.09332876892283243
736.5 0.3050190029947471 0.0934909014325081
736 0.3041822160841939 0.09297977906861549
735.5 0.304496609522121 0.09316823306632893
735 0.30433532125532986 0.09308277763078653
734.5 0.3043738630769167 0.0930956703312363
734 0.30451270724982754 0.09319252544824137
733.5 0.30439971167673546 0.09311161495676074
733 0.30468396583218194 0.09329025334382779
732.5 0.3043310716489957 0.09305539302203258
732 0.3042212069079162 0.0930018700458224
731.5 0.3046374944198231 0.09325176084219336
731 0.30427721726285106 0.09304819759530193
730.5 0.3042558406380221 0.0930229065159911
730 0.3041497478112062 0.09296164010187355
729.5 0.3042618585985287 0.09302622038109486
729 0.3047483177201428 0.09332145908740486
728.5 0.3042615284233897 0.09302935765239051
728 0.304083047934701 0.09291988552444813
727.5 0.3043133041553929 0.09307348948675732
727 0.3039346826968911 0.09283044963752236
726.5 0.30417866459631504 0.092973758082826
726 0.3044383852252889 0.0931394630009288
725.5 0.30429552580613495 0.0930391043869568
725 0.30380071393870123 0.09275353206265692
724.5 0.3036552982879667 0.09266268151903578
724 0.3045950426983451 0.09323164566533453
723.5 0.3041427651976087 0.09296593136627748
723 0.3040951436860637 0.09292939619806764
722.5 0.3044647426312463 0.09315946062651818
722 0.3042283538394947 0.09300451476353531
721.5 0.30399597377506343 0.09286705645484558
721 0.3037095276967079 0.09269505508516324
720.5 0.30404434341143977 0.09290873292065761
720 0.3042323777120023 0.09300574388620639
719.5 0.30430767227005845 0.09305319380437455
719 0.3038755108181679 0.09278363363915192
718.5 0.303928143685551 0.0928246271456613
718 0.3034232917818895 0.09252320755580877
717.5 0.30333160860253505 0.09246223396194496
717 0.30395949974012004 0.09284395056025668
716.5 0.3037150931807695 0.09269465163438656
716 0.30378502285500747 0.0927364808639723
715.5 0.3038938681206398 0.09281779514417006
715 0.30375507975682847 0.09272624655495829
714.5 0.3040217424084344 0.09288595059511834
714 0.30316188521277065 0.09237150362611064
713.5 0.30344452221169943 0.09252754458598207
713 0.3037127967645349 0.09269696405815012
712.5 0.3033903583010502 0.09250732099962729
712 0.3029041730441902 0.09220880992491085
711.5 0.3035085828347948 0.09257572871665258
711 0.3032808653722913 0.09242858737435207
710.5 0.3035789136504894 0.09260598152468187
710 0.3032061977094854 0.09238271403844457
709.5 0.30322294236625535 0.09240157056513912
709 0.3032737931109242 0.09243128802706432
708.5 0.30359145015475925 0.09261134974333826
708 0.3031562594714777 0.09236257870519787
707.5 0.30361943114406853 0.09264579493394705
707 0.3032623867975817 0.09241664898399218
706.5 0.30329825479399597 0.09244499531352883
706 0.303474549992642 0.09255152961387812
705.5 0.30296000826820807 0.0922397807417632
705 0.3030035375602112 0.0922513073268896
704.5 0.30360576645462484 0.09263517315280498
704 0.3029558457618026 0.09224097267154996
703.5 0.3034689130567242 0.09255193085787941
703 0.30281592549272024 0.09214879899950681
702.5 0.30321523735414885 0.09239829814436032
702 0.3032705379413398 0.09242565348590843
701.5 0.3032392025251043 0.09240125009743065
701 0.3029176228805119 0.09220857368608162
700.5 0.30302529464266054 0.0922812564573895
700 0.3020708505262684 0.09169963318089315
699.5 0.30322279849064954 0.09239016509745877
699 0.30293346515268244 0.09222367256789275
698.5 0.30304954373875886 0.09228342286660571
698 0.30246296837760606 0.09193504260092261
697.5 0.30280392088919306 0.0921320314096438
697 0.3023898035392481 0.09189884138395439
696.5 0.3031269654855239 0.09232972611713186
696 0.30267878163377226 0.09206466325406124
695.5 0.3028865015474545 0.09219169998690294
695 0.3025066630618509 0.09196357750585676
694.5 0.3027916972078382 0.09213531118732561
694 0.30281471001241095 0.09214580241363649
693.5 0.3026899064406057 0.09207765070036635
693 0.3030094398090381 0.09227079062188302
692.5 0.3030703989195972 0.09231653387414557
692 0.30282884381865205 0.09216135139946824
691.5 0.30260285971713075 0.09202407261573252
691 0.3026739492834857 0.09207736240702118
690.5 0.30236249015139244 0.09187381495469535
690 0.30258067699246294 0.09202144785948936
689.5 0.3018509804589298 0.09157281503321264
689 0.30281208506549884 0.09214333997857362
688.5 0.3022359122471826 0.0918060752684659
688 0.30271569947123 0.09209278957843212
687.5 0.30268559471720985 0.0920578154902135
687 0.3026384240117929 0.09204896537828072
686.5 0.3020577114444392 0.09168507364119147
686 0.3019910908801406 0.09165436849842858
685.5 0.30227134963893454 0.09181320836952568
685 0.3026242632874171 0.09202954910954539
684.5 0.3018839380673276 0.09158386206536127
684 0.3021742494165529 0.09175516534889229
683.5 0.3020903673264112 0.09170348082221728
683 0.3022323469614503 0.09179174652557844
682.5 0.30249538808084975 0.091969316985295
682 0.3021247917033748 0.09172813244526166
681.5 0.30211665436313245 0.09172419809780104
681 0.3023690416749782 0.09187800711397533
680.5 0.3020174454156944 0.09167326949155619
680 0.3019862635719109 0.09164928490490777
679.5 0.30171661319679094 0.09148625420362422
679 0.30199956763880015 0.09164873593793602
678.5 0.3018192035268069 0.09154913873806807
678 0.3016249787886618 0.09143262617262571
677.5 0.3021146144047769 0.09173808776010343
677 0.3013431443771361 0.09125995535127787
676.5 0.3021441149635399 0.09174588299084814
676 0.3019320721206938 0.09161511340970006
675.5 0.3021551729365413 0.0917565215862907
675 0.3017351334543484 0.09150300780804621
674.5 0.3015142994510653 0.0913724019521162
674 0.30119722679750766 0.09118064276074443
673.5 0.30157714482048104 0.0914040141065875
673 0.3016468687164272 0.09144563974055211
672.5 0.30188542922450157 0.09158910794021918
672 0.30149844560693506 0.09134992226396223
671.5 0.3012414456928017 0.09120042801232639
671 0.3015012123623795 0.09136054909521742
670.5 0.30138800422252293 0.09128536749260459
670 0.3017076982345182 0.09148614569691817
669.5 0.3013217855077226 0.09124125497697377
669 0.30131077082075436 0.09124167144951918
668.5 0.30137594313497196 0.09127771649292074
668 0.3010474079589425 0.09108050786781186
667.5 0.3015352429815624 0.09136691741534246
667 0.3011203748975752 0.09112430295158906
666.5 0.3012832506114687 0.09122344711548239
666 0.3010828629150275 0.09111152858037173
665.5 0.3008779901743015 0.09098644112834195
665 0.3009556090408615 0.09102846777499496
664.5 0.30102457015059814 0.09107842342575848
664 0.30140341757005407 0.0912950796580525
663.5 0.3012982401924108 0.09123883960118981
663 0.30183633422419637 0.09155979937915158
662.5 0.30125392722602584 0.09120361462887695
662 0.30075799336481357 0.09090957482692197
661.5 0.3006798642394236 0.09086369212431965
661 0.3006266884481036 0.0908454144893466
660.5 0.3006819779058821 0.09086500619456207
660 0.30060446586603995 0.09082740809539623
659.5 0.3005295451704698 0.09076151020113815
659 0.3006408353586574 0.09084624619361813
658.5 0.30128545767368653 0.09122601821802598
658 0.30098402017988485 0.09104033223662746
657.5 0.30138682838966974 0.09128326167427635
657 0.30062572953901245 0.09082860843040688
656.5 0.3012818672242273 0.09121813069916677
656 0.3000877969729293 0.09050395287237026
655.5 0.3009422496672679 0.09101772360072259
655 0.30068022590247057 0.09086455218587591
654.5 0.30104164976350606 0.09106743480381918
654 0.3003070919200491 0.09064839403921836
653.5 0.30080391812759105 0.09094605990711702
653 0.30029327531339345 0.09063696814742116
652.5 0.3005871957599428 0.0908020155038799
652 0.30066975618390224 0.09085043650904545
651.5 0.30037320302357595 0.09067673948734775
651 0.300954146284038 0.09101855424927915
650.5 0.3008441056225502 0.09096481446587337
650 0.3008606405140397 0.09097797261185353
649.5 0.3005384615777407 0.09078666540361267
649 0.30031419626318123 0.09064343373037949
648.5 0.29996899170284014 0.09042185871749732
648 0.30046143618720234 0.09073499444491229
647.5 0.300452644661219 0.09072614586270215
647 0.30051535119629935 0.09076782889522904
646.5 0.30084823634945934 0.0909631083263279
646 0.2997569233100645 0.09031249666250087
645.5 0.30081169285176196 0.0909543116734837
645 0.29998927151912985 0.09045189302729109
644.5 0.2998787291364165 0.09037724770209064
644 0.29985115071091323 0.09036388941904144
643.5 0.300436588089643 0.0907186961830215
643 0.2998882530720692 0.0903958032296997
642.5 0.299916279057872 0.09041378667091605
642 0.29994652043797243 0.0904201681928649
641.5 0.29997835641319676 0.09044383847918996
641 0.2998148165934471 0.09033547087293976
640.5 0.2998355791130221 0.09036358492221791
640 0.2998280781848837 0.09034792694410977
639.5 0.2997679333972513 0.09031006591496696
639 0.29932227884856866 0.09005505412234659
638.5 0.29900850794787787 0.08985454930407566
638 0.29952471514172946 0.09016767044476018
637.5 0.29975859559459983 0.09030138433533674
637 0.29999688497947496 0.09044908976534843
636.5 0.299837207156518 0.09036293115480994
636 0.29952709504885655 0.0901726331579058
635.5 0.2998618507648129 0.09036663205953574
635 0.2997507981036872 0.09030679767166044
634.5 0.2998751078502892 0.0903860019833993
634 0.2996709031237809 0.09025880369161209
633.5 0.29946854712074317 0.09012927479886883
633 0.3000979139568783 0.09051521073053388
632.5 0.2992023595467974 0.08997971497236121
632 0.29952014406752253 0.0901688165355125
631.5 0.2997105724821088 0.09027507910045457
631 0.29944497220946825 0.09012865489140905
630.5 0.29976890021324115 0.0903138937994105
630 0.29943577762245993 0.09011584314793931
629.5 0.29912233100111074 0.08992455885825217
629 0.29930246517643594 0.09003557713018408
628.5 0.2992354829120229 0.0899985378477332
628 0.2994762048548206 0.09012583698838633
627.5 0.29902517841482695 0.08987732352248334
627 0.2994588270777194 0.09012639228926615
626.5 0.29922751792511704 0.08999707765903074
626 0.29926953144658835 0.09001876933175265
625.5 0.2993044116452275 0.09004063181757488
625 0.2988063355177046 0.08974879358129914
624.5 0.29946481227275673 0.09013336095323506
624 0.2994611183809746 0.09013505859405442
623.5 0.2991760352909828 0.08995479901410816
623 0.29922868618420406 0.08999244384762069
622.5 0.299248579012793 0.09000590915913609
622 0.2984707617456454 0.08954293949074343
621.5 0.2987319345283078 0.089695062427541
621 0.29846372093360796 0.08954074329678904
620.5 0.2988032173825527 0.08974491142702537
620 0.29879831370212523 0.08973068864112699
619.5 0.29900376954022717 0.08984853934806442
619 0.2983898554462749 0.08949014405484168
618.5 0.2991480585927298 0.0899424856458767
618 0.2986108040966217 0.08961485451179706
617.5 0.2988800595449716 0.08978600028691318
617 0.2982816289892486 0.08941855344073131
616.5 0.2988480870593844 0.08976777480758713
616 0.2989592694575707 0.0898350880784536
615.5 0.2984348565637157 0.08950828106940627
615 0.29846291570948486 0.08953688274457203
614.5 0.298619306429151 0.08962551875953242
614 0.2986361086424216 0.08962176488532908
613.5 0.2982656346413373 0.08940566926696156
613 0.29880122969574674 0.08973904643920334
612.5 0.29825985518076975 0.08941464387619578
612 0.298333103609184 0.08944810451360846
611.5 0.2979955892357946 0.08924427858719258
611 0.2981270742360175 0.08933326711701879
610.5 0.29834881189551027 0.0894656018821233
610 0.2985628863118389 0.08959071335549239
609.5 0.298245003268646 0.08940102353879138
609 0.2981399712524118 0.08934727702435141
608.5 0.298194391829104 0.08937650050557674
608 0.298006101568237 0.08926566382098385
607.5 0.2979158095044665 0.08921184259397646
607 0.29771184586456756 0.08908941435537106
606.5 0.29819469674755583 0.08938402243264672
606 0.29835241886508984 0.08946584280034553
605.5 0.29803753790649923 0.08927859376229354
605 0.2982495244599663 0.08940231583248891
604.5 0.29797280913125346 0.08924124627259906
604 0.2978379053025926 0.08916523976480195
603.5 0.2978937703964712 0.08919447410579891
603 0.29775353768612867 0.08911269494500887
602.5 0.29777764311177013 0.08911405295613442
602 0.2977620141339008 0.08911153630125723
601.5 0.29776788416478706 0.0891300536751857
601 0.29746445886374256 0.08894033766181729
600.5 0.2973275501202259 0.08885343887610399
600 0.2971849106406274 0.08878102457913963
599.5 0.29741362817399397 0.08890346690691749
599 0.29726834301288074 0.0888279447757233
598.5 0.2975166527657969 0.0889658239439429
598 0.29712388487258007 0.08872498472476664
597.5 0.29717739168230395 0.08875901052668887
597 0.29742664324717044 0.08891195431587698
596.5 0.29735153838959955 0.08887626050004999
596 0.2975573619113489 0.08899461856753689
595.5 0.29755258118965067 0.0889847607633424
595 0.2971110923021427 0.08872921690024833
594.5 0.2969624594332936 0.08864327218398002
594 0.2972361280976243 0.0888057658972959
593.5 0.29758907251488464 0.08901749616212451
593 0.2974493804087008 0.08892420776637246
592.5 0.29676925173567237 0.08852048465924876
592 0.2967104396425179 0.08848359903813961
591.5 0.2965518289984403 0.08839424409539526
591 0.2967418114539989 0.08851023457858223
590.5 0.2969339260157076 0.08861866824598566
590 0.29667325084382545 0.08846096265179802
589.5 0.297057829442165 0.08870480279349324
589 0.297227497754888 0.08880226685278643
588.5 0.2965875799317483 0.08840223271529106
588 0.2970815591776176 0.0887073154849729
587.5 0.2968582941440141 0.08857959017346016
587 0.2965113752358256 0.08837108573393156
586.5 0.29697747019182985 0.08864661633090197
586 0.29691082898611926 0.08860107585570173
585.5 0.2966640518664248 0.08845873066671932
585 0.29612923082199416 0.08815341251033072
584.5 0.2960254431456124 0.08808881901725008
584 0.2963238944827176 0.08826525325970096
583.5 0.2961669029427876 0.08816734770493502
583 0.29640193821801697 0.0883122631970455
582.5 0.2959418207139764 0.08802828758865432
582 0.2968275829959092 0.08855475052428669
581.5 0.29617867350473126 0.08817698513011485
581 0.29611135872859845 0.08813511635690283
580.5 0.2966298447383241 0.08843451463529817
580 0.2965069245412455 0.0883621152331013
579.5 0.2959898009561404 0.08806592131561053
579 0.29644664772514956 0.0883332719691394
578.5 0.2960302395021632 0.08809812961257818
578 0.29652351253421944 0.08837485570793546
577.5 0.2959012969795457 0.08800596381738458
577 0.29593804228873266 0.08803505474351869
576.5 0.29670343624239087 0.08847970524064061
576 0.29562403369316925 0.08783526628410258
575.5 0.29573518880940514 0.08790739217129656
575 0.29602361074531613 0.08808685202175032
574.5 0.2956938817457616 0.08789455071763491
574 0.295479534464085 0.08776371387432015
573.5 0.2958368400186596 0.08796843712567509
573 0.2957168937427461 0.08790447209583507
572.5 0.2959223698605938 0.08801917988915749
572 0.29605145516974746 0.08810084285862
571.5 0.2957380897267253 0.08792234927715764
571 0.2956363155344022 0.08784878986861881
570.5 0.2952322747682298 0.08762465516666919
570 0.2955581717120588 0.08780280117394566
569.5 0.29566668614309566 0.08787461708973889
569 0.29544558495699597 0.08773778664854105
568.5 0.29538571161041094 0.08770204092222016
568 0.2956981694316241 0.08789674319441967
567.5 0.2958542091245402 0.08797596806056657
567 0.2959711500781503 0.0880454304231914
566.5 0.2948474560528005 0.08739548415888822
566 0.2949790212336616 0.08746435923292122
565.5 0.2949552720725521 0.08745216576920482
565 0.29501881726847523 0.08750016703449007
564.5 0.2950912587221222 0.08754017459547601
564 0.29489674848006614 0.08741850984191794
563.5 0.2949922470440612 0.08747140926075445
563 0.2944055686477575 0.08714309529501274
562.5 0.2954193872595521 0.08771826824737386
562 0.29530303680429715 0.08766533006699952
561.5 0.294487550794509 0.08718040630778995
561 0.29527507419282706 0.08763445342655647
560.5 0.2945911684626045 0.0872200123580756
560 0.29483866913563145 0.0873832036244285
559.5 0.294721133840608 0.08731738482034042
559 0.29481911332335 0.08735815316295938
558.5 0.2949939838651353 0.08748457949329147
558 0.29489390284504324 0.0874213983025341
557.5 0.29460437787846844 0.08724657689457231
557 0.29455353558794195 0.08721033691524799
556.5 0.2947132498939121 0.08730717519613197
556 0.29424119262503434 0.08703141996815174
555.5 0.294232672647724 0.08702833275597903
555 0.2948763811779554 0.0874112378784258
554.5 0.2945870174521979 0.08723542272820567
554 0.2946023265937004 0.08724339599075952
553.5 0.2944053518286117 0.08713017340316924
553 0.29418990314514337 0.086999198041228
552.5 0.2941645211747784 0.08699055799677223
552 0.2945702755506438 0.08723465782330814
551.5 0.29467673373157244 0.08730241086295447
551 0.2941893973116292 0.0869974003361577
550.5 0.29403813319510447 0.08690545878623983
550 0.2940512650206961 0.08692309880685722
549.5 0.29380322315496954 0.08676737601099141
549 0.2938316310445052 0.08678190659000774
548.5 0.29352703203938396 0.08660337190920811
548 0.29417983984568574 0.0869802803083886
547.5 0.29368497783406905 0.08669377443514824
547 0.29391199039085186 0.08683920324235271
546.5 0.293930575858459 0.08684124621899661
546 0.2936568861671673 0.0866889799470191
545.5 0.2932244758999275 0.08643667189906476
545 0.29343663825401106 0.08656201758500556
544.5 0.2940334741295086 0.08692238812405462
544 0.29368521206172055 0.08670100680078288
543.5 0.2932549879756166 0.08644598859784552
543 0.2934824066941057 0.08656716307682008
542.5 0.2932403175072549 0.08643227274880264
542 0.29319309953750516 0.08641576092297977
541.5 0.2934114148128882 0.08654257427636461
541 0.2938069078189671 0.08676715588318037
540.5 0.29343167335948717 0.08654394090314944
540 0.29355741442624783 0.0866237597568611
539.5 0.29324078198075987 0.08644298042578243
539 0.2931885068377862 0.08642206941255749
538.5 0.29306970411109223 0.08634305555901384
538 0.29321173168604225 0.08641739438319962
537.5 0.2932021265848243 0.08642329330398472
537 0.29306790003891825 0.08632359895322624
536.5 0.2931955562973938 0.08642884730048805
536 0.2930898001983904 0.08634897645224195
535.5 0.29353576866942854 0.08662314382596009
535 0.29307451170854404 0.08634609777559153
534.5 0.29271007087640927 0.08613583573569919
534 0.2931960708474695 0.08641779379084741
533.5 0.2926647756553283 0.08610899099027927
533 0.29282734340610683 0.08619675748455445
532.5 0.29269007147126525 0.08612549851211843
532 0.29282462557020406 0.0862010914879189
531.5 0.2926485166677779 0.08609233159917987
531 0.2924748772963195 0.0859847013493425
530.5 0.29167147318745135 0.08553317841012752
530 0.29282970210278164 0.08620234125532637
529.5 0.29263112633845795 0.08609268842650984
529 0.2924279275929841 0.08596389943565039
528.5 0.2921857700526899 0.08583824064371495
528 0.29234471745193585 0.08591290072888218
527.5 0.29180209251309636 0.08560337316965123
527 0.2926445526832738 0.08610450561078214
526.5 0.2921430710814791 0.0857975563766846
526 0.29213769469466816 0.08580301737894011
525.5 0.2924305272608918 0.08595978818596438
525 0.29267087865039376 0.0861289092059555
524.5 0.2925272401608879 0.08602076535765824
524 0.29216011190550967 0.08580420681352952
523.5 0.2921656266328773 0.08580850946438984
523 0.29177062387911834 0.08558786549132356
522.5 0.291955019553215 0.08568873438801125
522 0.2922454824811146 0.08584442146962278
521.5 0.29152755855781015 0.08543798896394805
521 0.29203270811017773 0.08573349983502458
520.5 0.2915081839981151 0.08542947287933514
520 0.29168078062644615 0.08553008675230635
519.5 0.29191325719393285 0.08566819433456131
519 0.2918671232354272 0.08564779694429135
518.5 0.2914494404765027 0.08539208172403209
518 0.29116566969866414 0.08523999446205159
517.5 0.29132183856774074 0.08532897402306347
517 0.2917562448451129 0.08558138854394405
516.5 0.2916752110697489 0.08553274115040797
516 0.2913968019521712 0.0853533599866604
515.5 0.2911457118759967 0.08521177001342589
515 0.2910593261322467 0.08516815984310509
514.5 0.2911350973992907 0.08522036412051005
514 0.29067656897003397 0.08494936537037812
513.5 0.291828423585215 0.08561232006493358
513 0.29113556091710313 0.08521036754986487
512.5 0.29136680652443864 0.08534940283979206
512 0.29119538071038786 0.08525071234947722
511.5 0.29094829900697894 0.08510077023583833
511 0.29159166479991044 0.08546848376240934
510.5 0.2910263065491794 0.0851450284986181
510 0.2911982765824815 0.08525738537663674
509.5 0.29104155940829957 0.08516910920933198
509 0.2898248020741946 0.08445585816195986
508.5 0.29069813182878723 0.0849443893573532
508 0.2903406026413879 0.08475200088408186
507.5 0.29102191942746003 0.08514566625029615
507 0.2906905002320498 0.08495286336820966
506.5 0.29039089037784727 0.08477803292960431
506 0.2899777303090408 0.08454339965100253
505.5 0.2905805920223517 0.08488388547153605
505 0.29058177099118837 0.08489003381414158
504.5 0.2912515313212175 0.08528607535157068
504 0.29067863410846156 0.08495149835819875
503.5 0.2900800870570831 0.08460002412353218
503 0.2901480090016726 0.08464322794636696
502.5 0.2903754981142582 0.0847757230418414
502 0.29013407434069466 0.08463095857798875
501.5 0.2905780428344315 0.08488733775895942
501 0.29057350075260036 0.0848839060545583
500.5 0.29024531423426403 0.08469367606069876
500 0.28995929100353507 0.08453370104450489
499.5 0.2899662475159665 0.08453235352304855
499 0.2900339457507926 0.0845658932165819
498.5 0.2901548327997453 0.08463079166692908
498 0.29019302260728774 0.08466292714750252
497.5 0.2900223588602485 0.08457292938782093
497 0.2899256991542655 0.08451205166840005
496.5 0.28958039901164895 0.08430421990269939
496 0.28931530685703194 0.08415321552281732
495.5 0.2893787589696575 0.08418893913144335
495 0.28953958748401815 0.08429260746444237
494.5 0.2895513767151337 0.0842950000005693
494 0.28954898722206257 0.08428218759204821
493.5 0.2892717440947929 0.08413677500792247
493 0.2900282493359059 0.08457045765068
492.5 0.28921623969613464 0.08409719860700146
492 0.2893046808176389 0.08414042241019214
491.5 0.2885073320813277 0.08369904028809623
491 0.28885771268478183 0.08389833604742489
490.5 0.28934506458807957 0.0841764659222787
490 0.28901808569296894 0.08397103035747777
489.5 0.28871498133958917 0.08382680967577905
489 0.2890578405973119 0.08399604056229723
488.5 0.28924385965999316 0.08410663292405511
488 0.28909757481758597 0.08402688938658277
487.5 0.28895921992588985 0.08394480120989861
487 0.2880836815997805 0.08343189439460734
486.5 0.2881083325276191 0.0834513286938174
486 0.2892580014391272 0.08411745390978101
485.5 0.2884099028450892 0.08362957499959471
485 0.2886851421124852 0.08379934975212257
484.5 0.28848464122134826 0.0836695108954926
484 0.2884115272421511 0.08362915282992034
483.5 0.28854671698636863 0.08370185509930465
483 0.28881923546830224 0.08386276887642226
482.5 0.28834317943966015 0.08358912618869038
482 0.2880899212651964 0.08344213566785072
481.5 0.28837446457893445 0.08361350649232852
481 0.2883504664617603 0.0835998684723072
480.5 0.28798429418594934 0.08340063523821455
480 0.2880889208737186 0.08344708080218889
479.5 0.28802559668346905 0.08340741369082351
479 0.28788633403044195 0.08332748956094058
478.5 0.2882299289184309 0.0835221404262119
478 0.2879372150084157 0.08336048525514422
477.5 0.2875290470432671 0.08312726943821974
477 0.2881650057853961 0.08348150686232661
476.5 0.287782674225914 0.08327153057726004
476 0.2877757910873213 0.08327556659794015
475.5 0.2872992663008855 0.08298593332358484
475 0.2870673394097454 0.08285422155163694
474.5 0.287205216090242 0.08293622963420133
474 0.28758327084351337 0.08315168013022838
473.5 0.2872882042645707 0.08298518483959584
473 0.2873421967933736 0.0830158232535273
472.5 0.2870243038623495 0.08283213816042624
472 0.287527692960977 0.08312632527603211
471.5 0.2877005658596071 0.08321346368686292
471 0.2867120822018416 0.08264649669186097
470.5 0.28727672843625723 0.0829841638017052
470 0.2871661910855133 0.08291906451962104
469.5 0.28676208376127993 0.08266603858071765
469 0.28680688666315945 0.08270260902609892
468.5 0.2875123118404146 0.08311449960706016
468 0.28689408342294254 0.08275009642098198
467.5 0.2869777085413194 0.08280552563713
467 0.28703778231557975 0.08283914449660602
466.5 0.28737242476566216 0.08303278227509253
466 0.286960511490182 0.08280619789494371
465.5 0.2867164184034481 0.0826547040486469
465 0.2865103601581449 0.08253389956993103
464.5 0.2867566105625477 0.08268062981072348
464 0.28686819907465744 0.082747641276796
463.5 0.28648502597423653 0.0825312045544478
463 0.28625513734987323 0.0823868631546096
462.5 0.2864578127799806 0.0825130099123757
462 0.28607386412059926 0.08229243494842907
461.5 0.2862455493727889 0.08239624287614994
461 0.28616087681305696 0.08233455830653111
460.5 0.2861768725834168 0.08235212569808534
460 0.28609398828422344 0.08231506362900705
459.5 0.28630510724628216 0.08242528887378756
459 0.2860899895889599 0.08229882860410041
458.5 0.2857099339624678 0.08208140891813202
458 0.2861715492313562 0.08235246708219889
457.5 0.2858296326627507 0.0821470610763601
457 0.2861221421456419 0.08232119892702693
456.5 0.2851711408190682 0.08178037260992853
456 0.28582978815218507 0.0821410860476804
455.5 0.2852911916231351 0.08182937895426798
455 0.28555332251779963 0.08199092403802331
454.5 0.28554369315426853 0.08198690581300452
454 0.28559077070713107 0.08200820482661335
453.5 0.2855543934524073 0.08199440276578267
453 0.2857889012113224 0.08213705409025114
452.5 0.28545647964954757 0.08194015818097201
452 0.285365860914273 0.0818826234371351
451.5 0.28552547278625345 0.08197990834873368
451 0.2856801677223513 0.08206658846548909
450.5 0.2849785647235407 0.0816703124550972
450 0.284832748394539 0.08157765457387042
449.5 0.28502074829131735 0.08169833506342357
449 0.2854735283894935 0.0819449157146535
448.5 0.28497678168113993 0.0816645969483778
448 0.2848997620840885 0.08162456601470428
447.5 0.2841623583669931 0.08119179265312575
447 0.2844052112149843 0.08134019993940884
446.5 0.28447438535535025 0.08137673207213805
446 0.28479657329066865 0.08156237049090528
445.5 0.2843282294507989 0.08130001389274082
445 0.2849246824835038 0.08162971522861213
444.5 0.2844902576419983 0.0813912437193036
444 0.2843283061066101 0.08128823935953097
443.5 0.28431231426469455 0.08127336255823187
443 0.2842703754216766 0.08125841266519744
442.5 0.28421039422056593 0.0812303470210897
442 0.28398469898853135 0.08109964353572524
441.5 0.28382006294277207 0.080994260094188
441 0.28401439249663646 0.08110953942235052
440.5 0.2839315033450563 0.08105751366905498
440 0.28393067859851284 0.08106472570809688
439.5 0.2836616779261087 0.08091779888939914
439 0.2837506795683088 0.08096685886110608
438.5 0.2833908802725577 0.08076166115521632
438 0.2837878847623915 0.08098661793692682
437.5 0.2840916603581216 0.08116558955594111
437 0.2837740993920086 0.08098494462037518
436.5 0.2836107354954847 0.08088764316918322
436 0.28331528021825586 0.08071275332562008
435.5 0.28352188147773055 0.08085083404503421
435 0.28370838881832566 0.08093211863187905
434.5 0.2828860740136015 0.08046165263421641
434 0.28315907362117687 0.0806273548873932
433.5 0.28316407508858554 0.08063571559082729
433 0.2833894340138905 0.08075476265246455
432.5 0.28336084966598746 0.08074647881386153
432 0.28327213774884036 0.08069336771878118
431.5 0.282881689438691 0.08047708935291191
431 0.28260056721451815 0.08031531300044216
430.5 0.2825397598286057 0.08026899375022252
430 0.28285509001581616 0.08045406367524953
429.5 0.28283126182455987 0.0804334758687758
429 0.28215394899031204 0.08005039558898143
428.5 0.28258312866827784 0.08029178024726343
428 0.282106911478454 0.08003469105072951
427.5 0.28244144415797007 0.08022539748185106
427 0.2820535135660418 0.08001265980833043
426.5 0.28222775488605123 0.08010122269038378
426 0.28187317159793057 0.07989523952484194
425.5 0.28201962231019495 0.07998253570138915
425 0.2824372801028122 0.08022388650157056
424.5 0.2817170418095811 0.07981504324135241
424 0.2816037340648516 0.07974324704510685
423.5 0.28180833445798653 0.07986751411196642
423 0.28161594672011153 0.07974480912633927
422.5 0.28160218277099297 0.07975419720849601
422 0.2818859731951946 0.07990864664549194
421.5 0.2817209735860417 0.07981825658774945
421 0.2818149573386498 0.07986791723950691
420.5 0.28155637655168175 0.0797265178468075
420 0.2815079184840759 0.07969293384834408
419.5 0.2821598572589415 0.08005532935863469
419 0.28128777544334294 0.0795696077638373
418.5 0.2813093105654799 0.07958192824153336
418 0.2812541853994349 0.07956073343437198
417.5 0.28090808491625374 0.07934837674963302
417 0.2809752125033276 0.07939764425266457
416.5 0.2812310056406748 0.07952999199383826
416 0.28106258292200487 0.0794440776685569
415.5 0.2806561966472469 0.07920600448812865
415 0.2812406946196056 0.0795441036845181
414.5 0.2807391669223662 0.07927269300969986
414 0.2809246280372523 0.07936904734714213
413.5 0.2810711084082248 0.07945832651262248
413 0.2805492207423413 0.07915592411581462
412.5 0.28003906658675654 0.0788705822419425
412 0.28024393828958777 0.07897755541675805
411.5 0.2804227305299552 0.07907945986858568
411 0.2802222692557783 0.07898356545686325
410.5 0.2801948451519424 0.0789544384382704
410 0.27993043768478865 0.0788143381843175
409.5 0.28031198648116545 0.07902259511728356
409 0.2802015694724297 0.07895437369618531
408.5 0.2801883463916549 0.07894088866788555
408 0.27956473224342127 0.07860471873403742
407.5 0.28055507309540934 0.07916151078348457
407 0.279528922408391 0.07858288098599302
406.5 0.280318903650743 0.07902102832182711
406 0.2795176125238347 0.07857432215286381
405.5 0.2796416259944959 0.07865080844327205
405 0.2796009951169956 0.07862389505190111
404.5 0.27941876235993734 0.07851041260294887
404 0.2794774788651125 0.07854790331137008
403.5 0.2789176382526629 0.07824234093753549
403 0.2789232361847598 0.07824188057057568
402.5 0.2795608046550361 0.07860739514951028
402 0.2789157259072891 0.07823397294265727
401.5 0.27922734266229093 0.07841092665182645
401 0.2786474873585562 0.07808415559432771
400.5 0.2793620337862116 0.07849259010522573
400 0.2790299490694589 0.07830614293139838
399.5 0.27881871304514744 0.07819884714648158
399 0.2787100788416313 0.07811880781322937
398.5 0.2778653903837575 0.07765617005548676
398 0.27843834690720115 0.07797268329956117
397.5 0.27868459194222467 0.07809751051902673
397 0.27804831028274896 0.07774926952845017
396.5 0.27779905116206066 0.077614098682389
396 0.2787578086066816 0.07814842804797807
395.5 0.2780549928647388 0.07776158431711903
395 0.2785041445271272 0.07799984718486995
394.5 0.27802998684793356 0.07773915900463874
394 0.27785215699172827 0.07765315404298744
393.5 0.2778423402096975 0.07764451390938033
393 0.2780912057665212 0.0777852147355712
392.5 0.2778731122864016 0.07766048230018748
392 0.2776114827176452 0.07750386654598437
391.5 0.27765225390749765 0.07753989007192953
391 0.277627304719737 0.07752158974747762
390.5 0.27730300203610625 0.07734682455528023
390 0.2778284644473741 0.07762958482989642
389.5 0.27742409969706633 0.0774176424841182
389 0.27681073377749926 0.07707625885719831
388.5 0.2768119042436757 0.07706744711229342
388 0.27740583752870895 0.07740795024607329
387.5 0.27690374730969947 0.07712384915925789
387 0.27693276832490754 0.07713935822627184
386.5 0.27632495897536224 0.07681892388025999
386 0.27639955277727035 0.07684428343083642
385.5 0.2770445908320687 0.07719821615218825
385 0.2761082984644791 0.07668806279111401
384.5 0.2766401257817255 0.0769744774522446
384 0.27653795812773224 0.07692129281648682
383.5 0.27694780287934084 0.07714411066384576
383 0.27603446010961113 0.07663901760854352
382.5 0.27622065045232475 0.07675448659919437
382 0.2760600434104639 0.07665073729487996
381.5 0.27676809130932273 0.0770452522183247
381 0.276411457580584 0.07685505636243647
380.5 0.2763196458566737 0.07678021380961975
380 0.27600216500309427 0.07662176043834265
379.5 0.2762344737771046 0.0767448544775616
379 0.2755509011598599 0.07637114426249199
378.5 0.27596269920764016 0.07660863241170185
378 0.2758123310176988 0.07651556750032318
377.5 0.27576973302909186 0.07649929200989157
377 0.2757632913507152 0.07648530367886043
376.5 0.2755902997843345 0.07639800640468833
376 0.2758673600472408 0.07654776031670983
375.5 0.2750274178298266 0.0760808486115938
375 0.27552601760890516 0.076360328506642
374.5 0.27486964443856665 0.0760143162548421
374 0.2749969512377235 0.07606214879853977
373.5 0.2744233970428311 0.07574662833985575
373 0.27503829027590737 0.07609054934881794
372.5 0.2742591991567855 0.07566254131273761
372 0.2740840001573648 0.07555771722018649
371.5 0.2746577275364553 0.07587442926197437
371 0.2737438958037203 0.0753795581431817
370.5 0.2745056195666606 0.07578979792333443
370 0.2739242456716043 0.07546336692873933
369.5 0.27404513844395095 0.0755371297344651
369 0.27363938017887013 0.07533259636230773
368.5 0.2743451316376348 0.07569874114403936
368 0.2745066604966406 0.0758017097499223
367.5 0.2737239638215145 0.07537056834040565
367 0.2736663809702004 0.07532954475526198
366.5 0.27382069298139994 0.07542953578236873
366 0.2737417383239002 0.07537394456179947
365.5 0.27380461361933756 0.07540490127223867
365 0.2736188927079956 0.07530595934967853
364.5 0.27303158368681907 0.07498882741798989
364 0.27340461811652284 0.0751947744723655
363.5 0.27227755699044526 0.07457664667671775
363 0.2730980301876823 0.07503014473351072
362.5 0.2732227242170535 0.07508946177964684
362 0.2732053736885276 0.0750832378526097
361.5 0.27349619931273866 0.07523859261967551
361 0.27282188611555097 0.0748604069817734
360.5 0.2730633328418188 0.0750095133090052
360 0.2730603929749354 0.07500517174705149
359.5 0.2725083383780292 0.07471359567312967
359 0.27246160782702816 0.0746621031938874
358.5 0.2722234001387008 0.07454430935260313
358 0.27278824911835337 0.07485967147411311
357.5 0.2717188879768587 0.07427164529598987
357 0.2724925416845766 0.07468936179761576
356.5 0.2723107517754389 0.07458983482358837
356 0.27174529043420265 0.074279137271102
355.5 0.271623826648587 0.07423245156735878
355 0.27177255574489173 0.07431004234307974
354.5 0.271629953060606 0.07422476988174163
354 0.2714701148215309 0.07413302151469228
353.5 0.2712517304404141 0.07401836981208593
353 0.27119813583311975 0.07399013285988414
352.5 0.27116291448490404 0.07396702092557353
352 0.27136262617555823 0.07407722667168344
351.5 0.2713384610772992 0.07405828880391406
351 0.27098977455993056 0.07386748214243609
350.5 0.27094549649856503 0.07384312914895408
350 0.27109906494167224 0.07393790693143855
349.5 0.27049183122008447 0.07360712638691806
349 0.2708056252312088 0.07377017679613057
348.5 0.270779961554183 0.07375844999385663
348 0.27001327394438207 0.07334888564470468
347.5 0.2704124452702849 0.07356182067855985
347 0.2703039401131008 0.07349723389511238
346.5 0.2701593846164361 0.07341874452444445
346 0.269875765794655 0.0732682573530259
345.5 0.2697327997668582 0.07319700616647794
345 0.26980070486694024 0.07324204019526077
344.5 0.27001599990698943 0.07335804573271539
344 0.26985718159243777 0.07326615244720741
343.5 0.269222885226103 0.07291435967238147
343 0.2700764073893811 0.07339226603421756
342.5 0.2696741743332741 0.07316206798604125
342 0.2693562882197669 0.07299371044865482
341.5 0.26916578802341673 0.07289158115092317
341 0.2700053627573372 0.07333597545834451
340.5 0.2690149491827982 0.07281391730012264
340 0.2686192783290816 0.07259928554594146
339.5 0.2690231560891963 0.0727987903256056
339 0.2684691925952055 0.07249983953111713
338.5 0.2687997340053825 0.07270048042399087
338 0.2690233074895436 0.07281053414359867
337.5 0.26917811219652343 0.07290136906013514
337 0.26845042632356847 0.07250423505700909
336.5 0.26920834127274224 0.07291049670951578
336 0.26793240652471495 0.07223844786943642
335.5 0.26805319230417374 0.07228798740287218
335 0.2684531689071802 0.07250744613211767
334.5 0.2681385783625569 0.07233127214641334
334 0.2673739633621972 0.07192604098132882
333.5 0.26711225098070623 0.07177304994044813
333 0.2680380440796313 0.07227292265112228
332.5 0.26807812639985074 0.07230213408202976
332 0.2671645548485723 0.0718049112020427
331.5 0.2677173051668621 0.07210185617507722
331 0.26751190691593607 0.07200301312391763
330.5 0.2672116403590336 0.07184644998783489
330 0.2667651210995226 0.0715910843640929
329.5 0.2670903040755398 0.07178104180715962
329 0.2674707603880593 0.07197996996763284
328.5 0.2666760170447129 0.0715517570151753
328 0.26652928232524337 0.07147915127137974
327.5 0.2666111540939249 0.07151167121681225
327 0.2665936992850378 0.07150988084162184
326.5 0.26684533420167217 0.07165095650633033
326 0.26650656578939996 0.07146379430704948
325.5 0.26597067399904945 0.07116935622065412
325 0.2656447916071479 0.07100356284784068
324.5 0.26604414027265183 0.07120388471784843
324 0.26559123005365026 0.07097106344369832
323.5 0.2657424515403025 0.07105838647504766
323 0.2653841940243643 0.07086276196554009
322.5 0.26494946914409145 0.07061800350274658
322 0.26512099797135547 0.07073542739644208
321.5 0.2652109147340851 0.07076115227613584
321 0.2651806964835457 0.07075424965098437
320.5 0.2647835546428695 0.0705497666630338
320 0.26496974928337924 0.07065298309381439
319.5 0.2642907718547072 0.07028858172470734
319 0.2642836182711713 0.0702792045326834
318.5 0.2645284342884823 0.07042546557336526
318 0.2650503384902079 0.07068741570587049
317.5 0.2641425391508103 0.070192234863458
317 0.2647393347669608 0.07052425773880433
316.5 0.2647562713754878 0.07052967702902167
316 0.2640543925317542 0.07016329018741833
315.5 0.26375490070196633 0.07000611882903376
315 0.2636069503149306 0.06991525563807052
314.5 0.2638921172308693 0.0700726933307219
314 0.2640361932959385 0.07015069855848606
313.5 0.26362179172616956 0.06991479877827919
313 0.2637188684280069 0.06998517450241717
312.5 0.26355703702098243 0.06988295583446788
312 0.26316653791925865 0.06969174977650822
311.5 0.2630644736127197 0.06962874089427358
311 0.26267247611003647 0.06942260744331642
310.5 0.2634628683468774 0.06984085205879546
310 0.2628579839629891 0.06951201814220538
309.5 0.26303918878922733 0.06961948914709827
309 0.2629913494344967 0.06959482230452148
308.5 0.26229370866330326 0.06923190080098275
308 0.26317864559901744 0.06969421189780686
307.5 0.262317678264936 0.06923476017853261
307 0.2619030657544479 0.06901385716952838
306.5 0.26175835873155 0.06893997828918348
306 0.2621798724213535 0.06915891745120428
305.5 0.26184797709016605 0.06899279217823279
305 0.2613974971315713 0.06875614635870227
304.5 0.2615438258887467 0.0688226110556198
304 0.2614127961024802 0.06876565375274388
303.5 0.2613658181611984 0.0687383847513433
303 0.2615760749226667 0.06885235617175778
302.5 0.26138133821006276 0.06874403949632288
302 0.26102923749461837 0.0685700303583981
301.5 0.26089161306726677 0.06849513472606476
301 0.2609757041084138 0.06852399181409372
300.5 0.2606040937247382 0.06834392024173776
300 0.2598628960644496 0.06795860618318167
299.5 0.2607022554149082 0.0684054417002023
299 0.26018975928995536 0.06811981495741859
298.5 0.2606547387180238 0.0683546904677373
298 0.26038219439327626 0.06823391699928726
297.5 0.2599460671027995 0.06800067452069461
297 0.25950615070899036 0.06775812052867884
296.5 0.25919258175683385 0.0675951185917752
296 0.2600746353532427 0.06806834220917211
295.5 0.25931594037072914 0.06766814559559287
295 0.2592238896407501 0.06761779671493721
294.5 0.2590423528985584 0.06753350410868969
294 0.25966445065749677 0.06786228523435045
293.5 0.25912184740339644 0.06756742812165922
293 0.2585057973186244 0.06725018375546914
292.5 0.25855219930014206 0.06728110742647408
292 0.25849131216550447 0.06723089864011449
291.5 0.2585575393520498 0.06727448534760835
291 0.2581663059764168 0.06707512722005003
290.5 0.2585127543731578 0.06725859403110539
290 0.2583239324034884 0.06716679503189152
289.5 0.2576814296482663 0.06682795160134361
289 0.2576646447812697 0.06681207214187097
288.5 0.25760035838326795 0.06678096777301293
288 0.2573471771522225 0.06665166784592015
287.5 0.2574454320956687 0.06670855481128356
287 0.25714316212610994 0.06653664356831836
286.5 0.25699036047035734 0.06646191452827077
286 0.2570651364157332 0.06650848290340865
285.5 0.25701165871913495 0.06646468165360057
285 0.25678495879238067 0.06637217017329222
284.5 0.25649932558785477 0.06622158443944651
284 0.2566004028518323 0.0662590848670139
283.5 0.25648876897137124 0.06620237879556684
283 0.2567161435506818 0.06632317037479339
282.5 0.25613016261530897 0.06601987368676665
282 0.2561090398478872 0.06602786097093118
281.5 0.25513465661658663 0.06551288083411262
281 0.25604235684392035 0.06596943764000428
280.5 0.25561025222535133 0.06575565243758034
280 0.2555559515712899 0.06573369011803576
279.5 0.25486577601817606 0.06538197264918644
279 0.2554092858168025 0.06565014655594731
278.5 0.25486365687330587 0.0653776577029985
278 0.2545257113292594 0.06521353456270726
277.5 0.2547838331482776 0.06532707917205714
277 0.2550453187699548 0.06546939125503902
276.5 0.25502870597560795 0.06546087639570637
276 0.2542148207034281 0.06504308341213087
275.5 0.25483274525054184 0.06536627636014049
275 0.2545231375949297 0.06518743874922339
274.5 0.2542244497521918 0.06506739928107771
274 0.2536873795517878 0.06476667843018777
273.5 0.25379749410827335 0.06483307095850076
273 0.2542263505929063 0.0650505287559188
272.5 0.2537884180154193 0.0648325242992925
272 0.2539675072550294 0.06492533881795229
271.5 0.2528312692982082 0.06434109624781627
271 0.25331460740421224 0.06458017141377984
270.5 0.25265572060704367 0.06425340369109778
270 0.2524726920807163 0.06415685281147647
269.5 0.25261424961071927 0.06424000878600211
269 0.2525455247658205 0.06419786604125942
268.5 0.25165811972929236 0.06375354093532502
268 0.25151222295991593 0.06367700434292226
267.5 0.25179551256022126 0.06381442198197577
267 0.25153453664955544 0.06367789321677808
266.5 0.251305812646066 0.06357769272431686
266 0.25200593625712103 0.06391731228179319
265.5 0.2512490014741103 0.06353936342736134
265 0.250946079667532 0.06338872765697333
264.5 0.2512041968969395 0.06352329300057731
264 0.2509847985155438 0.06342025001899776
263.5 0.2507706708500971 0.06330237263748922
263 0.25055095775545944 0.06317779354407925
262.5 0.24999573397487285 0.06290570379434
262 0.25082030348641116 0.06332694894846624
261.5 0.25030448077694994 0.06306422839171724
261 0.25033248341691783 0.0630741710403329
260.5 0.25009302495247426 0.06295649973272098
260 0.24905181550036642 0.06245152631436162
259.5 0.24954082688706236 0.06267041081039584
259 0.24969796374811118 0.06275309380345243
258.5 0.24952897461803727 0.06267712629945278
258 0.24857908173324156 0.06221112655258834
257.5 0.24855241815304896 0.06218219511361103
257 0.2487128399929187 0.062284592545566946
256.5 0.2480610743914536 0.061957988910530774
256 0.2484554336804456 0.06213861942169489
255.5 0.2476805110574523 0.06175536096018215
255 0.248379690966924 0.062100726561998505
254.5 0.24807889725051455 0.06196040420222447
254 0.24786067480270563 0.061847378099255265
253.5 0.24789215533228048 0.06186565207880008
253 0.24755117023760345 0.06169380620568754
252.5 0.24741597769979512 0.061621955992385576
252 0.2471978489995846 0.061503756711929286
251.5 0.24710573869999092 0.06146739552787338
251 0.2468331549573749 0.0613362063890807
250.5 0.2469345925781601 0.061382180290951716
250 0.24658241060565153 0.06121323492698998
249.5 0.2460062612369282 0.06092534713385244
249 0.24576976500728384 0.060807666777239505
248.5 0.24588515738839373 0.06087445003552047
248 0.24634182000876365 0.06108251265558985
247.5 0.24574803046890376 0.060787576610512595
247 0.24537213394323054 0.060621695597881387
246.5 0.2451414109944949 0.06051399619994296
246 0.24531787815349937 0.06059427682640416
245.5 0.24471216813823346 0.06029541587448151
245 0.24512359614591525 0.06049287596949669
244.5 0.24499868988576454 0.06042600244968713
244 0.24446483508095362 0.060166479176579704
243.5 0.24435280251656122 0.06012791446752077
243 0.24420348904387157 0.06004099581851969
242.5 0.24356080135710034 0.05973614142259267
242 0.24386886206446126 0.05986499538311657
241.5 0.24374560824356384 0.05982803335470979
241 0.2439997471393489 0.05995028473502003
240.5 0.243873027153461 0.05988327623625078
240 0.24314221000343827 0.05952565755588544
239.5 0.24328916970381653 0.0596029135341346
239 0.24253055621316863 0.05922433097054269
238.5 0.24266721569644267 0.05929137870314674
238 0.24250879060120192 0.05922606058315617
237.5 0.24246904707076403 0.059204342349543415
237 0.24226074632599282 0.05909263138370154
236.5 0.24186346671549624 0.05891429424835491
236 0.24159799367052565 0.0587686089057485
235.5 0.24213640734865433 0.05903664692658853
235 0.24146077322971976 0.058691528689829124
234.5 0.24172689750520837 0.058825148286367285
234 0.24133964704246455 0.05864101272073753
233.5 0.2410271058141588 0.05848817668196028
233 0.2403405750354892 0.058153781979600534
232.5 0.24030347712384878 0.058149199485336395
232 0.24103005073959216 0.058494074355232385
231.5 0.24010086371278652 0.058039486039790325
231 0.2393165249775552 0.05767616364995827
230.5 0.24004441323395934 0.05802239750668208
230 0.23954193906112015 0.05777388064631376
229.5 0.23923815862278192 0.057639795791743074
229 0.2385866705433566 0.057318006849522526
228.5 0.23919850746975532 0.05762504335695634
228 0.2391853038265463 0.057584331252364285
227.5 0.23856818562755794 0.05730510876463687
227 0.2380064288158447 0.05703614867193283
226.5 0.23837718596868268 0.05723118377019693
226 0.23838324855312001 0.05722127054884031
225.5 0.238650236615587 0.05735942985878169
225 0.23783889004444747 0.0569732753195916
224.5 0.23716466756941965 0.05664209768534018
224 0.23723570422561727 0.05667527426321474
223.5 0.23719798669335368 0.056655166155336584
223 0.23702243849273283 0.05657472282282774
222.5 0.23687069515391898 0.05649672190798353
222 0.23695882873497953 0.056527180426313446
221.5 0.23588321307696533 0.05603528064491237
221 0.2357370030413821 0.05595739482303336
220.5 0.2356454693278149 0.055916836530881885
220 0.23564597393603265 0.05592192789419765
219.5 0.23551385821692625 0.055861578761044264
219 0.23505630384921594 0.05563218365948039
218.5 0.2347935241095426 0.05551808521629072
218 0.23489835448257204 0.05557807885343212
217.5 0.23464750927031722 0.05544793401878216
217 0.2346123746390032 0.055441327695367526
216.5 0.23415050355097417 0.05522484815138771
216 0.2344210468002833 0.0553542065065318
215.5 0.23358975550469235 0.054956397016106516
215 0.23361847376533587 0.05497290434551826
214.5 0.23344665405275836 0.05487606447282491
214 0.23319631786085326 0.05476701779148521
213.5 0.2333642321466627 0.054848029275327774
213 0.2326403147868795 0.05450401309908247
212.5 0.2325483028139645 0.05445557091358603
212 0.23187104974549633 0.054147576493822736
211.5 0.2322922371419325 0.054329581039886846
211 0.2313444676208606 0.05390403164734291
210.5 0.23178690165259747 0.05411154424907666
210 0.2314683934803074 0.05395946442240392
209.5 0.23145541963981836 0.05395636430545224
209 0.2308860445746625 0.053695720175562824
208.5 0.23059991331680207 0.053557804773653475
208 0.23043855234012905 0.05350062373033439
207.5 0.2305483384644042 0.05353946412991374
207 0.2305330857781565 0.05352372301083495
206.5 0.22956549514440752 0.05308613332048532
206 0.22982108805501203 0.053191451301716514
205.5 0.22952126215498211 0.05304960729792017
205 0.22865429533015094 0.05265061121611505
204.5 0.2287455070224856 0.052708546198251376
204 0.22906777158802882 0.05284406331515463
203.5 0.22848165824784752 0.05258064618118205
203 0.22803765119516223 0.052379091616660656
202.5 0.22830087337006297 0.05250637807080031
202 0.22833369533055273 0.05251751582698918
201.5 0.2278168120200283 0.05227767559582348
201 0.2272966624670865 0.05205172253858706
200.5 0.22669415321547107 0.051759420888580196
200 0.2271246045686248 0.05196592171170554
199.5 0.2266044725790849 0.05172149234445095
199 0.22583845346744938 0.0513746340054371
198.5 0.22569226489236988 0.051306895673728564
198 0.2257437263496848 0.051332779281517825
197.5 0.22617213984908296 0.0515317015394829
197 0.2254587431048206 0.05119946256507754
196.5 0.2252097675710625 0.05109821403389422
196 0.22494889583459474 0.050973848153893185
195.5 0.22458698810167643 0.050824883829690665
195 0.22441419133656604 0.050733717497000876
194.5 0.22411970680150206 0.05059860417845293
194 0.22390843694014592 0.05049309161014345
193.5 0.22443407247949101 0.05073129984572614
193 0.2237000191440875 0.05041210477602209
192.5 0.22369143988654602 0.05040384725588019
192 0.2235278795594701 0.05033558947696126
191.5 0.22320445662331756 0.0501847578602361
191 0.2225589588562626 0.04990101752753525
190.5 0.22256997505202675 0.0498977708863133
190 0.22222506957985572 0.04974421062666792
189.5 0.22190171041087983 0.049616439965663464
189 0.22167042164543932 0.04951722164958669
188.5 0.2211148205220211 0.049244773540435605
188 0.22078424387313697 0.04910394742305076
187.5 0.2206724207656641 0.04906543333720054
187 0.22033614922180605 0.048916613566137884
186.5 0.22035830908671442 0.048923453686424846
186 0.21972393503964738 0.048652818159908434
185.5 0.21920363664655373 0.04841871806855416
185 0.21918269179209346 0.04840281142972779
184.5 0.21907773764292393 0.04835944818087954
184 0.21868718135980683 0.048188664699872645
183.5 0.21844242576301828 0.048079960426757044
183 0.21803611099766976 0.04789929680865015
182.5 0.21826132526464895 0.04799398578792376
182 0.21775211935928931 0.0477774209675653
181.5 0.2167964694895779 0.047358487179460215
181 0.21690178335939034 0.04740430675394546
180.5 0.216964592520668 0.04743690980183315
180 0.21732566839021894 0.04759557687937403
179.5 0.2170320174499954 0.04745916171304777
179 0.21538217887305455 0.046747141362581554
178.5 0.21609865328546507 0.04704849791125661
178 0.21547840511617775 0.046781535205453494
177.5 0.21558033223041884 0.04683012874334709
177 0.21544933985462159 0.046784456967056416
176.5 0.2146996648402079 0.04645978271832329
176 0.21449947299220037 0.046355748635475966
175.5 0.21403175781588898 0.046164319604428135
175 0.21359087262702708 0.045965054612274854
174.5 0.21357152013629274 0.04597095764881494
174 0.21338321091587723 0.04588239016518598
173.5 0.21227419972043052 0.045403800995054824
173 0.21264707652748263 0.045559078787618196
172.5 0.21226786202736417 0.04540010034855235
172 0.2122879839227914 0.04541529432774797
171.5 0.211774962372547 0.04519815033244054
171 0.21130577065050388 0.04501014280249096
170.5 0.21099416575368274 0.04486572052087702
170 0.21052778909451392 0.044675458837897385
169.5 0.21113118194869293 0.04491667559733897
169 0.2103903837883602 0.04459848688831709
168.5 0.21015882285047754 0.04451072195807216
168 0.20955427680382077 0.04424545876957486
167.5 0.21045123612261868 0.04461909840387796
167 0.2094270896626248 0.044196093222642625
166.5 0.20855968202254374 0.04383435536724721
166 0.208162385294203 0.04366946855222717
165.5 0.20817572635888512 0.04368026437182097
165 0.2081382721696734 0.04366939177166284
164.5 0.20833046947449424 0.04373793690227497
164 0.20732697064957797 0.04332411408268203
163.5 0.20706361205601725 0.04320662819206465
163 0.2077163752285093 0.043488889329693386
162.5 0.20643850337269562 0.04294683880258219
162 0.20602182004271638 0.042780497909147445
161.5 0.2056714986673193 0.04263195455945399
161 0.20501752238376295 0.042361120622004596
160.5 0.20499161658376022 0.0423646513276413
160 0.20507930069969163 0.04239041835606594
159.5 0.20418452190923195 0.042022173287596484
159 0.20392012175563598 0.04190414747437031
158.5 0.20347363955218367 0.04173542966669111
158 0.20338074105802256 0.041705578472998946
157.5 0.20325009912055264 0.041641557950413174
157 0.20297854188004621 0.04153166745872724
156.5 0.20238583056361562 0.041292400752298786
156 0.2023560918585297 0.041273617398790895
155.5 0.20167342504589197 0.04099459076745823
155 0.2016701982337587 0.04098543594039665
154.5 0.20172680178273186 0.041021942399580597
154 0.20114708001414563 0.040786175512899356
153.5 0.20056890317904974 0.04056117110729862
153 0.1998136692052762 0.04023584879419635
152.5 0.19969029107534464 0.04020358545771841
152 0.19960750601283692 0.04016139314013307
151.5 0.1990212507045856 0.039931108721326096
151 0.19791047632634934 0.03947583923420633
150.5 0.19857076098273296 0.03974346272315824
150 0.1975082286264072 0.039336204872264406
149.5 0.19769372578610062 0.039390838416432684
149 0.1970239690859697 0.039133203520098546
148.5 0.19666092465681587 0.03900044579510911
148 0.1970165088093655 0.03912044355045243
147.5 0.19560371532704235 0.03857228968196541
147 0.19598031637844568 0.03873026031378882
146.5 0.1951493864511716 0.038399292009545456
146 0.19518412694435924 0.038398192904194106
145.5 0.19443131265978336 0.03809776920405325
145 0.19458910047881686 0.03817598913838333
144.5 0.19426125461931482 0.03804442832158634
144 0.19377606665572808 0.03784633107851201
143.5 0.19326413386534708 0.037665209469839915
143 0.19323363983193578 0.037637407310664145
142.5 0.19266924836427743 0.03742972700463217
142 0.19240850132909862 0.03731651751664915
141.5 0.1925829803452917 0.03738908305454883
141 0.19224906441633796 0.037274421056012357
140.5 0.19173803520322594 0.03706894508937623
140 0.19053426358930242 0.03660793488514128
139.5 0.190209680280783 0.036472255915982674
139 0.1900661354618413 0.03642875663547337
138.5 0.18931641189302578 0.03613779813961811
138 0.18994867965380546 0.03638275817122891
137.5 0.1885903115447246 0.03586727657127492
137 0.18855832589640864 0.03585161608109358
136.5 0.18799768359435917 0.03563760242578471
136 0.187524674146094 0.03546037164671819
135.5 0.18730021637001854 0.03537171986327933
135 0.1870197631270218 0.03526144169731681
134.5 0.18635219761617794 0.03501120010540332
134 0.18606116292096112 0.034902462644785096
133.5 0.1857125666422956 0.03478077485816246
133 0.18550450783710026 0.0346961758306008
132.5 0.1847787327850842 0.0344311812550071
132 0.1845297357328431 0.03433668694466689
131.5 0.18383117132956717 0.03407747424692663
131 0.18367883574327518 0.034014374484728126
130.5 0.18322107161857037 0.03384993330875335
130 0.18226978540574248 0.03349217670600347
129.5 0.18221584116673115 0.03348371680962565
129 0.18238821518685516 0.033546412429381126
128.5 0.18165300548924346 0.03327957396766014
128 0.18065449663494693 0.032917346307461084
127.5 0.1802626271916635 0.032757960653297516
127 0.1804190167516024 0.03281962437560479
126.5 0.1800611829328403 0.03269457469779175
126 0.17948303478724068 0.032495105285466466
125.5 0.17951378389576944 0.03248552929100174
125 0.17834086294704146 0.03207727558715616
124.5 0.17848227515176168 0.032125167816742434
124 0.17766447972827018 0.03183533612698075
123.5 0.1769809671024549 0.03159015170529223
123 0.17747290956098782 0.03176050714436315
122.5 0.17622624742005652 0.03132588229308993
122 0.17621401439131731 0.03131432575018295
121.5 0.17518426495932127 0.030955669610315113
121 0.17488281593420418 0.03083594029826458
120.5 0.17427019168247332 0.030630754990255284
120 0.17453227236100574 0.03072641482873099
119.5 0.17413043271802386 0.030575532480770582
119 0.17322946047872329 0.03026237572296625
118.5 0.17272653402928456 0.030088660817591827
118 0.17289196323893125 0.030150702606401986
117.5 0.17118893735841503 0.029559938086053842
117 0.1713134853847717 0.029607233815709927
116.5 0.17063439979284492 0.029365246899639746
116 0.17031118074565774 0.029258344268477548
115.5 0.17019944826546557 0.029218481657764576
115 0.16945028995953745 0.028963122937620805
114.5 0.1690357018904199 0.028809273487386943
114 0.168363814453282 0.02859637829614837
113.5 0.16788072608180682 0.028431071455038825
113 0.16734317234130103 0.028243322578361298
112.5 0.16660888033156068 0.02800193782260271
112 0.16700473008445973 0.028131061418911488
111.5 0.16618127884297312 0.027868775966819165
111 0.1658641577290766 0.02775219829580075
110.5 0.16492225145513056 0.02743589689090842
110 0.16461659788800764 0.02733391676016745
109.5 0.16352208596454612 0.02697265339188267
109 0.16372459021466096 0.02703892022534365
108.5 0.16322918688156982 0.026884467126901068
108 0.1620630200162154 0.026488025585201722
107.5 0.1620410450266822 0.026487513512207427
107 0.16186840506955932 0.026437867558083993
106.5 0.16149872939009718 0.026311529177216554
106 0.16065433693885312 0.026037011731257897
105.5 0.1605549397008031 0.025998845641339384
105 0.15974860186742534 0.02574877676784335
104.5 0.15907308147984384 0.025524389680650048
104 0.15836471351008474 0.02530562332044158
103.5 0.1575871733649062 0.02505653365939878
103 0.15715231774383928 0.024919001842776154
102.5 0.15699119015291377 0.024868076366791822
102 0.15620497603207228 0.02460888564025126
101.5 0.15501061960205315 0.024242369810194155
101 0.15575222520461818 0.024475339870800684
100.5 0.15508219627771289 0.024252507641495617
100 0.15435243999684603 0.024043234271019398
99.5 0.1540330277898877 0.023935891635633123
99 0.15350747000751597 0.02377682835785712
98.5 0.15289479988212182 0.02358940824749153
98 0.15224271509788628 0.02338590657649823
97.5 0.15198110931920555 0.023313100311597407
97 0.1515181986073124 0.02315812565668942
96.5 0.15050833842803577 0.02285213679160386
96 0.15042046311640883 0.022833069392439332
95.5 0.14955502203589452 0.022567689311866857
95 0.14938690409532338 0.022522669882074686
94.5 0.14827837954586728 0.02218451585705804
94 0.1479466867493889 0.022087457440395978
93.5 0.14710517732892794 0.021836412956307664
93 0.14643743963261582 0.021635744898338468
92.5 0.14614972677599325 0.021544026769945046
92 0.14549932455665415 0.021366015240734528
91.5 0.14452519759415897 0.021073929377941066
91 0.1447681562001791 0.021150517237162398
90.5 0.14404871739653582 0.02093315876691858
90 0.1428476686775552 0.02059194389585771
89.5 0.14283541955730142 0.02058724940581899
89 0.14249946876929687 0.020494593834764024
88.5 0.14195549911174066 0.020335585774802413
88 0.1407405585003319 0.019984840957073396
87.5 0.14059124559527214 0.01994614799580664
87 0.1400043950013088 0.019775427551387753
86.5 0.13937987357669757 0.019606640744318886
86 0.13912397701246507 0.01953098233591103
85.5 0.13818856902960763 0.019269055667559497
85 0.1374495624037322 0.01906734331048938
84.5 0.13728670034474072 0.01902648405730974
84 0.1360924436360104 0.01868765883404865
83.5 0.13539472223671972 0.018498344672175877
83 0.13470958724280388 0.01831709874136444
82.5 0.13405834472849212 0.01813462529501314
82 0.13459748497445564 0.018281404930211343
81.5 0.133299864232344 0.017928667728204135
81 0.13279514860455235 0.017789511473458586
80.5 0.13257406066900515 0.0177452551874552
80 0.1314716644050244 0.017447640290207445
79.5 0.13076774661671597 0.01725533203026426
79 0.13028659219798808 0.017131323339889537
78.5 0.12966220791722533 0.016974997272272092
78 0.12880191509005134 0.01674534181446279
77.5 0.12825607923761112 0.016600743695869568
77 0.12710849823750056 0.016309430105724217
76.5 0.12745332922538283 0.016394615626137435
76 0.12682236816674036 0.016240154095136686
75.5 0.12558900780552684 0.015917049164595763
75 0.12417083535950957 0.015565371890854744
74.5 0.12453173052533292 0.0156497086020272
74 0.1235852619953231 0.01541917618711013
73.5 0.12317854190615435 0.015316486611021841
73 0.12263677250847226 0.015183207480120798
72.5 0.12185747984463782 0.014989770063677176
72 0.12129673262163075 0.014847633117649412
71.5 0.1203877752560364 0.014622819475653658
71 0.12021668001809865 0.014585963799003721
70.5 0.11892442405330249 0.014286499767257837
70 0.11831522452382197 0.014124934860922481
69.5 0.11825324225881179 0.014115291148165053
69 0.11740156841690391 0.013909451695629656
68.5 0.11606211950126849 0.013591413815708608
68 0.11581313895571002 0.01353683243628108
67.5 0.11516923786517463 0.013379591088354775
67 0.11432312044798823 0.013193205702464081
66.5 0.11435945209370464 0.013200130292042138
66 0.1131485256947528 0.012917991759470998
65.5 0.11188558984805715 0.012629346281058268
65 0.11196442273758336 0.012651182733861042
64.5 0.11094468531788236 0.01242391134616575
64 0.11034738693433105 0.012293728522076951
63.5 0.1094808631078154 0.012095638935665658
63 0.10962544225589844 0.012129428262842657
62.5 0.10829021190573725 0.011835656369267724
62 0.10768381902683202 0.011708503585689065
61.5 0.10698232314715787 0.011552436341191448
61 0.1057358661835635 0.01128381132233934
60.5 0.10553293345757155 0.01124187747475041
60 0.10484748883618547 0.011098613315232517
59.5 0.10454325828745227 0.011037070294027002
59 0.10273692455657038 0.010652834413223481
58.5 0.10214299660068356 0.010537209919049825
58 0.10152025978175586 0.010403570159256933
57.5 0.10101823770354845 0.010302993950380578
57 0.10024027714481 0.010146375382235031
56.5 0.09970603534033627 0.010034924081205772
56 0.09928747122058533 0.009947276470552607
55.5 0.09832689957636218 0.009751216304584143
55 0.09752214690108513 0.009600080321931938
54.5 0.09692484662675384 0.00947909219768331
54 0.09619179107996176 0.009339118225393354
53.5 0.09549138757064826 0.009200291499000101
53 0.09464036261131906 0.00903863354403915
52.5 0.09438411182774362 0.008994777247279723
52 0.09269135367477153 0.008670088881809812
51.5 0.09286843376324293 0.008700167675276054
51 0.09157499917386078 0.008466731345064572
50.5 0.09084187102265698 0.008332704987158669
50 0.0895525935724851 0.008091398704056197
49.5 0.0892219514323932 0.008031405873232094
49 0.08832055145255996 0.007874222857712996
48.5 0.088234001227976 0.007853928188848574
48 0.08676629257741247 0.007602255747323813
47.5 0.08619626617524465 0.007498510473522778
47 0.0855273201572751 0.0073848886280968385
46.5 0.08515187313340433 0.007315882143616741
46 0.08434378625549409 0.007181851312463084
45.5 0.08287041740791232 0.0069335480151251575
45 0.0822730373298738 0.006831877117899091
44.5 0.0813672773875784 0.006679043002656223
44 0.08117890806127098 0.006648581940267502
43.5 0.08041523350225459 0.006523060875129275
43 0.0788580757167407 0.006278697930627183
42.5 0.0787301514232453 0.006255687813794842
42 0.07741276190590887 0.006045852850634122
41.5 0.0769169417330896 0.0059678152796009964
41 0.07625756663560172 0.005868667303216691
40.5 0.07523268460249359 0.005711755139520847
40 0.0743036545833052 0.005568877538756697
39.5 0.07395047481947122 0.005519921575473471
39 0.07272025329003852 0.005335453132790642
38.5 0.07202577003446718 0.0052411279789316085
38 0.07114221488585352 0.005111103102050032
37.5 0.07019132623989625 0.004971491724080151
37 0.06980992372172086 0.004916960332754115
36.5 0.06901847748642956 0.004804771056999575
36 0.068014314758033 0.004667509754956906
35.5 0.06725147904390469 0.004560980130833719
35 0.06680440646882471 0.004499910286635017
34.5 0.06573336337499958 0.004360792808281781
34 0.06463486518923922 0.004214693858455034
33.5 0.06455975649186192 0.0042049663996798015
33 0.06341643905342456 0.00405791373114458
32.5 0.062262138083144895 0.003913643624154913
32 0.061852966950862266 0.0038598337731937807
31.5 0.06097527711976268 0.0037503110047423815
31 0.05962383972446685 0.0035856877432475292
30.5 0.059003182448811135 0.0035129921348936223
30 0.057957590519727216 0.0033912317880046864
29.5 0.05724225101309383 0.003304409320358355
29 0.05606546409859363 0.003170846144185978
28.5 0.05567587304682606 0.0031270915329447988
28 0.05478261215118812 0.0030307961440848895
27.5 0.05403244189066491 0.0029450859231161595
27 0.053097956731522754 0.0028450262108182167
26.5 0.052453299246177046 0.0027738940600319103
26 0.051727206877005334 0.002698487049660545
25.5 0.050551921414403275 0.00257798906394792
25 0.049940974995509424 0.0025144474563701075
24.5 0.048989709553942905 0.0024182567325482713
24 0.04820239717469642 0.0023438127265178687
23.5 0.047756969029761495 0.002299539654967462
23 0.046423352545104844 0.0021714767581824494
22.5 0.045881323789229 0.0021209568186200487
22 0.04505108885448591 0.002046959210454343
21.5 0.04430962817417343 0.0019789054529388956
21 0.043541689597521575 0.001910733050089325
20.5 0.042216394723242505 0.001795601139265843
20 0.04185963069955645 0.0017645304911592754
19.5 0.04070729932944869 0.0016693409415433525
19 0.03984162951186463 0.0015982851345806455
18.5 0.03914947670209279 0.0015442558723487369
18 0.03865979595317734 0.001504564873683688
17.5 0.037685961243508814 0.0014304154748858578
17 0.03669469221056455 0.0013557709503679695
16.5 0.035922640116558685 0.001298629460596996
16 0.03545623191407209 0.0012648795434798328
15.5 0.03468914812655649 0.0012107288480466636
15 0.03381403774236189 0.0011497014507448678
14.5 0.03290270398627153 0.001088429047869361
14 0.03197746663580351 0.001027653650491617
13.5 0.031738995960397524 0.0010119458081262304
13 0.030910854182011494 0.0009604295392543483
12.5 0.030381392461721928 0.0009278683651146665
12 0.029444462433476995 0.0008705316756519718
11.5 0.02882727268988609 0.0008345992324615572
11 0.028111730561666146 0.0007932651245883146
10.5 0.02752354617874193 0.0007603970149752011
10 0.026837917193067506 0.0007227385516483729
9.5 0.026312143395886462 0.0006944849493578737
9 0.025790786744297273 0.0006673311813468215
8.5 0.0250475102574585 0.0006290511907134509
8 0.02451213288666716 0.0006022718073614984
7.5 0.02388686476900791 0.0005716869284181222
7 0.02344889153175369 0.0005508828226991231
6.5 0.022835507392192884 0.000522253364969104
6 0.022444132232888266 0.000504405957696821
5.5 0.021943056349015347 0.00048205880216825613
5 0.021534427736170078 0.00046409790234676904
4.5 0.021215987841866096 0.00045040640313521703
4 0.02087992686154508 0.0004361719097480453
3.5 0.020522700343471773 0.00042130716618605835
3 0.020316650815649047 0.00041287430082001335
2.5 0.020076538907266083 0.0004031182699581433
2 0.019892872361148742 0.0003957547988761241
1.5 0.019727095997248097 0.00038917016204550423
1 0.019595191952597655 0.0003839757142890856
0.5 0.019507141836388655 0.00038052907522510534
