1000 0.6452834840346673 0.4168914679859213
999.5 0.6452680792073268 0.4168782572770442
999 0.6451305780521406 0.41670580149899245
998.5 0.6453103829194724 0.416923585513892
998 0.6454930007524318 0.41717060893305596
997.5 0.6461189573325843 0.41796830910411037
997 0.6455200811180053 0.4172025166817431
996.5 0.6454495469928262 0.4171208808822041
996 0.6451457230994113 0.416725604047913
995.5 0.6453813060548973 0.41703004726499265
995 0.6454340436236674 0.4170778324046807
994.5 0.6451582421855693 0.41673859084428344
994 0.6454735560381858 0.4171420247770641
993.5 0.6448725948958488 0.41635828163489236
993 0.6446964352030603 0.4161407665294499
992.5 0.6455442024603932 0.41724359194383276
992 0.6451890988086394 0.41677875361301836
991.5 0.6451485868185577 0.4167199099101771
991 0.6452039809669055 0.4167887229573403
990.5 0.6453747944137872 0.4170162081198172
990 0.6451165217364616 0.4166853696652433
989.5 0.6452540290697841 0.416856999209707
989 0.6453639258826864 0.4169985087987234
988.5 0.645078124797437 0.4166421248347406
988 0.645158139728849 0.4167316628285159
987.5 0.6450566699042287 0.41661747354318096
987 0.6450495213317186 0.4166143189105569
986.5 0.6452335788299041 0.4168289168266918
986 0.6451083938434058 0.416673373347517
985.5 0.6450254774057151 0.41657683799813383
985 0.6450420921989818 0.4165853665032692
984.5 0.6453298350420762 0.4169560669419267
984 0.6450089092170955 0.41654343378047487
983.5 0.6455452834673301 0.41723859558175713
983 0.6455324816372326 0.4172160877940007
982.5 0.6455828285038863 0.41727978541431643
982 0.6450350052446789 0.41658434167250186
981.5 0.6449553841329733 0.41647590215455665
981 0.6450275429458928 0.4165634009491782
980.5 0.6450899588735798 0.41664947379437617
980 0.6448570714800163 0.41636115608842506
979.5 0.6450865544414752 0.4166456009901243
979 0.6448141183866235 0.4162989972115093
978.5 0.6455082149207826 0.41718101796677
978 0.6451328703254808 0.4166956302717809
977.5 0.6451025887777021 0.4166614636238756
977 0.6452476408377967 0.41685058205657033
976.5 0.6450566279309314 0.4166107345142429
976 0.644559148226663 0.4159595330190086
975.5 0.6454057241705154 0.4170640963584128
975 0.6447318156136689 0.4162019838362684
974.5 0.6451370429079267 0.41670986604524185
974 0.6440877604008628 0.415355277991225
973.5 0.6452751762447985 0.4168853994272677
973 0.6450182582985146 0.4165469377262876
972.5 0.6443996907208506 0.41576384217181406
972 0.6450231037145924 0.4165658724699939
971.5 0.6448799171707046 0.41637721578566284
971 0.6444244748691522 0.4157918013549823
970.5 0.6447936420939003 0.41626783076324564
970 0.644660018534931 0.4160965853156664
969.5 0.6446868611707446 0.4161363626576518
969 0.6448550073733433 0.4163410595930448
968.5 0.6448015028947879 0.41627522247305604
968 0.6449149977055201 0.4164293800587769
967.5 0.6443735206850147 0.4157324047014376
967 0.6445371251031806 0.4159307526615592
966.5 0.6446660871571351 0.4161053909676457
966 0.6445358948385148 0.4159306647195339
965.5 0.64491112928339 0.41641660741067493
965 0.644992282497142 0.4165204559798122
964.5 0.6447117920789212 0.4161589005851691
964 0.6442911047011818 0.41562270152545056
963.5 0.6449330147068545 0.41645439064576284
963 0.6443655914560783 0.4157153852913455
962.5 0.6447527399966659 0.4162223294515993
962 0.6446061331039263 0.4160413543672089
961.5 0.6447100456402232 0.4161596958875495
961 0.6446839598131389 0.4161323349793649
960.5 0.6445517901684206 0.4159538648314929
960 0.6443401813999329 0.4156980454013089
959.5 0.6441764519744946 0.4154787976254029
959 0.644571227122095 0.41599026484925417
958.5 0.6443962570789442 0.41575781085864244
958 0.644379001982966 0.41572814232833993
957.5 0.644169063651542 0.41546180383059367
957 0.6438518889707512 0.4150658711760497
956.5 0.6451396145589138 0.41673539613673094
956 0.6440069196072403 0.41525190739907564
955.5 0.6447014916612237 0.41613780239106396
955 0.6447203338868516 0.41617269116415134
954.5 0.6442693052621584 0.41558529400458133
954 0.6439847529519688 0.4152192396063741
953.5 0.6442484532154829 0.4155754896698028
953 0.6448399872641858 0.41631049538608217
952.5 0.6439469551255351 0.4151774023618907
952 0.6442555906157269 0.41557980373387626
951.5 0.644681698924573 0.4161274725658166
951 0.6444930946949908 0.4158905593653637
950.5 0.6444791727307596 0.41587322967160884
950 0.6438166709385463 0.41501497802575743
949.5 0.6438388632573235 0.415048496465519
949 0.6440231859003098 0.4152694927756213
948.5 0.6440955427739058 0.4153569898197226
948 0.6444726362473763 0.4158650981758245
947.5 0.6439614247126787 0.415187461233247
947 0.6439913368782021 0.4152358897408785
946.5 0.6441191954631642 0.41540532937616803
946 0.6438798058860521 0.415083297241744
945.5 0.6440855769074468 0.41535917158801666
945 0.6442614967711304 0.41558112423036836
944.5 0.643695039156106 0.4148527591919432
944 0.644160212070829 0.4154556669828725
943.5 0.6440746063175546 0.4153560901834118
943 0.6441836765972316 0.41548215688653173
942.5 0.6441035626712914 0.4153770066183909
942 0.6439623498783174 0.41520991071688423
941.5 0.6446482590341064 0.4160791009158208
941 0.6437506955296515 0.41491566972698984
940.5 0.6439323630136751 0.41516511391173955
940 0.6442170496727815 0.41553492106136586
939.5 0.644202995891557 0.41549044308781924
939 0.6437146094287325 0.4148757762865275
938.5 0.6437245337291025 0.4148920068103743
938 0.6442123989061632 0.41550736164604507
937.5 0.6438235647706005 0.4150220230527885
937 0.6439659489316294 0.41520428210030813
936.5 0.6440538535764231 0.4153168007414613
936 0.6439755568026727 0.41521701454462906
935.5 0.6435873175831865 0.4147109791646096
935 0.6441547778526592 0.4154460556473532
934.5 0.6433918424315735 0.41447537475794377
934 0.6436953294318662 0.41485759511082804
933.5 0.6437592976603088 0.4149533350104915
933 0.6435092773141597 0.4146065754366792
932.5 0.6441915922704 0.4154705888566648
932 0.64362003471559 0.41476325180324297
931.5 0.6435844897969448 0.41471163006743017
931 0.643695170523835 0.4148461789121975
930.5 0.6444257826858524 0.4158043613159812
930 0.6434954069122942 0.41459950360355874
929.5 0.643611564205758 0.41476503706098944
929 0.6430869229189728 0.4140624383812357
928.5 0.6438488222618307 0.4150448112359145
928 0.6436346110307154 0.41478437311963406
927.5 0.6437535430120298 0.4149336811309894
927 0.6429881200529528 0.4139511266965008
926.5 0.6435570835920412 0.414675451696398
926 0.6436106203870718 0.4147569671407812
925.5 0.6433820387033866 0.4144457113704853
925 0.6436248387597846 0.41475933855037417
924.5 0.6432037655227963 0.41422720620427156
924 0.6433343775853223 0.4143855672911193
923.5 0.6436430535470888 0.4147918864311851
923 0.642687576730258 0.4135641056198397
922.5 0.6432411260795163 0.4142660079574114
922 0.6430543669693541 0.41401600712136216
921.5 0.6429514723954932 0.4139071988383758
921 0.6434448315637198 0.4145362868649052
920.5 0.6432776742692885 0.41432314529049385
920 0.6430618033122923 0.4140327282567731
919.5 0.6437995679588189 0.41498466747181556
919 0.6434796112728726 0.41457374392036267
918.5 0.6435695652498054 0.4146987160585572
918 0.6427984410036242 0.4136767722919461
917.5 0.6432830523282926 0.4143332290456634
917 0.642733924545413 0.4136280930562244
916.5 0.6431152352796835 0.4141080820400596
916 0.6426095716904964 0.4134740333759976
915.5 0.6434188684532118 0.41449914291566065
915 0.6429570435834017 0.41390343099069493
914.5 0.64336795372555 0.41441602321590054
914 0.6432203482279332 0.4142360734115195
913.5 0.6432282747514145 0.4142545842397701
913 0.6431616972458175 0.4141816612986045
912.5 0.6428671968909724 0.4137847162006758
912 0.6433933877015835 0.4144466562133728
911.5 0.6436659223430223 0.41480820126900436
911 0.6430908457459454 0.4140880831939392
910.5 0.643378135459813 0.4144467156717282
910 0.6425672923371719 0.4133969876393899
909.5 0.6432672242375391 0.414295780841705
909 0.6432314999670687 0.41425295246966803
908.5 0.6426510408347962 0.41350651068614885
908 0.6434044464904698 0.41447181243244346
907.5 0.6429047499476098 0.4138404697540455
907 0.643200877481635 0.4142203431596966
906.5 0.6431125275856924 0.414109321867592
906 0.6431089363293867 0.4140993380736842
905.5 0.6430059533106023 0.41396770812906236
905 0.6430740200094155 0.41405503845155545
904.5 0.6427113052396206 0.4135843132716333
904 0.6426547682718579 0.41351841988914523
903.5 0.6427179879007338 0.41359773761930585
903 0.6430726837298916 0.4140620304333843
902.5 0.6431752417615935 0.4141896987316765
902 0.6428341536499264 0.41374538771835967
901.5 0.6426609932011402 0.41351889945304837
901 0.6427760215788861 0.41367574512407923
900.5 0.6431474135670331 0.4141557790579925
900 0.6425920606077732 0.4134316083916485
899.5 0.6422737303169475 0.4130303759744943
899 0.642306922427012 0.41305802880036424
898.5 0.6430389802583143 0.4140146870215737
898 0.6426421093800933 0.4135037494271661
897.5 0.6425087184082484 0.4133299081356843
897 0.6424914235969895 0.41331713271299486
896.5 0.6426464223462415 0.4135066198216749
896 0.6425255555302006 0.4133484994352812
895.5 0.6429959041655525 0.4139578104632932
895 0.6424597647136893 0.41326633228761556
894.5 0.642838756353553 0.41375086069116596
894 0.6424708859477917 0.41328810003011524
893.5 0.6424335297807787 0.41323942525321977
893 0.6423577750107281 0.4131419133200577
892.5 0.642746107553835 0.41363484942160006
892 0.64240754847131 0.4131912923764415
891.5 0.6423673903990141 0.4131541831524631
891 0.6423402932704922 0.4131208499561661
890.5 0.6427388801760384 0.41363232441900744
890 0.6423634915511383 0.41314547832517845
889.5 0.6421561206569674 0.4128625847941943
889 0.6427046174381454 0.41357636224894506
888.5 0.6420110996185269 0.41268240759169966
888 0.6421025304787837 0.4128133795761417
887.5 0.6424221834034024 0.41322412366868366
887 0.6422229597647666 0.41296500743031345
886.5 0.641702893912652 0.4122973902919
886 0.6424019916290856 0.4131975695235443
885.5 0.6420525109130082 0.4127277030514276
885 0.64217263644201 0.4128926711166734
884.5 0.642042040495982 0.4127287087215906
884 0.6421510011863442 0.412877977682081
883.5 0.6422091743913324 0.4129612689096553
883 0.641978118310894 0.41264204643465796
882.5 0.6424204798075712 0.4132154583480376
882 0.6421584631461312 0.4128663306216102
881.5 0.6422237190743634 0.41295504542692857
881 0.6423064964275882 0.4130778894325795
880.5 0.6420908292908186 0.4127874329151602
880 0.6423540091368819 0.41313693258863604
879.5 0.6414676165423924 0.41199386655599923
879 0.641817570106523 0.4124375399056875
878.5 0.6425097573128727 0.41334091807464624
878 0.641780023883759 0.4123993771969518
877.5 0.641486975088778 0.41201533626388487
877 0.6419953427533773 0.4126779872572035
876.5 0.6416939024778383 0.4122774933170175
876 0.6420206457910537 0.4127021299756693
875.5 0.6416278308547779 0.41220027266787307
875 0.6415609552020138 0.41211691117097815
874.5 0.6414178982484293 0.4119123252304354
874 0.6421437195684399 0.41285687891684947
873.5 0.6416316512912393 0.41221951255564687
873 0.6416248244554301 0.4121905271518719
872.5 0.641726025933637 0.412340586493826
872 0.641736542648904 0.412329471697879
871.5 0.641857049993479 0.41249521353131147
871 0.6416399047026353 0.412214220998706
870.5 0.6415720603116841 0.4121236959337054
870 0.6415888137057887 0.41215664713057704
869.5 0.6418398583570157 0.4124784019299669
869 0.6418293351260184 0.41245072791973814
868.5 0.6419591831512235 0.4126161479736733
868 0.64205709957724 0.4127554935356331
867.5 0.6414731284377501 0.41199417322413806
867 0.641711815967114 0.4123146985842271
866.5 0.6416626299887666 0.4122383849345314
866 0.6414351919264211 0.4119560532346164
865.5 0.6411251461715766 0.411554378896208
865 0.6417254221216965 0.41230891853128476
864.5 0.6413483632581983 0.4118376235688731
864 0.6418798052821035 0.4125124877196482
863.5 0.6416953911366728 0.41229578268961853
863 0.6414271589120386 0.41193369413292064
862.5 0.6418357000076835 0.41247038930540475
862 0.6417637874606739 0.4123783433034179
861.5 0.6409039481013991 0.4112609497832978
861 0.641466375356325 0.41198470236800716
860.5 0.6411972200804683 0.41164451322934664
860 0.6416554141480052 0.41225289456965586
859.5 0.6410125145465551 0.41141148420548523
859 0.6414870420307919 0.41201958554221585
858.5 0.6411514138831022 0.4115895246099204
858 0.6414863502304696 0.4120188403804345
857.5 0.6408797253402088 0.4112408092016621
857 0.641528107371686 0.4120700695916216
856.5 0.6411554987321916 0.4115820830189736
856 0.6407225315922939 0.41102547870409123
855.5 0.6411842930199927 0.41163730449698516
855 0.6407545687850591 0.41107765365424853
854.5 0.6409558355401125 0.41132381565329873
854 0.6409429691498171 0.4113158354052637
853.5 0.6414492933811644 0.4119663023131581
853 0.6410529866155675 0.4114591114471441
852.5 0.6414307412785387 0.411953869375248
852 0.6408771238819334 0.41123905312365805
851.5 0.6408563323580941 0.4112085798959042
851 0.6409181763014523 0.41129283376959924
850.5 0.640952545324349 0.41133550412552056
850 0.6409846140438642 0.4113722425233848
849.5 0.6407685243668575 0.41110377057197756
849 0.6410102034146128 0.41140713793011846
848.5 0.6407531275225236 0.4110797068888986
848 0.640881215792995 0.4112430052438678
847.5 0.6416044978882118 0.412153999114249
847 0.6414348837037309 0.4119624919800451
846.5 0.6411525347319355 0.4115857165833217
846 0.6407686014524713 0.41108790792751987
845.5 0.6413232373681917 0.41180907114680554
845 0.6407824976968667 0.4111175071294366
844.5 0.6413031661083004 0.41178418300909203
844 0.6406201582944508 0.41091549808552885
843.5 0.6409553488744971 0.4113343471522503
843 0.6410918342754066 0.41151639723961964
842.5 0.640515302900977 0.41078071283831463
842 0.6411881421405574 0.4116416319960647
841.5 0.6408444940247552 0.41119710472447013
841 0.6407241792815747 0.4110367171758864
840.5 0.6409407038211551 0.41132113518110525
840 0.6407075750665963 0.4110065096350678
839.5 0.6404324265911845 0.41067777637247976
839 0.6406183560464044 0.41091178636083453
838.5 0.6405334757739135 0.4108025784805582
838 0.6409731466202213 0.41137668460080085
837.5 0.6405307045920045 0.4108010685456293
837 0.6403767894832952 0.41058998552978204
836.5 0.640725173597823 0.4110451498648582
836 0.6404154520655222 0.4106571245150518
835.5 0.6400655010107619 0.4101954142205531
835 0.6405353354706549 0.41079905328951166
834.5 0.640914436957507 0.4112754303101975
834 0.6400507398823954 0.4101723156522729
833.5 0.640719542262603 0.4110383532272408
833 0.6405878703435637 0.4108573684407389
832.5 0.6405340030576366 0.41081029131271224
832 0.63997148972836 0.4100772304104057
831.5 0.6402061946121996 0.41039353720124155
831 0.6405679278945544 0.41084824509352547
830.5 0.640059382033818 0.4102006099772099
830 0.6402260971292483 0.41040785015337755
829.5 0.6399839313512375 0.4100850900286547
829 0.6403304304426982 0.4105392882040247
828.5 0.6397129859215545 0.4097354552714149
828 0.6401375417266888 0.4102917231936898
827.5 0.6399938015583726 0.41011683426671625
827 0.6407660335686591 0.4111084437650232
826.5 0.6400300697076453 0.4101501263992741
826 0.6402810057375969 0.41048810628784554
825.5 0.6404946347754745 0.41075554852578755
825 0.6397165326483361 0.4097491465534372
824.5 0.6402362538410284 0.41040083357900703
824 0.6403624816034444 0.4105781977979633
823.5 0.6401925046826555 0.4103530242630875
823 0.6399653947075671 0.4100679995355773
822.5 0.6402209218926384 0.41039125895253786
822 0.6401000980235727 0.41025347350558133
821.5 0.6402536227744013 0.41044621964230726
821 0.6397448671441599 0.40978383525580564
820.5 0.6398134926420481 0.40988374279641393
820 0.6401955226442247 0.41035762434804446
819.5 0.6395334056379509 0.40952118934281984
819 0.6397204465777007 0.4097617155227567
818.5 0.639349349938433 0.4092836435982806
818 0.640271484979349 0.41046571912583835
817.5 0.6396852574454642 0.40972283482761274
817 0.6399452681075859 0.41004041006819475
816.5 0.6396956808053927 0.4097346640513531
816 0.6401920174087427 0.41036133177326
815.5 0.639270818905735 0.40918187696885916
815 0.6396800801937202 0.4097086009972546
814.5 0.6396493343878136 0.40967395647863775
814 0.6396791414712262 0.4097179216067888
813.5 0.6400445897599453 0.41017596070294915
813 0.6393500276382491 0.40928608916671955
812.5 0.6398995493629941 0.40997980134933776
812 0.6397543489460731 0.4098109154198235
811.5 0.6390283274366947 0.40886543664674835
811 0.6394724316882486 0.4094325684465888
810.5 0.6395894672028795 0.40959990054398154
810 0.6394851395763409 0.4094485602616465
809.5 0.639946952665614 0.41004401798894685
809 0.6398662635774605 0.40994438856918014
808.5 0.6399999446997002 0.41011100675437845
808 0.6396191700399737 0.4096384992437362
807.5 0.6391670228161944 0.40904811021262477
807 0.6395015761628213 0.4094812818916357
806.5 0.6392946631037609 0.4092115336475284
806 0.6389100956968364 0.4087185063675652
805.5 0.6389186855717065 0.4087280682073678
805 0.6397319611951172 0.40977418782115854
804.5 0.6390683794573336 0.4089292101360529
804 0.639437438898394 0.40940476198701814
803.5 0.6393110965006599 0.4092260804275774
803 0.6385124128524591 0.4082084268073161
802.5 0.6394757492700188 0.4094268245933184
802 0.6391991349268621 0.4090861995172692
801.5 0.6396877560608397 0.4097254504357613
801 0.6394020987213973 0.4093577403230095
800.5 0.6390939622645463 0.4089466526022093
800 0.6389649907326828 0.4087807700425785
799.5 0.639061916854926 0.4089040643478946
799 0.6396178186377837 0.40961711882203916
798.5 0.6391532174543447 0.4090398795869685
798 0.6393040098217185 0.4092258829847066
797.5 0.6388655296416554 0.4086582227270256
797 0.6394282425118828 0.4093775324961049
796.5 0.6389600840429536 0.4087884829520118
796 0.6392442371141827 0.4091486694287377
795.5 0.6390570875521479 0.4089103019920852
795 0.6384240697611306 0.40811493519003494
794.5 0.639023873731296 0.40887710130103216
794 0.6388498920771695 0.40865221221339804
793.5 0.6386957943571128 0.4084524165937246
793 0.6385410549320943 0.40824645525477665
792.5 0.6390611523346477 0.40891357527896555
792 0.6385973595452135 0.4083224429250143
791.5 0.6385979861470953 0.40833282302427065
791 0.6388043026638217 0.4085998489184319
790.5 0.6383111328280933 0.40795885845654045
790 0.6385234105983206 0.4082282861063246
789.5 0.6384646195836268 0.4081531337784158
789 0.6386579889970493 0.4083913468853458
788.5 0.6395050546394064 0.40948118316175985
788 0.6387190235907848 0.40846614031839945
787.5 0.6386952533669977 0.4084597276862467
787 0.63865884583502 0.4084072235756558
786.5 0.6385916409721089 0.40831973637122737
786 0.6383866335914862 0.40807057041279
785.5 0.638467201108771 0.40816110687079665
785 0.6389644625582603 0.4087984059100054
784.5 0.6381343296779515 0.4077420927352563
784 0.6379275831508812 0.40744960811869346
783.5 0.6385714485446417 0.40829861972191017
783 0.6384997620815923 0.40820525279816944
782.5 0.638293500058398 0.40793271124181446
782 0.6385426641222657 0.40825003759423867
781.5 0.6380426517099067 0.4076351497759846
781 0.6380155765627273 0.40757522240883337
780.5 0.6382985628945245 0.40794544144289374
780 0.6382250463525649 0.4078495631690599
779.5 0.638408578195167 0.4080733287285801
779 0.6379385780408745 0.4074922210073113
778.5 0.6382123673026446 0.40783382625065945
778 0.6384705014211988 0.40814659922356755
777.5 0.6384606970844455 0.4081614464344593
777 0.6381029520186332 0.40770886558064007
776.5 0.638997950100194 0.40884387819758383
776 0.6382560182437298 0.40788161311144283
775.5 0.6381682778250155 0.40776359512787935
775 0.6378306263002866 0.40735916830152985
774.5 0.6378845984831011 0.40740387619502094
774 0.6380754494415201 0.4076545222098931
773.5 0.6377720299664594 0.4072827119188599
773 0.6384428312007331 0.40812597946745366
772.5 0.638129746291125 0.40771794157249486
772 0.6384332215984585 0.4081192297290018
771.5 0.6380431647963926 0.40761619480889044
771 0.6377177617921517 0.40720797480766835
770.5 0.6379533668904223 0.40749699838036174
770 0.6378863142840463 0.4074197235725008
769.5 0.6377740998079082 0.407278482016264
769 0.6373640708329018 0.4067618624249174
768.5 0.637653648659273 0.4071355918088938
768 0.6380114504633194 0.40758500770394607
767.5 0.6379086904863873 0.4074436909924707
767 0.6378566998290798 0.40738589489983823
766.5 0.6377506788424808 0.4072467995773868
766 0.6373004618173754 0.4066737094425797
765.5 0.6374669641214816 0.40687806798902226
765 0.6374316163419781 0.4068491932770164
764.5 0.6377841587980901 0.4072986020141182
764 0.6373229120894643 0.40669662215980423
763.5 0.6377276182864786 0.4072119488254464
763 0.6378752908174536 0.40740267363985416
762.5 0.6380084915584694 0.4075598580121063
762 0.6371125673607659 0.4064292415285104
761.5 0.6373510525230602 0.4067224446766768
761 0.6374083671549233 0.406799683285754
760.5 0.6377668955545627 0.40726366725761487
760 0.6373699713494604 0.4067630492522797
759.5 0.637535852629599 0.40696893367494
759 0.6376155833092833 0.40707895156374263
758.5 0.6374432876482048 0.4068512465252949
758 0.6374047661036807 0.40680157488800467
757.5 0.637210008204584 0.4065701916111296
757 0.6371361857491892 0.4064563575142737
756.5 0.6382544343518469 0.4078831227439634
756 0.6371711002910299 0.4064955692628134
755.5 0.6374266019428274 0.4068351256727803
755 0.6369110266497872 0.40617161739999724
754.5 0.637622706826124 0.40707456480213955
754 0.6371507744556548 0.40649516223494875
753.5 0.636502802741367 0.40566176574628443
753 0.6369221205180731 0.40618346948396095
752.5 0.6370106726423059 0.4063087408356749
752 0.6369624147735992 0.4062576281158994
751.5 0.6370372848932409 0.40631112971948763
751 0.6372709608775217 0.4066232766889617
750.5 0.6369905283825446 0.4062806694212483
750 0.6375462969526976 0.406978389985544
749.5 0.6368402682454168 0.4060810488543618
749 0.6370983361337289 0.4064092271158541
748.5 0.637203333256804 0.4065298100449177
748 0.6367543357646904 0.4059755475626499
747.5 0.636599522975248 0.40576666448820703
747 0.636641652052958 0.4058364179637451
746.5 0.6370801396815466 0.4063869971574168
746 0.6368550141706534 0.4060902461185922
745.5 0.636756353123442 0.4059733522605175
745 0.6365196017811038 0.4056742266407651
744.5 0.6368467863000666 0.40610885666837937
744 0.6366519946918379 0.40584251850189085
743.5 0.6365094955320644 0.40565912107527446
743 0.6366082409803977 0.40579271519564974
742.5 0.6361769802259704 0.4052368959670436
742 0.6369196232702876 0.40618410760173107
741.5 0.6364251848067218 0.40556145880527794
741 0.6366196287794739 0.40579664103784135
740.5 0.6363837092598863 0.40549214241345577
740 0.6364989779386188 0.40564728855519055
739.5 0.6369834575862922 0.4062659548776795
739 0.6361876633419612 0.40524750013971755
738.5 0.6361527081082476 0.4052229372281335
738 0.6363432543095382 0.40544957340584065
737.5 0.6361099223244495 0.40516045372354204
737 0.636706493143132 0.40590657871981256
736.5 0.6357441593389598 0.4046787810933122
736 0.6366016626923737 0.40577180100198984
735.5 0.6361156832058734 0.4051620127129431
735 0.6361893739573542 0.4052700782544065
734.5 0.6364442731369075 0.40558209119223865
734 0.6359580704209136 0.40496432648775904
733.5 0.6359979480975202 0.4050159261727974
733 0.636499964683905 0.40564739499535635
732.5 0.6360877960909097 0.4051173545714302
732 0.6359973507539515 0.40500390105174283
731.5 0.6361130541544143 0.40516520935529915
731 0.6363362102600526 0.4054443987019409
730.5 0.636060998338615 0.4050949984785126
730 0.635967904803638 0.404966102352535
729.5 0.6354721750884623 0.4043349413022945
729 0.6358099594506653 0.4047777714775515
728.5 0.636482822285485 0.4056324448943027
728 0.6360085196261922 0.4050249156892545
727.5 0.6356279156339761 0.40453968133853774
727 0.6355271413234677 0.4044139319706997
726.5 0.6356320928172762 0.4045521442271967
726 0.6362095636468644 0.40529227743544893
725.5 0.6356231185088596 0.4045419538244524
725 0.6356852850676356 0.4045960011381679
724.5 0.6357829586298879 0.4047382869817379
724 0.6361241232951802 0.40517141414662716
723.5 0.636385697852174 0.40551465183250407
723 0.6355126776049619 0.40439774803894485
722.5 0.6353525391310848 0.4041921917540606
722 0.6352262170603848 0.404024863483158
721.5 0.6361709970612326 0.40523765165111525
721 0.6356220102085497 0.40455434036466237
720.5 0.6354481230642778 0.40432428884757304
720 0.6360424047332432 0.4050731972693599
719.5 0.6352040205532126 0.403991009763042
719 0.6355366416111692 0.40442861777944233
718.5 0.636191033850403 0.4052732943640371
718 0.6361563831423294 0.4052048489030118
717.5 0.6360834886065517 0.4051404230751256
717 0.6354064099594662 0.4042594449608116
716.5 0.6355561925993031 0.40445547810517507
716 0.6355708823832659 0.4044682293067721
715.5 0.6354121581843098 0.40426604253264475
715 0.6354617867213243 0.40433742384809057
714.5 0.6350159224117714 0.4037590342718761
714 0.6354676829326726 0.40435275900276557
713.5 0.6347992347825496 0.40348997071144643
713 0.6357850356776094 0.40474367991482224
712.5 0.6353484699635351 0.4041918009812361
712 0.6353163999993034 0.40414689322252484
711.5 0.6351344789532901 0.40391801690228557
711 0.6349902342962468 0.40374527268560023
710.5 0.6346516869060107 0.40330782064762594
710 0.6351947635906308 0.4039879082206976
709.5 0.6353286222221697 0.4041588605179917
709 0.6351256492337576 0.40391666340014276
708.5 0.6348401930475621 0.40353949476623724
708 0.6349553845870667 0.40368645023057415
707.5 0.6349084209082743 0.40363434422815275
707 0.6350212398709505 0.4037759702046009
706.5 0.6345382668546963 0.40316281926634406
706 0.6351299247241885 0.40392031043197896
705.5 0.6348096077937445 0.40350246132764084
705 0.6350900794383872 0.4038644381323575
704.5 0.6343936634974484 0.4029835293205154
704 0.6353848926358188 0.4042230222296207
703.5 0.6347670983410433 0.40344814179728866
703 0.6346860689743336 0.4033412802069394
702.5 0.6345414406655661 0.40316720483941476
702 0.6350777097124398 0.40385026712266603
701.5 0.6347672268129946 0.4034489133608075
701 0.6345307267958804 0.40314300026025107
700.5 0.6347272506856872 0.40341027139303914
700 0.6344991843670733 0.40311521604891654
699.5 0.6344579413834168 0.40306287411695585
699 0.6343570522205026 0.4029345493036045
698.5 0.6347399758586021 0.40339854095484085
698 0.6344930849568888 0.40309905069687857
697.5 0.6344906690308527 0.40310419550867327
697 0.6345220362397194 0.4031424010261092
696.5 0.6344919786631877 0.40310837385909165
696 0.6340279547069673 0.402509997101486
695.5 0.6341432489929911 0.4026799406562846
695 0.6338326034955261 0.40226634500799063
694.5 0.6345624718634385 0.40318859317500594
694 0.6339081487866385 0.4023665703856129
693.5 0.6341346429498987 0.4026320740180449
693 0.6343425969471302 0.4029228623409609
692.5 0.6342155805757247 0.4027716641278244
692 0.6345346257468383 0.40314821542750867
691.5 0.6340397180339331 0.4025280215140871
691 0.633935974888419 0.40240298740998515
690.5 0.6348355261722008 0.4035358779771059
690 0.6335497401931027 0.401909886736232
689.5 0.6341927351419405 0.40271352188536885
689 0.634065538956686 0.40257301554119107
688.5 0.6341138040862208 0.40262530091564763
688 0.6340621935844296 0.4025564421407933
687.5 0.6335227501841043 0.4018574701712232
687 0.6336600952869528 0.4020494050728388
686.5 0.6339489845392018 0.4024089427500925
686 0.6340319537945959 0.40251617900083697
685.5 0.6337492773789993 0.4021724163895653
685 0.6336569730433649 0.40204081749458953
684.5 0.6333062550898618 0.40159492001285024
684 0.6337885710613459 0.40220766990984447
683.5 0.633522598505976 0.40188667049457677
683 0.6340414293617941 0.40253060504134897
682.5 0.6330424295462971 0.40126668859453923
682 0.6333868939301369 0.40171246582784237
681.5 0.6337117163208541 0.40211187695068346
681 0.6334646147578676 0.4018111048524839
680.5 0.6335177753893625 0.4018666143415526
680 0.6334411441520469 0.40177039810176357
679.5 0.6338153502539402 0.4022400570959416
679 0.6336430597033089 0.4020098555889597
678.5 0.6332230531257029 0.4014907110777954
678 0.6328085440205043 0.4009642437290104
677.5 0.6327042970932065 0.40084163468282225
677 0.6329821123755538 0.40119300935350916
676.5 0.6332781952330857 0.40154336886951775
676 0.6321965798559711 0.40020956948196096
675.5 0.6327048977646051 0.40083841271080495
675 0.6326677120937786 0.40078617710500625
674.5 0.6332920689891341 0.4015810847060376
674 0.6330515626955244 0.40128867981239774
673.5 0.6334500765362622 0.4017811559741539
673 0.6330632015708727 0.4012866199007321
672.5 0.6334212882910631 0.40175056004622794
672 0.6331091814800817 0.40134967047871045
671.5 0.6330429978164304 0.4012622829020548
671 0.632860633391925 0.40103585549581205
670.5 0.6327250654892227 0.4008707787051655
670 0.6328932879895433 0.40108232789745757
669.5 0.6331571625962639 0.40141970152417084
669 0.6331021580068705 0.4013396430361668
668.5 0.6323328851901969 0.40036037469435815
668 0.6327167043780999 0.4008424496885603
667.5 0.6322580892912821 0.40026805473985055
667 0.6320595632163597 0.400023445739417
666.5 0.6321964473718916 0.4001961883331828
666 0.6327782504968417 0.40094017630263673
665.5 0.6325763590993992 0.4006691072119843
665 0.6325130426094503 0.4005942779006593
664.5 0.6324981835920217 0.40057204483606845
664 0.6324841279360154 0.4005581680528667
663.5 0.6324497035376299 0.4004968789372821
663 0.6322685138875288 0.40029534886912016
662.5 0.6323370292604192 0.400380283807281
662 0.6324958647086297 0.40057504146712036
661.5 0.6326210299822557 0.40073488448047945
661 0.6324371859228984 0.40050684834155914
660.5 0.631959326313549 0.3999071819244032
660 0.6317018933417449 0.3995774816398167
659.5 0.6321038899433423 0.40006915340632326
659 0.6321784184093704 0.40016677457772953
658.5 0.6319063814004829 0.39982481108950124
658 0.6320487793674011 0.4000237496538587
657.5 0.6320704174404296 0.40004572509096203
657 0.632090856948148 0.4000526386696278
656.5 0.632473430493488 0.40053796389844154
656 0.6319471838085718 0.3999001363692873
655.5 0.6320928850230134 0.4000656565666511
655 0.6326600568929768 0.4008009436840187
654.5 0.6320819403419994 0.40005295614485187
654 0.631982640788397 0.3999363861807034
653.5 0.6319635094638801 0.39989830971365187
653 0.6322294795763653 0.40024500050457773
652.5 0.6319237046585405 0.39984776724404353
652 0.6322321958368518 0.40024472390560967
651.5 0.6316857665909135 0.3995601775269859
651 0.6318799384319317 0.39979197310316744
650.5 0.6313638245463105 0.39915339535131167
650 0.6322809820752433 0.40030440197962236
649.5 0.6316530475416664 0.39950513899409423
649 0.6317617285609859 0.3996412842195066
648.5 0.6312365797496188 0.39898130985842334
648 0.6315137877467235 0.399324991266407
647.5 0.6316320860723982 0.3994730863379231
647 0.6313490038730666 0.3991246255648068
646.5 0.6314058004431901 0.39919497522515657
646 0.6313767349154754 0.39918154601302014
645.5 0.6319728212641836 0.3999149295375518
645 0.6309929059212048 0.39866882372855944
644.5 0.6310852675576575 0.3987969182459522
644 0.6311303779826739 0.3988574818130609
643.5 0.6316922570276366 0.3995542677239244
643 0.630875401938727 0.39852468366000765
642.5 0.6310739467824937 0.3987789839339537
642 0.6308924328848471 0.398549629559059
641.5 0.6308648171082051 0.39854108029269203
641 0.6308652622936974 0.3985270230533568
640.5 0.6303699379009474 0.39789805372731235
640 0.6312672939569925 0.39903697791649084
639.5 0.6310608532820889 0.39875863725993077
639 0.6304245600991853 0.3979589061216524
638.5 0.6315047471110048 0.3993188297615492
638 0.6311057858813333 0.39882917394865053
637.5 0.6308434281248699 0.3985006219281867
637 0.6314142043919575 0.3992268984739596
636.5 0.6309837099241723 0.39866721533394045
636 0.6304962459556861 0.3980543861843527
635.5 0.6304311715097781 0.39795530904047705
635 0.630342104631708 0.39786196477801017
634.5 0.6307136035736636 0.39832773205774213
634 0.6307641283778658 0.3983982539920515
633.5 0.6309218949799438 0.3985923894833152
633 0.6305255775146089 0.39808501153157766
632.5 0.6299174648071689 0.39733161832205743
632 0.6304978626244692 0.3980561752258322
631.5 0.6303272524699305 0.3978646056194915
631 0.6299483072178147 0.39736829384122446
630.5 0.6305180174386951 0.3980817709737325
630 0.6300570388041461 0.3974928819117146
629.5 0.6305806129541455 0.39816932170285624
629 0.6305424307764766 0.3981054876967564
628.5 0.6304955979322504 0.39806203437425375
628 0.6303719592653299 0.3978933886605315
627.5 0.6298464498294822 0.3972142166940886
627 0.6304320874982685 0.3979619421779761
626.5 0.6298643752082248 0.3972618581475667
626 0.6302883148854869 0.39777648706035446
625.5 0.6306584204589469 0.3982673892621034
625 0.6301928433733349 0.397673331635739
624.5 0.6301656591119702 0.39762793695296617
624 0.6299093783666591 0.3973131903538003
623.5 0.6296169789216329 0.3969542588983779
623 0.6299069408231989 0.39731223833538515
622.5 0.6297106243667477 0.39705517723387557
622 0.6294342368815898 0.39670197516809236
621.5 0.6296993554121714 0.39704852772422483
621 0.6292646681927305 0.3964892232717299
620.5 0.6302977850783849 0.3978026752079058
620 0.6294132241252863 0.39668488725605844
619.5 0.6290402117370147 0.39623824087943016
619 0.6295217163030481 0.39682732820399924
618.5 0.6295404101968675 0.3968457954246304
618 0.629855903121263 0.3972386162745542
617.5 0.6289582308586189 0.39611577801744224
617 0.6295664972702559 0.396886567423917
616.5 0.629137412092917 0.39633084888130343
616 0.6295308551904546 0.39684154803776456
615.5 0.6292781271714875 0.3965294803983205
615 0.6292318441030462 0.3964619479373726
614.5 0.6289402708254352 0.3960911709790036
614 0.6293094685786093 0.3965628743523367
613.5 0.6293849094484231 0.3966533848298896
613 0.6291229130430716 0.3963302493373299
612.5 0.6288457839613588 0.39597302189991757
612 0.6287951037019006 0.3959249007202675
611.5 0.6291244222195013 0.3963301177249068
611 0.6291719137790742 0.3963901665090905
610.5 0.6287894813319168 0.3959050396500682
610 0.6289798287191809 0.39616067076868966
609.5 0.6290501480787946 0.3962209923546808
609 0.6284516398674447 0.39547062441836295
608.5 0.6291615240777918 0.39637273134742596
608 0.6291940828014092 0.39640999734032706
607.5 0.6284703006651069 0.3954986802248951
607 0.6292462462168201 0.3964914837905229
606.5 0.6288777903035255 0.39600083294904376
606 0.6288142852129902 0.3959303013582597
605.5 0.6281685935292842 0.39512286317929657
605 0.6284437542055913 0.3954550193584734
604.5 0.6287590853539855 0.39586470777925065
604 0.6288469151733819 0.3959722603311211
603.5 0.6281134678504219 0.3950448661973825
603 0.6279326986638198 0.39482808335805814
602.5 0.6286822026864344 0.3957676753710355
602 0.6285011482274587 0.3955343565007318
601.5 0.6282549112779239 0.39522539681138374
601 0.6279167748660438 0.39479178179368235
600.5 0.6284377359181057 0.3954661847705864
600 0.6288314619596689 0.39596875007158255
599.5 0.6285626714180705 0.3956119419673764
599 0.628304611498251 0.3952873139893232
598.5 0.6281852869911114 0.395147644434866
598 0.6280459037378819 0.3949642597942521
597.5 0.6277031445410736 0.3945351645788437
597 0.6272921072568721 0.394022176922514
596.5 0.6280928591248771 0.3950285558970771
596 0.6281781336224551 0.39514452735970923
595.5 0.6282461670356816 0.3952184231120229
595 0.627831443792421 0.3947085888150659
594.5 0.6277913942236217 0.39465683695387904
594 0.6280518908737261 0.3949666808404749
593.5 0.6281015322722973 0.39503861056967327
593 0.6277682922495218 0.3946230541422202
592.5 0.6278244311707202 0.3946929991384803
592 0.6273788484973909 0.39412105143561654
591.5 0.6273819297966188 0.3941480203437976
591 0.6277128142629116 0.3945479397911851
590.5 0.6272347714026086 0.393956713316921
590 0.6277113885645684 0.39455117342964136
589.5 0.6272355998162948 0.39395722361744623
589 0.6270404827909726 0.3937160388967296
588.5 0.6273788271843582 0.3941294113835802
588 0.6273628117506457 0.3941196666296438
587.5 0.6275009340595361 0.3942798536320173
587 0.6272828384558404 0.3940262771267041
586.5 0.6277158795057427 0.3945521658291262
586 0.6274012100276025 0.39416131906918306
585.5 0.626687991887264 0.3932686235393402
585 0.6273928749052781 0.39414995293184335
584.5 0.6267663980885186 0.393377143651836
584 0.6264265032920889 0.3929346566072219
583.5 0.6269854209463487 0.3936424779723807
583 0.6269949212464976 0.39365182050362607
582.5 0.6270179326988451 0.39368180668915015
582 0.6270777097304059 0.39375153879841884
581.5 0.6273304646685647 0.39406508660044065
581 0.6271107447950068 0.3938017054874234
580.5 0.6267443489338856 0.3933385058855459
580 0.6264903607073863 0.39302228548999557
579.5 0.6265522842094194 0.39309474080701046
579 0.6266652039639603 0.3932413375656799
578.5 0.6265766357288863 0.39312171066850726
578 0.6266967778662543 0.3932711695707326
577.5 0.6269928510077782 0.3936656441030344
577 0.6269997511340001 0.39365860836875916
576.5 0.6264680870271362 0.39300330294879565
576 0.626578760814258 0.39313257636644655
575.5 0.625981100798991 0.3923912073213944
575 0.6256877173184897 0.3920077625705894
574.5 0.6267608154824185 0.39336180170960616
574 0.6260853386696006 0.39251211483356924
573.5 0.6263587529295854 0.3928604150971714
573 0.6257940133817146 0.3921649244689031
572.5 0.6255962651118231 0.39190508664471757
572 0.6258950299024184 0.3922741943924198
571.5 0.625817011182487 0.39217267876712947
571 0.6256384369673093 0.39193640796274765
570.5 0.6261358429383376 0.39257135102901236
570 0.6261964954915926 0.3926454668298401
569.5 0.6259590903843134 0.3923635889978304
569 0.62566668789636 0.3919998922948435
568.5 0.6255874365584696 0.39188628661273534
568 0.6258961509287277 0.3922831260387511
567.5 0.6252699528168004 0.3914827415559022
567 0.6255755020564936 0.39187546104197807
566.5 0.6261119283059213 0.3925466363485073
566 0.6256626852954817 0.3919894449875134
565.5 0.6254069372163901 0.3916744285307226
565 0.6250851566700946 0.39125793142622617
564.5 0.6255202388087001 0.3917987362731229
564 0.6249297516853398 0.3910647795338743
563.5 0.625155524917446 0.39135113199256805
563 0.6260543590832565 0.39247396834963033
562.5 0.6251367674430061 0.39133964601589283
562 0.6244559754154079 0.3904846767698414
561.5 0.6256595268730415 0.3919821290959653
561 0.6247916944164281 0.39089843309739647
560.5 0.6252213266280744 0.39144681774552037
560 0.6247704553286558 0.3908745395883678
559.5 0.6251674312848143 0.39138089211453586
559 0.6251521530087417 0.39134645956627556
558.5 0.6244349728967615 0.39044332488908634
558 0.6253838297505007 0.3916293349961322
557.5 0.6247366464880271 0.3908137899594605
557 0.6247639703298049 0.3908618142185291
556.5 0.6244073052944035 0.39042688746532
556 0.6245561843754726 0.39061088007086664
555.5 0.6242096791782424 0.3901777113903997
555 0.6242897424434869 0.39027073543978125
554.5 0.6244213051573724 0.39043894456950023
554 0.6244987683277791 0.3905390586117756
553.5 0.62447099959577 0.3904934875431112
553 0.6242764033352687 0.3902632757474577
552.5 0.6248217677937183 0.3909459195296857
552 0.6249345833726161 0.39107438285174484
551.5 0.6239614305934209 0.38986319449664514
551 0.6242891460630371 0.3902469940678704
550.5 0.6244901601729222 0.3905084460411392
550 0.6239200163514678 0.38979978376967084
549.5 0.624325454637651 0.39031433885984124
549 0.6238331535800631 0.3897030873714169
548.5 0.6242539606163702 0.3902331256768091
548 0.6240233939006541 0.3899366889262506
547.5 0.6239420597211255 0.3898365319124883
547 0.6239843129366548 0.38989609502964084
546.5 0.6241357890698266 0.3900729955244388
546 0.6240226726803263 0.3899481728133815
545.5 0.6243574668768354 0.39035662428775564
545 0.623439990115424 0.3892136218943693
544.5 0.6237637880483975 0.3896203209111163
544 0.6238605287868569 0.3897379042122585
543.5 0.6237422678137069 0.3895794438857118
543 0.6232985248430373 0.3890433672197161
542.5 0.6230188156312346 0.3886833593909739
542 0.6237536380015053 0.38961277846412623
541.5 0.6233131878970097 0.3890430071893217
541 0.6237881509594433 0.38965035703034534
540.5 0.6235056028202968 0.38928777892863525
540 0.6229724907749294 0.3886235594413639
539.5 0.6230223029384233 0.3886811527025795
539 0.6237319093182809 0.3895778942460948
538.5 0.6234047456980454 0.38917922775756447
538 0.6226279453630044 0.3882116588342017
537.5 0.6230310459555587 0.3887016740762908
537 0.6232598919465778 0.3889973598907425
536.5 0.6232251224358626 0.3889360334207517
536 0.6231515569703207 0.38885553312353005
535.5 0.6232520461260534 0.3889869226104241
535 0.6230044273299269 0.388657111636636
534.5 0.6228180691584252 0.3884388592505924
534 0.6225913445253595 0.3881344402565303
533.5 0.6221839195961025 0.38765325956266716
533 0.6229196427999774 0.38856905225116534
532.5 0.62293078826127 0.3885848865410211
532 0.6225256954451094 0.3880779549367451
531.5 0.6222262519045962 0.38770123973469744
531 0.6223727660213186 0.387875357432057
530.5 0.6229856545554894 0.3886255787623235
530 0.6228313417558295 0.38846616482278823
529.5 0.6224808899895065 0.38802043761256405
529 0.6224524437628964 0.38797219365981445
528.5 0.6230462854469686 0.38872036467485166
528 0.6216430671600369 0.3869739794566201
527.5 0.6218232921018428 0.38720634714501534
527 0.6221550374637809 0.38762117835994964
526.5 0.6220985570484413 0.38752407802799654
526 0.6221446854557768 0.3875979760995327
525.5 0.622137317876311 0.38758965788549204
525 0.6219801576429363 0.38738061990355094
524.5 0.621728367131494 0.3870738163647819
524 0.6215034619122723 0.38680624072517766
523.5 0.621612662356029 0.38693976376349826
523 0.6219827202522339 0.3873884003514559
522.5 0.6212657034745165 0.38651204631012237
522 0.6215294246298925 0.38685277503776305
521.5 0.6217836135077371 0.38714691163503595
521 0.6216349502587762 0.38696207682184974
520.5 0.6216048478440952 0.3869343548663712
520 0.621750538427795 0.3871032709932675
519.5 0.6212039246703935 0.38643587936307405
519 0.6214808721483898 0.38676331718613616
518.5 0.621275223526639 0.38652697345600506
518 0.6219191810445192 0.387329221396198
517.5 0.6214440689289905 0.38673033043573446
517 0.6211918899885622 0.38640251229623523
516.5 0.6211144926333456 0.3863258818292307
516 0.6209086073758405 0.3860584663263932
515.5 0.6210409185590227 0.38623045266671563
515 0.6213003844918503 0.38654798552155084
514.5 0.6206598370104012 0.3857414361136231
514 0.6206642071510728 0.3857582442471416
513.5 0.6207650826944398 0.385885156240897
513 0.6209203118865525 0.3860744043537888
512.5 0.6204453734227514 0.3854742278759143
512 0.6211371924776004 0.38635071762382783
511.5 0.6208052345000953 0.38594427850497415
511 0.620864466808983 0.3860063562480332
510.5 0.6200657035000637 0.38501026782148823
510 0.6201100845899747 0.3850903603841182
509.5 0.6203696190603823 0.38539161071206607
509 0.6208266378137435 0.38596214178782046
508.5 0.6204315879165306 0.385469997265314
508 0.6204346239183128 0.38548084403487837
507.5 0.6199312601129725 0.3848504161226574
507 0.6204372911650133 0.3854851098530338
506.5 0.6206006532871444 0.3856768117033483
506 0.619648465167879 0.38449611302628245
505.5 0.6200091504563431 0.38494475453502813
505 0.6195593595888695 0.38440283044257406
504.5 0.6198755103772428 0.3847860184374696
504 0.6195029335398008 0.3843206466655348
503.5 0.6193755786716093 0.3841702309761893
503 0.6196193633933289 0.384472362609026
502.5 0.6196211517044047 0.38447764673838086
502 0.6200251246680647 0.38496879714650695
501.5 0.6195557375637735 0.38439272198032653
501 0.6193283789780771 0.3841106993977383
500.5 0.6193703589007331 0.38416359319409893
500 0.6191478578600904 0.38388206454854024
499.5 0.6193427295139299 0.3841239420810021
499 0.6189711065834537 0.38366859534199693
498.5 0.619903948534043 0.3848131229809779
498 0.6187177890109877 0.38333940136170463
497.5 0.6191008036922103 0.383830124862125
497 0.619030424576573 0.3837292957003633
496.5 0.6185180443347102 0.38310549636280766
496 0.6193369191446833 0.3841091893274605
495.5 0.61875448417946 0.38338830798514945
495 0.6186995255798601 0.38332927031938263
494.5 0.619148681618003 0.3838812662536816
494 0.6191560777451478 0.383897342602872
493.5 0.6180936358938313 0.38259045019386967
493 0.6186407252733434 0.38324450734706117
492.5 0.6189103800795579 0.3835718842967475
492 0.6184913711490769 0.3830648444924133
491.5 0.6185393042855043 0.3831277475265965
491 0.6182575096482879 0.3827791897254121
490.5 0.61835642149804 0.38289763615672523
490 0.6181597644664093 0.3826729354062604
489.5 0.6181229588255754 0.38260682813147445
489 0.6183080631285557 0.38284966671571397
488.5 0.6176202781384017 0.38199702126681795
488 0.617960967375966 0.38240668137299916
487.5 0.6185652112440908 0.3831672521625588
487 0.6181290652180624 0.3826250323742849
486.5 0.6166522338300903 0.380798690585672
486 0.6178178177895509 0.3822391077565241
485.5 0.6178385263317614 0.38226561612616733
485 0.6174556325881663 0.3817867698470299
484.5 0.6171100695054205 0.3813751199509741
484 0.6177911373484449 0.38220891481656016
483.5 0.6179177719797169 0.38236604292288506
483 0.6176276472916559 0.38198672725280514
482.5 0.6171940692395103 0.3814459370533651
482 0.6171566298100745 0.3814103396219429
481.5 0.6172268300390162 0.3814986730010772
481 0.6173591259972412 0.38166972219538736
480.5 0.6173347262701975 0.38164070464582134
480 0.6168391813100671 0.38102664927718516
479.5 0.6172403439146316 0.38153999571614666
479 0.6170577791150346 0.38129576156917705
478.5 0.6169270448756268 0.38114492853348625
478 0.6170927843084494 0.3813472730200373
477.5 0.6173025510221336 0.3816028260472156
477 0.6164689159194213 0.3805743623629366
476.5 0.616120796544104 0.3801478067741824
476 0.6165444867870505 0.38067262792967876
475.5 0.6163375318396896 0.38041965269417954
475 0.6165820447807444 0.38070982412530807
474.5 0.6161438203304997 0.38017117602377243
474 0.6160952173759286 0.380116900456522
473.5 0.6161905750856286 0.3802374359680294
473 0.6164336130702011 0.38053421751286765
472.5 0.6162765955537903 0.38033303920569445
472 0.6156916401264053 0.37961221969746806
471.5 0.6162818277532675 0.38033991622826646
471 0.6158936520049326 0.37987010012812283
470.5 0.6161369789311901 0.380168722160561
470 0.6158142166656353 0.37977872320941836
469.5 0.6155655055706352 0.3794704619865732
469 0.6159464015269742 0.37992492984419374
468.5 0.6159165876078819 0.3799096488086279
468 0.6153154987256075 0.37916880430480054
467.5 0.6152546246434539 0.3790900338466317
467 0.6154149872940932 0.37927987547893904
466.5 0.6152933411832598 0.37912417257327236
466 0.6155193810242784 0.37941401257930274
465.5 0.615738501509887 0.37967848463807935
465 0.6155959236862178 0.37950061760763154
464.5 0.6147273760891423 0.37844116041072784
464 0.6150858745068875 0.3788822427555176
463.5 0.6149801208551221 0.37874917846108475
463 0.6148025874830256 0.37853522507800413
462.5 0.6148889515605414 0.3786273854483857
462 0.6153498423091593 0.37918642272464126
461.5 0.6147803128732112 0.3784921891686229
461 0.6146775043095963 0.37837085270375154
460.5 0.6149215477789457 0.3786820384828808
460 0.6146867889388999 0.3783908452886288
459.5 0.614496445113754 0.3781510760776564
459 0.614748947247719 0.3784591614628963
458.5 0.6143590613443148 0.37797823365321787
458 0.6142525047919498 0.37784843920811023
457.5 0.6141483005090749 0.37772672355969417
457 0.6146032011932439 0.3782858536356319
456.5 0.6141036569826461 0.3776535391429064
456 0.6139721734288093 0.3775024661617687
455.5 0.6143676907644958 0.3779950454155656
455 0.6141799027659571 0.37775792221376375
454.5 0.61390759309531 0.3774116443970903
454 0.614316803598977 0.377927436136095
453.5 0.6132507084949969 0.3766170357796786
453 0.6136748497586318 0.37713737902646205
452.5 0.6134081819010977 0.3768234471042104
452 0.6135693958115578 0.37700709729354603
451.5 0.6136302292128513 0.3770936131788956
451 0.6135078716777184 0.37694155326297
450.5 0.6133191095772066 0.37670866452734303
450 0.6139685193665191 0.37748990301284063
449.5 0.6129022616247838 0.37619613428503057
449 0.6126051627318592 0.37583922774145423
448.5 0.6127181007720996 0.3759559022928446
448 0.612908504911378 0.3762094974315374
447.5 0.6129925544527609 0.37630669452287163
447 0.6130461362005392 0.37637232789710096
446.5 0.6131653038688101 0.3765138621389216
446 0.6130166948225227 0.3763253962520888
445.5 0.612879286133504 0.3761733842330867
445 0.6130630267450631 0.37638862977842896
444.5 0.6121676254230776 0.3753050741512298
444 0.6121827818806007 0.37530799869804
443.5 0.6121060608458289 0.37521275927162484
443 0.6120944112788942 0.37522055666647486
442.5 0.6118209795326948 0.3748768938090041
442 0.6122034566054281 0.37532691476576163
441.5 0.6123923005452926 0.3755700990070313
441 0.6118630843509991 0.3749081437990376
440.5 0.6118074205469156 0.3748471522605837
440 0.6125630822994759 0.37577724755947056
439.5 0.6115135904067449 0.3744954482850421
439 0.6119593552511374 0.37503408389173626
438.5 0.6114384781708457 0.37440985355345197
438 0.6115356914793743 0.3745154595529878
437.5 0.6120560113976552 0.37516918375809827
437 0.6117913377582513 0.3748387645576902
436.5 0.6116170790154494 0.37462013067401373
436 0.6118517214868882 0.374915570331012
435.5 0.6110987851313343 0.37397569881285103
435 0.6115531694486428 0.3745382191395679
434.5 0.6112675220731779 0.3741899076604387
434 0.6110262170030251 0.3738977759091428
433.5 0.6112143749030522 0.3741458446300351
433 0.6105183065128517 0.3732901450152862
432.5 0.6103864356142156 0.373102688704915
432 0.6112267294966928 0.3741409812007017
431.5 0.6108475836385927 0.37369016834682034
431 0.6102781495176841 0.37299000127640913
430.5 0.610437862036295 0.37318870354475875
430 0.6100860074708161 0.37273352092134865
429.5 0.6102731153060864 0.3729724361497153
429 0.6103833107112718 0.3731050810105945
428.5 0.6105715648381108 0.37335090431987167
428 0.6101979616856963 0.37287938341192506
427.5 0.6097366310522593 0.37233187820497615
427 0.6096776217539539 0.372262858046262
426.5 0.6100039644855257 0.372665226039825
426 0.6106022339176833 0.37338182908505313
425.5 0.6096480555519429 0.3722193388062326
425 0.6094240518967041 0.37193987327379335
424.5 0.6096828341052826 0.372251758636429
424 0.6095726347969602 0.37212442629078857
423.5 0.6093787104525292 0.37188073586604187
423 0.6097226758514318 0.37230635486313546
422.5 0.6095130054160383 0.37204876395345204
422 0.6095436224716722 0.3720876358941638
421.5 0.6089059041388848 0.3713078289311021
421 0.6096338748214418 0.37219698594612904
420.5 0.6089549462662894 0.37136911091612984
420 0.6089702774912988 0.3713928560332423
419.5 0.6088117333580143 0.3712021302260083
419 0.6083198532756422 0.37061889330328945
418.5 0.6092381740107129 0.3717197025581243
418 0.6082226667920788 0.3704783905170696
417.5 0.6085167017360387 0.3708512015833914
417 0.6085758544521721 0.3709034447399404
416.5 0.6083286894577276 0.3706090029025655
416 0.6081477472232988 0.37038760038109625
415.5 0.6077637251589243 0.36991968531234654
415 0.6083682006005613 0.37066454083666467
414.5 0.6078581198543337 0.3700457950392721
414 0.6082044311601912 0.37045148882273804
413.5 0.607998375452681 0.3702138429254746
413 0.6072833944053506 0.36934315060132206
412.5 0.6073376047548539 0.36940826025881696
412 0.6080686703927599 0.37030656145774854
411.5 0.6075697182124409 0.3696959629824778
411 0.6079275017030462 0.37013794074774764
410.5 0.6070171986153251 0.36902317864494677
410 0.6069563677110038 0.36894964348008186
409.5 0.6077494743351226 0.36991654311760014
409 0.6070307054551805 0.3690591009652664
408.5 0.6067694331257788 0.3687235549551743
408 0.6070131561936183 0.3690114795246571
407.5 0.6073822696972019 0.36946632282752306
407 0.6072054599611847 0.36926927969425205
406.5 0.6069772212992288 0.3689589753519872
406 0.6062983246299024 0.3681472593197079
405.5 0.6057917031736637 0.36753182236138987
405 0.6065797893870386 0.3684913803238927
404.5 0.606163427146748 0.36798737468299875
404 0.6062154684798597 0.3680479509950513
403.5 0.6064748228395596 0.3683554084013472
403 0.6063007785577973 0.36813783235629405
402.5 0.6070128230809895 0.36902996930152204
402 0.6063648207773672 0.3682222922564136
401.5 0.6061670746928126 0.36797396598096616
401 0.6056351521937335 0.36735656337441047
400.5 0.6055338490576393 0.367217649408272
400 0.605833880090764 0.36758598917414453
399.5 0.6051815858943524 0.3668145952984134
399 0.6056439154862266 0.3673643115673302
398.5 0.6055324631553459 0.36721695757464234
398 0.6050688894484579 0.36665561583771655
397.5 0.6054666809407169 0.3671387363901116
397 0.6052825954390643 0.3669187437001674
396.5 0.6041891897821984 0.3655852249094663
396 0.6047388583483442 0.3662700502267943
395.5 0.6049695438477677 0.3665391775933208
395 0.6049937664895398 0.3665706930892732
394.5 0.6047270005627535 0.36625004606753975
394 0.6040247322837456 0.36540257911143975
393.5 0.6045490515029882 0.3660536126907102
393 0.6037372964832393 0.36505692357149
392.5 0.6038068997204563 0.3651454963242927
392 0.604130307243803 0.3655261172364658
391.5 0.604277265902134 0.36570363358425156
391 0.6039999208086334 0.36536164357429085
390.5 0.6033181215972343 0.3645616432689627
390 0.6041368842039782 0.36552986636670165
389.5 0.6037977085961505 0.3651282158329522
389 0.6034981552655867 0.36476227136454936
388.5 0.6040145909355382 0.3653685926370992
388 0.6040715428273402 0.36545779066981343
387.5 0.6037865442340486 0.3651208509185773
387 0.6036526031189209 0.3649493640378179
386.5 0.6032572478542917 0.3644578369919989
386 0.6031444953842072 0.364346851168275
385.5 0.6033463067881967 0.36456625197229164
385 0.602966682088241 0.3641208270882369
384.5 0.6029499799382345 0.3641074019157301
384 0.6029650076086936 0.36410966490373115
383.5 0.6024399413563015 0.36347666869724393
383 0.6022622905160867 0.36327037074671475
382.5 0.6024276385713658 0.3634774420712158
382 0.6024665621625598 0.3635149217864967
381.5 0.6024371654129136 0.3634898540044304
381 0.6020192328725261 0.36297694838046
380.5 0.6019662934957866 0.36291223842923287
380 0.601550222304985 0.362414982067879
379.5 0.6015961426604169 0.36247591960636155
379 0.6016565931730907 0.36253805765877534
378.5 0.6019347927906097 0.36287825137173624
378 0.6012433167876843 0.3620531792408307
377.5 0.6020067022234216 0.36297472364233385
377 0.6010632397855126 0.36183560932211384
376.5 0.6016071564054949 0.36248800352462834
376 0.6012942899564877 0.3621172408053036
375.5 0.6014323200492633 0.3622742760275064
375 0.601073075233185 0.36183911561991466
374.5 0.6007344709757813 0.36144248417188674
374 0.6012070208644305 0.3620127676468585
373.5 0.6008994248341258 0.3616325605594757
373 0.6001340830011164 0.3607107047249307
372.5 0.6009138540293836 0.3616515891664147
372 0.6007616063463331 0.3614668130710654
371.5 0.5999289074367143 0.3604782176487185
371 0.600689460070087 0.3613853447880063
370.5 0.6006036716366355 0.36127580016735755
370 0.5998462517611409 0.3603700907546182
369.5 0.6001089615651362 0.3606884564178532
369 0.5996998626796488 0.360203260918261
368.5 0.5994173256905799 0.3598497236610188
368 0.5997953721946566 0.36030294633378757
367.5 0.5993339854805555 0.3597515461010558
367 0.5988435603555978 0.3591718851821307
366.5 0.5991510113609935 0.35954983927923884
366 0.5991730422188194 0.35957642001277107
365.5 0.5996929867108035 0.36018783169599594
365 0.5986595571836331 0.3589409376551661
364.5 0.5992151371456668 0.35960927029644274
364 0.5990021753214556 0.3593713059919782
363.5 0.5988428318263855 0.35916920437886946
363 0.5989114141102891 0.35926352471540807
362.5 0.5987309915329877 0.35904377307958774
362 0.5975735290322707 0.3576409716178854
361.5 0.5987651822316901 0.35907201609511274
361 0.5980671074079255 0.3582222711013382
360.5 0.5983213475197295 0.35855030551963624
360 0.5978091646926954 0.3579416347194993
359.5 0.5982211139764013 0.35842517164291243
359 0.5978054610991409 0.3579208440380129
358.5 0.597707830258003 0.3578041475579386
358 0.5977614757121846 0.35788066721217704
357.5 0.5974152411037903 0.35746370644286873
357 0.5976584318804463 0.3577655312815564
356.5 0.5974581877801587 0.3575162772015711
356 0.5963966154104227 0.356242183085233
355.5 0.5963212492356395 0.35616320278238706
355 0.5974783724629197 0.35752546380928557
354.5 0.5969625428718626 0.35691691129641945
354 0.5967226045289441 0.3566427156167804
353.5 0.5963344715809086 0.3561746036631313
353 0.5963782223938919 0.356221493746778
352.5 0.596394092968136 0.35623191941453886
352 0.5962156885406317 0.356038947722085
351.5 0.5958800266424099 0.35563603615516326
351 0.5963897907651331 0.35623241897797664
350.5 0.5959999164913967 0.35577320794625117
350 0.5959227731493628 0.35567118592523406
349.5 0.5954154396872953 0.35508218594125135
349 0.59617735440534 0.35598929019019054
348.5 0.5957538964788495 0.3554793559864278
348 0.5956106333928536 0.35531928055012396
347.5 0.5959823591587892 0.3557468730759182
347 0.5955488564027425 0.3552204895039175
346.5 0.5952477591416867 0.3548751220312011
346 0.5949588421462904 0.3545420851886666
345.5 0.5944596134832253 0.353944641457796
345 0.5946583021040599 0.35419324799471125
344.5 0.5947569644132078 0.35428742945158875
344 0.5942561671782605 0.3537004167629607
343.5 0.5943119718827524 0.3537572622992749
343 0.5941778776128219 0.35359785748307937
342.5 0.5944707927435702 0.35394995843224775
342 0.5934394212052796 0.35271433580587847
341.5 0.593898345784386 0.353268853735
341 0.5939205305149842 0.3532875147521613
340.5 0.5934653051311829 0.35276981348022224
340 0.5933469689339819 0.35261803425547084
339.5 0.5938753940285764 0.3532394492709889
339 0.5934218600147776 0.3526965226919334
338.5 0.5938542066276251 0.35322637449378674
338 0.5926990238344332 0.35185526302392256
337.5 0.5923961023596708 0.35149080715448705
337 0.5919164675773074 0.35092943260667775
336.5 0.5925904446932376 0.35172010314639884
336 0.5923280924967764 0.3514074249350033
335.5 0.5918236233089659 0.3508210353883624
335 0.5925212123342714 0.35163631321717276
334.5 0.5922204005668419 0.35128294202278537
334 0.5925663432731113 0.35169339493773666
333.5 0.5917340268109258 0.3507100733699091
333 0.5919969902239173 0.3510160766027112
332.5 0.592115154723484 0.35117068857141553
332 0.5914283395603963 0.35034930425424604
331.5 0.5918050130497667 0.3507873061459298
331 0.5913520235912433 0.3502656221755052
330.5 0.5908654089317947 0.34968034264876796
330 0.5908431033428504 0.34964518764727837
329.5 0.5907773517058384 0.3495713294191619
329 0.5913942219476903 0.35031389893157494
328.5 0.5899889629688866 0.3486315293854886
328 0.5906614172126957 0.34943515712324524
327.5 0.5901423218929193 0.34884030012394746
327 0.5902841112098457 0.3489938877302334
326.5 0.589743800565614 0.34834804937884634
326 0.5906935449814247 0.34947649389435737
325.5 0.5895411316971284 0.34811886193547964
325 0.5900881666817904 0.34875628934679787
324.5 0.5893057707347861 0.34783415797463646
324 0.588658351749903 0.34705808560278206
323.5 0.5891921996038173 0.34770572233138364
323 0.5899384227904565 0.348601306859496
322.5 0.5888278570153757 0.34727617430151303
322 0.5890132541674086 0.3474969604902277
321.5 0.5887480252264757 0.3471874803264681
321 0.5881460427029876 0.34649116258032964
320.5 0.5885383990877717 0.3469528443645671
320 0.5884777985261881 0.34686026034604944
319.5 0.5882083983544698 0.34655067932952754
319 0.5881516418020237 0.3464959943890197
318.5 0.5873391207767792 0.34552018798143724
318 0.5877980800512445 0.34606221832798856
317.5 0.5870163377406774 0.3451499826117445
317 0.5875866529797911 0.34582584755125123
316.5 0.5870300270033054 0.3451721309517497
316 0.5875584581593223 0.3457856925615705
315.5 0.5865811454023402 0.34464419517326683
315 0.587104171938949 0.3452538807923707
314.5 0.5864490548628217 0.34448166344929565
314 0.5872129018913944 0.34538811561238697
313.5 0.5859837935139521 0.34392951952216894
313 0.5862496852492644 0.3442337447237998
312.5 0.5859850612947041 0.3439481131947416
312 0.5860435021708515 0.34401059925848265
311.5 0.5858341297090847 0.343774309660807
311 0.5860947002689193 0.34407892133834483
310.5 0.5857097694584292 0.3436328702053697
310 0.5858117643334165 0.343730678006327
309.5 0.5854345688056937 0.3432852545314339
309 0.5849657125778851 0.3427372278153237
308.5 0.5853374234675073 0.3431696443775914
308 0.5852506140850349 0.34307473019649765
307.5 0.5844048308996175 0.3420962090199062
307 0.5847550991573899 0.3424748031651329
306.5 0.5845518676890991 0.3422746165896464
306 0.5842697899013395 0.34192165624381327
305.5 0.5846564226935911 0.3423986293444376
305 0.5843062629881827 0.3419725032448974
304.5 0.5832752022447147 0.34076494990361617
304 0.5840066930393946 0.3416380703986251
303.5 0.5835311593003266 0.34105812069821917
303 0.5836527918818145 0.3412054198690383
302.5 0.5837502085899424 0.34133400965622923
302 0.583596979999811 0.3411513632713608
301.5 0.5830310961007832 0.3404874667362959
301 0.5825856747310624 0.33996263051947667
300.5 0.5829693145204039 0.34040318287710486
300 0.5830047483225967 0.3404513385665788
299.5 0.5825997172127013 0.3399876313101403
299 0.5812497277664295 0.33842192701505064
298.5 0.5817892769399516 0.3390365343051467
298 0.5819307114101655 0.33919516197248173
297.5 0.581092106968244 0.3382162128705184
297 0.5817096934652403 0.3389460940557832
296.5 0.5818341864006589 0.3390889176319939
296 0.5811183736932463 0.3382652941504336
295.5 0.5808097853587137 0.3379088506572884
295 0.5811636606214774 0.3383052661045186
294.5 0.5812459912175794 0.3384008721262322
294 0.581047711862913 0.33815663878253577
293.5 0.5804172975743709 0.3374387255643882
293 0.5796367418825997 0.3365666109379154
292.5 0.5792567762565356 0.3360851913382314
292 0.5790237488757647 0.33584269350034773
291.5 0.5794211140015783 0.33627254804594264
291 0.5796874762159703 0.33660523773149015
290.5 0.5794920778650854 0.33638395385075154
290 0.5789208671522234 0.3357048567685505
289.5 0.5784815554490432 0.3352127766569893
289 0.5787994502314657 0.3355743470257648
288.5 0.5791958450454294 0.3360176668669443
288 0.5784201740729898 0.3351493001062472
287.5 0.5784674834984699 0.3351771020559052
287 0.5782757357757442 0.3349783780663539
286.5 0.5783626595293181 0.3350635203381292
286 0.5781611158424025 0.3348405592208374
285.5 0.5780535309238196 0.3347209406862844
285 0.5776357516285353 0.33421375285839217
284.5 0.5774631215463437 0.33403110242177486
284 0.5772535160512323 0.3337934490641624
283.5 0.5768236797415969 0.3333015196956727
283 0.5772230824605957 0.3337744813862926
282.5 0.5768731742029327 0.3333452110782865
282 0.5764590855663324 0.3328780935816985
281.5 0.5754756160669613 0.33172964041207353
281 0.5764795345715229 0.3328771339529119
280.5 0.5754780754280716 0.33174767832223867
280 0.5756301255239575 0.3319035194131475
279.5 0.5752910414727043 0.3315223334467213
279 0.5755253956593798 0.33179530538853697
278.5 0.575301163694936 0.3315199035697579
278 0.5750165299907494 0.33121485684423846
277.5 0.574495863074697 0.3306221187269839
277 0.5739580117838706 0.3299937657083314
276.5 0.57440357708844 0.33049911310331886
276 0.5745386886538519 0.3306592746156587
275.5 0.573892650901076 0.3299344174820362
275 0.5736439657610883 0.32963780597301684
274.5 0.5734990091218329 0.32944835939498807
274 0.5737667816762979 0.32977524843173134
273.5 0.5728714034141058 0.32874408793943527
273 0.572985297438471 0.3288732516277129
272.5 0.5727234908710304 0.3285900999040831
272 0.5719517362433675 0.32770450496082554
271.5 0.572060808837509 0.3278100988953466
271 0.5722081587734632 0.32798464467375177
270.5 0.5721320951452814 0.32791562460755275
270 0.5720615985435321 0.3278161108030937
269.5 0.5718348635576668 0.327571590958592
269 0.5714478545657605 0.32710716850076016
268.5 0.5714613911316876 0.3271203013936362
268 0.5714434842385172 0.32712006116992665
267.5 0.5706441638497811 0.32619632668797804
267 0.5706172083070226 0.3261936452741638
266.5 0.5707600493666981 0.32635399588840525
266 0.5698218681628776 0.3252667728812118
265.5 0.5702506868039079 0.3257616157540609
265 0.5695134191296487 0.32490064964501697
264.5 0.5686776935924333 0.3239786420724986
264 0.5693659996039088 0.3247560586837103
263.5 0.569742760326141 0.32517399448879525
263 0.5693622648215558 0.32475280467933326
262.5 0.5686426190375725 0.32390162787895654
262 0.5685410409323743 0.323802984339757
261.5 0.5683750506415355 0.3236214284179164
261 0.5685801834341284 0.32383993307234615
260.5 0.5683145447507314 0.323552633511454
260 0.5672414992780678 0.3223223669540732
259.5 0.5680261404381473 0.3232147093363288
259 0.5672016504360617 0.32227993556970636
258.5 0.5674324072794442 0.32254701428275073
258 0.567668978010996 0.3228142146195382
257.5 0.5670792347509596 0.3221557474152435
257 0.5669061190577521 0.3219500927936716
256.5 0.5664758316826787 0.32146031598165176
256 0.566164103303885 0.3211069125867635
255.5 0.565749569389075 0.32065376083271196
255 0.5655136550955968 0.3203736242453656
254.5 0.5650019087111893 0.3197933485987347
254 0.565516428045397 0.32037382605409975
253.5 0.5657839054779785 0.320687644345757
253 0.5650691929654187 0.31987147150770384
252.5 0.5643563205456111 0.3190532876306676
252 0.5644050352528834 0.3191427597220322
251.5 0.564186926329 0.3188808443835232
251 0.5644789513243199 0.31921463164072944
250.5 0.5631295625754875 0.31767905074685315
250 0.5636178894565006 0.3182467651164991
249.5 0.5632753771353723 0.3178560899402822
249 0.563103301252102 0.3176513825699882
248.5 0.5629141610522973 0.3174423197717441
248 0.5627260904690173 0.31723668439521674
247.5 0.5631788851237016 0.31774501532462335
247 0.5621147781356921 0.31654053252336134
246.5 0.5615621770375893 0.3159345669915546
246 0.5619551260078032 0.3163553826092744
245.5 0.560696623330988 0.3149454186348653
245 0.5610625938927746 0.3153645768095214
244.5 0.5612531371536098 0.3155756734742639
244 0.5608522162531078 0.3151181779619074
243.5 0.5599962877288664 0.31419336295049216
243 0.5598613544879499 0.3140099163680479
242.5 0.5597157807519915 0.31386165839713204
242 0.5598111766551457 0.3139702743395496
241.5 0.5590076280946952 0.3130473277428385
241 0.5593635671020563 0.3134546128654042
240.5 0.5594897404589261 0.31360291749466607
240 0.559986065242082 0.31414037419341545
239.5 0.5592700651462577 0.3133582000827908
239 0.5588480273727638 0.3128770779274525
238.5 0.5587332683712369 0.3127453814991088
238 0.5578536518856343 0.3117583700250774
237.5 0.5575823931611799 0.31145007265982666
237 0.556954584299892 0.3107540645150773
236.5 0.5568043425623829 0.31058317139814
236 0.556709690853793 0.3105034605876507
235.5 0.5565039127226971 0.3102709614937226
235 0.5564260428725186 0.3101872630335777
234.5 0.5562076619150672 0.3099378342817783
234 0.5564286267338603 0.31019070143262245
233.5 0.5558004111800794 0.30948467244088634
233 0.555564672302942 0.3092130943938823
232.5 0.5550072454036976 0.30860062595149723
232 0.5547707656463439 0.3083669566489372
231.5 0.5542847866733662 0.3078112360725112
231 0.5543529880860426 0.3078738133481147
230.5 0.5543383534178903 0.3078582138504647
230 0.5536656952075959 0.3070993723593214
229.5 0.5534875932456899 0.30692058468930256
229 0.5525412054977583 0.3058549219799614
228.5 0.5534421531543536 0.30686408215528743
228 0.5527220541339961 0.306080741588272
227.5 0.5521952443361228 0.30550451326594513
227 0.552348223680956 0.3056728127655273
226.5 0.5523034648001095 0.3056042175212576
226 0.5511943400660353 0.3043947431625727
225.5 0.5509764345432807 0.30413999889877624
225 0.5510027417814352 0.30416801210124433
224.5 0.550714748593761 0.30384547176749105
224 0.551040135970136 0.3042338717665541
223.5 0.5503746797050418 0.30349643401726734
223 0.5494795452517423 0.302501173471188
222.5 0.5495490908458666 0.30256700182360885
222 0.5489644358739786 0.3019267720419472
221.5 0.5485444391850215 0.3014606999786149
221 0.5494284429407804 0.30244419831004027
220.5 0.5488055686604653 0.30175545937466197
220 0.548510677249248 0.3014236503872253
219.5 0.5483231471072456 0.3012263719327836
219 0.5480389165962081 0.3009130142909483
218.5 0.5471011461573226 0.2998834282261723
218 0.5469482750189683 0.2997176969038798
217.5 0.5468648751980709 0.299622484941703
217 0.5465835710085725 0.2993426094506863
216.5 0.5458267671425208 0.29848307621541575
216 0.5449773892523464 0.29755999669808836
215.5 0.5449448542437973 0.2975246047387306
215 0.5446451471646256 0.2972001093536303
214.5 0.5451978352033823 0.29782467712478783
214 0.5439125573322476 0.2964070572690709
213.5 0.5437237851188866 0.29619294695268245
213 0.5448257665394065 0.2973832474643404
212.5 0.5433937654603092 0.29584419168553305
212 0.5428865073872173 0.29528890063502966
211.5 0.5423424100502815 0.2946975697260432
211 0.5434725714444308 0.29591298739550187
210.5 0.542530321665312 0.2948914623885503
210 0.541603112233028 0.2939168524693144
209.5 0.5410669533530162 0.2933197219777494
209 0.5419764905404926 0.2942964271694506
208.5 0.541468441722735 0.29374580370652903
208 0.5401130900510062 0.29228447315785505
207.5 0.5399474560116276 0.2921230174722646
207 0.5399617950990222 0.292126867881682
206.5 0.5395667680866555 0.2916959335332761
206 0.5393819631271118 0.2915061131493734
205.5 0.5383282608457833 0.2903850259786129
205 0.5383255013532828 0.2903770446009068
204.5 0.5376293666293729 0.2896235732033003
204 0.5385173526416757 0.29056904181296106
203.5 0.5373963713286714 0.2893490422192331
203 0.5371763995051592 0.28912596632781123
202.5 0.5360715612313797 0.287946369707281
202 0.5359227470261062 0.2877785554869252
201.5 0.5363999583777814 0.2882945239908575
201 0.5355115208443271 0.2873365147825268
200.5 0.5354364189421289 0.28725477790344206
200 0.5350582706102474 0.28685571545625
199.5 0.5342724940117892 0.2859877300044018
199 0.5340180421461752 0.2857323931400887
198.5 0.5336725650879999 0.28537865541176966
198 0.5340471921920722 0.2857508758598984
197.5 0.5331289868163837 0.28478356486132506
197 0.5331230116824747 0.28477697123103163
196.5 0.5322453605849009 0.283831770027691
196 0.533044929067262 0.28472168239920176
195.5 0.5322023024278535 0.2837927513423675
195 0.5317103647711069 0.28328810749796396
194.5 0.5311121376098183 0.28263367260144806
194 0.5303109030664086 0.2817923228637006
193.5 0.5311881541362166 0.2827258311967397
193 0.5297996710876871 0.28123460132784733
192.5 0.5299624438218596 0.28141990239214953
192 0.5299338774492968 0.2813914907223156
191.5 0.5290649006523825 0.28046226070832686
191 0.5292554639644832 0.2806826247188307
190.5 0.5289781486267524 0.2803876933202872
190 0.5282977165970796 0.2796424067292443
189.5 0.5266728081924731 0.27793889793692544
189 0.5267085272095314 0.2779722124923995
188.5 0.5255466723035991 0.27677010729449963
188 0.5267022515821664 0.27796854540809124
187.5 0.5249710722200799 0.2761673019647198
187 0.525044831588022 0.2762343189124109
186.5 0.5247472363691177 0.2759046694263978
186 0.5251427220698004 0.27632362876949024
185.5 0.524012803700911 0.27515163690883804
185 0.5231340531356606 0.274228620602368
184.5 0.5238595813889582 0.2749821811719891
184 0.5234853533045964 0.2746188379517388
183.5 0.5223570731253159 0.2734162199876421
183 0.5217849790565415 0.2728136201310125
182.5 0.522102048445212 0.2731581730432259
182 0.5213350748943474 0.2723592475344159
181.5 0.5214483566654462 0.2724390650947207
181 0.5202285555351727 0.271181324359719
180.5 0.52027234745062 0.27125682248549027
180 0.5190971240219927 0.2700228390177616
179.5 0.5186495518321192 0.2695806251616489
179 0.5182830155774948 0.2691958438460675
178.5 0.5184279554670224 0.26930681318781835
178 0.5183998320026459 0.26929044838777444
177.5 0.517359909619871 0.2682224200099917
177 0.517102612629644 0.26794715544332204
176.5 0.5158366778363255 0.2666609044413667
176 0.5164290305753325 0.2672632015595159
175.5 0.5150129556317943 0.26578989808599635
175 0.5152232601538135 0.2659952192193932
174.5 0.5148812063253728 0.26564791475032484
174 0.5142552560490364 0.2649896987539089
173.5 0.5137223815207794 0.2644550798839113
173 0.5130558388683749 0.2637794874069611
172.5 0.5138464892055234 0.26459844725990495
172 0.511880903878218 0.26256770610201696
171.5 0.5121741481004266 0.2628552612054835
171 0.5109393856136435 0.2616084169307895
170.5 0.5115112344993452 0.2622039435907111
170 0.5109421834280946 0.26160128274767025
169.5 0.510019386472538 0.26067452581033124
169 0.5097373216397982 0.2603952877130329
168.5 0.509530785377062 0.2601842895561514
168 0.5084236801466577 0.2590407143971955
167.5 0.5084657352968703 0.2590959761394588
167 0.5079933912953033 0.2585823456189913
166.5 0.5077634435760965 0.2583781279475067
166 0.5061277814179925 0.25669685869590453
165.5 0.5067230000604342 0.2573162003322552
165 0.5054336637994736 0.2560048276549956
164.5 0.5058210045815043 0.25639763554539124
164 0.5047190914823696 0.2552894158270934
163.5 0.5046342208559668 0.2552039274425236
163 0.5037518738619416 0.254316476420972
162.5 0.503356240693349 0.2539239044477357
162 0.5019639190482346 0.2525315792255658
161.5 0.5014159862469593 0.25197516728054975
161 0.5010894959886656 0.251640877878883
160.5 0.5016149105169693 0.2521626753353781
160 0.5000786906013578 0.25064506346065346
159.5 0.4995751053745941 0.250130090848864
159 0.49830708745313734 0.24884565329300093
158.5 0.4985309627088649 0.24906725731086696
158 0.4989269396352115 0.24948030096428078
157.5 0.49821937831761837 0.24877473111628817
157 0.49696196113562774 0.24752619462959563
156.5 0.4968681524483486 0.2474045194694175
156 0.4960248779917502 0.2465730494450417
155.5 0.4956322332304456 0.24618267347609965
155 0.49510579578134817 0.2456586188313062
154.5 0.49397308050953154 0.24453818565780067
154 0.4937191249917404 0.2443075113526661
153.5 0.49423586090648186 0.2448080360944102
153 0.49274649876277266 0.24334921449497593
152.5 0.4920469827502849 0.24262687773575561
152 0.49178087290268174 0.24238598607503925
151.5 0.4914343934174882 0.24204671919711038
151 0.48925203640067105 0.23988138875823187
150.5 0.4899575362564168 0.24056068659629293
150 0.4893611624406079 0.2400128768977227
149.5 0.4885563032879013 0.2392280171663038
149 0.4874315479076109 0.23813019041276812
148.5 0.48728128328909276 0.237983974988621
148 0.48578280610937624 0.23652000651458868
147.5 0.48658270278412663 0.23727633315983784
147 0.4863577998452499 0.23706890452680762
146.5 0.48472641067650163 0.23549460760292812
146 0.48496154424890503 0.23571060351118348
145.5 0.48295226328412383 0.23376774646978035
145 0.48272971974373663 0.23357018851871866
144.5 0.48260573480533 0.23345536292759056
144 0.48156577593245536 0.23242414135072015
143.5 0.48211088300066945 0.23294202803943875
143 0.48043737119758634 0.2313276122418715
142.5 0.48025536202140584 0.23117870092463946
142 0.4791576605958543 0.23013233649826204
141.5 0.4787728192362565 0.2297367143504556
141 0.47789396204930185 0.22889288255400983
140.5 0.47644121052039873 0.22752163723541757
140 0.4766787829858625 0.22775344233352646
139.5 0.47549059310507397 0.22663177421009378
139 0.4753864761824996 0.22652074470594652
138.5 0.4752585870445837 0.226399743731418
138 0.47372165844850844 0.22492112705537848
137.5 0.4729726548079265 0.22421720977088874
137 0.47277790702408284 0.22403653956984876
136.5 0.47146670188837747 0.2227847974977956
136 0.4707957207042314 0.22215734435296125
135.5 0.4711778894147215 0.22254064000364104
135 0.47053721108810836 0.22191959338657874
134.5 0.4699335683630722 0.22135400058460328
134 0.4690270153197104 0.22048071311728581
133.5 0.46784425168580357 0.21939487652328726
133 0.4670972175898325 0.2186845941154754
132.5 0.4661456852300657 0.21780584580615958
132 0.4657723173185846 0.21746033534729944
131.5 0.4650738034366829 0.21681297822129378
131 0.46432511536348536 0.21610161939822733
130.5 0.4646392374247695 0.21639370257405066
130 0.4626244914616762 0.2145112935724521
129.5 0.46191953731003743 0.2138452012063052
129 0.46178572199395884 0.2137389655242305
128.5 0.4603381656431654 0.21238486353186212
128 0.4597863134526447 0.21189501165974772
127.5 0.45976604478711747 0.21188399967497593
127 0.45753465287756356 0.2098435618578543
126.5 0.45666436713490244 0.2090327888435822
126 0.4560149197833675 0.20842899147100133
125.5 0.4570904547302333 0.20943645351466997
125 0.4547591746482877 0.20730139230644357
124.5 0.45442391002423693 0.20698123151531078
124 0.45197259685877633 0.20475139751286356
123.5 0.45273405323681354 0.20545228143646668
123 0.45228890075091444 0.20502706221560293
122.5 0.45207517300507577 0.204857874123074
122 0.45000843850743916 0.20299769993603337
121.5 0.44963768010858685 0.2026658864644283
121 0.4480640988984954 0.20123088033042644
120.5 0.44787655861511055 0.20106637265496374
120 0.4467755854037666 0.20008077528784046
119.5 0.44597976023091834 0.19937295111927203
119 0.44477241098446435 0.19829250715280672
118.5 0.4460808357077311 0.19944710151126277
118 0.4437642796938683 0.19738259649079046
117.5 0.44392336503103735 0.19752646549560396
117 0.44243102208063684 0.1962106236175419
116.5 0.44188143743051117 0.19575228002763093
116 0.4407667538612924 0.19472864497874579
115.5 0.4394373280114335 0.193568817548988
115 0.4381226534835206 0.19243291945422644
114.5 0.4380351063930885 0.1923213885936607
114 0.4366516835547752 0.19114122270611808
113.5 0.43583840550175645 0.1904056466934269
113 0.4347058877854529 0.18942763937030746
112.5 0.4342199181850112 0.18899569490945622
112 0.43264254061503193 0.18764402577122516
111.5 0.43308838010382755 0.18802057219567272
111 0.43262079133691966 0.1876215220185901
110.5 0.43113642685830394 0.18633182833832906
110 0.428742553922322 0.18425591119108398
109.5 0.42815878444261984 0.18378791352920656
109 0.4274225581006675 0.18311574091831112
108.5 0.4274651177173437 0.1831916518647709
108 0.4248490735200397 0.180937521370297
107.5 0.42515927942482834 0.18121324486842058
107 0.4244063090934289 0.18054517673272258
106.5 0.424195385758954 0.18037879645425273
106 0.4222753626218885 0.178726084832896
105.5 0.42065875519248336 0.17738134074348424
105 0.41944859058972395 0.17639482540906704
104.5 0.41918563484789945 0.1761446802336458
104 0.41783113069428707 0.17502024815055445
103.5 0.41683132553107927 0.17416406772322268
103 0.41552929080222145 0.1731034331089932
102.5 0.41519817845370394 0.1728152706005463
102 0.4131204143040753 0.17112477120602368
101.5 0.41255506204851383 0.17062378083993848
101 0.4121781618484258 0.1702897574613285
100.5 0.410150040468934 0.1686148553998482
100 0.4101328291290305 0.16863293285897468
99.5 0.40949740229488457 0.16810607588043155
99 0.40728959264051073 0.16630587678006348
98.5 0.40805060618162947 0.16692088307590328
98 0.4071341639985581 0.16616610325815634
97.5 0.4049714904188627 0.16439578637221017
97 0.40364248057204594 0.16334522110549005
96.5 0.4028065079481616 0.16265839057982567
96 0.40239551043597055 0.1623329280225796
95.5 0.40164302296032417 0.16170981064358747
95 0.3991364915442559 0.15968640384310964
94.5 0.39958845212577415 0.16005171670269228
94 0.39747178778564196 0.15837045579560088
93.5 0.3966442900411674 0.15770987210690374
93 0.3951206621364855 0.15650054272240219
92.5 0.3930853033345843 0.15488852154248364
92 0.3923264394793512 0.15429065835368438
91.5 0.3914921252973077 0.15365126908968618
91 0.3904326817851161 0.1528402204524727
90.5 0.3888583009606473 0.15158436752174245
90 0.38855456386043175 0.1513437184668374
89.5 0.38714883667975686 0.15023555852832166
89 0.38583051270186053 0.149234089387334
88.5 0.38505878722090076 0.14863426991187684
88 0.38378410408211316 0.14764075362558254
87.5 0.38162548241392 0.14600940150839362
87 0.3802282243932515 0.14491024628929977
86.5 0.3801928574444655 0.1448943525351361
86 0.37772617920221174 0.14302754060467837
85.5 0.37800339658073784 0.14323265658162046
85 0.37670643131734755 0.14227201035828407
84.5 0.3752764578692339 0.14116798149171814
84 0.37416461027200526 0.14032981210538678
83.5 0.37161600970268555 0.13845777627140501
83 0.37081902353772755 0.13784262554189655
82.5 0.37070232687086213 0.13775919111436427
82 0.3693732298868374 0.13679314678362153
81.5 0.36794371941303833 0.13572581348447685
81 0.366776782574432 0.13484329603903106
80.5 0.3652576559466286 0.13373042459908058
80 0.36394162715666883 0.1327737327329738
79.5 0.36306734397951584 0.13213117376909445
79 0.3610997202224225 0.13070610142419625
78.5 0.35952142076423466 0.1295859555442583
78 0.3582814044794286 0.12867260564559913
77.5 0.3586472409451691 0.1289585206470059
77 0.3560448249775491 0.12708486238325306
76.5 0.35465661323498404 0.12609240574743527
76 0.3527901672463371 0.12477504147214964
75.5 0.35265150845150584 0.12465538804047689
75 0.3516511825839417 0.123960157353596
74.5 0.3488350462424019 0.12198817067760309
74 0.34812643069859633 0.12149103207871059
73.5 0.3458866682588416 0.11993713851966688
73 0.34558133372771205 0.11971444190242596
72.5 0.34410505064723557 0.1186976407790165
72 0.3418387631223202 0.11714130425974412
71.5 0.34169331635686734 0.11703698831266802
71 0.339535938884468 0.11558429174848261
70.5 0.33914274469969635 0.11530761764671577
70 0.33607974937716695 0.1132453397317459
69.5 0.33469916932275834 0.11227849102656545
69 0.3346952764054721 0.11229452049235902
68.5 0.33443316446894295 0.11213388733591982
68 0.331563216731869 0.11019027034597781
67.5 0.32878843180359657 0.10835048783940307
67 0.3291257636846998 0.10858792678657016
66.5 0.3266162086805311 0.10692634514847903
66 0.326129270989136 0.1066235024685659
65.5 0.32492373760861226 0.10581606604913255
65 0.32350317313772925 0.10488767588584869
64.5 0.3212678059090932 0.10346856464608056
64 0.31871283308054515 0.1018330767920751
63.5 0.3182090386645549 0.10150187676537004
63 0.31713363604614525 0.10081119651655537
62.5 0.31562765458362385 0.09985339646820586
62 0.314550377415136 0.09917258586817092
61.5 0.3136445722649023 0.09858380908038472
61 0.31079687374753767 0.09681485579836918
60.5 0.30888468898293847 0.09562377118885299
60 0.3079593988448561 0.09502416831038256
59.5 0.3062424165085589 0.09400453550552522
59 0.30528273139022116 0.09338611205968297
58.5 0.3037268399196827 0.09247207847703225
58 0.30108527967436977 0.09087182561611586
57.5 0.300460541464927 0.09047892405569243
57 0.29788223168575584 0.08892760912965016
56.5 0.298075041954924 0.08906988161713088
56 0.29531753178631936 0.08740403553359131
55.5 0.29384688116916924 0.08653922866032336
55 0.29196765907953187 0.08541571590536862
54.5 0.28996075112782055 0.08425835048016359
54 0.28877772977024907 0.08357581090435477
53.5 0.28675449735362224 0.08242065575541178
53 0.285569198977223 0.08171387731075411
52.5 0.2847541638375738 0.0812459362324902
52 0.2827564712754388 0.0801075091641595
51.5 0.281608508535794 0.07947624751510247
51 0.27957571453360813 0.07831038624756388
50.5 0.2788259217723874 0.07790660021328469
50 0.2766683518968968 0.07671015532023852
49.5 0.27387827516582613 0.07518305947606937
49 0.2745081737383568 0.07550660823647502
48.5 0.27218603477514924 0.07425110688786782
48 0.2695537145745671 0.07279925225115595
47.5 0.26961723037004875 0.0728442563989444
47 0.26833074257319 0.07213923511859126
46.5 0.266318635464472 0.07106416679126287
46 0.2646883564101274 0.07019152739515151
45.5 0.26234649070466215 0.0689473795191005
45 0.26088147497214176 0.0681771334330687
44.5 0.25917316680612806 0.06730267918886941
44 0.258152762648171 0.06676814355466104
43.5 0.2560243016389218 0.06565886435754995
43 0.25425715347093536 0.06476490977447409
42.5 0.25343113943766055 0.06433943674479384
42 0.250660689688127 0.06295579272708869
41.5 0.24818207951397628 0.061689213167904315
41 0.24860796406578203 0.06191853734787525
40.5 0.24787772652641915 0.06154837434175855
40 0.24414956282890668 0.05971211881519453
39.5 0.24216567580709275 0.05874703465332506
39 0.2417729990308078 0.0585499678875116
38.5 0.24024937104118635 0.05780746482392941
38 0.2393451892579782 0.057369049279183654
37.5 0.23722450536666154 0.05636080186788751
37 0.2347902404359016 0.05521647876952921
36.5 0.23389590110973152 0.054779765185485274
36 0.232286565627625 0.05402838345550042
35.5 0.23215863234359824 0.05397497444513186
35 0.22803672705143022 0.052079882225726584
34.5 0.22811410701782303 0.052102529009212986
34 0.22582420732184433 0.051069629728508786
33.5 0.2234810173776799 0.05001062864848418
33 0.22299246315943153 0.04978579438727003
32.5 0.2227837965051997 0.049702534313531124
32 0.218763998996172 0.04792128791863743
31.5 0.21928584034551818 0.048146082642796774
31 0.21714581002199218 0.0472155976691455
30.5 0.21437614776101188 0.04600734234982522
30 0.21439279376509746 0.04601527491826641
29.5 0.21257789908972974 0.045238658405162765
29 0.21036945810971924 0.04430851768360393
28.5 0.2091503738754395 0.04378749266004864
28 0.20805478909392977 0.043324798201319
27.5 0.20698644374750194 0.04288509844064466
27 0.20379382519000033 0.0415697149141113
26.5 0.20382180871948474 0.04158084288193586
26 0.2018252493345141 0.04076254230351613
25.5 0.20069814439850142 0.04030374284307786
25 0.20080732354046107 0.04035983279626903
24.5 0.19987456343443236 0.03997465349286705
24 0.19733919418815374 0.038969565071673304
23.5 0.19593392435906415 0.03841875026827336
23 0.19556871343949864 0.03827333055959413
22.5 0.19455910660961875 0.03787802109652211
22 0.19289309171029717 0.03722898457971645
21.5 0.1917387689360231 0.0367830230969963
21 0.19033320002607507 0.03624217190494875
20.5 0.1890747216739946 0.035767859886155016
20 0.1889126477351973 0.03570464033810442
19.5 0.18722784368027445 0.035067082062832704
19 0.18508863394513805 0.03427599258744639
18.5 0.18555964442354259 0.03444575831728205
18 0.18375495425698676 0.033776094678011404
17.5 0.1830920235837404 0.033534849072412526
17 0.18232420580359227 0.0332517667778587
16.5 0.18189289826030305 0.0330957022539164
16 0.18173805911389154 0.033037050692845446
15.5 0.18126993537034483 0.03286573687579261
15 0.17866175675393184 0.031926444725662556
14.5 0.17778626917000637 0.031613537211428414
14 0.1774512878563406 0.03149274415657086
13.5 0.17631230366242914 0.031091361141132753
13 0.17549688959691537 0.03080191787007874
12.5 0.1750514422025594 0.03064481662716955
12 0.17488569769576237 0.03058711823294754
11.5 0.17410208786368933 0.03031284830365568
11 0.1743558049109324 0.03040153455842625
10.5 0.1743065874187329 0.03038416282694056
10 0.17354197708564603 0.030117616428678322
9.5 0.17361304147412607 0.03014244487929044
9 0.1732138993004798 0.030003764450823454
8.5 0.17256821536720343 0.029780193532919684
8 0.17231230565827985 0.029691874279816906
7.5 0.17263934038115566 0.02980473027056532
7 0.17232451698199283 0.02969590181800736
6.5 0.1722541513018823 0.02967167850450849
6 0.17243499689158961 0.029734013360132993
5.5 0.172048923142972 0.02960092594191322
5 0.1721140466497721 0.02962336481761919
4.5 0.172121502108682 0.029625887756013613
4 0.1718002021658134 0.029515339474815844
3.5 0.17177329818844878 0.02950608817521497
3 0.17174237352657037 0.029495461079515943
2.5 0.17169872463199357 0.029480461999449106
2 0.17166101151036953 0.029467504899193912
1.5 0.17165551470489146 0.029465617081345236
1 0.1716418382719676 0.029460920751281188
0.5 0.17163842955497752 0.029459750536440506
