1000 1.0690196498789126 1.1432151245335063
999.5 1.0692687361653368 1.1437562850722036
999 1.0688401231090794 1.1428408869418374
998.5 1.0692986158606863 1.1438170580900464
998 1.0690911518648978 1.1433698262204077
997.5 1.069375133773775 1.1439756166152737
997 1.0693819500276023 1.1439866478855105
996.5 1.0691155510810804 1.1434188185630025
996 1.0692609184984205 1.1437414471608354
995.5 1.0687734619045124 1.1426929821536005
995 1.0694112194604435 1.1440615213560026
994.5 1.0690494198703764 1.1432765861112357
994 1.068898396976688 1.1429531215209263
993.5 1.0689280961045322 1.1430145418791124
993 1.0690994759105898 1.1433869647259505
992.5 1.0690651133227465 1.1433137487224376
992 1.0687551235060162 1.1426492658316088
991.5 1.0690550298619823 1.1432840285670685
991 1.0691237211470663 1.143441580164215
990.5 1.06821681141701 1.1415063449298728
990 1.0686112085130821 1.142342229835638
989.5 1.0690709844595065 1.143330498659627
989 1.0688129396190635 1.1427809427785394
988.5 1.0693035796582502 1.143821718042829
988 1.068885495992586 1.1429283822810519
987.5 1.0690507208354223 1.143285710230368
987 1.069108094647236 1.1434051006858685
986.5 1.0686767730727211 1.1424785430959195
986 1.0682899841984177 1.1416688440004727
985.5 1.0690253404256729 1.1432198581226938
985 1.0684589377832845 1.1420198193525988
984.5 1.0688831182653342 1.1429242880700146
984 1.0686605746138749 1.1424541788590836
983.5 1.0688621014694686 1.1428861692216605
983 1.0687370672070073 1.1426142939458623
982.5 1.0692433036915776 1.1436992789115379
982 1.069284089712039 1.1437757469965137
981.5 1.0687070865027353 1.1425512205776274
981 1.0685251262606164 1.1421629914574691
980.5 1.0690197660810612 1.1432217118751762
980 1.0683771053654991 1.1418463253543318
979.5 1.068670714109806 1.1424630488485064
979 1.0683648930618257 1.141819185153711
978.5 1.0688245472692621 1.1427907759745437
978 1.0684163524480799 1.1419253388238346
977.5 1.0684873255846472 1.1420806469071085
977 1.0683527533556243 1.1417873424536957
976.5 1.0687460352722549 1.142642909100348
976 1.06866639056576 1.142458428919275
975.5 1.0686565185227024 1.1424356431881968
975 1.0687740950443902 1.142699491643899
974.5 1.0684859554677844 1.1420762192175171
974 1.0685480228922757 1.142215877904667
973.5 1.0685922408363346 1.1423088233689211
973 1.068950152574878 1.1430576649189452
972.5 1.0686012906786837 1.1423190756548645
972 1.0688718474340875 1.1428907964837982
971.5 1.0685318978388407 1.1421735399136108
971 1.0681298718875187 1.1413080102117379
970.5 1.0688649529559755 1.1428772257508482
970 1.0685519052722094 1.1422262103930143
969.5 1.068802062049319 1.1427456097234243
969 1.068333289226496 1.1417486260271088
968.5 1.0685914987713714 1.1422962270752488
968 1.0684756589450408 1.1420511416223131
967.5 1.068356419033116 1.141801907554353
967 1.0685185534162975 1.142141325338263
966.5 1.0688544394983115 1.142878118347675
966 1.0687500381422592 1.1426295691152606
965.5 1.0689777971212648 1.1431268398514196
965 1.0682336450616365 1.1415455917878716
964.5 1.0686732420996063 1.1424750666348422
964 1.0685101190936728 1.1421235638489156
963.5 1.068924291520001 1.1430075361461798
963 1.0687420923286886 1.1426212095069508
962.5 1.0685732803544579 1.1422578640994918
962 1.0686281861898124 1.1423720625417575
961.5 1.068380952317862 1.1418535416458857
961 1.0683221370260094 1.1417160995072366
960.5 1.0686676761391518 1.1424769968073587
960 1.068297854783344 1.1416602219811234
959.5 1.0685251080726448 1.1421575289346277
959 1.068195545113283 1.1414622016642784
958.5 1.0681946644739186 1.1414561502412726
958 1.0681209324696526 1.1413016407131271
957.5 1.068263373219696 1.1415946188981934
957 1.0683451981912349 1.1417828936007222
956.5 1.0682049710969244 1.1414747056325176
956 1.0679547873588868 1.1409447367318108
955.5 1.0679618313624653 1.1409481964647097
955 1.0679896868758427 1.1410154786874864
954.5 1.0684760821209132 1.1420522414463739
954 1.0680867956278683 1.1412287268688626
953.5 1.0682150874180947 1.141503210611484
953 1.0680325156800186 1.1410985470263255
952.5 1.067896798084625 1.1408100006662216
952 1.0675713006232976 1.1401224478215959
951.5 1.0679776288373044 1.1410023118916435
951 1.06828428595917 1.1416490476010421
950.5 1.0679991807988185 1.14103823494335
950 1.0676766420024997 1.1403527121852146
949.5 1.068233046044948 1.1415340524553312
949 1.068478467108273 1.142056285762665
948.5 1.0683461837963377 1.1417688928395007
948 1.0681178770781101 1.1412773706759165
947.5 1.0678658865488042 1.140755884290387
947 1.0682468760579569 1.1415654664521893
946.5 1.0682767975064382 1.1416331529365789
946 1.0680226237388466 1.1410700025008425
945.5 1.067856834436887 1.1407292383730077
945 1.0679340216624618 1.1408957833782791
944.5 1.0677999128852382 1.1406057809138186
944 1.0677935342150398 1.1406017195065532
943.5 1.0675863764047266 1.1401615430794612
943 1.067824811033009 1.140664266323251
942.5 1.0681864015491902 1.1414323053205189
942 1.06731903620654 1.139584213438276
941.5 1.0677011658621507 1.1403995605247628
941 1.067904086747099 1.140836204642196
940.5 1.0679687321050741 1.1409742402249108
940 1.0678802091122341 1.1407969183679652
939.5 1.0676810632229752 1.140358451742693
939 1.0676716448055927 1.1403410244225334
938.5 1.0673665084268706 1.1396863170475242
938 1.0678630349511857 1.1407479791484512
937.5 1.0679121666491853 1.1408695116351675
937 1.067334405221674 1.139620607998172
936.5 1.0678301869539668 1.1406714772466593
936 1.0676116319868416 1.1402031741084624
935.5 1.0678400728241253 1.1407009301094018
935 1.067905597990406 1.1408406581711206
934.5 1.0675293532772103 1.1400311952490316
934 1.0679723709729492 1.1409753993992577
933.5 1.0672497044637048 1.1394346414705825
933 1.0675256410039689 1.1400196515479915
932.5 1.0674647313313341 1.139887904389338
932 1.0676403000593704 1.1402686945791696
931.5 1.0676641299265894 1.1403200688525859
931 1.0675403121381761 1.1400594129757429
930.5 1.067885917245544 1.1408032207906467
930 1.067492445091461 1.1399611640488971
929.5 1.067993114561467 1.1410227804457287
929 1.0676780399236356 1.1403391765705826
928.5 1.0676078880388378 1.1401959681893383
928 1.0673294219805436 1.1396043566775804
927.5 1.0677617126200085 1.1405263991451187
927 1.0673778381066488 1.1397061423051316
926.5 1.0678728607229275 1.1407654190632637
926 1.067275361705584 1.139484881088171
925.5 1.067701099236023 1.1403994808125508
925 1.0675674029875948 1.1401113652609751
924.5 1.067832288865739 1.1406748115035084
924 1.0672970873418846 1.139534658160935
923.5 1.0673554042660374 1.139654800646159
923 1.0675185239835794 1.1400189284917863
922.5 1.067401359439513 1.1397595752008352
922 1.0673394807994458 1.139626669827149
921.5 1.0673815954113774 1.1397195289042121
921 1.0672640980088788 1.1394731982909714
920.5 1.0680703447455189 1.1411807780559675
920 1.067512438062613 1.139992585387442
919.5 1.0673978710799354 1.1397553018081452
919 1.067675560887482 1.1403483056426424
918.5 1.067145502492443 1.1392078133210655
918 1.0672707398455776 1.1394775026827177
917.5 1.0672284362337296 1.139384101230805
917 1.067500035635062 1.1399716332234677
916.5 1.0673788133575497 1.1397056538955352
916 1.06743849532744 1.1398360023569438
915.5 1.0670364578531126 1.1389810329296408
915 1.067110133466925 1.1391485266513925
914.5 1.0670581117967262 1.1390174375751718
914 1.0671413583323435 1.1392023347444087
913.5 1.0674062521760235 1.1397776049122414
913 1.0675084551072385 1.1399788335990275
912.5 1.0668000053151703 1.1384872498191152
912 1.067708819164826 1.14041400040928
911.5 1.0672417987523926 1.1394194169663483
911 1.0670367954106859 1.1389814410789036
910.5 1.066772118921023 1.1384290296263617
910 1.0668057035302 1.1384845654678795
909.5 1.0674534359305796 1.1398703938445882
909 1.0666514686504216 1.1381772834898902
908.5 1.0670003674885098 1.1389004036962478
908 1.0676186431139507 1.1402223356536074
907.5 1.0671166113729087 1.1391601206670285
907 1.0671839109405683 1.139303976758965
906.5 1.0676717289465971 1.1403420772961093
906 1.0668916164743967 1.1386875382851025
905.5 1.0668853557795206 1.1386577601955756
905 1.067146186262854 1.1392183260057391
904.5 1.0671269403224037 1.1391747945875117
904 1.0673302552283348 1.1396121581760106
903.5 1.066918482637969 1.138724729344464
903 1.0669902914909366 1.1388849434191437
902.5 1.066728006174818 1.1383286153975738
902 1.067041141380665 1.1389870096633639
901.5 1.0669986684752237 1.1389021294320922
901 1.0666796195864814 1.1382277716613614
900.5 1.0664711424590538 1.1377832020560963
900 1.0665705774675183 1.137989610045289
899.5 1.0669849329466041 1.1388744509695112
899 1.0665362022248719 1.1379087648643813
898.5 1.0669845358711059 1.1388752172705279
898 1.0669463121792997 1.138781251515148
897.5 1.066570858298998 1.1379851334685218
897 1.0667034599671248 1.1382735206773227
896.5 1.0670313650576542 1.1389752476044033
896 1.0666573505758077 1.1381675569328573
895.5 1.066791298105968 1.1384619188257552
895 1.067122022957544 1.139158573193587
894.5 1.0666522885810297 1.13815674591495
894 1.0668852258857497 1.1386628180563596
893.5 1.0667790046735528 1.1384299898642671
893 1.0667014982578877 1.1382656373259912
892.5 1.0666413131419301 1.1381482368179459
892 1.0667220951244993 1.1383146097658239
891.5 1.0667056628086156 1.1382716835394493
891 1.0668210826045799 1.1385251966492096
890.5 1.0667194557120199 1.1383126789916678
890 1.0666160831228508 1.1380901620842354
889.5 1.0669326618254795 1.1387576405773663
889 1.0666815875137294 1.138230095743269
888.5 1.0665575028231358 1.1379612944547743
888 1.06698991129013 1.1388815488218016
887.5 1.066368341917638 1.1375561625819235
887 1.066501019511262 1.1378265661351783
886.5 1.0666228741458545 1.1381045621470574
886 1.0665314570188704 1.1379170507193084
885.5 1.06614951815166 1.137091377234465
885 1.0663209757383987 1.137466542371955
884.5 1.0662503022552787 1.1372927482192126
884 1.0663514618291003 1.137523532006093
883.5 1.066660047777538 1.1381758933151358
883 1.0667025750260128 1.1382678953158971
882.5 1.0666238416335765 1.138103165075071
882 1.066464932697205 1.1377742293801836
881.5 1.066239681814239 1.1372756134594155
881 1.0666058842802968 1.1380597952192737
880.5 1.0659570007161139 1.136680845373902
880 1.0662296968031384 1.1372609491960126
879.5 1.0662298415430935 1.1372522961845066
879 1.0663580145064786 1.1375399219421638
878.5 1.0663424054746413 1.1375002817119961
878 1.0661152772364222 1.1370197552337742
877.5 1.0663957839099554 1.1376189637290868
877 1.066616571548269 1.1380850189925793
876.5 1.0662911596984777 1.1373991087975477
876 1.0664920802890476 1.1378283294561797
875.5 1.0661565431011815 1.1371022668541593
875 1.0661858465741898 1.1371722276740264
874.5 1.0668226665555915 1.1385304980919178
874 1.0665011214523785 1.1378435790618229
873.5 1.0662591865912339 1.1373263017958501
873 1.0660290542002324 1.1368347632739368
872.5 1.0661146321263513 1.13701891921106
872 1.066265062555943 1.1373405880149048
871.5 1.0666423907388203 1.1381349663624518
871 1.066460907148084 1.1377641488625845
870.5 1.066262236861234 1.1373214392712088
870 1.0656816295196858 1.1360922094244073
869.5 1.0659890690188858 1.1367444890774152
869 1.065970740176412 1.136717477430022
868.5 1.0659927333290944 1.1367492373030061
868 1.065665159558373 1.1360698153932833
867.5 1.0656973139927541 1.1361261787262673
867 1.0658117080834368 1.1363707343293998
866.5 1.0657918869686291 1.1363360810584235
866 1.0660516312946704 1.1368789823025662
865.5 1.0655396042140461 1.135792133073948
865 1.0662484515771231 1.1373022033481994
864.5 1.0656985840322428 1.1361323576666855
864 1.0663811211899747 1.1375800026630545
863.5 1.0666194873555725 1.1380843652912498
863 1.0655715427586259 1.135853121407884
862.5 1.0660396697316057 1.1368582519607313
862 1.0654387320446868 1.1355745151543533
861.5 1.0659296777436023 1.1366254991300695
861 1.0659016405028474 1.1365713594489035
860.5 1.0659533680996582 1.1366710440046457
860 1.0661556992721892 1.1371120194258852
859.5 1.0658050481443107 1.1363530076421877
859 1.065629351970082 1.135975487219393
858.5 1.0658727557137513 1.1365011639172327
858 1.0656097396905966 1.135936781862434
857.5 1.0660905925151716 1.136959187823208
857 1.065819104112119 1.1363853122727925
856.5 1.0658420482595308 1.1364399921224762
856 1.0657831156595612 1.136313525491499
855.5 1.0658050829756651 1.1363521947792532
855 1.0656722455613843 1.1360741850123104
854.5 1.0656743362412477 1.1360892140081755
854 1.065563342810683 1.1358451151944737
853.5 1.0655709944204543 1.1358550220584993
853 1.0660114328138084 1.1367860114382475
852.5 1.0655085544908631 1.1357217266657529
852 1.0652265495141282 1.1351264111014228
851.5 1.0659441577720785 1.1366468931931182
851 1.0656935940908006 1.1361273442143693
850.5 1.0653321543141185 1.1353566128967656
850 1.0655805129076705 1.1358831683200512
849.5 1.065511241949319 1.1357331409648028
849 1.065791288976366 1.1363184057850781
848.5 1.0653006531069373 1.135287480951537
848 1.0652980777142993 1.135277238969061
847.5 1.0656523066090244 1.136028348612537
847 1.0655091074304526 1.1357264550072637
846.5 1.065624085087484 1.1359725120575106
846 1.0650935553901106 1.1348346290666407
845.5 1.0650878406118434 1.1348321939832444
845 1.0652116156905775 1.1350976713654408
844.5 1.0657462922860108 1.136235862723646
844 1.065265167811262 1.13519990892381
843.5 1.0655530420066956 1.1358204296932288
843 1.0651988991476349 1.1350655327954688
842.5 1.064952907373267 1.134534348931238
842 1.0652380356327442 1.1351436357447657
841.5 1.065257537062593 1.1351915179341585
841 1.0651521570187954 1.1349621169983477
840.5 1.0651666023085153 1.1350046031912884
840 1.0655165836512062 1.1357472811504044
839.5 1.0652484136337008 1.1351634711528618
839 1.0650952916491927 1.1348568567975879
838.5 1.0648401836170451 1.1343081407778264
838 1.064916610264568 1.134480033315361
837.5 1.0651333216803678 1.1349337370625976
837 1.0650813277680953 1.1348189047957846
836.5 1.0648631307046847 1.13434452479471
836 1.065243495067178 1.1351587615755254
835.5 1.065139316803633 1.1349458980095941
835 1.0652053080503765 1.1350837329726289
834.5 1.0649719258476917 1.1345761152396627
834 1.0648418605043186 1.134303381501353
833.5 1.0651556922634609 1.1349698688171808
833 1.0650134330495291 1.1346752583307966
832.5 1.0652777375726241 1.1352358914669656
832 1.0646511930564357 1.1339002436733487
831.5 1.0649537030863743 1.1345383751767093
831 1.0651558762818578 1.134988369078362
830.5 1.0651498899463374 1.134972106206194
830 1.065010884059391 1.1346698574264702
829.5 1.064647054008382 1.133891945606871
829 1.0652168593034768 1.1351054136463898
828.5 1.0645940321639933 1.1337827442009865
828 1.0649053718803343 1.1344367899241687
827.5 1.0646101814732807 1.133823036078128
827 1.0648283582877898 1.1342761546776938
826.5 1.065036771346456 1.1347230210443382
826 1.0646511725384538 1.133902957892502
825.5 1.0651011491796638 1.1348615835967335
825 1.0645826582423088 1.133749736160338
824.5 1.0644367122819824 1.1334456108870685
824 1.0648274860591227 1.1342763691649629
823.5 1.0645787895394363 1.1337346169548987
823 1.06465376802285 1.1339074697602387
822.5 1.0648655039858015 1.1343509216037968
822 1.0647605717812 1.1341276660753554
821.5 1.0647570337890504 1.134130172108478
821 1.0645388429590015 1.1336604622876763
820.5 1.0648269199507476 1.1342907958460615
820 1.0645158538028654 1.1336154010165116
819.5 1.064331807222853 1.1332282114903713
819 1.0647207601519786 1.1340529465616744
818.5 1.0645662723767033 1.133711235624341
818 1.0645249986125374 1.1336286340962876
817.5 1.064499351054208 1.1335763796513703
817 1.0646059009639366 1.1338103384523062
816.5 1.064549792945683 1.1336810889426787
816 1.0645691440896587 1.1337115733501288
815.5 1.064460780011478 1.1334963254132457
815 1.064669225565238 1.1339415556455636
814.5 1.0652605120056675 1.1352066796810205
814 1.0643983314745964 1.133361800674943
813.5 1.0644851431084343 1.133542578508365
813 1.0648354612458406 1.1342967261316828
812.5 1.0646730330998118 1.1339527110344236
812 1.0645933792309032 1.1337769230670824
811.5 1.0644119539581545 1.1333884380798906
811 1.0638332224651044 1.1321511890903535
810.5 1.0645825629493546 1.133749828612093
810 1.0641784847980003 1.1328911879455479
809.5 1.0644170035351612 1.1334098758709585
809 1.0642024768813914 1.1329403575134345
808.5 1.0643277834530023 1.1332155146743246
808 1.0641765325396342 1.1328954760956904
807.5 1.06422069792551 1.1329866376243474
807 1.0644405381383497 1.1334529105697972
806.5 1.064255663749052 1.1330557377830268
806 1.063811343563784 1.1321084936406782
805.5 1.064263030839773 1.133084772333852
805 1.0638517145304038 1.1321950431981236
804.5 1.0644221825794105 1.1334108862744876
804 1.0639098662899997 1.1323194536900603
803.5 1.0640784730603676 1.13268113152249
803 1.0640828561555482 1.1326850064618283
802.5 1.0640391135295355 1.1326135896984135
802 1.06418822770608 1.1329173593389346
801.5 1.0642269883932487 1.1329991105117048
801 1.0641384560497065 1.1328183333407837
800.5 1.0637554577593018 1.1319961424038778
800 1.0635657399914702 1.1315934845511824
799.5 1.0644650560256372 1.1335200251655986
799 1.0640945843459175 1.132710750285371
798.5 1.0639527581258108 1.1324072046406906
798 1.0637882000321068 1.1320641013891668
797.5 1.0636088460157467 1.1316989415210408
797 1.0640897502109006 1.1326982506605647
796.5 1.0638005410885356 1.1320858114343866
796 1.0637845137068245 1.1320601193387703
795.5 1.0639242175343853 1.1323489904118456
795 1.063807524308366 1.1321064745203757
794.5 1.064037288392562 1.1325843963107802
794 1.063949647398989 1.1324001364697533
793.5 1.0636912408014179 1.131863179428308
793 1.0640919852051467 1.1327052688650006
792.5 1.063304597227479 1.1310283740762666
792 1.0641330136319753 1.132804373834979
791.5 1.063391922655095 1.131221811849365
791 1.0633847513868124 1.1311982388369015
790.5 1.0636266364136577 1.1317143981839626
790 1.0637572473857635 1.1320003521142783
789.5 1.0634101119158863 1.1312613717022866
789 1.0634895764211876 1.1314235364231022
788.5 1.0635856307278044 1.1316354207553243
788 1.0630109757526232 1.1304163268009482
787.5 1.0636378606390502 1.1317438297601288
787 1.063747348299529 1.1319702291692724
786.5 1.063733826629393 1.1319526092501777
786 1.0635989008683506 1.131658063240112
785.5 1.063530337291432 1.1315102076101182
785 1.0628880712422293 1.1301577770651823
784.5 1.0630328365405746 1.130448904076559
784 1.0630098693513919 1.1304099195136066
783.5 1.063565505537906 1.131587199113959
783 1.063253691971415 1.1309199494746638
782.5 1.0635476330523252 1.1315564980345432
782 1.063542904109689 1.1315410093682388
781.5 1.0632761079596702 1.1309800929850877
781 1.0628089378858665 1.1299844532983634
780.5 1.0631122040306373 1.1306196143316989
780 1.0629902912750842 1.130378581019766
779.5 1.0632712037065832 1.130970241870201
779 1.0638732918143847 1.1322539699969119
778.5 1.0631708773597048 1.1307541829723284
778 1.0640797703518834 1.1326850880459718
777.5 1.0638471314012912 1.1321926152272002
777 1.0633980117867683 1.1312327211018376
776.5 1.0630823946477799 1.1305625123982415
776 1.0630095691588426 1.1304031032053103
775.5 1.062976688262614 1.130324051457006
775 1.0631689113730982 1.130738495192878
774.5 1.0627254772860388 1.1298132552046152
774 1.0634106864551005 1.1312608839814762
773.5 1.0631591104467313 1.1307178805839047
773 1.0626922756114245 1.129737966321872
772.5 1.0630283479638252 1.1304507119990432
772 1.0628794858996529 1.130126134771852
771.5 1.0633085311277493 1.1310468652607468
771 1.0627728838558255 1.1299044752664937
770.5 1.06293748102889 1.1302505767909397
770 1.0630997901748878 1.1305862375830205
769.5 1.0633450009036611 1.1311327715163335
769 1.0628148805273827 1.1299984179115854
768.5 1.0631026500213714 1.1306110331854815
768 1.0629934092680169 1.1303773272499693
767.5 1.062531357793034 1.1293865276598036
767 1.0629080529756294 1.13019108182441
766.5 1.0630238640472023 1.130435682779058
766 1.0629715022152122 1.1303211727300475
765.5 1.0626789878272251 1.1296967784777727
765 1.0630321529997961 1.1304552185643237
764.5 1.0626060174611018 1.1295442510170455
764 1.0627870744683854 1.1299315309415443
763.5 1.0628968063547877 1.1301644486727345
763 1.0627633169022905 1.1298805271526682
762.5 1.0627314783342245 1.1298125712873648
762 1.0621497885690203 1.1285824039426051
761.5 1.0628203016618194 1.1300112807065796
761 1.0627874600338783 1.1299463071331284
760.5 1.0623701486495774 1.129054458386948
760 1.06249222419554 1.1293118975362262
759.5 1.0627132449423873 1.1297782054809908
759 1.063074216503345 1.1305512617079991
758.5 1.0624424654916562 1.1292068128456956
758 1.0622986851335832 1.1288954389723966
757.5 1.0625152454370055 1.129362802072419
757 1.062694543875285 1.1297420778466754
756.5 1.0627406710834661 1.1298474740530462
756 1.0623774709701757 1.1290696164411556
755.5 1.0622513658049302 1.1288003999754932
755 1.062226389867588 1.1287379926751142
754.5 1.062729409044131 1.1298100433726335
754 1.062214011299824 1.1287165835801634
753.5 1.0626595796850198 1.1296628092487941
753 1.0624812963258037 1.129273692063979
752.5 1.0621240565452803 1.1285256432363209
752 1.0619590032086237 1.1281736840119876
751.5 1.0622843473740355 1.1288626255271361
751 1.0617416083396893 1.1277126976297904
750.5 1.0622844334402906 1.1288691203410461
750 1.0623325878744174 1.1289573281714331
749.5 1.062529873287971 1.1293935743495038
749 1.0624460649537033 1.1292200313108502
748.5 1.0623750383790906 1.1290632474592375
748 1.062656787199763 1.129661511473885
747.5 1.0622832272576102 1.1288737689570323
747 1.062267612217761 1.1288307476914163
746.5 1.0620842402937478 1.1284340895454636
746 1.0617798210456106 1.1278017574160009
745.5 1.06205499625913 1.1283723038572313
745 1.0622564837647717 1.1288030409326457
744.5 1.062260350841554 1.128795657839242
744 1.0620012960005765 1.1282746223540865
743.5 1.061837694436959 1.1279245401303635
743 1.0619208363784975 1.1281040391062453
742.5 1.061797169775181 1.1278423357433465
742 1.0619305177037182 1.128115372197459
741.5 1.0622996553688635 1.1289041766840466
741 1.061958010868765 1.128188508003073
740.5 1.0621214628261608 1.1285175813699118
740 1.0614801482294367 1.1271564749527865
739.5 1.061758749747356 1.1277555190304043
739 1.0618979653283092 1.128042434269763
738.5 1.0620439634830074 1.1283631451816156
738 1.0624479490649354 1.1292223332388687
737.5 1.061752197349066 1.1277316022211763
737 1.0615323042540217 1.1272705429573482
736.5 1.0611922202215287 1.1265403976999482
736 1.0618045894495634 1.12785096646876
735.5 1.0617919087243197 1.127815479091712
735 1.0618799871136058 1.1280041430149075
734.5 1.0617927097841329 1.127821468961111
734 1.0615146425680737 1.1272385102974105
733.5 1.0619677597715247 1.1282044378339362
733 1.0614091667070047 1.1270062194273158
732.5 1.0618667143342393 1.1279840837044852
732 1.0612993166036244 1.1267775456143148
731.5 1.0620041693665194 1.1282841816196714
731 1.062211536856756 1.1287153163583046
730.5 1.0611976376603995 1.1265706080886377
730 1.061351795808309 1.1268971760878426
729.5 1.0614389556004455 1.1270728053163217
729 1.0611237451353752 1.1264035755267712
728.5 1.0618129767705582 1.1278647192438433
728 1.0614217203067626 1.127042256054367
727.5 1.0616116023639641 1.1274471669325397
727 1.0612112428862712 1.1265823553286252
726.5 1.0613902499384962 1.126963066006348
726 1.0613113294658052 1.126802948647304
725.5 1.0611320779049382 1.1264120066937207
725 1.06143101849229 1.1270578395569486
724.5 1.0614379490212962 1.127079296701695
724 1.0609685596795415 1.126086562903696
723.5 1.0609647430595 1.1260593469239923
723 1.0616423034475122 1.127496472516244
722.5 1.0612820789675592 1.126740010414195
722 1.0608659288273472 1.1258603947877714
721.5 1.0611272228820199 1.126408813677486
721 1.061081640932267 1.126319811735079
720.5 1.0612223994012788 1.1266100695983432
720 1.0607611207088274 1.1256294708809864
719.5 1.0610878464772777 1.1263282661689973
719 1.061373570303526 1.1269278583840723
718.5 1.0607341632147185 1.1255755878785632
718 1.06085138000531 1.1258202432233007
717.5 1.061264061637231 1.126711790126435
717 1.0608808380396277 1.1258834813393908
716.5 1.0610440448805967 1.1262290642090584
716 1.0605196589958903 1.1251209183289248
715.5 1.0610674606145185 1.1262872934472128
715 1.060707851738496 1.125526371097782
714.5 1.0606432467221132 1.125384538038629
714 1.0607339236848994 1.1255861912966771
713.5 1.0608479724317956 1.1258206687654417
713 1.0605282162162109 1.12514527156142
712.5 1.060487735537845 1.1250706145627252
712 1.0606408339105624 1.1253805832633526
711.5 1.0607153026873308 1.1255232845793326
711 1.060774057045161 1.1256472230612107
710.5 1.0602648538242434 1.1245830576336933
710 1.060713803639555 1.1255356794659916
709.5 1.0604315180436945 1.1249379729243385
709 1.0602388896862804 1.124527900605178
708.5 1.0608184917205319 1.1257583850267696
708 1.0604299145536205 1.1249411058379486
707.5 1.060244919980699 1.124549108892536
707 1.060940257175117 1.1260195715453378
706.5 1.060644505709729 1.125389954423474
706 1.06071614378342 1.1255378919334544
705.5 1.0609264108355378 1.1259885999546666
705 1.0602729277827594 1.1245945534596702
704.5 1.0597846824261108 1.1235641071909128
704 1.0604964706240287 1.1250731551747288
703.5 1.061004715249898 1.1261433743651832
703 1.060141251844954 1.1243138593572863
702.5 1.060292768317539 1.1246388366989775
702 1.0603967244484755 1.1248526576417426
701.5 1.0605629422979943 1.1252174643575732
701 1.0600157135512933 1.1240566819727575
700.5 1.0607440002796347 1.125599131054159
700 1.0601717935764554 1.1243890171620263
699.5 1.0604408099298561 1.1249544754720058
699 1.060225064243246 1.1245007088176866
698.5 1.0601785110789415 1.1244016248694184
698 1.0605764002412135 1.1252468967759717
697.5 1.0602896165204039 1.1246410960690538
697 1.0601936438795756 1.1244316069261084
696.5 1.0595434422214272 1.123054558740089
696 1.0598511002998017 1.123703785565667
695.5 1.0604264153128362 1.1249267081699992
695 1.0599222532646853 1.1238526975730576
694.5 1.0604692929716206 1.125008686098796
694 1.0597940529904366 1.1235773300777443
693.5 1.0604286082436736 1.124937431612958
693 1.0597975141185054 1.1236106172963758
692.5 1.0598796642393227 1.1237733286991993
692 1.0598749301710262 1.1237652657166541
691.5 1.0598648755296645 1.1237424290525009
691 1.0599327828016385 1.123883825829321
690.5 1.0601464912325365 1.1243468158585892
690 1.0594275467928786 1.1228142929836376
689.5 1.0598266830030953 1.1236492799577118
689 1.0595794040130864 1.1231300167642155
688.5 1.0600745242035396 1.1241918779537636
688 1.0601515577010272 1.1243554050856437
687.5 1.0595428837434397 1.1230511483908825
687 1.0600226562451338 1.124051958287969
686.5 1.059559639829997 1.123095450113085
686 1.0595061362778329 1.1229822708609234
685.5 1.0595880900325532 1.1231490582417223
685 1.0596131191804865 1.1231996952058305
684.5 1.0594398394586633 1.1228289898974277
684 1.0593617614441662 1.122667840703009
683.5 1.0593439403394727 1.1226322188488096
683 1.0595547835927852 1.123072937595646
682.5 1.0593395653604092 1.1226199562574877
682 1.0596691215435379 1.1233116186881509
681.5 1.0593675191542409 1.122669236028322
681 1.0589868571742587 1.1218706063426276
680.5 1.0592658148115537 1.1224670391019949
680 1.0595586130318921 1.1230777175880569
679.5 1.0596748496242854 1.1233292219607107
679 1.0595187784196691 1.1230049081708375
678.5 1.0589770283298037 1.1218600163614434
678 1.0593840007740136 1.1227192804097275
677.5 1.0590194028136117 1.1219425670331635
677 1.0595284652455168 1.1230291358986262
676.5 1.0589533346671327 1.1218090891295183
676 1.0591742031655385 1.122271212890174
675.5 1.0592624187284356 1.1224515397807033
675 1.059151035351276 1.1222129796707265
674.5 1.0591259280335472 1.1221729407832268
674 1.0590593541597741 1.1220205648095174
673.5 1.0590180717447966 1.1219376408770219
673 1.058894870847193 1.1216814825551706
672.5 1.0591804169936916 1.1222955453893078
672 1.0587401463437143 1.1213595842927888
671.5 1.0587888965708847 1.1214655370859197
671 1.0586508937484314 1.1211603803917343
670.5 1.0590405935517564 1.1219864749334778
670 1.059095453537788 1.122111213214099
669.5 1.0589426791099197 1.121786023390039
669 1.058792025630159 1.1214565247733959
668.5 1.0593692481905645 1.122692416139563
668 1.0587463424035335 1.1213715075882624
667.5 1.059059681636423 1.1220349907494815
667 1.058776804822284 1.1214298170904307
666.5 1.0585988298759108 1.1210510594159033
666 1.0583996764660213 1.1206339788537767
665.5 1.0589545581640538 1.1218045335602573
665 1.058483959433995 1.1208133271429532
664.5 1.0583949809569697 1.120619837164411
664 1.0584516984325327 1.1207566976980885
663.5 1.0587467822206515 1.1213721106115904
663 1.0585689534034954 1.120996005919373
662.5 1.0590685653629581 1.1220557985064563
662 1.0586277053676612 1.1211193192875915
661.5 1.0587644269347547 1.1214116428409264
661 1.0590578496868932 1.122028846938416
660.5 1.058600917119914 1.1210651144952475
660 1.0579836081440053 1.1197464775936907
659.5 1.0578563868680775 1.1194863148155634
659 1.0589562306395273 1.1218197517287718
658.5 1.0582620625582424 1.1203448120039168
658 1.057396430261985 1.1185027608629872
657.5 1.0585161058144295 1.120877611273238
657 1.0580660813398293 1.119918471302602
656.5 1.0582946968345257 1.1204034385369868
656 1.057800501350787 1.119370893434408
655.5 1.0582131430354145 1.1202363148024561
655 1.0580974973883353 1.1199929378369589
654.5 1.0581153484273742 1.1200266103498508
654 1.0582001787516986 1.1202178057158865
653.5 1.0582824985151316 1.120380553494185
653 1.058045684499879 1.1198875768513363
652.5 1.0578952479278045 1.1195764242738233
652 1.0578509628886066 1.1194746380053695
651.5 1.0582509219469656 1.1203234890559748
651 1.0578438630631946 1.119448430673376
650.5 1.0576255203448184 1.1189954173470704
650 1.0584373691344366 1.1207185104693336
649.5 1.0575693917972864 1.1188724046908505
649 1.058140316553184 1.1200862153669398
648.5 1.057793858817026 1.1193508166793686
648 1.0579610636412233 1.1197117060107298
647.5 1.0580772493793624 1.1199474046833708
647 1.0574498886824615 1.118620430748396
646.5 1.0576995348168385 1.1191507794502915
646 1.0577588108741736 1.1192715908536361
645.5 1.0579268046066868 1.1196391528844685
645 1.0577161542806803 1.1191855299801947
644.5 1.0583423858983105 1.120521003848615
644 1.0577919970563594 1.1193469022400608
643.5 1.0574709848891841 1.118688744292269
643 1.0577144951798143 1.119180884189091
642.5 1.057589950641821 1.1189062549959425
642 1.057772276430473 1.119305906065682
641.5 1.0578679567650522 1.119499643115271
641 1.057196742552862 1.118095938591449
640.5 1.0572248727854632 1.118146462934582
640 1.057069420997747 1.1178176271909128
639.5 1.0571193309905342 1.1179301258048784
639 1.057260350008823 1.11823354201952
638.5 1.057619533921152 1.11898329843189
638 1.0573341805369618 1.1183914017971557
637.5 1.0573551505973897 1.1184293250906294
637 1.057452551104205 1.118620732476188
636.5 1.0574214387217387 1.1185679792754437
636 1.0571890283872063 1.1180807361552194
635.5 1.0570664897511113 1.1178222723979747
635 1.0569881839769364 1.1176427189823421
634.5 1.0570087787124283 1.1176892468349229
634 1.056868940613504 1.1173997139197338
633.5 1.0572016690457744 1.1181080931091818
633 1.0573574492205497 1.1184230610005947
632.5 1.0566252086960375 1.116866853917521
632 1.0568502337708505 1.117359139353968
631.5 1.0568912104889951 1.1174366166071728
631 1.057143407920243 1.117977504024017
630.5 1.0569013678964498 1.1174671284849587
630 1.0565188046375489 1.116658043855208
629.5 1.056759476263223 1.1171694936843986
629 1.0574091936403873 1.1185467401391622
628.5 1.0566667511387617 1.1169738743691782
628 1.0566997682616146 1.117042241018692
627.5 1.0568475205381738 1.1173363544552228
627 1.0566572868291488 1.1169393169447683
626.5 1.0567021554474985 1.1170442933169347
626 1.0565108973435338 1.1166448116694412
625.5 1.0567232190755391 1.1170773453670506
625 1.0564109417222822 1.1164253723995872
624.5 1.0565346784488998 1.116685028223142
624 1.0566055018109033 1.1168333661921144
623.5 1.0567781601594202 1.1172053901987198
623 1.0567599046296148 1.1171588822319147
622.5 1.0560247105077913 1.1156129568961128
622 1.0569696348629232 1.1176091043006924
621.5 1.056286868273703 1.116177547689689
621 1.0564648593957184 1.1165371602739018
620.5 1.0564321032734851 1.1164752854165103
620 1.0564055942575428 1.1164110075817555
619.5 1.0563753079809688 1.1163619904355562
619 1.0564101736797546 1.1164274907188885
618.5 1.056151323172846 1.115867497459545
618 1.056699941695352 1.1170360938259352
617.5 1.0561104182926977 1.1157906179816484
617 1.0561116543220397 1.115797806396314
616.5 1.0562068028632663 1.1159936313404215
616 1.05576810983247 1.1150712963739633
615.5 1.0564165974470758 1.1164542152220311
615 1.0564062523671878 1.1164274982840028
614.5 1.0561790333213534 1.115944208873105
614 1.0561867336522808 1.1159591424139277
613.5 1.0563074351275181 1.1162076764385194
613 1.055662685790309 1.1148499883470935
612.5 1.0561518890867652 1.1158743142874374
612 1.055351550840047 1.1141857390295813
611.5 1.056277147432893 1.1161436165081597
611 1.055761999094614 1.1150490883198567
610.5 1.055898576103221 1.1153535438116928
610 1.0558219775573947 1.1151829931675303
609.5 1.0555964858775138 1.1147118379900642
609 1.0555956487985756 1.1146976991109618
608.5 1.0555414157672796 1.1146008178091018
608 1.0558119843987623 1.115178689106114
607.5 1.0557262082766845 1.114986416419949
607 1.055715932540542 1.114951178023398
606.5 1.055927006013946 1.1154077602732542
606 1.0553276934997462 1.1141452033869594
605.5 1.0554874276024306 1.1144728278858824
605 1.0556631974160042 1.1148498704146281
604.5 1.055353619870071 1.1141978183399852
604 1.055671353024041 1.1148687613957766
603.5 1.0553843029402747 1.1142560799182606
603 1.0554770624909755 1.1144481632766499
602.5 1.055311924466938 1.1141137616134544
602 1.0547647138635645 1.1129579211095655
601.5 1.0554667388169503 1.1144251147491868
601 1.0553245927049058 1.1141277926510702
600.5 1.055611458512903 1.1147385109197978
600 1.055175494818908 1.1138119323640445
599.5 1.0551710424296354 1.1138131720392441
599 1.0547209567046714 1.1128520440538374
598.5 1.0553681291895582 1.1142202275311917
598 1.0550737447181044 1.1136036582329645
597.5 1.0551088331904843 1.1136952797063195
597 1.0544410284748031 1.1122668988982545
596.5 1.055388952461257 1.1142635620739485
596 1.0552098266593795 1.1138968295712315
595.5 1.0551836310708895 1.113835101051589
595 1.0546663805326197 1.1127433416360113
594.5 1.0546148422293509 1.1126258871855736
594 1.0551191445780868 1.1136915679704462
593.5 1.0549849762791939 1.1134331218567357
593 1.0545726637332296 1.1125441640413352
592.5 1.0548107422991835 1.1130456708523209
592 1.0545852922788277 1.1125842596498785
591.5 1.0544994675339878 1.1123924567705643
591 1.0547488824339275 1.1129194751196683
590.5 1.0544682028721266 1.1123371489926444
590 1.055034117433073 1.11351674897346
589.5 1.054536628574651 1.112481590521604
589 1.0544237421991614 1.112233909079397
588.5 1.0540723246630967 1.1114993283437837
588 1.0545232637680169 1.1124377646976398
587.5 1.0540566792644195 1.1114608673764965
587 1.0543765094514608 1.1121411893349247
586.5 1.0544874554463406 1.112361279568334
586 1.054240270181195 1.1118567820194944
585.5 1.0544678702680041 1.1123234895863214
585 1.054096641342696 1.1115406166749118
584.5 1.0543900223710505 1.1121670005915296
584 1.054514602352847 1.1124212203915562
583.5 1.0543417113143225 1.1120656959875101
583 1.0543357233991595 1.1120573943394292
582.5 1.0542305496505435 1.111821876372709
582 1.054387530236951 1.112148596782058
581.5 1.0539477405944715 1.111227996868093
581 1.0541951907386609 1.111766141720191
580.5 1.0542795525557052 1.1119408058423061
580 1.05410000324136 1.1115499981354495
579.5 1.0538036560675421 1.110928792812348
579 1.0542179442387678 1.111805211395666
578.5 1.053830748453587 1.1109865312113085
578 1.0538823591552764 1.1110917485129923
577.5 1.0539701430415718 1.1112848530714965
577 1.0541233718528882 1.1115928454691515
576.5 1.0537507603070488 1.110817370806548
576 1.054041695291828 1.1114315306720313
575.5 1.0534869206065491 1.1102618027770208
575 1.0536791303575923 1.1106637371873591
574.5 1.053719016854796 1.1107487997414165
574 1.0535879310817204 1.110475739098458
573.5 1.0537486758256946 1.1108246778467903
573 1.0535391621968266 1.110365066173632
572.5 1.0532630164625199 1.109797487540191
572 1.052891078858037 1.1090163914881683
571.5 1.053326881136167 1.1099229647401707
571 1.0535377454094965 1.1103719491104471
570.5 1.053585498161587 1.1104685315202054
570 1.0537789054900146 1.1108787968200862
569.5 1.0534389277936855 1.1101760035763266
569 1.0530830333074432 1.109412825835123
568.5 1.05362161719064 1.1105513268516916
568 1.052728440757778 1.1086658547994142
567.5 1.0530337239438596 1.1093117991194317
567 1.053226044267304 1.109708387319581
566.5 1.053221270021955 1.109701098019771
566 1.0532851353827166 1.109839766288583
565.5 1.052625964008227 1.1084402253346606
565 1.0536226833302573 1.110543108754623
564.5 1.0531760846843918 1.1096051505367395
564 1.052934521685727 1.1090867944528815
563.5 1.0530000746554624 1.1092352414124118
563 1.0529301807839109 1.1090949282144045
562.5 1.0523613488806274 1.1078902592934738
562 1.0528090346815877 1.1088322145251344
561.5 1.0529660211021263 1.1091581071487366
561 1.0526326515423519 1.1084663899355982
560.5 1.0530809918753838 1.109415762672873
560 1.0522304389835342 1.1076037531772194
559.5 1.0526703680126537 1.1085500808102446
559 1.0527547536246071 1.1087233860524774
558.5 1.0522743469056686 1.107708452416295
558 1.0524543081655977 1.1080833009201907
557.5 1.052819090397965 1.1088560164274939
557 1.052061126535854 1.107265212508097
556.5 1.052305029054662 1.1077711587345842
556 1.0519528304873558 1.1070341016268688
555.5 1.0524587255485442 1.1080966431677846
555 1.0524496781940504 1.1080810116176731
554.5 1.0527517437264968 1.1087201199285621
554 1.0522174762242438 1.1075857843336059
553.5 1.0518215570645453 1.10676176637968
553 1.0523308337404196 1.1078360994560208
552.5 1.0514632584891779 1.1060083079347252
552 1.0524891504098528 1.1081609567368624
551.5 1.052147544696053 1.1074371527920879
551 1.0519745226980233 1.1070807225355737
550.5 1.052218558175448 1.1075946155689083
550 1.0517600217569023 1.106630253136478
549.5 1.052255902888281 1.107677904069666
549 1.051626022361661 1.1063486351392982
548.5 1.0520501289007813 1.1072438791557868
548 1.0519052240457103 1.1069253553107823
547.5 1.0519073287842249 1.1069429353030207
547 1.051522884843273 1.1061342099905354
546.5 1.0514080126423881 1.10589365879473
546 1.0514204110880319 1.1059161909658113
545.5 1.0521056972571816 1.1073358631917505
545 1.0516421207693902 1.1063832800315503
544.5 1.0515565981842814 1.1062092605710103
544 1.0521138441288764 1.1073734217044455
543.5 1.0514115270688686 1.105903976952385
543 1.0513413744209452 1.1057325991169984
542.5 1.0510953864901762 1.105227967971717
542 1.05131748593444 1.1056990253380976
541.5 1.0513315506095946 1.105735342543048
541 1.0508686221985575 1.1047343571710186
540.5 1.0512874496925675 1.1056263812950307
540 1.051191367981342 1.1054364135287498
539.5 1.0514841672828494 1.1060441494373674
539 1.051175022289423 1.1053878859920492
538.5 1.0513158542343615 1.105689852671038
538 1.0512035728650202 1.1054570294135462
537.5 1.0512792561222166 1.105603857487779
537 1.051065240420568 1.105165132460553
536.5 1.0507412671394973 1.1044950877602266
536 1.0509168120564591 1.1048549746126837
535.5 1.051409797160225 1.1058987411732446
535 1.0509410898610545 1.1049189240386628
534.5 1.0510937644609573 1.1052345755926154
534 1.0509284399573282 1.1048876960816032
533.5 1.0505100049682985 1.1040097758039906
533 1.0509853576553347 1.104997462667707
532.5 1.0508009894021086 1.1046180895636726
532 1.0503268369313234 1.1036121763208777
531.5 1.0510287254201407 1.1050842341092066
531 1.0509174461285211 1.1048525541357694
530.5 1.0508009591019964 1.104611342804514
530 1.0503111350074648 1.1035860722634296
529.5 1.0501968708715594 1.1033430438151284
529 1.0508506561019864 1.104714065045851
528.5 1.0501677559303777 1.1032734417487786
528 1.0503000661216821 1.1035630014680209
527.5 1.050216326563329 1.1033868134822697
527 1.0500565116741223 1.1030435109432024
526.5 1.0506020932545608 1.1041780312956337
526 1.050040974589109 1.103014991142195
525.5 1.0503907437071203 1.1037420512839693
525 1.0500036899045122 1.1029462017922331
524.5 1.0499943092579138 1.102909544949683
524 1.0498995475086583 1.1027069256241817
523.5 1.0498111940220944 1.1025456607593882
523 1.0498971301393656 1.102720719315945
522.5 1.0495255739783544 1.1019343241412383
522 1.0497664490244027 1.1024390996959652
521.5 1.0500631086093422 1.1030702737667235
521 1.0496323071074871 1.1021554647238228
520.5 1.050338653034519 1.1036441176226806
520 1.0493529410424975 1.1015825462547737
519.5 1.0497887767518217 1.1024943047228277
519 1.0492013729902627 1.1012581957209346
518.5 1.0494000059386936 1.1016732879974502
518 1.0496466227273398 1.1021860162959392
517.5 1.0496889053732656 1.1022866066258383
517 1.0493824926835382 1.1016369050322965
516.5 1.0497997593456836 1.1025108164879907
516 1.0497177676454255 1.1023372400237652
515.5 1.0491714169558706 1.101188048811618
515 1.0488014972668267 1.100414852434401
514.5 1.049080993938 1.1010088824845368
514 1.0493268858460025 1.1015215738630748
513.5 1.049386152137805 1.1016464254878888
513 1.0492922888605318 1.101446102761809
512.5 1.048689686873925 1.1001803959086616
512 1.0485824288381944 1.0999513627294042
511.5 1.0490034497553422 1.1008245193706343
511 1.048752622537869 1.1003090190144889
510.5 1.0487177139143549 1.1002465132088584
510 1.0486217310378045 1.100030680738231
509.5 1.048702802711332 1.100207455988729
509 1.0485468956302848 1.0998777927413306
508.5 1.0490647889825813 1.1009593265440565
508 1.048737395444393 1.1002818949190738
507.5 1.0492128719847966 1.101283223687521
507 1.0483193056348248 1.0993986870459571
506.5 1.0483501671329456 1.0994775381680044
506 1.048919586106638 1.1006611709993859
505.5 1.0489237533804474 1.1006664007491567
505 1.0487352268362986 1.1002753556734586
504.5 1.048139580209821 1.0990231900215581
504 1.0482314468631546 1.0992242498877032
503.5 1.0481954176918336 1.099143963344066
503 1.0486898680377001 1.100172363442613
502.5 1.0484077469131994 1.099582844371817
502 1.0484780307823418 1.0997296298659975
501.5 1.0481429258329062 1.0990291023938368
501 1.0481814446239794 1.0991174402186352
500.5 1.048202099513114 1.0991531453380865
500 1.0476069101222363 1.0979107419602765
499.5 1.0482804021857215 1.0993179368505468
499 1.048203755661032 1.0991707986425243
498.5 1.0479477156027328 1.0986323562710265
498 1.0477510566538506 1.0982220661533224
497.5 1.0476946777556853 1.0980998740364927
497 1.0478943350853704 1.0985180852652523
496.5 1.0470365201242724 1.096712378638557
496 1.0477248687539165 1.098158783286989
495.5 1.047181914978 1.0970194622430771
495 1.047876738399305 1.0984715777857066
494.5 1.0474583994055195 1.0976036462881227
494 1.047667071348922 1.0980398607580715
493.5 1.0474872626429632 1.0976550790880188
493 1.0481693161500376 1.0990915772487388
492.5 1.0475142287505468 1.0977149495781697
492 1.0477626330521816 1.0982413216910427
491.5 1.0475608350203296 1.0978280450567433
491 1.047282694585823 1.0972373336357568
490.5 1.0481345071767167 1.0990187959983182
490 1.047003688586782 1.0966431051233216
489.5 1.0472202059377178 1.0970897497568024
489 1.047416435729986 1.097514882777568
488.5 1.0469033555791392 1.0964270026215577
488 1.0471269853019414 1.0969154667946623
487.5 1.0467626491107904 1.0961397934191939
487 1.0464503487457202 1.0954867459577666
486.5 1.0471875950659508 1.0970287336459137
486 1.0469466874666977 1.0965270646615257
485.5 1.0468502626563905 1.0963252634479368
485 1.0468960291756504 1.096430629892112
484.5 1.0464944402180094 1.0955765075112065
484 1.0468477670594718 1.0963267741115295
483.5 1.046936922631756 1.0965152431164966
483 1.0466297387116046 1.09586090520987
482.5 1.046502270287846 1.0955890834482447
482 1.0466602202879567 1.095929360660942
481.5 1.0456804491930995 1.0938849078352584
481 1.0464411527321587 1.0954666707862752
480.5 1.046615078078321 1.09582528581502
480 1.0464106261730695 1.0954088645571682
479.5 1.0463102442589802 1.0952026944753626
479 1.0461330902307038 1.0948325840679984
478.5 1.0461789671708996 1.0949212424378663
478 1.0461231705902942 1.094805620847673
477.5 1.0457073026307948 1.0939331682012976
477 1.0463004403730038 1.0951848996639402
476.5 1.0460653438350516 1.0946836275921532
476 1.046118605291422 1.0947957029263513
475.5 1.0459495216611339 1.0944362482371344
475 1.045642521594387 1.0938092771717407
474.5 1.045706898992681 1.0939485515827998
474 1.0456641215687545 1.093855587169276
473.5 1.0457461473694967 1.0940111107819985
473 1.0453827533562703 1.093254018759374
472.5 1.0456373716081582 1.093789536934096
472 1.045147619021408 1.092776541637062
471.5 1.045501720883414 1.0935136097874192
471 1.045233531662614 1.0929392812760637
470.5 1.045440095902775 1.0933775172241544
470 1.044762605695745 1.091964683757263
469.5 1.0455281696205285 1.0935670463015963
469 1.045018101942862 1.0924839222529514
468.5 1.0455196061595498 1.0935438447986776
468 1.0454229455551038 1.0933476411987026
467.5 1.0450086710060331 1.0924744667702961
467 1.0452871241545612 1.0930501407322488
466.5 1.0454819822058525 1.0934721755453842
466 1.0447336678460555 1.0918986903280923
465.5 1.044587529326546 1.0915972082263319
465 1.044624340357514 1.0916704436062432
464.5 1.0449454230055177 1.0923259980576987
464 1.0445452893912208 1.0915153599833165
463.5 1.0442135485778234 1.090823716341794
463 1.0443640021230225 1.0911356444516143
462.5 1.0446132720573091 1.0916438544968936
462 1.0445244743558904 1.0914722865282287
461.5 1.0443061165984073 1.0910102818499152
461 1.0443050762583928 1.0910151592557646
460.5 1.0442565045751078 1.090902747157355
460 1.044060351206017 1.0904963193341146
459.5 1.044082748513569 1.0905471940909663
459 1.044200983480683 1.0907791968831662
458.5 1.0441330664189543 1.0906399211865934
458 1.0439957197459127 1.0903658710783037
457.5 1.0442176042040527 1.0908237167175954
457 1.044156540637002 1.090695707745299
456.5 1.043578348089401 1.089489035446393
456 1.043516744536888 1.0893566163805377
455.5 1.0438363883416961 1.090023770977023
455 1.0435344261643689 1.0893939421750174
454.5 1.0434490248475294 1.089225561413805
454 1.043483425580337 1.0893012047662618
453.5 1.043278509265245 1.0888562462818283
453 1.0436064416677957 1.0895525671479205
452.5 1.0438976189768423 1.0901475373872151
452 1.0433017139582683 1.0889116360728457
451.5 1.043600340595005 1.0895381507201507
451 1.0430620287545933 1.0883942927005843
450.5 1.0433367383157803 1.0889898374212108
450 1.0429883645488724 1.088269791723666
449.5 1.0431773283407026 1.0886370612494893
449 1.0430403358640792 1.088375916816855
448.5 1.042979942123736 1.0882360473369697
448 1.042932385458832 1.0881424989833768
447.5 1.043149438807374 1.0885881741834986
447 1.0425285180225867 1.0873069747155977
446.5 1.042419009919962 1.0870611534822765
446 1.0429221196688692 1.088122013675237
445.5 1.042524363298945 1.0873021293274587
445 1.0424045923813605 1.0870429211060713
444.5 1.0427550227003324 1.0877752753962686
444 1.0424309451631957 1.0870949140498698
443.5 1.0423461777595817 1.08692625309454
443 1.0422623642851205 1.0867480104619245
442.5 1.0424308705623235 1.0870884130338017
442 1.042417220362222 1.0870759019944976
441.5 1.0422578173467267 1.0867366401313263
441 1.0420060647623524 1.086215267044614
440.5 1.0423164941111493 1.0868688495472603
440 1.0420368988713178 1.0862758056200226
439.5 1.042114416773992 1.0864394542231386
439 1.0419436709462429 1.0860846915358897
438.5 1.0420531024911062 1.0863083737198245
438 1.042289178208944 1.0867999516277587
437.5 1.0414391287278109 1.085040135411153
437 1.0416919817305301 1.0855498291492427
436.5 1.0415672131977651 1.0852928601541343
436 1.0415843483244147 1.085331856628509
435.5 1.041634565399451 1.08543985063035
435 1.041639657940637 1.0854471636341416
434.5 1.0417590600324405 1.0857069910649324
434 1.0410145622434794 1.0841440650641934
433.5 1.0411757765691143 1.0844864456305783
433 1.0408758790461023 1.0838639996779251
432.5 1.0411142027899807 1.08436645294461
432 1.0411442871024088 1.0844202193013925
431.5 1.0411628604688352 1.0844502927680872
431 1.0410581108958739 1.0842424091332745
430.5 1.0410640813385192 1.0842548100887095
430 1.041114302252589 1.0843514971947075
429.5 1.040575449138558 1.0832332913916816
429 1.0406277518888525 1.0833375969298142
428.5 1.0404545567814645 1.0829752895267963
428 1.0406434522403913 1.0833825585346346
427.5 1.0402374469463318 1.0825266068153891
427 1.040897459414655 1.08391074589083
426.5 1.0403469109156853 1.0827785296309134
426 1.040994690576613 1.0841129705449848
425.5 1.040823756681472 1.083753664937811
425 1.0407463390587481 1.083588123901423
424.5 1.0405214839943262 1.0831127321077383
424 1.0402821562058095 1.0826285059204592
423.5 1.0403093970346489 1.0826833721143956
423 1.0402261701670565 1.082494147480787
422.5 1.0401467476646067 1.0823444427789874
422 1.039750245741235 1.0815083282216993
421.5 1.0398970759912163 1.0818151261072784
421 1.0397591776847936 1.0815371220264403
420.5 1.040237091073882 1.0825251230896165
420 1.0392805338649536 1.0805397585219807
419.5 1.0394360890864414 1.0808600468075429
419 1.0399584797363823 1.0819453440911355
418.5 1.039887754721525 1.081807841841465
418 1.0394967329264502 1.0809896627574818
417.5 1.039092159586302 1.0801642903909985
417 1.03974072643595 1.0814915406865857
416.5 1.0396726971242698 1.081349351865033
416 1.03921718372205 1.0804185607498993
415.5 1.0393795012304647 1.080751785598325
415 1.0394954631017055 1.0809843351747048
414.5 1.038985943726553 1.0799270749792989
414 1.0389894780861302 1.0799325175013244
413.5 1.0390369439176836 1.080030201904451
413 1.0393203768958703 1.080625973412428
412.5 1.0388895838678667 1.0797270420005776
412 1.0387466492694144 1.0794330715259737
411.5 1.0392567972539135 1.0804994234098628
411 1.039216192476948 1.0804124246783477
410.5 1.0385749634712258 1.0790820093897644
410 1.0390296374739356 1.080028393835955
409.5 1.0383098092060845 1.078531090233297
409 1.0385913151038904 1.0791163586705574
408.5 1.0386656949248716 1.0792508892301644
408 1.0385055737200855 1.0789440907850263
407.5 1.0381609770291296 1.078227630560936
407 1.0378571875870781 1.0775918645709914
406.5 1.0377130725539052 1.0772948880781459
406 1.038292884754276 1.0784868617725971
405.5 1.037642037742557 1.0771260514971028
405 1.0381255630575157 1.0781376355361965
404.5 1.038068574242193 1.0780166292172577
404 1.0376023545298083 1.0770479268689401
403.5 1.0369871031442837 1.075769997940784
403 1.0379787729476162 1.077845986198032
402.5 1.03718342836504 1.0761893998607526
402 1.0377502533805179 1.077353979862306
401.5 1.0371674373905655 1.076149947812681
401 1.0372233333066845 1.07627686415656
400.5 1.0374326642987624 1.0767120676818234
400 1.0370331455378337 1.0758765048775616
399.5 1.0371304179648346 1.076089363185383
399 1.037092013545382 1.0760039583145173
398.5 1.0367294284654112 1.0752457955175823
398 1.0370601872923229 1.0759301377988468
397.5 1.0363138388593713 1.0743757454786576
397 1.036400806508567 1.0745741336180168
396.5 1.0364985362631327 1.0747720303381711
396 1.0369011064076656 1.075598497534757
395.5 1.0365489725071912 1.0748782710637195
395 1.0363702667087409 1.0745038579041832
394.5 1.0363445363540404 1.0744401838473034
394 1.0361914028631416 1.0741293283983278
393.5 1.0362276808502306 1.0742086270512181
393 1.0360058428217354 1.0737469647425986
392.5 1.036112690960849 1.0739642379073386
392 1.03629866027407 1.0743384454337959
391.5 1.0362962358652033 1.074355565827695
391 1.0358623820089572 1.0734577767619773
390.5 1.0357479617548326 1.073213898000667
390 1.0357229591158474 1.0731641059483257
389.5 1.0354561308225123 1.0726142161170424
389 1.0360466687336023 1.0738330060694006
388.5 1.0352071545621555 1.0721027238399525
388 1.03577164355444 1.073262154320806
387.5 1.0356618137359934 1.0730356487415964
387 1.0353863830528895 1.072462093306547
386.5 1.0351969492611197 1.0720676081985865
386 1.0353889824956721 1.0724803254379778
385.5 1.03441005080506 1.0704454532007146
385 1.0350017610544249 1.0716641122768489
384.5 1.034977784457484 1.0716266589262438
384 1.035003734756908 1.0716768349022834
383.5 1.0345419220763485 1.0707122912480946
383 1.0345868794224187 1.0708230299918593
382.5 1.0344000620208367 1.0704346771653643
382 1.0348460976765723 1.0713455925377025
381.5 1.034537299736939 1.0707160084528744
381 1.0349880562164882 1.0716379305939532
380.5 1.0344961663330086 1.0706200322419193
380 1.0343466380447104 1.0703118119288129
379.5 1.0345554503629308 1.0707406326759124
379 1.0336389363458962 1.0688605049296582
378.5 1.0338602161871793 1.069318524792917
378 1.034378493776732 1.0703816872718648
377.5 1.0337088329844666 1.0689967556289648
377 1.0332542700195153 1.0680491799561012
376.5 1.0339637726615232 1.0695235716399958
376 1.0339026428770723 1.0693904854455984
375.5 1.0335733802732634 1.0687134170295782
375 1.0332459007209625 1.0680334502221567
374.5 1.0331757699327369 1.067885316194315
374 1.0332942396373193 1.0681321920177913
373.5 1.033178859672986 1.0678916491114674
373 1.032638655003918 1.0667849161459804
372.5 1.0332899971104412 1.0681324075406218
372 1.0330949200725237 1.0677219732898589
371.5 1.0333457029480368 1.0682534774102403
371 1.0327579677253012 1.0670319555623435
370.5 1.0327173413917081 1.0669492474224176
370 1.0325540660391281 1.0666190848577985
369.5 1.0329766424210707 1.067500618430123
369 1.0320308798915194 1.0655332486347506
368.5 1.0322291938472516 1.0659389925394787
368 1.0327211419679363 1.066958781498871
367.5 1.032229087799964 1.0659406240657767
367 1.0326877244070538 1.0668794706621045
366.5 1.0323775635925383 1.0662463604791383
366 1.031831145780123 1.0651235363099454
365.5 1.0316061454418 1.0646589377157596
365 1.0316834278776992 1.0648209043771795
364.5 1.0317891527717673 1.0650228793384142
364 1.0315911921029106 1.0646205988188888
363.5 1.0312083615794803 1.0638372625808543
363 1.0315351708051486 1.0645051997581765
362.5 1.0312098569969663 1.0638412441066778
362 1.0313268583013873 1.0640709934821346
361.5 1.0306979684241124 1.062791620665968
361 1.0310875837282663 1.0635764931535516
360.5 1.031540451591666 1.0645093587695027
360 1.0310060319065277 1.0634169680021721
359.5 1.031106040129897 1.0636076906612135
359 1.030952821798645 1.063305303573505
358.5 1.0307236630189396 1.0628311183028643
358 1.0304189261419545 1.0622075793948271
357.5 1.0310681512599138 1.06354473515828
357 1.0306784642123505 1.0627377790136536
356.5 1.030752699216326 1.062889137085217
356 1.0301392081819911 1.0616280032952892
355.5 1.030544069249671 1.0624702794810537
355 1.0300308081106595 1.0614134838088483
354.5 1.0298255300357975 1.0609926445846685
354 1.0299065706005452 1.0611608503744971
353.5 1.0295267021107781 1.0603634147231213
353 1.0289383219864687 1.059144690934212
352.5 1.0295467133031926 1.0604111989728568
352 1.0296547117919865 1.060632769436827
351.5 1.0295437593865804 1.0604043175664672
351 1.029519454902063 1.0603542358958422
350.5 1.0299324494166622 1.0612122822133987
350 1.0292099662433054 1.0597147003709142
349.5 1.0288418877835246 1.058962025533083
349 1.0289461525523085 1.0591659092023251
348.5 1.0294150038204382 1.0601290617343575
348 1.0284133468660124 1.0580794372523052
347.5 1.0289513780987385 1.059197661994216
347 1.0283124873263876 1.0578799102743264
346.5 1.0285355352787282 1.0583337483391688
346 1.0283022538058635 1.0578458859852222
345.5 1.0287662329347 1.0588131372012912
345 1.0284126160192448 1.0580748856047761
344.5 1.028650316664877 1.0585551543870084
344 1.028056000118302 1.0573333727700864
343.5 1.0283737424435047 1.0579904531885067
343 1.0284230027072345 1.0580977699517908
342.5 1.0283725693348713 1.057999760318823
342 1.0281953370058265 1.0576340962749533
341.5 1.0278932594061525 1.0569942803924663
341 1.0277920075021256 1.0568066805074892
340.5 1.0275604351941279 1.0563182163054188
340 1.0272169070899975 1.055611138466059
339.5 1.0268516515162642 1.054871043484463
339 1.027518881705751 1.056251773967665
338.5 1.0274797763733263 1.0561664104155368
338 1.0268104181310398 1.0548009516186594
337.5 1.0276604655735349 1.0565375892775282
337 1.0271196942386414 1.0554200476568074
336.5 1.0265541291305156 1.0542601753000278
336 1.026673460109916 1.0545106448791035
335.5 1.0265983365110454 1.0543555306242043
335 1.0262459497880176 1.0536367338662713
334.5 1.0262944082920877 1.0537217800057754
334 1.0260970015282058 1.0533200024832117
333.5 1.025945849220992 1.0530117719181131
333 1.0265035583999236 1.0541527400863244
332.5 1.025809317750485 1.0527288619433404
332 1.0260336106319805 1.0532070903819566
331.5 1.0257952509437833 1.052710101920111
331 1.025584309580843 1.0522697980189726
330.5 1.0247921317031932 1.0506492315644693
330 1.0251207436177183 1.0513187844159229
329.5 1.0252785734085412 1.0516463161217349
329 1.024910446174723 1.0508837601213283
328.5 1.0248693856079507 1.0508026186992818
328 1.0251565656165604 1.051385220008074
327.5 1.025134770772959 1.0513532710026712
327 1.024521880120299 1.0500889786786605
326.5 1.024461930889237 1.0499615137185385
326 1.0247718706993667 1.0506175549095185
325.5 1.0240777336992 1.049173616842589
325 1.0240049610548552 1.0490351237077045
324.5 1.023912625078737 1.0488465751900642
324 1.024319542543904 1.049671756254289
323.5 1.0245865632479334 1.0502143038888594
323 1.0242845117785249 1.0496003214217466
322.5 1.0239861512913173 1.0489952361019295
322 1.0241462503466696 1.0493405396040343
321.5 1.0233603675095524 1.0477181702377898
321 1.0235648824402703 1.0481302085789839
320.5 1.0231712365860524 1.0473254531836782
320 1.0237574190478618 1.0485387818709473
319.5 1.0233742753664414 1.0477520640809241
319 1.0230751707503505 1.047137248959908
318.5 1.0226666609462551 1.0463088715307285
318 1.0226486844576679 1.0462590900896445
317.5 1.0225068744607564 1.04597175448042
317 1.0225941128498106 1.046147908851942
316.5 1.0228745927421765 1.0467253659580287
316 1.0226651708175933 1.0462894839624193
315.5 1.022871529782757 1.0467215829939538
315 1.0219675004604671 1.0448559968569646
314.5 1.0219230043081589 1.0447678167106287
314 1.0225374659348527 1.0460231348200735
313.5 1.0217112053310118 1.0443347324059626
313 1.0219701042398848 1.0448834094050663
312.5 1.022255904936216 1.0454587945099314
312 1.0217101081292057 1.0443404293478116
311.5 1.0207721068957785 1.04243360042441
311 1.0206646441868445 1.0422085239586465
310.5 1.0208649607896643 1.0426185407130164
310 1.0208665910389623 1.042619287148739
309.5 1.0210220449069078 1.0429369664768746
309 1.020893363678953 1.0426823833383232
308.5 1.020923644056432 1.0427228855414643
308 1.0209710772609677 1.0428263773553332
307.5 1.0214238409270386 1.0437568577742875
307 1.0196984298307536 1.0402225207263482
306.5 1.0202758369047054 1.0414146969291387
306 1.019764667642681 1.0403771950423124
305.5 1.02007475946284 1.0410046862632283
305 1.0199760464073169 1.0407937500570141
304.5 1.0196220998247263 1.040065553642798
304 1.0193048712850818 1.0394255734974047
303.5 1.0196061202926807 1.0400477786677
303 1.0190704759058102 1.0389682898979942
302.5 1.018945968829348 1.038707644306446
302 1.01962142909271 1.0400703105146745
301.5 1.0195574749134038 1.0399552641866363
301 1.018565239714241 1.0379377914992545
300.5 1.0188692032288738 1.038535518857157
300 1.0192017958572634 1.0392228376292814
299.5 1.018807365682617 1.038422028612943
299 1.018783387697665 1.0383737250454663
298.5 1.0184247583163872 1.0376407484751644
298 1.0180762189482717 1.0369170143873983
297.5 1.0179454583401688 1.0366701524779733
297 1.0181943955611672 1.0371701801520048
296.5 1.0182370845988475 1.0372631666503227
296 1.0170706497776967 1.0348853503241604
295.5 1.0169306040630541 1.034609255294495
295 1.0175056169011634 1.0357703231055508
294.5 1.0167415343392612 1.034215797342106
294 1.016717000899437 1.0341705527557323
293.5 1.0171756876178666 1.0351010501817157
293 1.0168579333771648 1.034451495560521
292.5 1.016845445211386 1.034426049158365
292 1.0162724875107532 1.0332645237372906
291.5 1.0166530080938336 1.0340345351421745
291 1.0164001805195588 1.033529126809668
290.5 1.0159271429507686 1.0325650677999167
290 1.0157704970201924 1.0322474011708578
289.5 1.0159211777938963 1.0325524888711242
289 1.0155297163131478 1.0317575897559608
288.5 1.0156965538794978 1.0321069389941702
288 1.0151851074558786 1.0310688203209002
287.5 1.0148083942565296 1.030292627193414
287 1.0149860954029155 1.0306426995850548
286.5 1.0150412299439044 1.030765788635441
286 1.0146461878124027 1.02995478181336
285.5 1.0151602374271844 1.0310030823990934
285 1.0147160585765806 1.030094599479086
284.5 1.0138688659377553 1.028392204507073
284 1.0143821536667175 1.0294271378374455
283.5 1.0139233793652105 1.0285064228806318
283 1.0141950093566254 1.029035555705614
282.5 1.0141304346913154 1.0289274283720269
282 1.013989648985424 1.0286358058845593
281.5 1.0134290069688217 1.0274965058558467
281 1.0137968426010011 1.028237007564705
280.5 1.0131503651989766 1.0269247713585463
280 1.0130934941351328 1.026814375756999
279.5 1.0129790294285956 1.0265802403427304
279 1.013080194309429 1.026796673475379
278.5 1.0129051823403645 1.0264285146015362
278 1.0121607522050649 1.024932514891219
277.5 1.012801844024401 1.026210926123492
277 1.0128588367753943 1.026318410926191
276.5 1.0121644297764347 1.0249332085953757
276 1.011555487484596 1.0236893174597814
275.5 1.0120389155530387 1.02466890061886
275 1.0112879499050766 1.0231644588244195
274.5 1.0116258300123866 1.023847139547943
274 1.0114669649104078 1.0235218387205174
273.5 1.0113643243000097 1.0233164204401588
273 1.01111250886342 1.0228154233121218
272.5 1.0109170883624707 1.022410458841321
272 1.010492110084658 1.0215615329432937
271.5 1.0109678706303777 1.022523388801401
271 1.0105738554211017 1.021718971288868
270.5 1.009901863950344 1.0203692508041025
270 1.0102218730657933 1.0210133951277636
269.5 1.0097743278105509 1.0201103971325929
269 1.0100567161812877 1.0206638883143837
268.5 1.0097291719813173 1.0200106232944826
268 1.0101071543903122 1.020767176876343
267.5 1.0093112110194924 1.0191663343472046
267 1.009304488837009 1.0191494251886728
266.5 1.0091904959516542 1.0189208441724944
266 1.0088101231252309 1.018156194108786
265.5 1.0087625473326085 1.018070498583082
265 1.0083270907330173 1.0171960299676175
264.5 1.0088153136735465 1.0181659187482495
264 1.0080907440531912 1.0167120166489854
263.5 1.0080828917144624 1.016696383149296
263 1.0077132305387406 1.0159412175998426
262.5 1.0074535704918852 1.0154181558578887
262 1.0077318844195609 1.0159935868058063
261.5 1.007588988736801 1.0156968246761735
261 1.0073879435823465 1.0152836101834888
260.5 1.0066932757562532 1.0138834900176084
260 1.0069824024203697 1.0144773597304286
259.5 1.0065896840076385 1.0136803059161366
259 1.0058925417980322 1.012290871009654
258.5 1.0065013326415184 1.0134909454252554
258 1.006028507287035 1.0125621513641756
257.5 1.0062356331866107 1.0129672716061344
257 1.0057918410246278 1.012085791815766
256.5 1.005732211137362 1.0119486520429664
256 1.0057536836184489 1.0119935366260324
255.5 1.0053949202827417 1.0112873793629973
255 1.005385805705178 1.0112502158135173
254.5 1.0046410015892537 1.0097601204941538
254 1.0045411291949082 1.0095732988409687
253.5 1.0049528119536544 1.0103910646431375
253 1.004799147502459 1.0100685626554466
252.5 1.0041695173194156 1.0088294503549133
252 1.004182802037182 1.008846772876651
251.5 1.0038491562668226 1.0081634166956024
251 1.0031577235677145 1.006775642730981
250.5 1.0037364535187445 1.007955248430449
250 1.0038848152055502 1.0082550785062845
249.5 1.0028635651570064 1.0061990398128184
249 1.0032683538822937 1.0069989873115663
248.5 1.0024326598587259 1.0053180804912156
248 1.0027947583849974 1.0060526264329024
247.5 1.0023885377138864 1.0052270157671626
247 1.0021566466418654 1.0047793731216208
246.5 1.0015760417312836 1.0036051525465048
246 1.0018918295557189 1.0042515706780368
245.5 1.0019181774141235 1.0042950730380045
245 1.001213413454181 1.0028907489004193
244.5 1.0005230923783122 1.0015019960270963
244 1.001280755394078 1.0030232318946137
243.5 1.0010082866799155 1.0024705852810538
243 1.000641524423913 1.0017429496937567
242.5 1.0003770190675216 1.0012159076374922
242 1.0012313286055008 1.002929708924534
241.5 0.9995744037678967 0.9996255644353995
241 0.9999804115226221 1.000434582068812
240.5 1.0000160137678202 1.0004937537792074
240 0.9992871015641743 0.9990313917842985
239.5 0.9991873700161175 0.998835171686205
239 0.9990565503827424 0.998567951504215
238.5 0.9985078640989747 0.9974873062449944
238 0.9985392110553551 0.997553012468792
237.5 0.9990060812795579 0.9984781672333495
237 0.99869250145404 0.997829899459677
236.5 0.9979662728700536 0.9963926257088087
236 0.9974678047283084 0.9954072939721601
235.5 0.9978091183482727 0.9960840043470082
235 0.9970343300927476 0.9945469859405295
234.5 0.9971279735061042 0.9947353343240609
234 0.9970371653878081 0.994545820273047
233.5 0.9965800393408631 0.9936313920297021
233 0.9964577005655946 0.9933988237621656
232.5 0.9964626239476024 0.9933958013810046
232 0.9956316617515395 0.9917491064269185
231.5 0.9960239084094051 0.992538718826028
231 0.996020102379518 0.9925148204348583
230.5 0.9961724108425802 0.9928285896389578
230 0.9958162267632903 0.9921115220791116
229.5 0.9955588611599909 0.9915990786023504
229 0.9949626207942845 0.9904063220632603
228.5 0.9945229409571559 0.9895341983795727
228 0.9941268789263177 0.98875305974676
227.5 0.9937196729589233 0.9879502729448766
227 0.9942756452700441 0.9890514005210228
226.5 0.9933632006094028 0.9872395047021434
226 0.9938571748373498 0.9882177870538967
225.5 0.992594511211816 0.9857065174776924
225 0.9929801528667952 0.9864636413835417
224.5 0.9929085420005099 0.9863412306210579
224 0.9922693412881484 0.9850731295991384
223.5 0.9921496611057001 0.9848350734199266
223 0.991406949365413 0.9833485371950056
222.5 0.9916188331823548 0.9837662539915614
222 0.9919321830081093 0.9843766980193825
221.5 0.9910207797168972 0.9825943326806322
221 0.9912682537295618 0.9830780695805804
220.5 0.9906656693322728 0.9818959152488013
220 0.9905316082143186 0.9816320039033827
219.5 0.9901980525711458 0.9809583873468544
219 0.9900171978996911 0.9806064902329549
218.5 0.9902237459025846 0.9810034979073078
218 0.9900957350519942 0.9807514266653603
217.5 0.9898583105085833 0.9802800576133193
217 0.9888833148155263 0.9783648692193355
216.5 0.9885150297183419 0.9776318271045892
216 0.988938890674901 0.9784523950056768
215.5 0.988022339743638 0.9766693580638041
215 0.9886334849756626 0.9778756955595171
214.5 0.9874360477277173 0.9754941821930169
214 0.9878785230427795 0.9763750371359972
213.5 0.9867126348281222 0.9740713264814749
213 0.9873990616146963 0.9754152287709892
212.5 0.9863227054256988 0.973288538990282
212 0.9865329623283183 0.9737246759488097
211.5 0.9866369039264917 0.9739279722120863
211 0.9862911890708771 0.9732524681946743
210.5 0.9860629458533028 0.9727936793094943
210 0.9863769608329359 0.973396640437305
209.5 0.9851533445454256 0.9709924607983864
209 0.9852284574163497 0.9711503422165012
208.5 0.9845370649436403 0.969774810013747
208 0.9845462609811444 0.9697936906629644
207.5 0.9844656243997912 0.9696431799598552
207 0.9837764434795947 0.9682783848705534
206.5 0.9841557057664411 0.9690261153117055
206 0.9829886504105133 0.9667415894570983
205.5 0.9830117177846384 0.9667768831239213
205 0.9820428889975478 0.96487896373697
204.5 0.9829394819155495 0.9666522018265511
204 0.9826760041390448 0.9661162059516303
203.5 0.9818683843383919 0.9645313454482044
203 0.9816272132445891 0.9640607561071851
202.5 0.981423188312668 0.9636557833319328
202 0.9811711576330988 0.9631700413963397
201.5 0.9808907706329332 0.9626238226982945
201 0.9804709401044683 0.9618004406011005
200.5 0.9810540895621559 0.9629386435268262
200 0.9797044975030182 0.9602990537478272
199.5 0.9803556533947929 0.9615623874936453
199 0.9791394229567185 0.9591907312133717
198.5 0.9790258054696238 0.9589614782854111
198 0.9784612713264667 0.9578432326551606
197.5 0.9779931358661395 0.9569435380476918
197 0.9775436505233922 0.9560678895475091
196.5 0.9779205795469645 0.9567923583597099
196 0.9776580695593564 0.956277276833535
195.5 0.9774915285482086 0.9559475105664186
195 0.9774100722774686 0.955797726818205
194.5 0.9771917109979938 0.9553722255698137
194 0.9757604808475008 0.9525865970328947
193.5 0.9764351075949628 0.9539026987162019
193 0.9762217830826808 0.9534811825446686
192.5 0.9750759396834021 0.9512497151510204
192 0.9752789200001916 0.9516299902344467
191.5 0.9748883120038339 0.9508920329659675
191 0.9739728361249838 0.9490923848911089
190.5 0.973963117113114 0.9490726187252736
190 0.9739176279164586 0.9489856083927125
189.5 0.9739053634631746 0.9489519571998696
189 0.9728460423852964 0.94690427008105
188.5 0.9730074414242921 0.9472117832925421
188 0.9722859430023207 0.9458208312865999
187.5 0.9716965722152523 0.9446617147042595
187 0.9728736133241215 0.9469524340872012
186.5 0.9714125967195292 0.9441228894523653
186 0.9707066484565245 0.9427488429578296
185.5 0.9706643322408673 0.9426774892079519
185 0.9697808000271709 0.9409545255824228
184.5 0.9697297667618568 0.9408454698491959
184 0.9693697371540293 0.9401554778727451
183.5 0.9693524931811631 0.9401215762554185
183 0.9703168018173608 0.9419861893721433
182.5 0.9695370325985998 0.9404857930929708
182 0.9675725471545686 0.9366714360468016
181.5 0.9673380676771983 0.9362197859245649
181 0.9675943292581769 0.9367062028661014
180.5 0.9670345079249089 0.9356362427470256
180 0.9672455799617917 0.9360375064146936
179.5 0.9668687706483334 0.9352959909280274
179 0.9662529259142685 0.9341201570526033
178.5 0.9654343284287656 0.932536922372815
178 0.9652191930208509 0.9321259305133736
177.5 0.9653890617821048 0.932447931672872
177 0.9637119567113189 0.9292176135277432
176.5 0.9638105379431003 0.9294003864662723
176 0.9634579267665035 0.9287326424316625
175.5 0.9637765538063593 0.9293527225892464
175 0.9630600763558529 0.9279623998441295
174.5 0.96279897919646 0.9274487264163923
174 0.9627484852428916 0.9273471058033358
173.5 0.9622252204653932 0.9263619577612091
173 0.9607458060857034 0.9235000197623636
172.5 0.9611599650668807 0.9242933039379558
172 0.9608206901187638 0.9236447611640157
171.5 0.9597003559595275 0.9214996491494408
171 0.9600084725686958 0.9220979968670656
170.5 0.959283693466858 0.920686018888847
170 0.9589275106343954 0.9200240521331304
169.5 0.9584489155563478 0.9190953864677298
169 0.9575693743046938 0.9174051015938144
168.5 0.9576041120574029 0.9174727021387683
168 0.9575971611426812 0.9174678820561136
167.5 0.9567635969889153 0.9158919374056551
167 0.9565566168049036 0.9154809109707726
166.5 0.9561784497730522 0.9147632681285152
166 0.9553545948380608 0.91319309517024
165.5 0.9550985248617212 0.912694296872897
165 0.9540626097338145 0.9107013466142313
164.5 0.9542584194717032 0.9110848894819602
164 0.9536490709557891 0.9099154844158984
163.5 0.9536034796789266 0.9098356302676469
163 0.9528193989169427 0.9083186155558923
162.5 0.9528254211215608 0.9083495590580336
162 0.9516789892222988 0.9061712578799187
161.5 0.9518524429902514 0.9064988466703269
161 0.9514253653887957 0.9056833956877213
160.5 0.9505469846214236 0.9040298116193801
160 0.9503059200488027 0.9035713133025869
159.5 0.9503027929204155 0.9035536558159666
159 0.949761288327132 0.9025308601722711
158.5 0.9485143854424729 0.9001500374751135
158 0.9486975847413195 0.9005181900425997
157.5 0.9484391298775424 0.9000149692566938
157 0.947178326139901 0.8976218937952838
156.5 0.9470748861068733 0.8974276744585201
156 0.9470820589294258 0.8974428036594442
155.5 0.9464329472707114 0.8962110163901656
155 0.9462239112633389 0.8958170518684777
154.5 0.9451186320483331 0.8937224778473297
154 0.9446483987618371 0.8928278107057716
153.5 0.9438566866463662 0.8913252076737794
153 0.9431999430737936 0.8900984356219079
152.5 0.9429611128677198 0.8896555974858451
152 0.9420919788778788 0.8880196485062097
151.5 0.9412694539901598 0.8864620877594784
151 0.9412094579177619 0.8863679361173349
150.5 0.9412348100864187 0.8864040815185569
150 0.9400376125447799 0.8841304584463908
149.5 0.9396945809328824 0.8835187683661676
149 0.939546913694961 0.8832409426277364
148.5 0.9381971881221397 0.8806890742550099
148 0.9377600182210343 0.8798813158906973
147.5 0.9378299705730929 0.8800194763188139
147 0.9373817415096519 0.8791624049858909
146.5 0.9366006520269691 0.8776910736535781
146 0.9361764182962254 0.8769031778185105
145.5 0.9342363905748332 0.8732855458573656
145 0.9333534210376203 0.8716420331599865
144.5 0.9350248348921212 0.8747357156332962
144 0.9340429732526888 0.8729133453827668
143.5 0.9326038340304903 0.8702323039848939
143 0.9338508093870773 0.8725611996710172
142.5 0.9327889570596498 0.8705864690713611
142 0.9313874003332805 0.8679746066757255
141.5 0.9309824226633412 0.8672170461810976
141 0.9291121623674728 0.8637472993432769
140.5 0.9294048012451682 0.8642700625812134
140 0.927869980026115 0.8614207394605744
139.5 0.9276606305459026 0.8610264996426855
139 0.9272057935394502 0.860168593691039
138.5 0.9264130994489687 0.8587457323110446
138 0.9254054107425148 0.8568413957273867
137.5 0.9264049931635633 0.8587010784456872
137 0.924755327667593 0.8556611289782515
136.5 0.924226187674125 0.8546546542507164
136 0.9246869523374627 0.8555115130592612
135.5 0.9220467785075274 0.8506319360531975
135 0.9228706704510401 0.8521556336245424
134.5 0.9210455649590616 0.8488166234596585
134 0.9205428897686092 0.8478736258467122
133.5 0.9206695010061736 0.8480985247388187
133 0.9199977735102507 0.8468844440830745
132.5 0.9191321663804599 0.8452860524330603
132 0.9180986615183256 0.843376862360276
131.5 0.9169058437142303 0.8411995406944962
131 0.9175693699385535 0.8424059502491575
130.5 0.9162429163210144 0.8399931640917115
130 0.9152141941859784 0.838089171357683
129.5 0.9147593656247226 0.8372530364606632
129 0.9148593412379019 0.837460386331566
128.5 0.9132165394556211 0.8344400589824708
128 0.9136247874920721 0.8351896862070712
127.5 0.9115929790831478 0.8314832939754415
127 0.9115788485053528 0.8314379536163805
126.5 0.9105571112838434 0.8295916104081779
126 0.9098934676305722 0.8284050730016963
125.5 0.9090938124101862 0.8269341770572873
125 0.9085229018971636 0.8258748472063057
124.5 0.9073128758285683 0.8236979887015399
124 0.9063035974851996 0.8218793767121785
123.5 0.9056196719425244 0.8206282686312696
123 0.9047117354860261 0.8189800146422246
122.5 0.9040225901400596 0.8177215041832889
122 0.9032611012278942 0.8163387664120458
121.5 0.9037172378123419 0.8171782193353095
121 0.901661396764903 0.8134541362227722
120.5 0.9004558194522575 0.811291168516824
120 0.9008590309549683 0.8120346096357032
119.5 0.8989583721410186 0.8086107852093318
119 0.8979753377552256 0.8068392649990282
118.5 0.8972044645793052 0.8054584991170247
118 0.8961315235935045 0.80351229700307
117.5 0.8977757925587978 0.8064763114167994
117 0.8956585580383231 0.8026643205038567
116.5 0.8942862979479588 0.800207719782331
116 0.8945437901872775 0.8006692335714264
115.5 0.8927036753505319 0.7973745612884664
115 0.8911249927081266 0.7945712937075868
114.5 0.8911515879994835 0.7946028202327423
114 0.8883576296976718 0.7896488818194045
113.5 0.8897174687653915 0.7920787263957724
113 0.8881981662504527 0.7893641161261772
112.5 0.8868011557819581 0.7868717891341577
112 0.8870893302287067 0.7873817253683555
111.5 0.886235099496033 0.7858755022090032
111 0.8857290671658391 0.7849760058407586
110.5 0.8831695697541605 0.780459160322191
110 0.8832810068476502 0.7806582926967817
109.5 0.8818951522544177 0.7781906213737944
109 0.8805770368082623 0.7758872220075124
108.5 0.8795579902021606 0.7740769005922595
108 0.8789048215960533 0.7729532301508286
107.5 0.8775553650475325 0.7705589354040108
107 0.8772103766419452 0.7699666303776879
106.5 0.8745995022982893 0.7653859762014746
106 0.873942385961006 0.7642510167091204
105.5 0.8731995770798031 0.7629334392381595
105 0.8721334503944426 0.7610759111783368
104.5 0.8728614274686435 0.7623526582370992
104 0.8695409714497774 0.7565691269943987
103.5 0.8685900158767947 0.75487278792145
103 0.8684679478587487 0.7547107323310944
102.5 0.8671705942641178 0.7524495404236581
102 0.8666424718339928 0.7515121117850584
101.5 0.8652607373916978 0.7491446792079601
101 0.8645426792019805 0.747887773135117
100.5 0.8637527819275458 0.746506182697477
100 0.8620506472591241 0.7435923075961746
99.5 0.861896189044128 0.7433093445679329
99 0.8588530015151958 0.7380901764978047
98.5 0.858294346188176 0.737126348441756
98 0.8575502470956082 0.7358267032949222
97.5 0.8551401614274967 0.7317000941351421
97 0.8556905592881011 0.7326488606007978
96.5 0.8531287190287457 0.7282330988491712
96 0.8543597964648294 0.730368677175282
95.5 0.8504948765309525 0.7237874316586511
95 0.8494462177274913 0.7219851273104587
94.5 0.8486078170458027 0.7205887338605551
94 0.8476695247868988 0.7189984528558483
93.5 0.8464045164559209 0.7168389335041149
93 0.8437600274491287 0.7123830015447048
92.5 0.8430463512259503 0.7111429372926807
92 0.8421329575332218 0.7096336939298025
91.5 0.8421084203965729 0.7095558260900876
91 0.8401274108390537 0.7062481020101755
90.5 0.8377997425690249 0.7023431388886253
90 0.837182304433681 0.7013313040544823
89.5 0.8355922189825619 0.6986552271346762
89 0.8353223655307291 0.6982241305615629
88.5 0.8339292374336761 0.6958640941307347
88 0.8322939113433457 0.6931637490530467
87.5 0.8297474694971766 0.6889295510472443
87 0.829349286455038 0.6882426663745622
86.5 0.8281937747404318 0.6863173572744639
86 0.8252908039683835 0.6815425108206428
85.5 0.8252615928655542 0.6814700081700161
85 0.8236919336410269 0.6788747475718381
84.5 0.8209861832912381 0.674433856732927
84 0.8212334128850995 0.6748297422062711
83.5 0.8194106092716539 0.671857482839499
83 0.8175160507288259 0.6687396941817818
82.5 0.8152616740489939 0.66505111933871
82 0.8115196583540193 0.6590160690968646
81.5 0.8117134229708346 0.6592958551793763
81 0.8125464297890088 0.6605849260320377
80.5 0.8092236341275824 0.6552308370344895
80 0.8075968995610611 0.6526095245887047
79.5 0.8054767894239004 0.6492130084477663
79 0.8060588423116716 0.6501216446491089
78.5 0.8029898564718411 0.6451882692950279
78 0.8016088630764354 0.6429977212106255
77.5 0.8014138070393668 0.6426496390187125
77 0.7978867487319428 0.6370066714771515
76.5 0.7969723989544345 0.63554449054651
76 0.7939302508555638 0.6307046531122923
75.5 0.7930389298406931 0.6292955851826931
75 0.7926358597082599 0.6286475731487834
74.5 0.7905709518932628 0.6253790828402835
74 0.7884938208757649 0.6220941145899164
73.5 0.786469819881465 0.6189049804060822
73 0.7849961495087002 0.6166084046767455
72.5 0.7851009147570064 0.6167300056168342
72 0.7819027643963684 0.6117178004277593
71.5 0.7793180372122007 0.607696677146417
71 0.7790737972947589 0.6073329645246607
70.5 0.7768914821583084 0.6038983088892013
70 0.7745196651655843 0.600239848492879
69.5 0.772416978875177 0.5969522843201786
69 0.7725703334498994 0.5972032555756936
68.5 0.769551585449827 0.5925517722832484
68 0.767242412943719 0.5889755003362219
67.5 0.7650551347520712 0.5856360961352486
67 0.7639454465532655 0.5839598375028486
66.5 0.7611157548734119 0.5796096810800259
66 0.7606521640424261 0.5789255396999036
65.5 0.7566528872174583 0.572865638965812
65 0.7556289377021196 0.5713146273567195
64.5 0.7546499174698164 0.569833593525531
64 0.7515588581429773 0.5651633639348792
63.5 0.7492942152786607 0.5617333452647023
63 0.7481852011437142 0.5600865835408262
62.5 0.7467495363613038 0.5579394143102667
62 0.74456634759081 0.5546769828489702
61.5 0.7418328319138164 0.5506141374470453
61 0.7414810554403416 0.5500693778537699
60.5 0.7391300605168691 0.5466130137460241
60 0.7378715934296407 0.5447310767948346
59.5 0.7359850721157937 0.5419404091393748
59 0.733226789210499 0.5378962708558459
58.5 0.7320645199141192 0.5361906047754088
58 0.7280360425680518 0.5303128596836488
57.5 0.726260508127915 0.5277350013212824
57 0.7226752708372117 0.522541580311062
56.5 0.7224049103180062 0.5221388302920836
56 0.720858248702059 0.5198862457755764
55.5 0.7193252441100109 0.5176779352301089
55 0.7162034797698611 0.5131804022036137
54.5 0.7129542808873487 0.5085771646742026
54 0.7132089094057805 0.5089248366628919
53.5 0.708287618648441 0.5018871066633769
53 0.7074999571824275 0.5007795226645748
52.5 0.7074753840452069 0.5007753105754491
52 0.703784638130572 0.4955469601040225
51.5 0.7011720560344723 0.49184677607937766
51 0.6997887759608419 0.4899218765110531
50.5 0.6984167462040867 0.4880042061382204
50 0.6937830406599236 0.48153737029771665
49.5 0.6909315700923138 0.47758264167929143
49 0.6899287803396666 0.4762250264051361
48.5 0.6896497141714646 0.4757993159380879
48 0.6868416063946937 0.47195449532700273
47.5 0.6842303511467364 0.4683690213153693
47 0.6827126792496108 0.46631523473049563
46.5 0.6801562825324288 0.4628061562551961
46 0.6779948364602708 0.4598385727260982
45.5 0.6780912162699294 0.45997357405817013
45 0.6715674710711876 0.4511710506476545
44.5 0.6751872857865233 0.4560533039232884
44 0.6712214060770523 0.4506906948725049
43.5 0.6673181737176779 0.4454558477765122
43 0.6659422421364884 0.44364993623877974
42.5 0.6638015174882608 0.4407899562239557
42 0.6634406838075887 0.4402873210660079
41.5 0.6580751986614414 0.43320071744063554
41 0.6572300669160328 0.4321117602773582
40.5 0.6551931141415894 0.42940556358936555
40 0.6517520854709441 0.42488948591820414
39.5 0.6537069445151731 0.4274435604808649
39 0.64869904392685 0.4209233172005847
38.5 0.6476349507757753 0.41953333332903203
38 0.6473898148293643 0.41923215938550884
37.5 0.6436621545942621 0.4144038696304607
37 0.6412521405522266 0.4112836397722318
36.5 0.6399350922368198 0.40962027909606713
36 0.6385487003052203 0.4078254908905284
35.5 0.6361773112927007 0.40480488049775054
35 0.63581929495227 0.4043412641123408
34.5 0.6329106315887668 0.40067037143045664
34 0.6313260603907443 0.39866826463957705
33.5 0.6283749468149257 0.3949332062345007
33 0.6278421786781819 0.3942599441504918
32.5 0.6261197449051735 0.3921099542527943
32 0.6269011774659411 0.39306690766663177
31.5 0.6214811992243848 0.38630640096657737
31 0.621407687602981 0.3862103194120553
30.5 0.6186819560490432 0.38281960161331047
30 0.61858047449389 0.38268800991636226
29.5 0.6177711661799271 0.38168820055702657
29 0.6166619127947087 0.3803173607887493
28.5 0.6142676709377641 0.37736362139860813
28 0.6126618349277865 0.3753905892272684
27.5 0.6121785476984689 0.3748132743038628
27 0.6094603399915378 0.3714811708931012
26.5 0.6057394264942084 0.36696156416985265
26 0.6055746650234493 0.36675512441487024
25.5 0.6077606298065668 0.3693997183438488
25 0.604400589606083 0.3653363124382557
24.5 0.6022443732459983 0.36272118856037294
24 0.603820220707727 0.3646198961382607
23.5 0.602100489570603 0.3625556207496146
23 0.6015717483145149 0.36191105910859617
22.5 0.5982655640364754 0.35793720255752476
22 0.5952971634309376 0.3543922892833123
21.5 0.5972116241607658 0.35667564641313193
21 0.596728782624469 0.35609372525010763
20.5 0.5968631691668486 0.3562559105385956
20 0.5922048128465236 0.35071312238800456
19.5 0.5922670660525273 0.3507864763173316
19 0.5929505007922755 0.35159835545513207
18.5 0.591537804300171 0.3499232974738352
18 0.5909588067095672 0.34923674403005583
17.5 0.5896464107541401 0.3476869983700781
17 0.5910080004778389 0.3492947257849722
16.5 0.5915823654135094 0.3499727795488546
16 0.5904065885708812 0.34858182996884757
15.5 0.5920313005345802 0.3505033645399699
15 0.5898002334236551 0.3478660357092389
14.5 0.5887248477059441 0.3465978101405832
14 0.5889258185609662 0.3468346082505342
13.5 0.5882463264217076 0.34603497509353087
13 0.5880729027417059 0.3458320137330585
12.5 0.5901008708552886 0.34821999669274145
12 0.5886187243542613 0.34647298037590424
11.5 0.5874486515552696 0.3450962018374312
11 0.5875429863332419 0.34520721139174076
10.5 0.5871087732508429 0.3446970434567311
10 0.5873428390437674 0.3449717018819106
9.5 0.5872509786043036 0.34486380322792753
9 0.5872741295670081 0.34489094495804246
8.5 0.5876189895956655 0.34529639115692917
8 0.5871270136260702 0.34471816322983145
7.5 0.5871831188928204 0.3447840832959561
7 0.5870795627978997 0.3446624452232477
6.5 0.5870998236478969 0.3446862196864073
6 0.5873493408288237 0.34497926222328573
5.5 0.5870895017483189 0.34467409530680654
5 0.5870395358362698 0.3446154173179501
4.5 0.5870387963219305 0.34461454838713307
4 0.5870387963219305 0.34461454838713307
3.5 0.5870387963219305 0.34461454838713307
3 0.5870387963219305 0.34461454838713307
2.5 0.5870387963219305 0.34461454838713307
2 0.5870387963219305 0.34461454838713307
1.5 0.5870387963219305 0.34461454838713307
1 0.5870387963219305 0.34461454838713307
0.5 0.5870387963219305 0.34461454838713307
