1000 0.9572059600104886 0.9167178972580105
999.5 0.95721869782729 0.9167461576307177
999 0.9569779562780532 0.9162893967267041
998.5 0.9568401603388312 0.9160263471141006
998 0.956711018354327 0.9157565597952636
997.5 0.9565144833542413 0.915383111643478
997 0.9573325117454823 0.9169658013825377
996.5 0.9563759536869674 0.9151245325228636
996 0.957225540010316 0.9167425558008695
995.5 0.9572027447021878 0.916720125207121
995 0.9567478865565929 0.9158493442525057
994.5 0.9570622899095672 0.9164538435640532
994 0.9571657554558378 0.9166485328201179
993.5 0.9569123769880478 0.91615473052417
993 0.9566944064822321 0.9157418503785291
992.5 0.9565990455364268 0.9155536215005335
992 0.9568424224506571 0.9160221227444058
991.5 0.9572392692084555 0.916782078787597
991 0.9567471106863437 0.9158475879106462
990.5 0.9565312075491705 0.91543453089462
990 0.9565575169658406 0.9154789926291013
989.5 0.9565780046045363 0.9155183168161387
989 0.9566591806966503 0.9156739101109264
988.5 0.9569183234574974 0.9161635374963578
988 0.9565434201632934 0.9154552489835375
987.5 0.9566611019718563 0.9156761024075983
987 0.9566920278568564 0.9157460173300722
986.5 0.9572525207909314 0.9168144954772707
986 0.9565487038052908 0.9154642915511356
985.5 0.9569296003419893 0.9161977636716756
985 0.9563948293105011 0.9151760248632734
984.5 0.9568844955610879 0.916111089487874
984 0.9564012933456822 0.9151794179500546
983.5 0.956600022759637 0.9155670711638637
983 0.9570616810075054 0.9164318844196041
982.5 0.9568721615927628 0.916093984455915
982 0.956415173429796 0.9152041225364825
981.5 0.9568419706982157 0.9160244401158244
981 0.9565012092705114 0.9153760845290468
980.5 0.956679928951396 0.9157085140701863
980 0.9564383705858324 0.9152585220106713
979.5 0.9562205444014018 0.9148275673614652
979 0.956331793750926 0.9150586404723272
978.5 0.9564987241402018 0.9153697839925549
978 0.9561053203961651 0.9146157272307945
977.5 0.9564142353536046 0.9152025465386522
977 0.9561882832837512 0.91478474065397
976.5 0.9567313472512923 0.9158126766838379
976 0.9566400580368667 0.9156365406315101
975.5 0.9560986534927707 0.9146005483845423
975 0.9565654544222119 0.9154899873553026
974.5 0.9563786841092066 0.915132388423821
974 0.9564880872484716 0.9153494345481377
973.5 0.9560975169522274 0.9146114391763346
973 0.9566553311728639 0.915669782795771
972.5 0.9565530081213417 0.9154701910145893
972 0.9559116984532879 0.9142410086246283
971.5 0.9563090656521643 0.915020912100443
971 0.955910582390256 0.9142454486512611
970.5 0.9560315933052905 0.9144756754044621
970 0.9562723225612505 0.9149396899015794
969.5 0.9557887255815603 0.9140234804516206
969 0.9560351345560871 0.9144886972249043
968.5 0.9565515411193334 0.9154635643858944
968 0.9563379419942823 0.9150506889179725
967.5 0.9567567054574827 0.9158676739366897
967 0.9565340138078596 0.9154315910006647
966.5 0.9563706353644224 0.9151232432645081
966 0.9556369328307516 0.9137062452226924
965.5 0.9560337901031385 0.9144875670852746
965 0.9560432045873957 0.9144939889941834
964.5 0.9558827560161264 0.9141948677525062
964 0.9563532837543838 0.9150853507996646
963.5 0.9568175599190447 0.9159776686606077
963 0.956348023550664 0.9150786840880825
962.5 0.9554211367598456 0.9133085467524317
962 0.9561367947939227 0.9146799889203829
961.5 0.9560927877105446 0.914587841833223
961 0.9563104546242924 0.9150058328552536
960.5 0.9556580025144876 0.9137576004007762
960 0.9564931197992836 0.9153605102486188
959.5 0.9554388638997273 0.9133425633704536
959 0.9559570446272113 0.9143347353235142
958.5 0.95631381134413 0.9149976403836988
958 0.9561334350793257 0.9146520954753711
957.5 0.9555381415361208 0.9135270423397132
957 0.9557874042836347 0.9140184426863106
956.5 0.9558897220099336 0.9141937240290064
956 0.9557964211627256 0.9140251496747028
955.5 0.955448671533396 0.9133545869706702
955 0.9559270421689359 0.9142646332680442
954.5 0.9558008526176308 0.91402307324741
954 0.9558831707165909 0.9141778509684905
953.5 0.955989488186581 0.914402893345768
953 0.955407197059009 0.9132824339731208
952.5 0.9553371701611402 0.9131489202064177
952 0.9564110133151591 0.9152115778537302
951.5 0.9558393678843508 0.9141208874523438
951 0.9564693596245868 0.9153314608956082
950.5 0.9559276802526436 0.9142752438029825
950 0.9557234446390921 0.9138817324243776
949.5 0.9556268032203208 0.9137032328826898
949 0.9558648058321316 0.9141637386632104
948.5 0.9555167071036706 0.9134890798050758
948 0.9553970387804811 0.9132567118285511
947.5 0.955907004060086 0.9142413578870632
947 0.9554580698590299 0.9133866338068366
946.5 0.9561630203740265 0.9147064216196763
946 0.9561367607637604 0.9146788134260334
945.5 0.9554573537421557 0.9133777639232004
945 0.9549454811242214 0.9124048470020655
944.5 0.9561822739045643 0.9147662778961331
944 0.9557185400614011 0.9138827366586368
943.5 0.955434644620044 0.9133335364864438
943 0.9551560388905749 0.9127985299167675
942.5 0.9553764633903121 0.9132152567809996
942 0.9557871921131968 0.9140018979054315
941.5 0.9552459298663354 0.9129673741699907
941 0.9553227002674701 0.9131211440500261
940.5 0.9550778641298829 0.9126568127266457
940 0.9548848870845406 0.9122720028308797
939.5 0.9557799464484023 0.9139939384362157
939 0.9554373207109822 0.9133386660096239
938.5 0.95544800878452 0.9133630149816415
938 0.955503289059857 0.9134699077519182
937.5 0.9555991845439025 0.9136489085684528
937 0.9554360947620406 0.9133475594743853
936.5 0.9550870936512398 0.9126685522564372
936 0.9550870150903785 0.9126550485591333
935.5 0.955430040214325 0.9133179849506009
935 0.9551495475985533 0.9127904396100808
934.5 0.9553233100075647 0.9131187303073751
934 0.9553905708010276 0.9132530435954915
933.5 0.9552832358709142 0.9130387553212109
933 0.9548712473258729 0.9122563397802564
932.5 0.9550288134839704 0.9125648342454775
932 0.9552987726238793 0.913067267367464
931.5 0.9551679673782193 0.912829997932939
931 0.9552518235352034 0.9129848056427399
930.5 0.9556888137408753 0.9138097926336919
930 0.9553213883289747 0.9131150497239678
929.5 0.9547128359206423 0.9119639873530524
929 0.955359796666435 0.9132008125223297
928.5 0.955032125565047 0.9125635539816106
928 0.9550808434807452 0.9126516420322733
927.5 0.9550231332768941 0.9125372119101076
927 0.954617341122585 0.9117651549804161
926.5 0.9550923523005933 0.912673847475796
926 0.9548165033870729 0.9121566218121767
925.5 0.9547952306995992 0.9121090767067137
925 0.9550561582916803 0.9125967228874811
924.5 0.9554500902262296 0.9133622453053659
924 0.9547587797893402 0.912035498808286
923.5 0.9552748426863374 0.9130238025962054
923 0.954499404926624 0.9115547052693846
922.5 0.9553350530207515 0.9131370592235925
922 0.9549696987872959 0.9124490036919302
921.5 0.9549468342601242 0.9124010085743725
921 0.9551077262246105 0.9127000725506753
920.5 0.9552367390314795 0.9129570661608627
920 0.9546969408146756 0.9119330882433563
919.5 0.9547161100861652 0.9119563035690239
919 0.9549353750950662 0.9123727043080085
918.5 0.9548650199461566 0.9122524532956967
918 0.9548282023318666 0.9121847819069584
917.5 0.9553788248018747 0.9132343531624835
917 0.9547884567187391 0.91209550834133
916.5 0.9549301185837079 0.912367863860182
916 0.9546743906337272 0.9118908570674955
915.5 0.954811376292012 0.9121485946195399
915 0.954915653104137 0.9123367341672406
914.5 0.9545684536401325 0.9116707881481428
914 0.9548855079542603 0.9122802531189595
913.5 0.9547871649470913 0.9120945992915989
913 0.9546302900154833 0.9117981823240336
912.5 0.9545872013194231 0.9117109158726265
912 0.9545198721583604 0.911585841783291
911.5 0.9547670552961357 0.9120670081577984
911 0.9544512847720562 0.9114620578012999
910.5 0.9546070287136701 0.9117570651528885
910 0.9548070732315088 0.9121354460269423
909.5 0.9552973802811435 0.9130747387594405
909 0.9545446685092122 0.911644996079253
908.5 0.9543423732829287 0.911257580845874
908 0.9544632930225366 0.9114733434836161
907.5 0.954625065317715 0.9117897551857653
907 0.9547201654664096 0.9119707255041107
906.5 0.9544318645979956 0.9114109036657223
906 0.9543832195177245 0.9113385438346914
905.5 0.9549520029287583 0.9124045511986736
905 0.9544791141241415 0.9115150698394989
904.5 0.9544051626272095 0.9113838050563143
904 0.9546139387368471 0.9117694111756378
903.5 0.9545730405892059 0.9116925238728759
903 0.9543107141849478 0.911194970724567
902.5 0.9544183227827479 0.9113974770998639
902 0.954485524322063 0.911516168100837
901.5 0.9542079543140415 0.9110020705918638
901 0.9542797251135584 0.9111235451625137
900.5 0.9547553484763315 0.9120387244394372
900 0.9541879943710487 0.91094692141919
899.5 0.9541164852724571 0.9108229153380862
899 0.9541069999581122 0.9107981385716405
898.5 0.9539324436436419 0.9104650668913001
898 0.9539774473598489 0.9105615747244266
897.5 0.9545106843124841 0.9115708700500309
897 0.9542263819896282 0.9110216865863552
896.5 0.9537035412830122 0.9100435535781686
896 0.9540919008186515 0.9107691558553715
895.5 0.9541603993749537 0.9108967757674425
895 0.9538626145319613 0.910339372973286
894.5 0.9537714112959864 0.9101567361638745
894 0.9546213852954283 0.9117713139703774
893.5 0.9542851802795623 0.9111309177808614
893 0.9541057496651475 0.9107968323288167
892.5 0.9536421297646308 0.9099202354253848
892 0.9538383752582531 0.9102873519048197
891.5 0.9537851259750753 0.9101758788902193
891 0.9534276907232302 0.9095001757708602
890.5 0.953751111185561 0.9101244705281532
890 0.9542380653213476 0.911048130542512
889.5 0.9537308494384572 0.9100855969548328
889 0.9540822536694562 0.9107486999903812
888.5 0.9536970072502868 0.9100344642337435
888 0.953625450141683 0.9098897612765219
887.5 0.9540773579649277 0.9107459724989507
887 0.9536339325211337 0.9099106000735415
886.5 0.9538406793576593 0.9102903525330179
886 0.9542528665820665 0.9110652484181402
885.5 0.9539858311963162 0.9105658137183803
885 0.9537711700215811 0.9101527971424523
884.5 0.9539639620655983 0.9105350325983113
884 0.9536589451557691 0.909951551767108
883.5 0.9535978403389048 0.9098353960089285
883 0.9541498994070785 0.9108779765810759
882.5 0.9542659123457131 0.9111033526710347
882 0.9542887232514687 0.911149542415631
881.5 0.953269337415584 0.9092075643473786
881 0.9539849852023244 0.9105561534685068
880.5 0.9539611479351545 0.9105231843306111
880 0.9537073573618817 0.9100478893126405
879.5 0.9537196152749569 0.9100529331399778
879 0.9538181570858694 0.9102422568013813
878.5 0.9538861357990625 0.9103858647094915
878 0.9538978148203193 0.9104102586405682
877.5 0.9536261711994644 0.9098780702410213
877 0.9533238175474363 0.9092939694774432
876.5 0.9535787860126859 0.9097840667566666
876 0.9539610615799123 0.9105092013924018
875.5 0.9533195614291327 0.9093053499095651
875 0.9536656453588815 0.9099524197908092
874.5 0.95334832139478 0.9093507075600495
874 0.9532519906911515 0.9091676632020773
873.5 0.9535751983150369 0.9097909005541421
873 0.953220019050975 0.9091130425106589
872.5 0.9534924007592046 0.9096263503644981
872 0.9536078303367165 0.9098666136409854
871.5 0.9530948513077327 0.9088626538016965
871 0.9533229568554975 0.9093066891102072
870.5 0.9533860919015302 0.9094112591479236
870 0.9527932155526891 0.9082956620064947
869.5 0.9534329306977781 0.9095212628681736
869 0.9531159330297584 0.9089107147164425
868.5 0.9533128597058296 0.9092831130911345
868 0.9533260915372083 0.9093214159412832
867.5 0.9534340130895077 0.9095044787035198
867 0.9535510120022278 0.9097317827460701
866.5 0.9536012852501344 0.9098347563807919
866 0.9529545119390922 0.9085989837407319
865.5 0.9537351363026899 0.9100813621798367
865 0.953528844535048 0.9097001435587025
864.5 0.953235921613809 0.9091324566692168
864 0.9534698735648893 0.9095725455192372
863.5 0.9525076090893001 0.9077500203881727
863 0.9533555858102827 0.9093662167378121
862.5 0.9531796957233138 0.9090245609022239
862 0.9528381175077002 0.9083879193414677
861.5 0.9535582046410365 0.9097439725522698
861 0.9532184564632572 0.9091080626786877
860.5 0.9533022590495356 0.9092649143397383
860 0.9528365017681663 0.9083851264800489
859.5 0.953123675575035 0.9089227590045611
859 0.9534028973978661 0.9094617015709331
858.5 0.9529672834853029 0.9086210249802684
858 0.9535649205790809 0.9097720342475543
857.5 0.9527728120701667 0.9082565814800964
857 0.9531603109776062 0.9089951920157476
856.5 0.9534579296275543 0.9095699433799198
856 0.9531580925833074 0.9089841792738654
855.5 0.9526472449894554 0.9080312374042993
855 0.9531993542470875 0.9090833632057923
854.5 0.9527865529907711 0.9082792301423899
854 0.9525837438614481 0.9078961133708074
853.5 0.9528532237010215 0.9084095353088506
853 0.9529046127062206 0.9085099103194811
852.5 0.9527145053762139 0.9081531077611127
852 0.9527624719375538 0.9082405953936317
851.5 0.9531574360933923 0.9089850096886859
851 0.9528094517906333 0.9083284260390084
850.5 0.9530521651676968 0.9087833357202104
850 0.9525299313912042 0.9077971309420384
849.5 0.9528271671831823 0.9083610116485046
849 0.952367182933719 0.907487828147458
848.5 0.9525392936500027 0.9078127197122381
848 0.9530149846360717 0.9087192897786822
847.5 0.952782971469039 0.908279185348486
847 0.9529986313835673 0.9086836967544616
846.5 0.9523331292782284 0.9074209613002547
846 0.9525562897552377 0.9078480662027806
845.5 0.9525644221428219 0.9078627742652292
845 0.9525264398285864 0.9077856721437878
844.5 0.9523894599651245 0.9075283336964377
844 0.9519333144954284 0.9066705802587846
843.5 0.9525268225154552 0.9078011130656558
843 0.9525675922813965 0.9078825049391714
842.5 0.9527903856532915 0.9082942181680699
842 0.9526592604043068 0.9080443599310427
841.5 0.9523266320612428 0.9073969428944476
841 0.9526795666105266 0.9080881864393391
840.5 0.9523117778595198 0.907386573434314
840 0.9525510601981229 0.9078305689201904
839.5 0.9524187593681755 0.9075701456637157
839 0.9521645882851592 0.9071007638691138
838.5 0.9521568900852525 0.9070798562136861
838 0.9521345035794271 0.9070347659925758
837.5 0.952386373660969 0.907515380625212
837 0.952509207197492 0.9077707499241181
836.5 0.952603467372288 0.9079445798743001
836 0.9524382362841285 0.9076115981527844
835.5 0.9523001045154615 0.9073502286700112
835 0.9524409665661069 0.9076237603763668
834.5 0.9516981944676953 0.9062101162546273
834 0.9522218995735972 0.9072172397560944
833.5 0.9521331611695911 0.9070353855198836
833 0.9523316346244063 0.9074157377188139
832.5 0.9521456996739455 0.9070756713976855
832 0.952202963986441 0.907167444765502
831.5 0.9522855736415325 0.9073278823285907
831 0.9517912591650797 0.9063840256580906
830.5 0.9524657297787377 0.9076741351043413
830 0.9525429221760329 0.907813996952395
829.5 0.9524519362325083 0.907652015978169
829 0.9518838503311883 0.9065521757385064
828.5 0.9521403812904313 0.9070608295065378
828 0.9519779864114829 0.9067391123581683
827.5 0.9514607810286199 0.9057639208406191
827 0.9513677744397546 0.9055984687203706
826.5 0.9522038266976456 0.907178403818533
826 0.9518106528412562 0.9064180810903774
825.5 0.9515021576154734 0.90585031897838
825 0.9521121542270699 0.9070005983826159
824.5 0.951916907844898 0.9066270805289992
824 0.9520093615309715 0.9068077712753803
823.5 0.9515253364901487 0.9058813082419833
823 0.9518993786480584 0.9065925661648161
822.5 0.9520553382851098 0.9068936808595007
822 0.9519069672641829 0.9065959650651028
821.5 0.951842573153807 0.906484764328854
821 0.9517869899451556 0.906373014028459
820.5 0.951910548793891 0.9066296379026669
820 0.9515129746129319 0.9058672186751539
819.5 0.9523700284906126 0.9074833864776536
819 0.9518449534376373 0.9065015173790978
818.5 0.9516901230245872 0.9061955217579828
818 0.9512889111264362 0.9054262294686213
817.5 0.951591901565303 0.9060066971121044
817 0.9514323322897587 0.9056993904537052
816.5 0.9514795460967448 0.90579227152422
816 0.951459503744047 0.9057549430009919
815.5 0.9515528688573701 0.9059317170950758
815 0.9520121679286316 0.9068060884407986
814.5 0.9516018184149589 0.9060116791419667
814 0.9515966492837034 0.9060220207747907
813.5 0.9511334062225835 0.9051374227499775
813 0.9513792981783349 0.9056017680414891
812.5 0.9518736353971912 0.906541443774238
812 0.9507618440503199 0.9044193161421484
811.5 0.950979783820078 0.9048395009990519
811 0.9511906449769502 0.9052530400431633
810.5 0.9520141677246883 0.9068083217558155
810 0.9514609655838607 0.9057446095069159
809.5 0.9513445979814481 0.9055475773751317
809 0.9514581715231302 0.9057610393637238
808.5 0.9507745059448129 0.9044499279559903
808 0.9515533547617187 0.9059344478339466
807.5 0.9515590118605897 0.9059455065676089
807 0.9515121391880627 0.9058701054828713
806.5 0.9511021693509265 0.9050729829567177
806 0.9514729629928224 0.9057958489588059
805.5 0.9514573827757602 0.9057523375799919
805 0.9511014946574141 0.9050675559046873
804.5 0.9516544119483805 0.9061340297947367
804 0.9513303736087946 0.9055135765130591
803.5 0.9511587814289116 0.9051832989111456
803 0.9511980446709832 0.9052537499017018
802.5 0.9513093863630582 0.9054616064490526
802 0.9509190785076788 0.9047232010249961
801.5 0.951090025512757 0.9050520110984841
801 0.9516144275048136 0.9060546386588751
800.5 0.9513319853949005 0.9055304105845824
800 0.9508935949644227 0.9046961054416
799.5 0.9505935798151247 0.9041170881531974
799 0.9516338132383672 0.9060983782661208
798.5 0.9506763636379719 0.90425608705699
798 0.9508311509222012 0.9045627597217453
797.5 0.9511553723536704 0.905181457809197
797 0.950740158983604 0.9043913292863036
796.5 0.9509002625170672 0.904691790198994
796 0.950597677976638 0.9041177114866639
795.5 0.9509986631782166 0.9048899280882492
795 0.9504460618146792 0.9038295101291494
794.5 0.950942414849533 0.9047726206342608
794 0.9506815020892087 0.9042777655066456
793.5 0.9508285979063894 0.9045546496864191
793 0.9504618404189663 0.9038643964392181
792.5 0.9510836341805794 0.9050424888138058
792 0.9508326980957679 0.9045616313611639
791.5 0.9512898081356305 0.9054340855818255
791 0.9506475555825551 0.9042144286182449
790.5 0.9508277710238687 0.9045647829551069
790 0.9506052173096873 0.9041316714096501
789.5 0.9509149146372511 0.9047168159177259
789 0.9501356699224123 0.9032403930882519
788.5 0.9506464302900397 0.9042164258503549
788 0.9505083457684694 0.903958738370398
787.5 0.9506508725026536 0.9042109349866231
787 0.9504771602572588 0.9039015208684998
786.5 0.9504198387569545 0.9037812608691764
786 0.9506964824863048 0.9043064672135707
785.5 0.9507102034860966 0.9043285778321132
785 0.9504471672895031 0.9038247632254943
784.5 0.9501614996969462 0.9032892554468678
784 0.9499330784671401 0.9028480738986299
783.5 0.9501716682860153 0.9032866805212456
783 0.9501392317121117 0.9032523336381771
782.5 0.9502909082356956 0.9035443103896261
782 0.9507282214505489 0.9043681330786577
781.5 0.9502854801929345 0.9035172994059214
781 0.949900276112747 0.9027816589567863
780.5 0.9506343320993891 0.9041896218711107
780 0.9503182957541979 0.9035895403436761
779.5 0.9499314165046653 0.9028481241888072
779 0.9503038998533989 0.9035682684371489
778.5 0.9502931479165375 0.9035421793631871
778 0.9498817943188025 0.9027647963454976
777.5 0.9498252103292655 0.9026594461363672
777 0.949945739251694 0.9028689759165052
776.5 0.9502871270041168 0.9035347036096186
776 0.9503007308772411 0.9035494850931864
775.5 0.9500245861532686 0.9030197045404125
775 0.949578708272527 0.9021903125585525
774.5 0.9499898097169217 0.9029635505865645
774 0.9497664908554301 0.9025450470519848
773.5 0.9495098373037923 0.9020619867328011
773 0.9498702966478332 0.9027445429585385
772.5 0.9496442628655496 0.9023023814537334
772 0.9498295687817414 0.9026743508776786
771.5 0.9499358701022114 0.9028546832971753
771 0.9503462855429561 0.903651298515985
770.5 0.9499512259285225 0.9028985779616368
770 0.9499071787014247 0.9028065128485948
769.5 0.9499555665845082 0.9029156939641622
769 0.9494580891814498 0.9019647697112286
768.5 0.949890397123555 0.9027708498949367
768 0.9495962422054797 0.9022218781915438
767.5 0.9495032141695308 0.902041249262246
767 0.9496361908997318 0.9022936509119736
766.5 0.9498008438665418 0.9026029194900567
766 0.9497020943391238 0.9024161962494572
765.5 0.9494157321609823 0.9018934124047439
765 0.949834161118312 0.9026777965586514
764.5 0.9493477758074191 0.9017441078323943
764 0.9499285587055065 0.9028454470812451
763.5 0.9494764787998591 0.9020053204298583
763 0.9497172037903593 0.9024346404623319
762.5 0.9493525138011195 0.901760058062937
762 0.9494296829254529 0.9019053910542275
761.5 0.9497186925227492 0.9024503563242774
761 0.9496022220146175 0.9022282748601754
760.5 0.9494897344455661 0.9020061084465978
760 0.9492390649338757 0.9015321007541313
759.5 0.9496232716889673 0.9022640538627079
759 0.949633130253765 0.9022846262190041
758.5 0.9492087314532549 0.9014823099399114
758 0.9496325966907778 0.9022890727341578
757.5 0.9494020897412898 0.9018560620406759
757 0.9491218610130066 0.9013203483667881
756.5 0.9488327898033352 0.9007697498847247
756 0.9493056637385826 0.901673042885564
755.5 0.9487906362345085 0.9006916892869921
755 0.9488212404949171 0.9007448303923699
754.5 0.9493461616985392 0.9017425084213134
754 0.9491715676395888 0.901412878996509
753.5 0.9492544663253728 0.9015679755413656
753 0.9491009871982667 0.9012861968976694
752.5 0.9497372454836965 0.9024827488020701
752 0.9488647710648167 0.9008225963471204
751.5 0.9489511940822463 0.90100654260617
751 0.9487932285331842 0.9006843598753765
750.5 0.9491170248775871 0.9012982261719873
750 0.9491274885080558 0.9013309960317099
749.5 0.949405421857527 0.9018514088458753
749 0.9490360342886518 0.9011624836269695
748.5 0.9487364979368772 0.900586019814347
748 0.9491388696104234 0.901348288037278
747.5 0.9487409012406133 0.9005952409379564
747 0.9487720422688074 0.9006535949394058
746.5 0.9490333001625425 0.9011365215716995
746 0.9487050417365702 0.9005304582965443
745.5 0.9486436405686022 0.9004143812497853
745 0.9491318183325256 0.9013435164317986
744.5 0.9487553875609708 0.900617311928815
744 0.9488859790159999 0.9008652203696631
743.5 0.9485005406497447 0.9001411696161752
743 0.9484541162933648 0.9000450054615603
742.5 0.9492651578396402 0.9016004004940761
742 0.9489996950594496 0.9010823948710259
741.5 0.9481438759745288 0.8994719747518339
741 0.9487395165794654 0.9006050761720749
740.5 0.9486662801560838 0.9004567901689883
740 0.948590667170018 0.9002974253844858
739.5 0.9484400943242451 0.9000270120879159
739 0.948536959193966 0.9001993069716417
738.5 0.9483055676024386 0.8997702071667585
738 0.9488375500434607 0.9007744133220031
737.5 0.9481746021484176 0.899526544633541
737 0.9486824216044105 0.9004759569439886
736.5 0.9478338248594615 0.8988701450463669
736 0.9481064687164296 0.8993856449577858
735.5 0.9484918641331505 0.900130057953892
735 0.948788567048551 0.9006776899942509
734.5 0.9482460680541714 0.8996597142708699
734 0.948844715444437 0.9007891963305986
733.5 0.9480379178218055 0.8992586953401013
733 0.9477779597161899 0.8987765821255457
732.5 0.948433092599534 0.9000075969423806
732 0.9486971966188543 0.900509525255945
731.5 0.9484085647998186 0.8999544365035137
731 0.9485054349013748 0.9001521968513714
730.5 0.9481921357989749 0.8995511976352855
730 0.947812194702359 0.898841253849328
729.5 0.9479881480140461 0.8991874384394809
729 0.9481154296304211 0.8993974157716378
728.5 0.9474852643460854 0.8981990260203728
728 0.9476594964758761 0.8985475042079245
727.5 0.9483743358826604 0.8999097693876217
727 0.9478516808495927 0.8989106700339636
726.5 0.9475343999114746 0.8983058858996694
726 0.9476046409633823 0.8984392957166316
725.5 0.9480927233635974 0.8993730438616931
725 0.9483303886153932 0.8998323526781568
724.5 0.9475330182142792 0.8983051846154864
724 0.9480895771315018 0.8993607770847836
723.5 0.9478430169627905 0.8988847864643983
723 0.9469641315488626 0.8972226950613136
722.5 0.9481971511349959 0.8995453495276897
722 0.947641530443585 0.8985120443682195
721.5 0.9478423895574206 0.8988988182789788
721 0.9478870651494632 0.8989728821866801
720.5 0.9473037800417997 0.8978655576392383
720 0.9475353833281526 0.8983031218031979
719.5 0.9478615657536299 0.8989243593245958
719 0.9482799421686356 0.899706197438348
718.5 0.9480807945064261 0.8993451445040151
718 0.9477364320785672 0.8986874683853547
717.5 0.9475658608402648 0.8983631772528086
717 0.9478246132519748 0.8988652878261025
716.5 0.9476519113629067 0.8985277307311871
716 0.9471234713994225 0.8975293289860747
715.5 0.9475312476574784 0.8982956082159758
715 0.9469851852740894 0.8972689158833408
714.5 0.9473761607518512 0.8980063720097714
714 0.9471882792213326 0.8976429849078531
713.5 0.9476536286759261 0.8985363101212297
713 0.9469861209225595 0.8972591161821659
712.5 0.9467225427380488 0.8967629567549975
712 0.9472677504925107 0.8978072544861964
711.5 0.9468585115494257 0.8970167854615413
711 0.9471545474828731 0.8975722336669705
710.5 0.9471811627550286 0.8976585376269116
710 0.9469062823992884 0.8971196760024474
709.5 0.9474042548909927 0.8980540404351823
709 0.9472555800195084 0.8977821481768389
708.5 0.9470575153157865 0.8973959573724616
708 0.9472757652810601 0.8978282860348238
707.5 0.947624620992831 0.8984791291038032
707 0.9470399298567007 0.8973653539226075
706.5 0.9470418594696913 0.8973714951208858
706 0.9467404739616764 0.8968193686130491
705.5 0.9468015315167705 0.8969283117040329
705 0.9469128604560791 0.8971383297636163
704.5 0.9466551015282423 0.8966390337577167
704 0.9467775496364935 0.8968659407098744
703.5 0.9472478980330247 0.8977675012185407
703 0.9469473348000825 0.897206792947172
702.5 0.946609851111016 0.8965619021580441
702 0.9466264090509428 0.8965922812956935
701.5 0.9468122343089875 0.8969505512997354
701 0.9459671575557068 0.8953396840135163
700.5 0.9466067206227163 0.8965451702206002
700 0.9465110834891924 0.8963680957885528
699.5 0.9467645971403487 0.8968517786752574
699 0.947258568995111 0.8977816824549537
698.5 0.9462807824256083 0.8959335700416055
698 0.9465605387506972 0.8964758955644756
697.5 0.9463515841155365 0.8960658592359781
697 0.9469466745231799 0.8971991890194303
696.5 0.9467732750862046 0.8968590807404632
696 0.9464288504765653 0.8962242243767637
695.5 0.9464371885621088 0.8962169423189934
695 0.9463432614375625 0.8960453696777761
694.5 0.9462958852213629 0.8959515917848476
694 0.9462716590371854 0.8959148525353686
693.5 0.9463366347857378 0.89601904509728
693 0.9461151489055782 0.8956250900076158
692.5 0.9465434745046112 0.8964294931643639
692 0.9466290668946147 0.8965921467275129
691.5 0.9460095340107517 0.8954229819418527
691 0.9461888897506613 0.8957642200376282
690.5 0.9460698203939109 0.8955378881360381
690 0.945860456841908 0.8951448749220177
689.5 0.9457437119471601 0.8949286693031197
689 0.9461029880680855 0.895590991273877
688.5 0.9464560802038251 0.8962692966537151
688 0.946175059269607 0.895738502772441
687.5 0.946593843537279 0.8965160402961714
687 0.9459344294508385 0.8952692779985636
686.5 0.9456384701211652 0.8947110629105411
686 0.9459145738765968 0.8952352590497443
685.5 0.9463333771957341 0.8960388476657207
685 0.9459202654046314 0.8952342993885247
684.5 0.9462257528055185 0.8958449287193833
684 0.9463280548075811 0.8960187077348148
683.5 0.9461094223293687 0.8956097188490658
683 0.9455534403446126 0.8945587527647252
682.5 0.9460258727599374 0.895448044855554
682 0.9453132335616152 0.8941023726473836
681.5 0.9459579066494919 0.8953277930588454
681 0.945460283301428 0.8943772966668183
680.5 0.9456904450589182 0.8948155965380552
680 0.9455523639885929 0.8945637578569388
679.5 0.9460889703394518 0.8955773307156532
679 0.9459367699930379 0.8952915904385995
678.5 0.9457217971056786 0.8948859165037018
678 0.9460219310420742 0.8954447662200612
677.5 0.9453931962993822 0.8942587474152386
677 0.9454090511361768 0.894288501573426
676.5 0.945289020863669 0.8940654819366137
676 0.9450635682808268 0.8936311134282245
675.5 0.9455161143012925 0.894482060520015
675 0.9454381495871095 0.8943236351126597
674.5 0.9453075532448777 0.8940872288586881
674 0.9453381378936508 0.8941391203267414
673.5 0.9451021021530014 0.893705305491892
673 0.9452042646893526 0.8939133888356756
672.5 0.9447837836705901 0.8930977991077488
672 0.9451278442161343 0.8937576818696847
671.5 0.9444705871512278 0.8925244195214261
671 0.9452520292316251 0.8939947197634942
670.5 0.9453676164805231 0.8942107740298442
670 0.945290838206181 0.8940747453565461
669.5 0.94538947635095 0.8942490205592432
669 0.9454328222946542 0.8943332564980939
668.5 0.944974282426799 0.8934547465072921
668 0.9449231101604633 0.8933599742726822
667.5 0.945030940126415 0.8935652796380863
667 0.9448303882964442 0.8932030138586078
666.5 0.9453856175410534 0.8942381938169816
666 0.9451319882231812 0.8937543072346378
665.5 0.9451978566179171 0.8938856427263395
665 0.9443643374793256 0.8923229382789165
664.5 0.9449609011880176 0.89343601525379
664 0.9449272458313758 0.8933683768562316
663.5 0.9447942863698476 0.8931281462233994
663 0.9449155143033112 0.8933598189061789
662.5 0.9457518440432243 0.8949321120209025
662 0.9448967221007706 0.8933103629438364
661.5 0.9446214962063246 0.8928123913181081
661 0.9447427746586858 0.8930119873872592
660.5 0.9446670750750434 0.892878906717175
660 0.9448909857546075 0.8933130330485172
659.5 0.9453159506528772 0.8941034460467058
659 0.9443466706468598 0.8922789853863428
658.5 0.9446440939288724 0.8928454049826201
658 0.944097901128963 0.8918159122139256
657.5 0.9446310803904197 0.8928112443036501
657 0.9444309932201386 0.8924324857315982
656.5 0.944355782541177 0.8922952268039531
656 0.9441843493782484 0.8919738445555465
655.5 0.944063661654533 0.8917578615945503
655 0.9446451572543634 0.8928329960605174
654.5 0.9440668773195747 0.8917665695482292
654 0.9442976756361673 0.8921830629531315
653.5 0.9443469001513881 0.8922912348161489
653 0.9440639500845882 0.8917317089822626
652.5 0.9445986811897339 0.8927452145769024
652 0.944263970530059 0.892122642396252
651.5 0.9437610198812713 0.8911724456882675
651 0.9437339976094449 0.8911215964530003
650.5 0.9441162660267877 0.8918478738902027
650 0.9434858751217201 0.8906602394286071
649.5 0.9439197729207333 0.8914657539049629
649 0.9440147936622756 0.8916560952379373
648.5 0.9433226757140156 0.8903477817294752
648 0.9437361807551573 0.8911254994367048
647.5 0.9441418403430166 0.8918824093245453
647 0.9433685241745072 0.8904373087825108
646.5 0.9438011868515821 0.8912473143165899
646 0.9436733613822372 0.8910237798587197
645.5 0.943681228701384 0.8910222140116727
645 0.9436579705045861 0.8909914961941273
644.5 0.9445121608661016 0.8925920291940653
644 0.9436484511419542 0.8909643975229085
643.5 0.9437968678649592 0.8912446711386492
643 0.9434039262382092 0.8905066593353718
642.5 0.9435260185381016 0.890742869010259
642 0.9434317256999054 0.8905567895445295
641.5 0.9431100983075863 0.8899489149840372
641 0.9438704045666163 0.8913793319332206
640.5 0.9435321979304047 0.8907269997743512
640 0.9436060718741038 0.8908751936717058
639.5 0.9434141757897577 0.8905162398837395
639 0.9432664261013591 0.8902416250743638
638.5 0.9430997710544471 0.8899261031714063
638 0.9436090913026514 0.8908966886865111
637.5 0.9432830515998257 0.8902814494338736
637 0.9431736526755934 0.8900739177789613
636.5 0.9431823873265686 0.8900624221234334
636 0.9431025727165736 0.8899465340042245
635.5 0.9423807868816833 0.8885639436424689
635 0.9434734634364231 0.8906312665409072
634.5 0.9432264473225694 0.890166421680811
634 0.9431324971196554 0.8899822444212336
633.5 0.9430227322949557 0.8897796978950967
633 0.9435659402273234 0.8908109453085629
632.5 0.9429950969156019 0.8897225848825628
632 0.942631956590195 0.8890481661532708
631.5 0.9429462386813224 0.8896326813514988
631 0.9430537335734974 0.8898359068402633
630.5 0.9426171277831886 0.8890264977863578
630 0.9426419228889157 0.8890605310625856
629.5 0.9428445491873293 0.889452432215552
629 0.9424145214865723 0.8886348218098231
628.5 0.9428611152982642 0.8894753942871158
628 0.9430413518348977 0.8898197130477944
627.5 0.94241079200392 0.8886233489364018
627 0.9430512486328559 0.889851106227753
626.5 0.9421234704855952 0.888082228006822
626 0.942796247943237 0.8893762555305087
625.5 0.9427162641929159 0.8891986322610699
625 0.942425322576521 0.8886535681543889
624.5 0.9424242936252202 0.8886366195281992
624 0.9423184688705161 0.8884489479206029
623.5 0.9424984799811928 0.8887957539069072
623 0.9423569283172832 0.8885225982760766
622.5 0.9425793477188426 0.888962269008758
622 0.9424283027637975 0.88866628030911
621.5 0.9425024687537894 0.8888041860712778
621 0.9422494077357304 0.8883206570274694
620.5 0.941840935221602 0.8875502669267831
620 0.9422695770099976 0.8883564897792875
619.5 0.9421057024967756 0.8880451569327736
619 0.9419801488918736 0.8878125937612539
618.5 0.9423560375671165 0.8885321170368623
618 0.9421254290001582 0.8881073825485294
617.5 0.9427195728591635 0.8892072216793261
617 0.9418802440121057 0.8876206366616582
616.5 0.941615481626483 0.8871233410476347
616 0.9421879613807255 0.8882091562616388
615.5 0.9420906161194343 0.8880232531114318
615 0.9417993783566582 0.8874681012998752
614.5 0.9423774072037009 0.8885636013041897
614 0.9409954851597119 0.885965799235734
613.5 0.9415934076042703 0.8870960495006569
613 0.9419233944728891 0.8877148299904232
612.5 0.9416070752423583 0.887113164477194
612 0.941664248025541 0.8872375120441282
611.5 0.941609389206689 0.8871079964224753
611 0.9417991112763471 0.8874749951946137
610.5 0.9416719240500445 0.8872339146609999
610 0.9418996571635936 0.8876587566613872
609.5 0.9413337473092719 0.8865926351052842
609 0.9417037668642919 0.8872938488869632
608.5 0.9420071093189211 0.8878633002232208
608 0.9417166486000453 0.8873113734674766
607.5 0.9411293060546532 0.8862152150532895
607 0.9408465862070305 0.8856846425745561
606.5 0.9406715698306062 0.8853555179392075
606 0.9414884587237442 0.886887740883696
605.5 0.9413777015839837 0.886680301177587
605 0.9409350161107669 0.8858433780601852
604.5 0.9413557073865693 0.8866453076380846
604 0.9411835335418299 0.8863098741921599
603.5 0.9409522183451476 0.8858914146681858
603 0.941283027260617 0.8865210232533404
602.5 0.9405311006540297 0.8850962246259363
602 0.941274331171092 0.8864844460524567
601.5 0.9410373182187279 0.8860610473711696
601 0.9409466168465744 0.8858872255095156
600.5 0.9405431472285173 0.885108859239719
600 0.9407417429437831 0.8854721943612854
599.5 0.9403855550346234 0.8848219846242243
599 0.9406157999706022 0.8852467869949061
598.5 0.9405216118059753 0.8850689572610115
598 0.9408094272423716 0.8856177935438181
597.5 0.9406377062104097 0.8852954384404753
597 0.9407623732522015 0.8855435332791973
596.5 0.9408461294622161 0.8856823926038904
596 0.9410050096399059 0.885979874092755
595.5 0.9404549598512386 0.8849450069113042
595 0.9403233661149049 0.8846811993331808
594.5 0.940643976929577 0.8853015139431333
594 0.9406911101343782 0.8853903813216677
593.5 0.9405381113659693 0.8851050456110346
593 0.9404540261608352 0.8849470115897813
592.5 0.9398145225561003 0.8837559829786612
592 0.9401705935032937 0.8844094725681173
591.5 0.9399740604124871 0.8840335510250948
591 0.9401466945632814 0.8843707104951241
590.5 0.9402202435735298 0.8844960226087214
590 0.9401781683400339 0.8844270377863778
589.5 0.9403350994210674 0.8847204718084708
589 0.9403032273530478 0.8846611617869136
588.5 0.9402908239261623 0.8846294377846929
588 0.9398706391685904 0.8838579663865016
587.5 0.9396532377151223 0.8834280335257099
587 0.9403399707822825 0.8847321381767327
586.5 0.9400901443083397 0.8842684471337038
586 0.9397805931771308 0.8836765998002452
585.5 0.9401528245448914 0.8843771967260111
585 0.9399675337542174 0.8840441044849281
584.5 0.9398416061313183 0.8837924088713072
584 0.9400943207969404 0.8842785868617328
583.5 0.9391901492941531 0.8825729708027763
583 0.9397783627684106 0.8836673768407858
582.5 0.9393616132239597 0.8828987955633923
582 0.9395157821053872 0.8831799195918514
581.5 0.9401888423551389 0.8844508321979176
581 0.9394278479513039 0.8830286840980394
580.5 0.9393512275674879 0.8828767363176933
580 0.9393862718752303 0.8829346023188169
579.5 0.9395968330286372 0.8833222356916159
579 0.9394655885175794 0.883085146367925
578.5 0.9393510066274615 0.8828726594692453
578 0.9392742718421171 0.8827275746074089
577.5 0.9387546959423226 0.8817477303244602
577 0.9389691000652637 0.882163253095812
576.5 0.9390440723206862 0.8822889629107767
576 0.9388952812018349 0.8820206983514701
575.5 0.9394665966809285 0.8830799405040329
575 0.9388818473831955 0.8819885543794567
574.5 0.9392563557562387 0.8827038235338582
574 0.9394228254432926 0.8830164377987819
573.5 0.939396881793425 0.8829573541602838
573 0.9396886100268221 0.8835065294915803
572.5 0.9393721893853627 0.8829030949992911
572 0.938563104370531 0.8813990814506318
571.5 0.9384912475860159 0.8812683372410194
571 0.9392867266255004 0.8827562594064655
570.5 0.9383020505933888 0.8808955828359524
570 0.9386895018458602 0.8816386163922973
569.5 0.9388689099012179 0.8819609687196965
569 0.9387293133003768 0.8817135745793603
568.5 0.9382142469007194 0.8807441239989986
568 0.9384184266988127 0.8811240062346872
567.5 0.9379870901968134 0.880326504606045
567 0.9384287901122762 0.881154196095226
566.5 0.938297205255148 0.8808943556780017
566 0.938817637184992 0.8818785176281428
565.5 0.9381023976974703 0.8805308096941523
565 0.938892494090305 0.8820031610098662
564.5 0.9384967742259689 0.8812570273563314
564 0.9378297593566431 0.8800185717150679
563.5 0.9386222843387814 0.8815073537200258
563 0.9382022347935298 0.8807144331109694
562.5 0.9382788450079084 0.880865508044808
562 0.9379461188920686 0.880237445257451
561.5 0.937654608263861 0.8796912346296163
561 0.937922458734082 0.8801994587142485
560.5 0.9374438571056349 0.879305457826002
560 0.9381012060390375 0.8805160962656778
559.5 0.938098704491948 0.8805232906988806
559 0.937805975838822 0.879983780394758
558.5 0.9379387147915781 0.8802203318509483
558 0.9377056531696586 0.8797896105464323
557.5 0.9379563877866951 0.8802596907063214
557 0.9372847245782688 0.8790043179385552
556.5 0.937202696239153 0.8788352540829666
556 0.9379781297977215 0.8803060301587814
555.5 0.9375463743211018 0.8794930466522364
555 0.9372907700351937 0.8790064688919311
554.5 0.9371105336318887 0.8786741609265049
554 0.937767322836268 0.879899598761509
553.5 0.9372092309205311 0.8788733770673437
553 0.9373232329700406 0.8790537513845185
552.5 0.9376613350344914 0.8796980759170532
552 0.9372850070784968 0.8789961703900728
551.5 0.9369547125780492 0.878375005694948
551 0.9371373481020735 0.8787236082537365
550.5 0.9373849232168272 0.8791841537134317
550 0.9364492889383601 0.8774450690576548
549.5 0.9373087755485636 0.8790363225021032
549 0.9369401443644726 0.8783556566881159
548.5 0.9374019435337442 0.879224258199074
548 0.93730945838956 0.879039772110652
547.5 0.9370895518251315 0.878634909986197
547 0.936347019992183 0.8772336107497216
546.5 0.9370801288996006 0.8786175427675923
546 0.9368106179091227 0.8781093709183184
545.5 0.9366156211583335 0.8777521400074126
545 0.9365953550995724 0.8777024490635281
544.5 0.9361230093655448 0.876818710887163
544 0.9371341986612246 0.8787135777562237
543.5 0.9358153225753281 0.8762417175352119
543 0.9363811380022612 0.8773173368845756
542.5 0.9366276039099162 0.8777761078171277
542 0.936133319226142 0.8768543784797864
541.5 0.9360444825075755 0.8766908942766447
541 0.9366760894161464 0.8778593349449255
540.5 0.9365377091047555 0.8775798046519016
540 0.9362969356396474 0.877158013894712
539.5 0.9363186805202752 0.877182102606814
539 0.9364088044166149 0.8773701198446184
538.5 0.9364844286124175 0.8774923517146899
538 0.9365657064482081 0.8776492603048208
537.5 0.9363931460014329 0.8773257534078764
537 0.9357039912934153 0.8760319581438422
536.5 0.9360759565168814 0.8767406299553859
536 0.9357540012721649 0.876146383787902
535.5 0.9355897763132484 0.8758303715447273
535 0.9358186718546032 0.8762405578162856
534.5 0.9356220187330695 0.8758909688989793
534 0.9361250488471127 0.8768306779638655
533.5 0.9358989111628178 0.8764084807087319
533 0.9353295057914728 0.8753460445362671
532.5 0.9355818456942776 0.8758131805982534
532 0.9354943936157646 0.8756479786318411
531.5 0.9353878025988775 0.8754426968450052
531 0.9361535021085744 0.8768675449952131
530.5 0.9353333944742404 0.8753491692966586
530 0.9350672361433314 0.8748440276120428
529.5 0.9356081493051964 0.8758654765920325
529 0.9350679998300337 0.8748440933342586
528.5 0.9354077985244202 0.8754793937150709
528 0.9353113958307725 0.8753135724226595
527.5 0.9347555389465865 0.8742685356961013
527 0.9350701642958559 0.8748575940205339
526.5 0.935011899262427 0.8747540945126423
526 0.9348202768627715 0.8743888015619147
525.5 0.935184372870441 0.8750657752649645
525 0.9348812969080005 0.8744909823044258
524.5 0.9341917243454229 0.8732108343590896
524 0.9352485039282953 0.8751827758021534
523.5 0.9345579780661041 0.8739020553756639
523 0.9344626935544041 0.8737308951934342
522.5 0.9345545168659108 0.873890314030175
522 0.9346862592926652 0.8741381965619047
521.5 0.9346168230135562 0.8739980009053062
521 0.9347749767414095 0.8743034607202557
520.5 0.9348620985246865 0.8744699706346797
520 0.9349025141483053 0.8745262865783192
519.5 0.9347573241076074 0.8742612785345245
519 0.9344726123619645 0.8737327113941721
518.5 0.9342206869175038 0.8732653180308044
518 0.9347508567460712 0.8742493901515186
517.5 0.9340718834243235 0.8729832336877547
517 0.9338092489442693 0.8724941489949674
516.5 0.9340411446112767 0.872926987011466
516 0.9341909191738567 0.8732128272226082
515.5 0.9341323691845203 0.8730929393819414
515 0.9338621831230152 0.8725880651248934
514.5 0.9339363705604987 0.8727383638453381
514 0.9341304173124028 0.8730945664764006
513.5 0.9339300664784626 0.8727272773003244
513 0.9338930981879779 0.8726557752469611
512.5 0.9338197416365125 0.8725201605048882
512 0.9336942504708233 0.8722914566675022
511.5 0.9337692529783125 0.8724302277652959
511 0.9336077714042469 0.8721208426772031
510.5 0.9334828409677538 0.8718988268576734
510 0.9335344437118065 0.87197866873557
509.5 0.9334891353639024 0.8719047125034654
509 0.9339324253112747 0.8727259745363137
508.5 0.9335525457141494 0.872018873973357
508 0.9330383637054622 0.8710706468388759
507.5 0.9329748096290866 0.8709412959160847
507 0.9333024240577797 0.8715567098544117
506.5 0.9327160419101727 0.8704762193784531
506 0.9334337724787074 0.8717935348855672
505.5 0.9329732486517947 0.8709370819172534
505 0.9328313529658638 0.8706849983744328
504.5 0.9331634083220025 0.8712831403656136
504 0.9329920230308837 0.8709763551049872
503.5 0.9328145780407636 0.8706456965016585
503 0.9325899616450353 0.8702198420036423
502.5 0.9334953186783795 0.871919607576329
502 0.9324538868160994 0.8699716086004335
501.5 0.9328061539836738 0.8706200230103203
501 0.932534115366451 0.8701143378371464
500.5 0.9331453658803933 0.8712612894349914
500 0.9328188795934529 0.8706597445252741
499.5 0.9325676043808573 0.870166525998717
499 0.9327798220976439 0.87057644935925
498.5 0.932470490233062 0.8700026158334364
498 0.9321717571955938 0.8694418905615767
497.5 0.9326388238122016 0.8703137810703448
497 0.9318546982032379 0.8688489141892611
496.5 0.9321585632060729 0.8694189697738962
496 0.9318212195865478 0.8687881732619875
495.5 0.9325345569286871 0.8701144069910233
495 0.9323640225199639 0.8698118590170139
494.5 0.932398609045433 0.869856729824255
494 0.9321135752139599 0.8693419420143316
493.5 0.9320069741023549 0.869129055255541
493 0.9318551519550665 0.8688670225369753
492.5 0.93133779276193 0.8678873477408597
492 0.9315937908836077 0.868360925658435
491.5 0.9315488106537259 0.8682889493340905
491 0.9316654410505538 0.8685129155959954
490.5 0.9315705691658049 0.86832492712176
490 0.9324143849904085 0.8698991871394531
489.5 0.9313576410292818 0.8679316248566531
489 0.9313032375975218 0.8678338417966964
488.5 0.9321698744665045 0.8694416214188094
488 0.9310783002942823 0.8674064802895625
487.5 0.9314817069310697 0.8681551532798844
487 0.9309599360608725 0.8671814194490327
486.5 0.931206860821737 0.8676473077965193
486 0.9316040559103851 0.8683809192901936
485.5 0.9308733640343575 0.8670290540099612
485 0.931382483947002 0.867963406608115
484.5 0.9312283251282985 0.867692287269487
484 0.9300955327480204 0.8655835348868339
483.5 0.9311111674600595 0.867458593350958
483 0.9312344884987138 0.8677046884018944
482.5 0.9307339090918043 0.866766020508035
482 0.9306857077481702 0.8666847336332844
481.5 0.93088449484628 0.8670515582939188
481 0.9304879663210669 0.8663068067574259
480.5 0.9304780932924115 0.8662943980523552
480 0.9304601809702585 0.8662559539487572
479.5 0.9301359050544658 0.8656481824635185
479 0.9304674402832184 0.8662684564274075
478.5 0.9300632815289228 0.8655217228381272
478 0.9302934766987946 0.8659509349765979
477.5 0.9296882936592178 0.8648272042354158
477 0.9309363517682021 0.8671490297250659
476.5 0.9299914244505464 0.8653961948073395
476 0.9298498466194696 0.8651197135003603
475.5 0.9305869583376967 0.8665076245176154
475 0.9305273970043012 0.8663780370008337
474.5 0.930204891920144 0.8657820415650438
474 0.9295081338405048 0.8644762751590745
473.5 0.9298381056769738 0.8650985646335491
473 0.9297736658870047 0.8649899201637333
472.5 0.9293937246831003 0.8642720798877719
472 0.9292782382552335 0.8640539070570492
471.5 0.9295485939052496 0.8645722898344804
471 0.9296736803847168 0.8648022331036693
470.5 0.9293106152372325 0.8641270297775686
470 0.9293850647271241 0.8642553122018167
469.5 0.9294469453096393 0.8643769604205608
469 0.9295991211287198 0.8646558114219774
468.5 0.9293467660857916 0.8641818352571178
468 0.9290824660284116 0.8636838427854517
467.5 0.9289725864318428 0.8635022353957367
467 0.9287743942816777 0.8631066422293675
466.5 0.9287754750860576 0.863135451287191
466 0.9286404110148218 0.8628797902633071
465.5 0.9288559571524163 0.8632740604696094
465 0.9286848441690005 0.8629559205414443
464.5 0.9289745185348952 0.8635109927944439
464 0.9286780768299566 0.8629531636932063
463.5 0.9284979915074091 0.8626037108057106
463 0.92876574231837 0.8631084091959109
462.5 0.9288683868534316 0.8632917457532822
462 0.9285294023464923 0.8626519814163889
461.5 0.9284760213236746 0.8625888219307899
461 0.928128295628564 0.8619260494369034
460.5 0.9282772595551257 0.862197352417623
460 0.9273592034038644 0.8605017730271055
459.5 0.9284017899403406 0.8624219782963772
459 0.9280241041844759 0.8617311731390147
458.5 0.9281304592451927 0.8619271726233729
458 0.9283602715769345 0.862346873272537
457.5 0.9278574149724158 0.8614213842770801
457 0.9283172415969796 0.8622770733374031
456.5 0.9279188308110748 0.8615283498205853
456 0.9278467766052594 0.861393773329569
455.5 0.9277034797364481 0.8611400145334546
455 0.927411626734599 0.860598594254693
454.5 0.9279767599127362 0.8616445904148308
454 0.9281003780631234 0.86187090556876
453.5 0.9278715468097183 0.8614526782941407
453 0.9273646356998596 0.8605130448636048
452.5 0.9275163670941599 0.8607892358645827
452 0.9269750863653637 0.8597975872871566
451.5 0.9272794960029711 0.8603579815586594
451 0.9269267454101021 0.8596821722221977
450.5 0.9267377898990677 0.8593429640788638
450 0.9270208244315847 0.8598656629610594
449.5 0.9272297784380014 0.8602487461353169
449 0.9271156548819034 0.860040585275029
448.5 0.926744514265363 0.8593584407112491
448 0.9273299546356776 0.8604455814281726
447.5 0.9268262542647732 0.8595045460903105
447 0.9263660246842417 0.8586639303250492
446.5 0.9262696386842524 0.858475789524536
446 0.9262560477778586 0.85845746167025
445.5 0.9266507792571803 0.8592033588258883
445 0.9263868492644303 0.8586988604666995
444.5 0.9262613806195027 0.8584431012387541
444 0.9260580936895854 0.8580861107930208
443.5 0.926117523893135 0.858198315996467
443 0.9258893106989733 0.8577764439608463
442.5 0.926205502364726 0.8583645536750107
442 0.926043968515623 0.8580583189774578
441.5 0.9258119607705648 0.857613076869315
441 0.9260521960697917 0.8580779494801161
440.5 0.9261881536494044 0.8583257038233213
440 0.9261223494306686 0.8581983145541262
439.5 0.9254915078785664 0.8570227121133109
439 0.925801949246241 0.8576389880369037
438.5 0.9251936464840416 0.8564807965463831
438 0.9251090841861178 0.8563414327240767
437.5 0.9256885183456579 0.8573973165988917
437 0.9253545431093445 0.8567894366890647
436.5 0.9254784850314609 0.8570057085841402
436 0.9250093345781872 0.8561434650951648
435.5 0.925238204878333 0.8565658623027017
435 0.9250020334080381 0.8561291050131714
434.5 0.9255264220484705 0.8571011559311644
434 0.9244062037568145 0.8550304889741447
433.5 0.9249823355433712 0.8560951394633243
433 0.9253536250723036 0.856789520016597
432.5 0.9249087171645732 0.8559766784335486
432 0.9247045838510457 0.855576294175999
431.5 0.9244506059829817 0.8551053013131366
431 0.9248154672818627 0.8557882101531683
430.5 0.9235030903661086 0.8533543130730074
430 0.9247993595212143 0.8557729319641432
429.5 0.9241535012753388 0.8545433098411145
429 0.9239361690383113 0.854152679526075
428.5 0.9242345938977808 0.8547181205433964
428 0.9247488993959218 0.8556724371962818
427.5 0.9243902879214073 0.855004783607492
427 0.9235756600474496 0.8534943165113098
426.5 0.9239842893710613 0.8542457917615667
426 0.9239346594433036 0.8541713285428142
425.5 0.924116475232864 0.854495603632322
425 0.9243710498143562 0.8549568896306167
424.5 0.9237723178202266 0.8538542877301792
424 0.9235861161756972 0.8535288004756142
423.5 0.9234330696370503 0.8532359620859447
423 0.9233808601272893 0.853144358534228
422.5 0.9237157056564329 0.8537620794154328
422 0.9232951740190718 0.8529700354324621
421.5 0.9230581724485222 0.8525385449174142
421 0.9229354630040865 0.8523165894876756
420.5 0.9228233312098253 0.8521172874559023
420 0.9229759863495012 0.8523877156195436
419.5 0.9228073729928414 0.8520866545526895
419 0.9229986777316921 0.8524402055510021
418.5 0.9230550301382915 0.8525410343763211
418 0.9230887965927564 0.8526016488021365
417.5 0.9231615395542416 0.8527373748128709
417 0.92276858441559 0.8520151215758378
416.5 0.9222716529761561 0.8510904534258269
416 0.9221998435954631 0.8509599023448866
415.5 0.9221140926532385 0.8508031810198928
415 0.9220991641923313 0.850775782459377
414.5 0.9223679289289389 0.8512723936668762
414 0.9222574343164848 0.8510693384925434
413.5 0.9225731978863655 0.8516398601052129
413 0.9214111092984754 0.8495064145685272
412.5 0.9216303793066817 0.8499127852951528
412 0.9213026048490532 0.8493117606409897
411.5 0.9216145227400085 0.8498698082405719
411 0.9217951617414839 0.8502147912879103
410.5 0.9216695354477374 0.8499632399320258
410 0.9213589533813584 0.8494125119812583
409.5 0.9220454577430147 0.8506776948992739
409 0.9214153730494143 0.8495159050184146
408.5 0.921142101526968 0.8490060169276997
408 0.9213982327316277 0.8494786963831289
407.5 0.9210871529703448 0.8489094214641228
407 0.9214715346478076 0.8496091924829233
406.5 0.9207646349010928 0.8483035397345289
406 0.920750984570285 0.8482972870356493
405.5 0.9205633220882051 0.8479356740990747
405 0.9211382197570271 0.8489913620455803
404.5 0.9217365580684198 0.850101577991701
404 0.9207448510438841 0.8482793101547348
403.5 0.9202771262501194 0.8474217438154454
403 0.9207427343223427 0.8482659294349862
402.5 0.9202320053812185 0.8473292577537181
402 0.9207586587147045 0.8483089580590256
401.5 0.9196857328149225 0.8463360280667398
401 0.9200817477835476 0.8470638202876344
400.5 0.9196421204334025 0.8462591083225705
400 0.9199757079358185 0.8468634415345365
399.5 0.9196428221783008 0.8462659375127283
399 0.9200157580594666 0.8469270930285613
398.5 0.9195233042257841 0.84603213444752
398 0.9200114949766584 0.8469269524613956
397.5 0.9197822253008844 0.8465133681455903
397 0.9195352076812271 0.8460553001963159
396.5 0.919144541864849 0.8453349513858022
396 0.9186689055321349 0.844456091651847
395.5 0.9193899206132083 0.8457829503954063
395 0.9190598837234438 0.845173033548693
394.5 0.9194144760662444 0.8458252413439956
394 0.9191784659314702 0.8454023279349125
393.5 0.918710853618796 0.8445418309682085
393 0.9184015515114257 0.8439575492705109
392.5 0.9191056122856697 0.8452607614207944
392 0.9188886288241072 0.8448666780843344
391.5 0.9182620165209087 0.8437042694130383
391 0.9183013973769976 0.8437961183159589
390.5 0.9186229475775706 0.8443776883836158
390 0.9179585526866393 0.8431617934879436
389.5 0.9185361034351618 0.8442203438958873
389 0.9176355380029108 0.8425597426132272
388.5 0.9183280006431748 0.8438286533336316
388 0.9175243621472675 0.8423513772575704
387.5 0.9182929897944961 0.8437666992344632
387 0.9180347185700226 0.8432949119505916
386.5 0.9178050773460615 0.842872329633703
386 0.917758538971052 0.8427962048235765
385.5 0.9174646951615795 0.8422629423758241
385 0.917182541595662 0.8417363314977526
384.5 0.9170760961225298 0.8415371354307661
384 0.9177973638776882 0.8428555693017262
383.5 0.9170288687090434 0.8414660689972345
383 0.9170600491306674 0.8415139972314664
382.5 0.9168488237931786 0.8411268928558275
382 0.9170872410788458 0.8415529217502546
381.5 0.9165850245549567 0.8406445699009341
381 0.9167889176202054 0.8410295591097109
380.5 0.916937032755221 0.8412970927695251
380 0.916834162043615 0.8411120844853986
379.5 0.9163189998573924 0.8401523567363535
379 0.9166363181412773 0.8407278419332229
378.5 0.9160807611972294 0.8397237337404908
378 0.9162960301176033 0.8401084889794649
377.5 0.9158797282454593 0.8393468650231628
377 0.9161427960105443 0.8398303492793994
376.5 0.9158372204675903 0.8392847886107743
376 0.9156670904952234 0.8389530511804374
375.5 0.9162449972414812 0.8400149667176968
375 0.9154054187459488 0.8384728058238243
374.5 0.9157155031520493 0.8390491233715902
374 0.9160470489562325 0.8396489285555294
373.5 0.9148938772273298 0.8375376546908112
373 0.9156387916313036 0.8389133586940429
372.5 0.9150271048396285 0.8377829440265836
372 0.9151929019513312 0.8380978778698689
371.5 0.9147662906863251 0.8372983797286275
371 0.914917290673652 0.8375825670586009
370.5 0.9146780965201796 0.8371549809665073
370 0.9142364488090398 0.8363550680266125
369.5 0.9148009912930422 0.8373633146054106
369 0.9144648624853832 0.8367611341200049
368.5 0.9143345959438962 0.8365144188474686
368 0.9140249955329989 0.8359651377801686
367.5 0.9149721937188626 0.8376922546368996
367 0.9137852993585106 0.8355162848385995
366.5 0.9135964383786375 0.8351744385645299
366 0.913667683385287 0.8353007316656135
365.5 0.9138227859741236 0.8355878768177474
365 0.9139187913261788 0.8357533736887657
364.5 0.9141818749616613 0.8362426841202686
364 0.9139225427415186 0.8357747371411433
363.5 0.9139555543575394 0.8358303874857194
363 0.9137962576806099 0.8355272657766443
362.5 0.913463541203291 0.8349229756884959
362 0.9129516239817659 0.8339967041793264
361.5 0.913939478968536 0.8357907903241274
361 0.9128142475505382 0.8337362770972787
360.5 0.9129154411677103 0.8339254849857205
360 0.9121362373230051 0.8325057317490239
359.5 0.913541721542027 0.8350794631467394
359 0.912110822847474 0.8324710220414062
358.5 0.9131263523738755 0.8343185385753696
358 0.9131232856684651 0.8343095830204761
357.5 0.9122666931983567 0.8327452371805371
357 0.912558948189071 0.8332752177680596
356.5 0.911928820634405 0.8321343634189855
356 0.9121841269719334 0.8325968697672702
355.5 0.9111934187951584 0.8307913355585804
355 0.9120223306352946 0.8322860033492594
354.5 0.9121262184401302 0.8324888251636001
354 0.9122045009680695 0.8326183212292989
353.5 0.9113090629542588 0.831008346976316
353 0.9113453916785621 0.8310597045999063
352.5 0.9115648396072535 0.8314574516375935
352 0.911480409400568 0.831311718852683
351.5 0.9108953723073668 0.8302581545677056
351 0.9110247450800069 0.8304882195001281
350.5 0.9111058641432942 0.8306321192003578
350 0.9104224376259679 0.8293725262949045
349.5 0.9112541532233119 0.830895543345205
349 0.9106019660553266 0.8297068546646736
348.5 0.9102427018545941 0.8290718868745408
348 0.9106094176337304 0.8297253319068439
347.5 0.9100029972575907 0.8286197765590106
347 0.9102985837566238 0.8291514324318325
346.5 0.9096141084462284 0.8279036331622317
346 0.9094565772798939 0.8276446032721119
345.5 0.9095871817058697 0.8278596569200832
345 0.9107684387997228 0.8300100277180646
344.5 0.9097709578381693 0.8281858672262971
344 0.9097500035088252 0.8281550081187169
343.5 0.9098008676714451 0.8282658762817051
343 0.9093882025108825 0.8275002168024486
342.5 0.9095212630308908 0.8277441578906236
342 0.9087361880225717 0.8263178983570175
341.5 0.9089684498300605 0.8267317758422652
341 0.90913533802595 0.827038492532891
340.5 0.9080821650739492 0.8251371380485039
340 0.9081852269769446 0.8253170399134824
339.5 0.908610645958091 0.826077256946248
339 0.9083719573540417 0.8256598754500808
338.5 0.9085518421312254 0.825991052866001
338 0.9082573062395188 0.8254434163133432
337.5 0.9085127361311489 0.8259030376903949
337 0.90789972063921 0.8248049914836267
336.5 0.9075262004977888 0.8241321697286695
336 0.9080996199986289 0.8251537892784115
335.5 0.9077959778736445 0.824616958373998
335 0.9078531605340789 0.8247083405724691
334.5 0.9076417761313138 0.8243454398547806
334 0.9077528065686318 0.8245365180848463
333.5 0.9074816591569698 0.8240238519073732
333 0.9070935818133161 0.8233413234822534
332.5 0.907654642221981 0.824343628562685
332 0.9064778301798992 0.8222167936194805
331.5 0.9069858209488753 0.8231377351694986
331 0.9067204451661027 0.8226595465511214
330.5 0.9069485677117723 0.8230857171429327
330 0.9056943511414799 0.8208027801362158
329.5 0.9061753762928845 0.8216777689722216
329 0.9063313198297451 0.8219534073135245
328.5 0.9052763780734812 0.8200568421375911
328 0.9062282918946607 0.8217656814927639
327.5 0.9055751487713593 0.8205928388798778
327 0.9057452499113648 0.8208991714161282
326.5 0.9056310380528484 0.820677446232152
326 0.9056839894092006 0.8207916394907047
325.5 0.9049372487880277 0.819428935504826
325 0.905275753097092 0.8200520933115045
324.5 0.9054569358702134 0.8203723563688188
324 0.9054251607680802 0.8203109936039741
323.5 0.9045124861487362 0.818663192303973
323 0.9046845289397702 0.8189475746121594
322.5 0.9043952235191658 0.818443253987997
322 0.9045365377228648 0.8187210616309295
321.5 0.9044663312364104 0.8185812587734608
321 0.9045927945433344 0.8188141158295346
320.5 0.9040304541250556 0.8177877637142449
320 0.9040060784344486 0.8177398985631273
319.5 0.9042808855529456 0.8182368601113428
319 0.9031599218373694 0.816214636546702
318.5 0.9041395034197657 0.8179895842523439
318 0.9029330727662892 0.8157991928361148
317.5 0.9030368869730655 0.8159986706251161
317 0.9022247736206135 0.8145346166995537
316.5 0.902838381236889 0.815626124865426
316 0.9033623440733163 0.8165864888182722
315.5 0.9026132394593839 0.815231456287278
315 0.902726134812664 0.8154452381990712
314.5 0.9020927687477535 0.8142744327240536
314 0.9024431599079914 0.8149276416992189
313.5 0.9026675967898605 0.8153308262592024
313 0.9021644697050172 0.8144255753380049
312.5 0.9019362771460685 0.8140223339336143
312 0.9017712730030272 0.8137192570491614
311.5 0.902076220491177 0.8142714730543399
311 0.9018867842958136 0.8139175508382712
310.5 0.9014783069069748 0.8131820496895644
310 0.9009740125265163 0.8122790867367768
309.5 0.9016413180377575 0.813478325078679
309 0.9008118780445467 0.8119947557605804
308.5 0.9008858792116908 0.8121184949372414
308 0.9011516424778755 0.8125768834379485
307.5 0.9007089494915245 0.8117965445652011
307 0.9003208003550152 0.8111061118243764
306.5 0.9002639620747047 0.8110240205642713
306 0.9007943143522947 0.8119566974940222
305.5 0.9003343935362891 0.8111119170877844
305 0.8993918934765164 0.8094255463481651
304.5 0.8997626690521371 0.8100830142430592
304 0.9003907181497979 0.8112231047240214
303.5 0.8995237759490244 0.809666051812428
303 0.8992966917003142 0.8092624449594082
302.5 0.8993943465902768 0.8094374367110824
302 0.8992035710093972 0.8090878919478877
301.5 0.8987303454737222 0.808251696569892
301 0.8988345454077072 0.8084272819951561
300.5 0.8986094675620171 0.8080099797074018
300 0.8986957787686721 0.8081717799769688
299.5 0.8987659875457041 0.8083078780106605
299 0.8976907459868201 0.8063657167796932
298.5 0.8978069382802965 0.8065779954875713
298 0.8975180169207758 0.806065577434864
297.5 0.8977341699935466 0.8064482108119683
297 0.8977927829310983 0.8065569550525286
296.5 0.8967079429653311 0.8046199459475184
296 0.8966378196818895 0.8044900620396082
295.5 0.8976528686564798 0.8063151315703944
295 0.8968869114675055 0.8049279112577323
294.5 0.8968090387873607 0.8047738476683317
294 0.8965336052397428 0.8042931617744059
293.5 0.8963743227859451 0.8040130739289735
293 0.8965036416225081 0.8042593547969127
292.5 0.8965517425708905 0.8043292935464967
292 0.8955780686391382 0.8025913515161964
291.5 0.8960318024301928 0.8034023571618806
291 0.8956146992893477 0.8026593226039482
290.5 0.8951447726149551 0.8018008048844095
290 0.8952857656652451 0.8020789197090966
289.5 0.8950349487006234 0.8016142078331291
289 0.8956527488979578 0.8027237598481437
288.5 0.8954621595423677 0.8023897234015722
288 0.8947276034896248 0.8010670902896568
287.5 0.8946797382522343 0.8009687446821141
287 0.8945096252485332 0.8006797924632219
286.5 0.8939010118893492 0.7995836618771497
286 0.8941824781151028 0.8000905290120535
285.5 0.8944151065554116 0.8005073602306317
285 0.8937978823932913 0.7993912780563628
284.5 0.8942930701589874 0.800275813947825
284 0.8938524744952898 0.7995020995234039
283.5 0.8932948447445082 0.7985068483256209
283 0.8925686504520093 0.7972181301601715
282.5 0.8929180999728752 0.7978474651359325
282 0.8922857293744154 0.7966968768384759
281.5 0.892901659326816 0.7978009023482637
281 0.8924267740477714 0.7969539947446236
280.5 0.8922159283441614 0.7965680751134885
280 0.8928920201348588 0.7977698053581669
279.5 0.8918520977642744 0.7959285306688352
279 0.8914130769593143 0.795133414553868
278.5 0.8911988289788318 0.7947599995349884
278 0.890980711864548 0.7943828208480213
277.5 0.8915435959655764 0.7953665265331081
277 0.8918741960816166 0.7959681332183142
276.5 0.8907045791355211 0.7938930842714454
276 0.8910217666713912 0.7944550269272895
275.5 0.8907373596279807 0.793937184749973
275 0.8914731411808648 0.7952462315380433
274.5 0.8901317445805546 0.7928617105957367
274 0.890586558428713 0.793665239245861
273.5 0.8907575482586989 0.793980250949275
273 0.8896006902883701 0.791931217525179
272.5 0.889586973585493 0.7918940942654952
272 0.8900418325145252 0.7926897887938923
271.5 0.8891469593903523 0.7911094593952674
271 0.8893765909310892 0.7915100632501508
270.5 0.888458919166893 0.7898795737301811
270 0.8886702342432825 0.7902589833374002
269.5 0.8884676343234675 0.7898935552674995
269 0.8888082339181964 0.7905028707218795
268.5 0.8882455108038875 0.7895049660468568
268 0.8877497085154401 0.7886290797073218
267.5 0.8874626438021713 0.7881175775771678
267 0.8875349935208756 0.7882464009299764
266.5 0.8878271438545163 0.7887908821448575
266 0.8872184763769067 0.787679207709132
265.5 0.887508411227789 0.7881955578643766
265 0.8865687378442587 0.7865502018462277
264.5 0.8869859075078128 0.7872725045225157
264 0.8863155911421777 0.78608239537562
263.5 0.8870046817739393 0.7873209829163913
263 0.8862723620167081 0.7860019547433642
262.5 0.885907322185181 0.7853611092412485
262 0.8861966449777946 0.7858863905414332
261.5 0.8857301419478535 0.7850617756967
261 0.8856511688314828 0.7848927361073109
260.5 0.884685454032921 0.7832025167735385
260 0.8852852416691537 0.784261886598587
259.5 0.8846734877838106 0.783163735464556
259 0.8843259587177532 0.7825644986517002
258.5 0.8840306500890838 0.7820456658435028
258 0.8842828505614909 0.7824741899327124
257.5 0.8833590600785161 0.7808541711526541
257 0.8836986335197857 0.7814445293484515
256.5 0.8832499263601248 0.7806689376517992
256 0.8830560766189577 0.7802994278100558
255.5 0.8831874215387581 0.7805556865038819
255 0.8833938060613102 0.7809052718571813
254.5 0.8828338933566325 0.7799224060800478
254 0.8820326491571343 0.7785213116608232
253.5 0.8818585931408095 0.7782074715373744
253 0.882462246615096 0.7792789209342116
252.5 0.8819469710293678 0.778349105158685
252 0.8814315009937138 0.7774535949299631
251.5 0.8819546078448055 0.7783826069803883
251 0.881557207854659 0.7776778326828456
250.5 0.8808955818594865 0.7765054510230438
250 0.8809445670105144 0.7765928404002975
249.5 0.8802559041703912 0.7754013602298186
249 0.8806019596568605 0.7759828070045314
248.5 0.8798394614079477 0.7746476412317834
248 0.8801015155707228 0.7751100891284182
247.5 0.8802242466302531 0.7753235917738179
247 0.8798649136869489 0.7746970863541608
246.5 0.8787026392797944 0.7726579018721815
246 0.879096471221591 0.7733633688139553
245.5 0.8795931705316828 0.774207229794784
245 0.8783080180442393 0.7719786251202269
244.5 0.8786274296536598 0.7725126572033614
244 0.8782702774381719 0.7718868892269735
243.5 0.8783133452047456 0.77195116108129
243 0.8784069211477928 0.7721425584847741
242.5 0.8774571149386102 0.7704670334255515
242 0.8775417261021726 0.7706143203306385
241.5 0.8765823464995224 0.7689332316235189
241 0.8770388581995032 0.7697229923576302
240.5 0.8762569104049173 0.7683641256478019
240 0.8765998795981009 0.7689518910127096
239.5 0.8763529286037544 0.7685390318938944
239 0.8760591355272931 0.7680036290647315
238.5 0.8753146402856903 0.7666899336407489
238 0.8749725003238028 0.7661214108295556
237.5 0.8748242034432978 0.7658599109250169
237 0.87486078425445 0.765921646824204
236.5 0.8748981549128579 0.7659759900252975
236 0.8742912943887238 0.7649251132519465
235.5 0.8739970775901321 0.7644013750993514
235 0.8739058421986228 0.7642635069528847
234.5 0.8739409665166291 0.7643101125162624
234 0.8732910324967691 0.7631621082915093
233.5 0.8731694828484868 0.7629565124914159
233 0.8729819071875912 0.7626392702539349
232.5 0.8727166870242964 0.7621762972827663
232 0.8719420911243412 0.7608126456125942
231.5 0.8717530355585242 0.7604834064885576
231 0.8713909496542598 0.7598606978390756
230.5 0.8719476528940675 0.760832666357891
230 0.8724571347906995 0.761697424955038
229.5 0.8710423326198697 0.7592386785992296
229 0.871968808241033 0.7608635360865653
228.5 0.870520393470292 0.7583339936106946
228 0.870202711370838 0.7577905724159472
227.5 0.870309560022015 0.7579706122214945
227 0.8704936427029857 0.7582952235471275
226.5 0.870120183611793 0.757676245442475
226 0.869767048399166 0.7570475614817314
225.5 0.869254310254882 0.7561459475351283
225 0.8688197749323344 0.7553851520388314
224.5 0.8684479714977932 0.7547425654755434
224 0.8689985601381103 0.755683768560701
223.5 0.868616990423393 0.7550268983273866
223 0.8676892930700607 0.7534312851847942
222.5 0.8672859713474171 0.7527266372491689
222 0.8673030844586107 0.7527633109345541
221.5 0.868126348735563 0.7541770363433726
221 0.8671031030071801 0.7524091382054049
220.5 0.8666196020029494 0.7515565491815145
220 0.8656379475945046 0.74985171954438
219.5 0.8665053302572843 0.7513571713391232
219 0.8653220222380876 0.7493240265142058
218.5 0.8660473439126911 0.7505669590053238
218 0.8654907224849551 0.7496142095009903
217.5 0.8644393623170443 0.747782027100498
217 0.8648812320069023 0.7485452347434781
216.5 0.8642825220975949 0.7475096779523503
216 0.8653163185072469 0.7493096995402678
215.5 0.8639299456210446 0.7469173572300217
215 0.8630215640438783 0.7453540625692154
214.5 0.862747441243256 0.7448655765623703
214 0.8637071399568798 0.7465323209102329
213.5 0.8628071611380179 0.7449639319453605
213 0.8620354899861806 0.743644622766802
212.5 0.8621258059894166 0.7437861926007323
212 0.8623693195469309 0.7442272629353761
211.5 0.8611811319337201 0.7421860250195136
211 0.8608892533730995 0.7416689870051474
210.5 0.8608707432320485 0.7416411758678255
210 0.8608891437830488 0.7416686730103031
209.5 0.8595931718907722 0.7394398951569935
209 0.8599059643356772 0.7399739676348707
208.5 0.8595901837943383 0.7394293648652589
208 0.8589596811049126 0.7383544880969933
207.5 0.8595010089114731 0.7392783657800024
207 0.8583309225314404 0.7372646564334215
206.5 0.858004652417055 0.736722427563227
206 0.8583483911370583 0.7373118136275719
205.5 0.8572032856023976 0.7353444516223889
205 0.8575412185531381 0.7359132356832414
204.5 0.8572307800122472 0.7353906232290316
204 0.8569310070088129 0.7348722873363256
203.5 0.8561698278397355 0.7335471669340894
203 0.8562979377996164 0.7337869065275947
202.5 0.855606086793758 0.7326215508136138
202 0.8553799379923693 0.7322320918097796
201.5 0.8555793828417362 0.732536556087726
201 0.853577206639509 0.7291369986793776
200.5 0.8553667342369012 0.7321939979958711
200 0.8537577022023377 0.7294489241707429
199.5 0.8542822578912296 0.7303417341960947
199 0.8529613415883474 0.7280763805405482
198.5 0.853615149368636 0.7291948893590122
198 0.8528549032926388 0.7278897499354345
197.5 0.8517874787946819 0.726056871704954
197 0.8524219772160854 0.7271745235944045
196.5 0.8517517525748978 0.7260184440477413
196 0.8510184028210807 0.7247619577426331
195.5 0.8507279290839169 0.7242784030386554
195 0.850846851194881 0.7244802367334626
194.5 0.8502969258271393 0.723513012183823
194 0.8504135607432547 0.7237423703627996
193.5 0.8488379942033868 0.7210880284174834
193 0.8489510708223516 0.7212726816928272
192.5 0.8491316883307864 0.7215560798847538
192 0.8484322466135584 0.7203966559836884
191.5 0.8485013257348785 0.7204802648058245
191 0.8475179258921068 0.7188367286731703
190.5 0.847649084784402 0.7190292342393206
190 0.8470335965835366 0.7180175967228805
189.5 0.8468711063671088 0.717717826074658
189 0.8458556079501733 0.7160145502166548
188.5 0.8448576851454077 0.7143119789161081
188 0.8449662635510989 0.7145053107000289
187.5 0.8452372532867571 0.7149749958145479
187 0.8449309256224793 0.7144410554493669
186.5 0.8440774027093206 0.7129943430722334
186 0.8435937539901303 0.7121922826701802
185.5 0.8434043900778369 0.7118744328594471
185 0.8426605793867157 0.7106075222790412
184.5 0.8420908887548895 0.709672029373297
184 0.8426547464950007 0.7106184946423633
183.5 0.841627271614307 0.7088763883101531
183 0.8408278034317774 0.7075572857413681
182.5 0.8410543991753173 0.7079387513950463
182 0.841543280853858 0.7087381063316505
181.5 0.8403357892991283 0.7067177271878025
181 0.8398209027381154 0.705863294501663
180.5 0.8399282213142226 0.7060314128520419
180 0.8388378243399534 0.7041956329539018
179.5 0.8370248558861109 0.7011657291898263
179 0.8375086319900732 0.7019719138433769
178.5 0.8379668770112746 0.7027243203882774
178 0.8370261370114498 0.7011678553181747
177.5 0.8371591765388017 0.7013854706798045
177 0.8363555083497878 0.7000358113179914
176.5 0.8356028765021994 0.6987977865751076
176 0.8357184983900532 0.6989657777526721
175.5 0.8349355037908033 0.6976739158442401
175 0.8351055804703625 0.6979459523759161
174.5 0.8350743023880375 0.6979226358213533
174 0.8331825092410018 0.6947500786148986
173.5 0.8327163089119529 0.6939507090594157
173 0.8322040004679407 0.693119222520604
172.5 0.833317959852554 0.6949680138969921
172 0.8308786728932234 0.6909008542818467
171.5 0.8309711493007154 0.6910675945813434
171 0.8308943956640255 0.6909138279978533
170.5 0.8299318201732427 0.6893449447107556
170 0.8305936394403325 0.690434296629117
169.5 0.8305994851364951 0.6904522677056569
169 0.8285234140476828 0.6870059728857946
168.5 0.8279249027859714 0.6860097789650016
168 0.8281403599444256 0.6863532399595176
167.5 0.827903465568729 0.6859814914090072
167 0.8267235960110361 0.6840064328506227
166.5 0.8268161351563733 0.6841840906780189
166 0.8247747764674913 0.6807962337842348
165.5 0.8258278841144725 0.6825408741251103
165 0.8254491370279798 0.6818949310442377
164.5 0.8243452863054856 0.6800799335404277
164 0.8240585958273701 0.6796300659605734
163.5 0.8236336839404862 0.6788948833459475
163 0.8227557612331227 0.6774644971882872
162.5 0.8223920283781568 0.6768655794725484
162 0.8215348139014051 0.6754600724179985
161.5 0.8204930143422433 0.6737587966362758
161 0.8198114921579054 0.6726291044235493
160.5 0.8204795751900779 0.6737434519973693
160 0.8200295391766563 0.6729953428036308
159.5 0.8199942211608663 0.6729383114328634
159 0.819471375099738 0.6720982267912462
158.5 0.8179337290759463 0.6695970356413229
158 0.8173203547249328 0.6685621091519021
157.5 0.8177019913239985 0.6691706747766697
157 0.8157653183775495 0.6660077720685396
156.5 0.8159940263833662 0.6663841213661146
156 0.8166767482286797 0.6674925633933526
155.5 0.8152818331954845 0.6652317093412625
155 0.8143428793132331 0.6637174935910883
154.5 0.8142857055721243 0.6636001575311263
154 0.8132543295433882 0.6619304075678857
153.5 0.8132451545084555 0.6619227435853056
153 0.8115872586893127 0.6592176648979504
152.5 0.8106388154634059 0.6576802685840162
152 0.8109114436702649 0.658137782097163
151.5 0.8108259132212475 0.6579784602276395
151 0.8092147755300824 0.6553643888484731
150.5 0.8090658453395528 0.655138271572003
150 0.8089926169448092 0.655007799927624
149.5 0.8086018732415485 0.6543698443180813
149 0.807064305278218 0.6518849103458147
148.5 0.8079164372320554 0.6532578252479428
148 0.8061780580916003 0.6504434379564762
147.5 0.8053390787663803 0.6490985016589748
147 0.8057284570720906 0.6497411344532559
146.5 0.8047691677732144 0.6482153577240134
146 0.8041433691967733 0.647198101917834
145.5 0.8025427728001849 0.6446091400459903
145 0.8022756528812389 0.6441915919425945
144.5 0.80216120466719 0.6439931236158788
144 0.800876262866906 0.6419363474387081
143.5 0.8006008952381128 0.6415068168820177
143 0.7992178061777414 0.6392932820346555
142.5 0.7988176610146128 0.6386633554019413
142 0.7980217404565674 0.6373845884039527
141.5 0.7979621760253172 0.6372802711426927
141 0.7967734624110098 0.6353991686354077
140.5 0.7953596801238169 0.6331675500642592
140 0.7961436786996648 0.6344011141859083
139.5 0.7946618633579408 0.6320185138081704
139 0.7936941321220445 0.6304983870802509
138.5 0.7937914410903667 0.6306612347779306
138 0.7929704696117139 0.6293460092329265
137.5 0.7921728180610689 0.6280905682186835
137 0.7907598745628008 0.6258568546485296
136.5 0.7905884412929065 0.6255638960954544
136 0.7915032514858626 0.6270288266043889
135.5 0.7893994195908661 0.6236755981002773
135 0.7884450694447156 0.6221890611633885
134.5 0.7871329153963674 0.6201117157089624
134 0.787640912095094 0.6209119977207127
133.5 0.7859142615651871 0.6182101578682911
133 0.7861125069359305 0.618525594958698
132.5 0.7856286710278133 0.6177435236266451
132 0.7842768015251037 0.6156299337794603
131.5 0.7826019671120475 0.6130051118386999
131 0.7826308895540688 0.6130395962036483
130.5 0.7824006933272699 0.612709368942394
130 0.7814966238125373 0.6112812501506347
129.5 0.7793277095660778 0.6078747900102568
129 0.7800570057623561 0.6090182442158512
128.5 0.7786379903014984 0.6067703549575583
128 0.7767789931637833 0.6039253758625728
127.5 0.7779159207297253 0.6056854756296539
127 0.7752516625734495 0.6015482859812772
126.5 0.7746727069273401 0.6006425599058057
126 0.7742288498133821 0.5999457167090599
125.5 0.7734417611845791 0.5987644996729585
125 0.7720906388895644 0.596656015855961
124.5 0.7704493737187442 0.5941083337174703
124 0.7724076830952273 0.5971385614979303
123.5 0.7702666019685365 0.5938381114054265
123 0.7695763666503832 0.5927874559571615
122.5 0.7680020848296181 0.590350834955378
122 0.766396062854205 0.5878827694649623
121.5 0.7647575196446298 0.5854013964511797
121 0.7651915166509144 0.5860525337521006
120.5 0.764434569747267 0.584907517000168
120 0.7634663639815032 0.5834168070184226
119.5 0.7618919667433535 0.581003841453939
119 0.7621883052238486 0.5814547878558468
118.5 0.7616203447562351 0.5805786723396071
118 0.7595732775203172 0.57749772388287
117.5 0.7591819022719439 0.5768486940428957
117 0.7582315812996036 0.575424287200154
116.5 0.7570014055462303 0.5735631032308659
116 0.7569828335569156 0.5735399719814432
115.5 0.7560173879236616 0.5720562494274564
115 0.7548053568918991 0.5702570391054766
114.5 0.7527913248968846 0.5671946430308614
114 0.75236956179152 0.5665926286596258
113.5 0.7506789826922385 0.5640259971852825
113 0.7496659481636117 0.5625244659660494
112.5 0.7493334725051962 0.5620375124577175
112 0.747471429554101 0.5592186315858083
111.5 0.7467446396205816 0.5581457874603
111 0.7463510035384285 0.5575672829146656
110.5 0.7445448750502567 0.554878460332728
110 0.7439615970770581 0.553994439794695
109.5 0.7426739454128147 0.5520868868959115
109 0.7418082481319931 0.5507828754424282
108.5 0.740524001201943 0.5489061886560638
108 0.7394303023565627 0.5472598663228017
107.5 0.7386761794911703 0.5461722085693925
107 0.7364335992977262 0.5428270733834718
106.5 0.7362274326317892 0.5425364547551486
106 0.7339538314503461 0.5391958588524928
105.5 0.7343638930486587 0.5398005118707908
105 0.7328158391745089 0.5375220481291626
104.5 0.7307681632346081 0.5345290490083662
104 0.7300355281502259 0.5334337158404885
103.5 0.7284786847642699 0.5312147798979517
103 0.728900472477479 0.5318062032680676
102.5 0.7257621574021139 0.5272390776243879
102 0.7263121374522038 0.5280040277168431
101.5 0.7241799326090718 0.5249345092579185
101 0.7229311952200681 0.5231261317940636
100.5 0.7224334045492347 0.522414888788332
100 0.7201144782779628 0.5191016974620338
99.5 0.7189213783940277 0.5173433254065402
99 0.7188366530700852 0.5172063448499092
98.5 0.718297172403358 0.5164255032288347
98 0.7166682958821614 0.5141073481136487
97.5 0.7152657867381695 0.5121004591057051
97 0.7133142398489586 0.5092960444775378
96.5 0.7119514631312783 0.5073659727145723
96 0.7110892256565965 0.5061331484900146
95.5 0.709748282286583 0.5042252506095254
95 0.7082636191035121 0.5021585676801785
94.5 0.7079326112352249 0.5016507893156044
94 0.7043647416151526 0.49660209270044126
93.5 0.7035022438656711 0.4954031495804196
93 0.7039682114459498 0.49605189674965744
92.5 0.7026456672962786 0.49415834961891936
92 0.7005928386390253 0.49129890539022375
91.5 0.6984492448024476 0.48827449004945533
91 0.6968160557260018 0.4860126822358896
90.5 0.6950852266194323 0.4836202617641336
90 0.693515470117107 0.4814596453858259
89.5 0.6922841463119713 0.47972213338457287
89 0.6913719949656173 0.47847937859489154
88.5 0.6919553187560886 0.47926065611581287
88 0.6894759493972007 0.4758440000097071
87.5 0.6865095382906666 0.47176606358182327
87 0.6869640636069401 0.4723573902230972
86.5 0.6832707044684465 0.4672924686112209
86 0.6829859610985279 0.46690995489775944
85.5 0.6819016034348306 0.46543621564324483
85 0.6807542885241231 0.4638540326914822
84.5 0.6795648237870353 0.46223918864967134
84 0.6779865334596198 0.4601150879066222
83.5 0.674627055980221 0.45558168677389893
83 0.6718431047970984 0.45182933618803334
82.5 0.6722278866763854 0.4523268515157428
82 0.6693417560797995 0.44847146023648443
81.5 0.6692583248627786 0.4483503285954586
81 0.6672118209974901 0.4455864884504818
80.5 0.6666496559087538 0.4448553326070846
80 0.6637572860804174 0.4410041623097198
79.5 0.6618713565441202 0.4384744718221266
79 0.6587940001054556 0.434432051398064
78.5 0.6578566530851677 0.4331793994951539
78 0.657804456816512 0.43309033412824915
77.5 0.6554714871583659 0.43004209314392994
77 0.6536073762128284 0.4275787840774618
76.5 0.6511644758584997 0.4244019839791685
76 0.6504368847075388 0.4234690787341387
75.5 0.6482310569810049 0.4205838710095749
75 0.6475173284325857 0.4196778379185539
74.5 0.6456593934112651 0.41724516868504724
74 0.6450315566855099 0.416435079431892
73.5 0.6413604889313593 0.41173949227943446
73 0.6405638503085175 0.41069830987950134
72.5 0.6385919178642088 0.4081905448870998
72 0.637107698388882 0.40628424873326885
71.5 0.6327547271674238 0.4007340636332608
71 0.6320547623833384 0.399860623701979
70.5 0.6302293341246261 0.3975422739239883
70 0.627284404706315 0.3938392763192622
69.5 0.6287398200661899 0.39564128187463077
69 0.624931085568435 0.39091706643757024
68.5 0.6225453736479897 0.387913512315628
68 0.6213283127544085 0.386420277167751
67.5 0.6191314814107741 0.38365904417544483
67 0.6172644116429704 0.3813522755355996
66.5 0.6135547963352718 0.37678321869765974
66 0.6142214200114493 0.3775889272941301
65.5 0.6127266539959851 0.37576280880088797
65 0.6104668536671625 0.37295096240613484
64.5 0.6068910235729391 0.36867986252620244
64 0.6050208421250016 0.3663661643784136
63.5 0.6037253996110871 0.36479372225304085
63 0.6024396003756674 0.36323009534211226
62.5 0.6004461998734437 0.36082881380989174
62 0.5990919003217577 0.35920743526543
61.5 0.5958616263322689 0.3553480123808669
61 0.5948696753678517 0.35417913377184757
60.5 0.590510131129762 0.3490158196123557
60 0.5913512428267953 0.34995719766683797
59.5 0.5875166046093279 0.3454467078424806
59 0.5857692997435697 0.34340358464474147
58.5 0.5841932379795562 0.341566763484278
58 0.5811696384475011 0.3380259047369832
57.5 0.5815077214283232 0.33842349832019797
57 0.5776021645641035 0.33388542749495526
56.5 0.5782625552364971 0.33465585531563913
56 0.5741421617280704 0.32987877609122385
55.5 0.5724147754112974 0.32791663173066116
55 0.5700455171707317 0.3251910485858108
54.5 0.5681400186760057 0.3230050550699343
54 0.5645716800340803 0.3189835156943306
53.5 0.562744442819662 0.31689705244708166
53 0.5624054146259533 0.3165183910442631
52.5 0.5627141843203372 0.31687976219991204
52 0.5584173556966895 0.31202776618042916
51.5 0.5569584577136075 0.31042216129981787
51 0.5545016289397708 0.3076936850259247
50.5 0.5522410778596284 0.3051553800124791
50 0.5520497116784655 0.30491942704527103
49.5 0.5442268127628013 0.2963879880761506
49 0.5459892318589591 0.29833424875082487
48.5 0.5438563041394964 0.29598084039899797
48 0.5421930415076149 0.29418398901131093
47.5 0.5402508354576726 0.2920750244158562
47 0.5365823800351328 0.28810053977386174
46.5 0.5357039560436616 0.28713925869341583
46 0.5323060918465288 0.2835099834351406
45.5 0.530702748549521 0.2818000428789966
45 0.5315272190954388 0.2826709904143517
44.5 0.5261763954579878 0.27700716939625775
44 0.5255737446128319 0.27637460869299946
43.5 0.523521356205852 0.27419521815718095
43 0.5214618142764236 0.27209716454616306
42.5 0.5201627901366443 0.2707263335624752
42 0.5181605954549978 0.2686109980641254
41.5 0.5161040676787327 0.26647883512636955
41 0.5134464036984517 0.26374746521744763
40.5 0.5120346065058818 0.2623148591871645
40 0.5115780422840581 0.26182659956282095
39.5 0.5100625354597411 0.2602636624771887
39 0.5048668623196942 0.255013333265606
38.5 0.5046184504082281 0.25474132796398447
38 0.4994142552296642 0.24952636936193523
37.5 0.5013437888782237 0.25144065084277584
37 0.4994366439079682 0.2495219449499832
36.5 0.4959847969345557 0.24609729933364619
36 0.4962507314872888 0.24633147064812966
35.5 0.4927935102816257 0.24294150801444062
35 0.49263565188065334 0.24277435391719093
34.5 0.4897421138441942 0.23992562328128827
34 0.4877396306169982 0.2379848954271618
33.5 0.4883650457653269 0.2385854386310845
33 0.48748463991335006 0.23771145526752208
32.5 0.4834871705533445 0.23381782452138286
32 0.48433473328083104 0.2346379672810348
31.5 0.4807340731126428 0.23115781170965718
31 0.48240751244374747 0.23276740708497973
30.5 0.47780666244945313 0.22835148528514396
30 0.4774503627047691 0.22801620361941893
29.5 0.4768783964548676 0.22745821094552546
29 0.472499597718632 0.22330006196027738
28.5 0.47092241598453993 0.2218154018167382
28 0.46919369233356895 0.22018008121338242
27.5 0.468069324910096 0.21911626407123339
27 0.4692436393190855 0.22022391655715254
26.5 0.46800566632940455 0.21905524499954207
26 0.4654089168894777 0.21664544789437398
25.5 0.4639355403031117 0.21527344506750043
25 0.4635271487411852 0.21487850460239172
24.5 0.4636786213521574 0.21502775958965828
24 0.46306090334862016 0.21445065046284414
23.5 0.46040333712787423 0.21200042936902191
23 0.46024516434624374 0.21184500138992937
22.5 0.4610978616549157 0.21263379680777522
22 0.458091460455438 0.20986520043288828
21.5 0.4565007680115626 0.20840293530346599
21 0.4566910878017965 0.2085757544602429
20.5 0.45559769314999926 0.20757994418273917
20 0.45235552903177484 0.2046335777133509
19.5 0.4551677660717407 0.2071865885302977
19 0.45285102332203253 0.2050804760283334
18.5 0.4524032573397433 0.20467621104513317
18 0.45036786227582204 0.20283490237309337
17.5 0.4515222681979927 0.20387811186890725
17 0.4521266333464754 0.2044230998163297
16.5 0.4518284964090404 0.2041533168473148
16 0.45121370747159006 0.20359669848418882
15.5 0.450099402678206 0.20259213512395308
15 0.44896075050455087 0.20156721651372225
14.5 0.44895151771479525 0.2015593824384668
14 0.44955706216634334 0.2021029842145673
13.5 0.4488271113783493 0.2014474306535835
13 0.4504441462873824 0.2029020308853081
12.5 0.45068477373484367 0.20311921693540727
12 0.4482907842167321 0.20096573824885644
11.5 0.4481648010402974 0.20085249883272235
11 0.44809169245161695 0.20078648914915087
10.5 0.44859401442550134 0.20123696775499483
10 0.44733164609953274 0.20010590925752628
9.5 0.44700521274162625 0.1998139083599569
9 0.4469010885452553 0.19972062887351355
8.5 0.4470055391471764 0.1998140444085618
8 0.44727003692882344 0.20005054954229753
7.5 0.4473420320983848 0.2001149573949257
7 0.4469206125970827 0.19973807467453714
6.5 0.4467522821332599 0.19958761053169682
6 0.4467449327194524 0.19958104134584156
5.5 0.44674729989818057 0.1995831567436055
5 0.44673779138305636 0.19957466067774776
4.5 0.44673763489538487 0.19957452144063872
4 0.44672161789816595 0.19956020808312894
3.5 0.4467133929941831 0.19955285912342077
3 0.4467061730875154 0.19954640770347704
2.5 0.44669711932836015 0.19953831783140644
2 0.4466960821913986 0.19953739086481953
1.5 0.44669216519015315 0.19953389100793134
1 0.4466858375382402 0.19952823745720333
0.5 0.4466858375382402 0.19952823745720333
