1000 0.4734180540331545 0.22455922566848519
999.5 0.4732394818819578 0.22439463629175063
999 0.47315209000960506 0.2243108492100577
998.5 0.4732553948570402 0.22441331106480134
998 0.47332320133837247 0.2244567205230836
997.5 0.4734938347400565 0.22464962503480976
997 0.4729593732813231 0.22413621249168425
996.5 0.4731323845620687 0.22429764286320095
996 0.47308779260188427 0.22425421122451886
995.5 0.47316250034286605 0.22432262782895718
995 0.47275422372148035 0.22392526174869218
994.5 0.47327828163221647 0.22442422641664825
994 0.47296243636679114 0.2241306509180825
993.5 0.47263032630695057 0.22382125318633614
993 0.47310462182392293 0.22425982037398712
992.5 0.473608609839565 0.22474275895872375
992 0.47297486139078804 0.22415661719183314
991.5 0.47291150701023404 0.2240815490777473
991 0.4729637032696673 0.22412729873950776
990.5 0.47303829820623894 0.2242114543708119
990 0.47278363923248656 0.2239644542485602
989.5 0.4730673149415446 0.22423917945842306
989 0.4729157771748742 0.224090087276717
988.5 0.47290819352368085 0.22407292457675582
988 0.47334818417630947 0.22449988422821762
987.5 0.4733640426317566 0.22451627661833928
987 0.4727186268928541 0.22389469533670753
986.5 0.47245214615777675 0.22364930447318457
986 0.47280457222384187 0.22398657822402304
985.5 0.4732429321746146 0.22438882743182964
985 0.4726773887698767 0.22386228993013974
984.5 0.4730422331439534 0.22420237646852886
984 0.472922310169332 0.22409158208721378
983.5 0.4731653988834622 0.22431853711921207
983 0.47297293729608225 0.2241434539201342
982.5 0.47256693108533443 0.22375383853255207
982 0.47341215652270274 0.2245596885263802
981.5 0.4725383097879205 0.2237410694376039
981 0.4725822542548291 0.22377105307508505
980.5 0.4728295012044352 0.2240097497843429
980 0.4731447995482846 0.22429711536866778
979.5 0.4726131125898135 0.22379946310375812
979 0.4726264686792828 0.22381420686441042
978.5 0.4727863092133977 0.2239689198697765
978 0.4727283936453865 0.2239158037273043
977.5 0.47265757678119574 0.22384356536492878
977 0.47279546049748505 0.22397548867919792
976.5 0.4725307693061132 0.22372073415223523
976 0.47284499949897824 0.22401505066136637
975.5 0.47238231647471596 0.2235863032496425
975 0.4721884618586354 0.22339290365707812
974.5 0.4723515602407554 0.2235645812249368
974 0.4728180096647141 0.22399421135523617
973.5 0.4727972703662855 0.2239748882876198
973 0.47268443255656367 0.22387967334200293
972.5 0.4728122080490462 0.223989792242137
972 0.4725658906285527 0.2237601012011156
971.5 0.4729388697938811 0.22409974249809794
971 0.47223781442190593 0.22344734134548314
970.5 0.47260644122842305 0.223799113802346
970 0.47240101920637 0.2235955481840693
969.5 0.47212706792296893 0.22333823106248676
969 0.47221509389655425 0.2234179194402061
968.5 0.4724406499350987 0.22363717016223583
968 0.47268777461487105 0.22387721856584603
967.5 0.47270867493421387 0.22389233062433636
967 0.47197330443420005 0.223201374339043
966.5 0.47238837609176604 0.22357677590972816
966 0.4719482742801177 0.22317896558469758
965.5 0.4723412834993288 0.22354543348878234
965 0.47250702167610864 0.2237066599479126
964.5 0.47242492592063506 0.22362796842016902
964 0.4724367123317663 0.223647942320687
963.5 0.4723517982268239 0.22355389002069687
963 0.47216769190824404 0.22338822886731613
962.5 0.4725313681254496 0.2237257061769068
962 0.4722268804704833 0.223440093280341
961.5 0.47274918899236346 0.2239339264032638
961 0.4719690178782876 0.2231920178769318
960.5 0.4727957062593836 0.22397535309398509
960 0.47257877086561173 0.22376701458957626
959.5 0.4719206703891928 0.22315695440389
959 0.4723986327743716 0.2235931859130889
958.5 0.4720530154886479 0.2232706481955043
958 0.4717765187464097 0.22301658532694119
957.5 0.47206132113112753 0.2232774335190842
957 0.47200595182475413 0.2232258339579933
956.5 0.4719263921418264 0.2231528066595851
956 0.47198034800043903 0.22319447566972864
955.5 0.4721720231762652 0.22338634380734915
955 0.4717682028625711 0.22300168372541004
954.5 0.4727975298081731 0.22396619050534095
954 0.4724369501101399 0.2236367224058197
953.5 0.47229931605264946 0.22350426036701823
953 0.47191752859076447 0.22314913685063645
952.5 0.4720539753807689 0.22327067559834363
952 0.4721277123284401 0.22334641074221953
951.5 0.47214145546869546 0.22336023983819595
951 0.47197690754492877 0.2231975144069064
950.5 0.47223380312760116 0.22344431622222743
950 0.47208787409643127 0.22329197328242137
949.5 0.4719252817882261 0.2231607644759422
949 0.4718259285196801 0.22305558841048706
948.5 0.4724867061167439 0.22368129433077813
948 0.47154045935491795 0.22278857422375567
947.5 0.4722118458476792 0.22341898900599366
947 0.47159530651883436 0.2228421958543733
946.5 0.4722764213181553 0.22347017371719285
946 0.4721148606200512 0.22332994021361427
945.5 0.4716554466737522 0.22289724629949254
945 0.47214900349286454 0.2233612166596683
944.5 0.4718338086292206 0.2230681633812658
944 0.47149030063262576 0.222737807404129
943.5 0.4717247489128743 0.22297226956435312
943 0.47219344652965933 0.2234121301344443
942.5 0.47197274576855935 0.22320858496232274
942 0.47153663730329065 0.22279016827635167
941.5 0.47148249737763887 0.22273309663885965
941 0.47220811184707856 0.22342628604697387
940.5 0.47225646415780576 0.22348475256386005
940 0.4721293343739973 0.22334548163045553
939.5 0.47178418311363846 0.22301901027309456
939 0.4714593431654805 0.22271070662267778
938.5 0.47178771570731287 0.22301875846873895
938 0.47170530892269913 0.22293994232889047
937.5 0.47148079869199117 0.22272794128277817
937 0.4716861790911656 0.22293336309052733
936.5 0.4717168862476122 0.2229588789492722
936 0.4715082016118363 0.22276155224388253
935.5 0.4722360756749495 0.22344805656078995
935 0.4711794300760371 0.2224521838706353
934.5 0.47168654213441646 0.22292021420747887
934 0.4721366572719505 0.2233585187767487
933.5 0.47135819251466143 0.2226127882174573
933 0.47141538821747186 0.22267840243899886
932.5 0.4716521464609933 0.2228969104077205
932 0.4715279978126342 0.22277829907154734
931.5 0.47203813539141054 0.22324599776856677
931 0.47196026732597307 0.22318136321662302
930.5 0.47189345907528385 0.22311762456040168
930 0.47153047673077053 0.22277897666568394
929.5 0.4711967807549432 0.22246620381933285
929 0.4713927848446264 0.22263970948963266
928.5 0.47089994226032167 0.2221902636508087
928 0.4715025675262441 0.22275552385174652
927.5 0.4716980759531236 0.22293792038624582
927 0.4716305117054355 0.22287428626257616
926.5 0.47098803865602296 0.22226928404013566
926 0.4715645685166467 0.2228077466283513
925.5 0.4713770611559059 0.22263149000288118
925 0.4714637933504603 0.22271900394262456
924.5 0.4717756824607875 0.22301100978935695
924 0.47156499902542687 0.22280734016365536
923.5 0.47179932068924835 0.22304026381923897
923 0.4712633848325098 0.22252334740926633
922.5 0.4713954692938244 0.22265985090401044
922 0.4710849025439241 0.22236797910469142
921.5 0.4715593694339444 0.22280803990612194
921 0.4711173471613628 0.22239547582746028
920.5 0.47113777237554566 0.2224020133157546
920 0.47103214191174664 0.22233288326927536
919.5 0.47134794140627856 0.22260743061050983
919 0.4709097285918075 0.2221915186153773
918.5 0.4712002551387537 0.22247370560196758
918 0.47066981743285363 0.22197122898379446
917.5 0.47132038639873003 0.2225793961696843
917 0.4712201142854493 0.22248711296637913
916.5 0.4714623411835462 0.22272140798000703
916 0.4711850903494853 0.22246163181444692
915.5 0.4707281859194712 0.22202815849467922
915 0.47127913314394165 0.2225369003916352
914.5 0.4711788373263754 0.22244497665144353
914 0.47100972593392954 0.22228970534001086
913.5 0.4711484044260797 0.2224161723683763
913 0.47066093273924003 0.2219675382670001
912.5 0.4710898347656371 0.22236778788766848
912 0.4712246822935811 0.22248456267903793
911.5 0.47131241114059974 0.22257436355946292
911 0.4709452880509462 0.2222526218873698
910.5 0.470653175121944 0.22195412650289004
910 0.4707783957716584 0.22208276262831858
909.5 0.47128475426617683 0.22254021254690706
909 0.47145279104426635 0.22271898431320727
908.5 0.47081604393698995 0.22210515550394594
908 0.47067768623358447 0.22197775640011488
907.5 0.4710208388221306 0.22230392331760726
907 0.47089241220313255 0.22218516277444608
906.5 0.4707024952952243 0.22200780259111785
906 0.47112772152015964 0.2224018723124043
905.5 0.4707221927965193 0.22201655331998388
905 0.47060185027058554 0.22189983356086843
904.5 0.47097385797750974 0.22225169677116643
904 0.4708091720825602 0.22211057886082722
903.5 0.47089941265359503 0.2221956560853164
903 0.4705634396972638 0.22187240277064352
902.5 0.47089367119984527 0.22217857330053054
902 0.4710296530660151 0.22230242681945683
901.5 0.47083527615416976 0.22212710465308017
901 0.47076718195446 0.2220641720686775
900.5 0.47072485371860584 0.2220256667837169
900 0.4706956684176383 0.22199317070634011
899.5 0.4709478164422477 0.22222077266208973
899 0.4707501012711983 0.22204053747203206
898.5 0.4707232385719673 0.22202321658685903
898 0.4707359324144924 0.22202942997725272
897.5 0.4705890767035597 0.22189215027450876
897 0.47058397358120974 0.22189739480140105
896.5 0.47117209882237254 0.22244169488860618
896 0.47044763842647613 0.2217624668221836
895.5 0.4701380238411855 0.2214758436728216
895 0.47065789794771973 0.2219566047670201
894.5 0.47101979747375144 0.2223012060210727
894 0.4700870584678162 0.221427254695389
893.5 0.47014946988153594 0.22147519774074875
893 0.4709336164454844 0.22222184493313282
892.5 0.47025437946241266 0.22157684853661339
892 0.47073207005414286 0.2220354500827361
891.5 0.4704783889828039 0.22178444900756508
891 0.4704534469353872 0.22177301604215344
890.5 0.4703039869173446 0.22162357932462656
890 0.4701454839482945 0.22147763372298102
889.5 0.47092030135827284 0.22220556770561445
889 0.47044398346348854 0.2217645841987335
888.5 0.4701972097686401 0.22153342789379527
888 0.47029499008983294 0.22161675389116317
887.5 0.4701251216518327 0.22146505069156294
887 0.4703291521324409 0.22165323966452247
886.5 0.47049740054836214 0.22179743082727668
886 0.4699605767487302 0.22131487562440563
885.5 0.47048853913778294 0.22179320503463026
885 0.4700735357766842 0.22141130318483074
884.5 0.4706636019027365 0.22196869606684083
884 0.4709416038361019 0.22222704412628064
883.5 0.4701155710542778 0.22144466099989216
883 0.47089149186349827 0.22218181937815648
882.5 0.4703593034477627 0.2216793268870244
882 0.469755557407736 0.2211087821922983
881.5 0.470322938407228 0.22163619306382118
881 0.4704107030083205 0.22172476643212824
880.5 0.47012454589030817 0.22145930125178187
880 0.4705865605361878 0.2218916027843144
879.5 0.4703104817743658 0.22164185266438477
879 0.4699822546845814 0.22132851657645297
878.5 0.4702534118840976 0.2215754881634776
878 0.47034190630355865 0.22166489127464126
877.5 0.4702475723577048 0.2215643444089974
877 0.47050136222712197 0.2217951286572393
876.5 0.47010265662758266 0.22142139334386512
876 0.47048216278160543 0.22179604443029718
875.5 0.4702828558989856 0.22161327983686485
875 0.47017103139203675 0.22150267934278578
874.5 0.46991228278389074 0.22126403302914882
874 0.4698523476016136 0.22120521087977355
873.5 0.47013934456228096 0.22147196431809235
873 0.4700080035645976 0.22134669017786324
872.5 0.46984667718744855 0.22119168094820887
872 0.4705798635967447 0.2218791509963501
871.5 0.47027756891445843 0.2216082162770198
871 0.4698304338523474 0.22117754518897528
870.5 0.4699125505405472 0.2212686183411541
870 0.46994827449389764 0.22129053116310043
869.5 0.4695553051569429 0.22093206307032714
869 0.47003957053192197 0.22138496582690723
868.5 0.46990349934442327 0.2212530595274025
868 0.469805475034513 0.22115061020467183
867.5 0.4694514739116025 0.22082713097457668
867 0.46959364960809874 0.22095794549634137
866.5 0.46972868761343056 0.22108698032664376
866 0.4695973256512544 0.22096931351941013
865.5 0.47013969720054766 0.22148076526218788
865 0.46947120793885966 0.22085402943441051
864.5 0.46999469449527204 0.22133705466594883
864 0.4696007397994678 0.22096444873006144
863.5 0.4697821175244048 0.22113376382354735
863 0.4703670525343987 0.22167364094571856
862.5 0.4696010463289621 0.220965330942139
862 0.46935136700850427 0.22073391957845398
861.5 0.4698943996901118 0.22124319671634426
861 0.4699164870181475 0.22125974863520348
860.5 0.4696372776039216 0.2210058193702801
860 0.46950883520627396 0.22087364385800679
859.5 0.46980698358667194 0.22115912902329005
859 0.4696059890311326 0.22096412757368394
858.5 0.46959783525461896 0.2209582303970134
858 0.4693420393861343 0.22072471592166462
857.5 0.46962799607587463 0.22098576333368727
857 0.4696554408942421 0.2210240342485307
856.5 0.4696133518758996 0.2209772654280732
856 0.46976267379872166 0.22111770555849194
855.5 0.46960910883895707 0.22098489933635312
855 0.46972519202830454 0.22108477689247324
854.5 0.4697054129914542 0.2210717495315001
854 0.4693193157764856 0.2206970260791506
853.5 0.4688381674097271 0.22024363919521028
853 0.4693340760273374 0.22071554840223914
852.5 0.4694197875777123 0.22079824546316712
852 0.46960324233897294 0.2209778214885379
851.5 0.4690493066256302 0.22044433500500055
851 0.4694195935426996 0.22080301047474613
850.5 0.4688796655597866 0.22029001386187524
850 0.4697989267877636 0.22113847798832184
849.5 0.46928470694904617 0.2206678954526961
849 0.4694063508251869 0.22079241876490574
848.5 0.46934418342824297 0.22072521639009018
848 0.4689931978946874 0.22039706043755167
847.5 0.46870834810550205 0.22013070128406081
847 0.4691531945421137 0.22054743013954628
846.5 0.46904136963855914 0.22043329053766422
846 0.46887716587759354 0.2202706785166938
845.5 0.4688951602247024 0.22029194434375454
845 0.4689136790621107 0.22032692620524089
844.5 0.46921607581882024 0.22060714423961142
844 0.4692751212335223 0.2206702866774317
843.5 0.4685509017190177 0.21998808793622454
843 0.4692768487508454 0.22068411702277196
842.5 0.4689933860041985 0.22039586903886188
842 0.4687210079727978 0.22015116510300292
841.5 0.4690886675467632 0.2204832393444777
841 0.46890571135047077 0.2203140444828659
840.5 0.46939489556420594 0.22077470324637047
840 0.4691861488827275 0.2205842042119533
839.5 0.4689316681395159 0.22033209242808638
839 0.4687125585480528 0.2201441998509404
838.5 0.46914250106076577 0.22054173545325034
838 0.4691417494321534 0.2205285108022412
837.5 0.46880957702001474 0.22022983082890268
837 0.4687163407130524 0.2201361494419211
836.5 0.4688222761294513 0.22023380536537332
836 0.46858183958551997 0.22001447146377145
835.5 0.4688103949293365 0.220215707039047
835 0.46880588478781887 0.2202148549492888
834.5 0.46896318896897693 0.2203703007771914
834 0.46877449089286244 0.22020089981536528
833.5 0.4688691289797453 0.22028148531138003
833 0.4687370777707405 0.22015260459455183
832.5 0.4684230490337478 0.21985916301582945
832 0.46875734744152264 0.22017035887427022
831.5 0.4687547770421724 0.22017661091189938
831 0.46936149357544343 0.22074904056463535
830.5 0.46856889868504636 0.22000869225393047
830 0.4688071224714167 0.2202238927749014
829.5 0.46838821268757896 0.219839005423035
829 0.4687049818825056 0.22012611495916304
828.5 0.468528590062845 0.2199633262253475
828 0.46852954204464264 0.21997372341730984
827.5 0.46863818439563687 0.22006702706661946
827 0.4686512673483508 0.22007984452326718
826.5 0.4683458242088795 0.21978908097824504
826 0.46865500287427503 0.22007619623584254
825.5 0.4684524547967661 0.21989354429672942
825 0.468585569248941 0.22000550757474063
824.5 0.4682164944557967 0.2196653549468282
824 0.4681998320649862 0.2196634337338714
823.5 0.46879442739972244 0.22021559491269518
823 0.46785959332836 0.21931841562847232
822.5 0.4687838218254803 0.22020497318938387
822 0.4682340018444097 0.2196884826011248
821.5 0.46832227090333345 0.2197718271853837
821 0.4685134609393882 0.2199443311584828
820.5 0.468071816684898 0.2195300543291825
820 0.46790076083846704 0.21937647295380633
819.5 0.4688713624453159 0.2202775241380366
819 0.46810357793009233 0.21956024866284565
818.5 0.46852958158023034 0.21995669862772602
818 0.4685350131715768 0.2199679639817627
817.5 0.46845712631441866 0.21989186734079957
817 0.46851444188840685 0.2199367415012126
816.5 0.46835926130705047 0.21979679918507114
816 0.4679212525931572 0.2193958930056486
815.5 0.46795067889490644 0.21942651785758893
815 0.4683511843941029 0.21979484376068226
814.5 0.468177713384205 0.219635248579864
814 0.46819757907981535 0.21965318701353234
813.5 0.46821127810988067 0.21966972820116457
813 0.4681962491251289 0.2196578552677975
812.5 0.4680935947748173 0.2195507261899811
812 0.4677385475282115 0.21922447054014255
811.5 0.46857512936733864 0.22001954087465642
811 0.46801974721295947 0.21947839304365727
810.5 0.4679553542629404 0.2194292259321284
810 0.4676996661894136 0.2191824406810058
809.5 0.4681647464923283 0.21962851456581692
809 0.46759667856019066 0.2190849945909772
808.5 0.4679042443882633 0.21938199432916586
808 0.46791283920265037 0.21938936592762323
807.5 0.4678309991209912 0.2193074716637359
807 0.4677943341865461 0.2192821042022468
806.5 0.4679916218914973 0.2194590923831717
806 0.4678822297718053 0.21935582206092508
805.5 0.46748001871558287 0.2189715845890198
805 0.4679988748135189 0.2194612536094968
804.5 0.4680374102958179 0.21949167921666876
804 0.4679967981271416 0.21947124541505347
803.5 0.46795837322030437 0.21943040619432108
803 0.4674643247857544 0.21897064679694575
802.5 0.4677691301174796 0.2192455720362781
802 0.4674798153805904 0.2189826189397637
801.5 0.4677995020055252 0.21927696861343038
801 0.46796643556992645 0.21942131133357246
800.5 0.4675615394865653 0.21904670563378945
800 0.46797738577722614 0.2194373795376727
799.5 0.4673226463554599 0.2188291817777309
799 0.46780540367592804 0.21928191432652555
798.5 0.4675166918213693 0.2190214624410137
798 0.46763553347027836 0.21912151966648696
797.5 0.4678979439257355 0.2193755393775318
797 0.4680117287175862 0.21947214258268286
796.5 0.46728539315080275 0.2187930790198493
796 0.4673554409250512 0.2188670689527206
795.5 0.467667871928037 0.21915313846104637
795 0.4675601482391575 0.21905921480832663
794.5 0.4676158886377832 0.21910276643137194
794 0.4671319729476778 0.2186470930097056
793.5 0.4679329640147474 0.21940443356066336
793 0.4670867736769389 0.21861700516909657
792.5 0.46753188924996536 0.21903775087969077
792 0.46785388104781006 0.21933016441613992
791.5 0.4678066676197182 0.21928939451316487
791 0.4673954207569614 0.21890004927126697
790.5 0.46688181143457963 0.21841665555798195
790 0.4673191341695719 0.2188325239626884
789.5 0.46778419769177515 0.21925869615523572
789 0.46743439238541756 0.2189364772640124
788.5 0.4672529446246928 0.2187671712335109
788 0.4672469601248069 0.2187657783175555
787.5 0.467482958668361 0.21898877543523879
787 0.4675153588926831 0.2190193328209508
786.5 0.46723151708538846 0.21875251742602855
786 0.4668532108651691 0.2183907299106752
785.5 0.4674410746111633 0.21893626130342347
785 0.466970165328224 0.2185044110689099
784.5 0.46711382396123013 0.21864281052072818
784 0.4671673374058259 0.21868944945251348
783.5 0.46709271489710386 0.2186136238249411
783 0.46751182669041375 0.2190078844414743
782.5 0.46679307687571203 0.21835120301186367
782 0.4672884113170014 0.21880697835734442
781.5 0.4667009805395054 0.21825106492846094
781 0.46679940565799527 0.21833734392551504
780.5 0.46689123022518925 0.2184291668992973
780 0.46693246942837086 0.21847031494787905
779.5 0.46723252152365014 0.21874561888265548
779 0.46729812394728676 0.21882186593474692
778.5 0.4674308303866799 0.21893902361279555
778 0.4664681774400689 0.2180453989823348
777.5 0.4666712428593766 0.21822792890531284
777 0.46669012160642026 0.2182508495175499
776.5 0.4666951787832116 0.21824658025564586
776 0.466779589522888 0.21832535601588976
775.5 0.46668528176374624 0.21823090203938905
775 0.46650260065374743 0.2180628133191659
774.5 0.466977988458965 0.21850861393910168
774 0.4667565527260223 0.21829244369491507
773.5 0.46686302869208923 0.21839913340897563
773 0.46647977183851996 0.21804015096843052
772.5 0.4667074323960003 0.21824919805159804
772 0.4666896164323381 0.21824459260075244
771.5 0.4660626353018145 0.21765241601181487
771 0.466354853061573 0.21793588574047185
770.5 0.4667069408290027 0.21825108899412074
770 0.46712640731435795 0.21866047708435293
769.5 0.46615203452122367 0.21773944689118074
769 0.4663918965126068 0.21797645748560138
768.5 0.46632938233062066 0.21790706307597735
768 0.4663816669755188 0.21794691769983565
767.5 0.46667916095076917 0.21823429745020193
767 0.4670984898314434 0.21861825925431688
766.5 0.4666118937312565 0.2181686095386118
766 0.4664292415502952 0.21800468168758622
765.5 0.46651818673174067 0.21807830978098613
765 0.4667032828881009 0.21825393215459699
764.5 0.46584678714065636 0.21745857221157663
764 0.46633543763336704 0.21791713114044306
763.5 0.46620375535252756 0.21779305688854367
763 0.46595747866959125 0.21756779605344692
762.5 0.4664029587514017 0.21798221694308895
762 0.46619015100110217 0.21778815668578488
761.5 0.466895803995063 0.21843151165099542
761 0.4665049919277265 0.21807374628539852
760.5 0.46628006267369837 0.21787196099897263
760 0.4662732265336981 0.2178532595740685
759.5 0.46647912457755647 0.2180531011498691
759 0.46654815738567124 0.2181246668397466
758.5 0.4657559072916371 0.21737565055423128
758 0.465858077687308 0.21746284054979745
757.5 0.46601148401630066 0.21760563018658216
757 0.4660812407102205 0.21766457213803814
756.5 0.46639134574916946 0.2179623917478179
756 0.46651693008023476 0.21807916832283586
755.5 0.46588841030746325 0.21749272827763036
755 0.46584189738664583 0.2174581750765533
754.5 0.4660588832082598 0.2176502165177789
754 0.466279726249422 0.21786038706049402
753.5 0.4660941524626887 0.2176895196600047
753 0.46613709624533484 0.2177362349790427
752.5 0.465850327797651 0.21745925116607112
752 0.46579677088964666 0.21741600886358825
751.5 0.4657309674946067 0.2173460404364225
751 0.4661005324006541 0.2176995946617982
750.5 0.4656766537572214 0.21730300627663438
750 0.4659480242431978 0.21755905697902136
749.5 0.46584869284859376 0.217467560157017
749 0.4660330179397666 0.21764035064841214
748.5 0.4655784956053799 0.21721555169417872
748 0.46560810301361305 0.2172462167942045
747.5 0.46579577372624187 0.21741490585535403
747 0.46633364690291995 0.21791555518111247
746.5 0.4657211130155357 0.21734219825309317
746 0.4653368064435462 0.21698460574076828
745.5 0.46562370831136934 0.21724551262911562
745 0.46553983294934836 0.21717165183027634
744.5 0.4654595036158329 0.21709785902718046
744 0.46548836682806466 0.21712803306494044
743.5 0.4651886608582497 0.21684994040390648
743 0.4651697290177363 0.21683783225618883
742.5 0.4652367358953748 0.2168860754085838
742 0.4659523903064693 0.21756326955573557
741.5 0.4661030374415091 0.21769524254660327
741 0.465520237539837 0.21715364569323567
740.5 0.4658115809729292 0.21741750561032305
740 0.4656644575506982 0.21728863456824812
739.5 0.465393038873874 0.21704676130005082
739 0.4652965931619486 0.21692826138324317
738.5 0.46561629414766253 0.21724003630950867
738 0.46535201143711213 0.21698571959674473
737.5 0.4658018595089766 0.2174192549273841
737 0.4655537556612884 0.2171960276661036
736.5 0.4653685501235331 0.21701280543739937
736 0.46544025832852143 0.21708269263454352
735.5 0.46528014096357606 0.21693179734924398
735 0.4657044660789438 0.21732418511582344
734.5 0.4648819479458355 0.21656330159211093
734 0.4650155986582091 0.21669156168955703
733.5 0.4653551066266885 0.21701178066808785
733 0.46505018133163856 0.21670847510895141
732.5 0.4651613397835305 0.2168102898602538
732 0.4652846519312908 0.2169354560698793
731.5 0.46490124197135174 0.21657359489826997
731 0.46494853886725895 0.21663289138615774
730.5 0.46449528894347264 0.2161965924987044
730 0.464555689433873 0.21626377290937598
729.5 0.464618320461537 0.21631592800520552
729 0.4646852026054777 0.21637660555433103
728.5 0.46505341111008863 0.21671805732263846
728 0.4650602555413353 0.21673007439298117
727.5 0.4646469192157778 0.21633425125518582
727 0.4654507149179607 0.21708265240293234
726.5 0.4652922200309639 0.21694794820116642
726 0.46516800693280536 0.21682395093551876
725.5 0.4646036834218332 0.2163130236414408
725 0.4648298100969123 0.2165031199381083
724.5 0.465150618762809 0.2168033150659827
724 0.4646996756785741 0.21638281503668721
723.5 0.46517936396796267 0.21684323118301663
723 0.46478975278339996 0.21647144134446622
722.5 0.46446992603280296 0.2161874957813699
722 0.4645521997168614 0.21625414005830015
721.5 0.46492361418259576 0.21660449992338243
721 0.4646586332982365 0.216346836887545
720.5 0.464812262654546 0.21648813165836556
720 0.4644659624612229 0.2161763096373934
719.5 0.4644116724335283 0.21612112640145195
719 0.4642849463649661 0.21600620551940056
718.5 0.4642744342762927 0.215989617607446
718 0.4645497524132961 0.21624932961761661
717.5 0.464149925206144 0.21587579840071583
717 0.46460144288574146 0.2163007413059185
716.5 0.46451064104704987 0.2162172169822782
716 0.4641460231758459 0.21588709306367387
715.5 0.4642787827676565 0.2160063098839812
715 0.46431222161298824 0.21602684141740086
714.5 0.46452778716747933 0.2162349541258313
714 0.4643628394479384 0.21608867133071538
713.5 0.4642109315363498 0.21593978322984378
713 0.4642113228386763 0.2159365192258201
712.5 0.46435152273467606 0.21606128519617993
712 0.46439388977289464 0.2161022253063809
711.5 0.4641762026795867 0.21589756089803996
711 0.4648585216144403 0.21652747942183415
710.5 0.46383924142695504 0.21559439877529446
710 0.4641295434878002 0.2158624756296172
709.5 0.4643321204227672 0.21604944888049143
709 0.46422119321677824 0.21594419372317747
708.5 0.464319503206472 0.21603962136177093
708 0.4642297335982863 0.21595941069598723
707.5 0.4640463550578165 0.21577499739016137
707 0.4639461717435639 0.21569138057396522
706.5 0.46425861750927816 0.21598549307955395
706 0.4641970550291272 0.21591710654542917
705.5 0.46429358128427217 0.2160123276903532
705 0.4642419811204662 0.2159669491926188
704.5 0.46443402345078516 0.21614169461932126
704 0.46430561418123345 0.2160256036397556
703.5 0.4641308525544783 0.215864807520465
703 0.46322292928979775 0.2150218909439724
702.5 0.46362463506962487 0.2153818963409461
702 0.46355327875179464 0.21532506513437066
701.5 0.46362582859691603 0.21538806693358395
701 0.46391306519134334 0.21565455369871464
700.5 0.46345385526630417 0.21522561542919988
700 0.46374803433382167 0.2154997516216822
699.5 0.46384551940966473 0.21560536839808708
699 0.46343146218129716 0.2152243160042327
698.5 0.4638927761883177 0.21562731519718317
698 0.463762976679246 0.21553520617958294
697.5 0.4635773503976415 0.21534889273746596
697 0.46335344903783054 0.21513668641735387
696.5 0.4640151923704339 0.21574387330180156
696 0.46341393446557994 0.2152064671134209
695.5 0.4634315615623778 0.2152059043986162
695 0.463599542048908 0.2153672042935686
694.5 0.4635842400196602 0.215346227619072
694 0.46371474199650287 0.21547934100135574
693.5 0.46313894842123937 0.21494913229646725
693 0.46337727988767496 0.21515747485382042
692.5 0.463416328416328 0.21519916149522894
692 0.4634933649755764 0.21527618537539225
691.5 0.46300566872118903 0.21482234157490612
691 0.4630458826909486 0.2148621673332512
690.5 0.4631332563688422 0.21492254236082864
690 0.46307493163388547 0.21488342245104441
689.5 0.46325651570652954 0.21504960863391404
689 0.46300595942690553 0.21481924418776024
688.5 0.4633891139626239 0.2151659337399443
688 0.4630963756949385 0.21489831822058827
687.5 0.46331706953230195 0.2151056971900775
687 0.4630125302370234 0.2148110388369724
686.5 0.4632187556337645 0.21502506994601261
686 0.46288269744374483 0.21470486897122915
685.5 0.46275181281023475 0.21457983886155094
685 0.4632125261073785 0.21502132956539163
684.5 0.4628981428007573 0.21471987148459423
684 0.4629778630654406 0.21479239648502854
683.5 0.46296569309294305 0.21478498156528816
683 0.4632706923030592 0.21505999227088984
682.5 0.46260489034080676 0.21445677652533504
682 0.46249458663222615 0.21434265489851212
681.5 0.4629809907193023 0.21480270405591761
681 0.46258568695425945 0.21443526453404305
680.5 0.46283779806905295 0.2146672150947768
680 0.46294469119049675 0.21476484875707122
679.5 0.4628171867777278 0.21463861075525548
679 0.46287280812880566 0.2146952288984107
678.5 0.4633353771078935 0.2151221595015547
678 0.46328125878917814 0.2150608988659301
677.5 0.4624488373137467 0.21430188437267433
677 0.46257770490753164 0.21441050574905293
676.5 0.46299341611450184 0.21481237139909
676 0.46265448786103475 0.2144882731872333
675.5 0.46261843885322895 0.2144665865350239
675 0.4627488923677837 0.21458003626352914
674.5 0.46282154482709875 0.21466097610574056
674 0.4625167141335677 0.21436329789422437
673.5 0.4623895458082552 0.2142465643699463
673 0.46224980636808727 0.21412579474897242
672.5 0.462490790552986 0.21435520339959094
672 0.4621684711075231 0.21404283088411855
671.5 0.46221162937613075 0.21408566863250644
671 0.46198699891805445 0.213889884805906
670.5 0.4622567832811366 0.21411540092959985
670 0.4625933174913614 0.214442311144483
669.5 0.4621125355266444 0.21398846151630407
669 0.46187059658585244 0.21377114648919157
668.5 0.4618139989805274 0.21371551801104596
668 0.46253735940792307 0.21439530237890556
667.5 0.4623840276646256 0.21423789748176872
667 0.4619660308373528 0.21385788846094436
666.5 0.46207587927443294 0.21396767849641696
666 0.46235063556349987 0.2142095449453861
665.5 0.4622104665121358 0.2140922764480883
665 0.4620993498496651 0.21397802603514487
664.5 0.46216131313593783 0.21402994126349906
664 0.46135259470603235 0.21328455958298922
663.5 0.4616174376100786 0.21354122324597316
663 0.46231638787587265 0.21418239115764798
662.5 0.4620732957664846 0.2139516576964409
662 0.46212040910332086 0.2140054344878648
661.5 0.4616655593715729 0.21359823273732234
661 0.461826474947831 0.21373106513210519
660.5 0.4620173458828734 0.21392569253941607
660 0.46162659021419067 0.21355200966642035
659.5 0.46179190105085544 0.21368145181974696
659 0.4618321007048134 0.213737939617578
658.5 0.4617827588032736 0.21369419330610753
658 0.46149800538229424 0.21342804379431488
657.5 0.46148975948661675 0.21341336562981508
657 0.4615954113067714 0.21350929246538164
656.5 0.46185289784573585 0.2137456918905302
656 0.46125399251155946 0.2132093262206575
655.5 0.4615066780867581 0.21343233858797386
655 0.46157696741701515 0.2135032586464225
654.5 0.46130350298605743 0.21324594684568438
654 0.46130934004701085 0.21324597797127792
653.5 0.4615858859678616 0.213502620880625
653 0.461518877636399 0.21344531121910063
652.5 0.4616060273873461 0.21351907947389093
652 0.461203199689757 0.21315931391255122
651.5 0.4610615951075224 0.21303335798083792
651 0.4616129328215039 0.21353701373872083
650.5 0.4607354802888453 0.21273660937324917
650 0.46105462085100074 0.2130192214608418
649.5 0.46093205148533906 0.2128987504694862
649 0.46114198045819277 0.21309109126474382
648.5 0.46110230121127294 0.2130647781396379
648 0.4614862818851941 0.2134149349256288
647.5 0.4611886789595532 0.21313551442978138
647 0.4615150323216014 0.21344493014586466
646.5 0.4612822670075058 0.2132192629462909
646 0.46107746639740593 0.21304041482776367
645.5 0.4614067597746087 0.21333398404179102
645 0.46066935931988584 0.21265659936087875
644.5 0.4608177926170908 0.2127934497864125
644 0.4608298485025298 0.21281440767180812
643.5 0.4608885991225565 0.21287197339402347
643 0.4607653721678972 0.21275838994349786
642.5 0.4616136787211023 0.21353294115461174
642 0.46104743386380775 0.21300961579564806
641.5 0.4609751738500791 0.21294202302628104
641 0.4606394967735051 0.21264100151425003
640.5 0.4608407813197499 0.21283086456862138
640 0.46069928243229197 0.21269570054989131
639.5 0.4608768063086563 0.21285821052584622
639 0.46056890685194896 0.21257858394606402
638.5 0.4604005647109385 0.21241849459607598
638 0.46015391326061766 0.21218314932022359
637.5 0.46094796956017847 0.2129276555503229
637 0.4606245936960424 0.21261871619044562
636.5 0.46079908354447263 0.21277762372847595
636 0.4601274235091112 0.21216638670947974
635.5 0.4604988193362453 0.21249917906129437
635 0.46059260791531137 0.21258745577434704
634.5 0.4602162344117345 0.21224769574446828
634 0.46051716000451526 0.21251710200514973
633.5 0.46019732076441344 0.2122273991010939
633 0.46014502014339276 0.21218534521672164
632.5 0.46006609009354676 0.21211016889285933
632 0.4610007301348916 0.2129636438993029
631.5 0.46016147725341594 0.21219693124875327
631 0.4601893914826863 0.21222000717718695
630.5 0.45985656421431825 0.21191220106735206
630 0.4600529014805104 0.2120975881938961
629.5 0.4599657707920637 0.2120146620751628
629 0.4603186626464911 0.21234774157219863
628.5 0.4602032080807048 0.21223398606978083
628 0.4601107175722386 0.21214863149741797
627.5 0.45995802829068183 0.21201510854799008
627 0.46008636760009763 0.2121290896156451
626.5 0.459357325556105 0.21145229689812522
626 0.459795038401175 0.21186103690804137
625.5 0.45969972058211095 0.21177492156422512
625 0.4596906323321871 0.2117633378163856
624.5 0.4601694253482199 0.21219747673843156
624 0.4597463862692317 0.2118124535733635
623.5 0.4595552279626391 0.21163725910570164
623 0.4595871906508453 0.211671117688638
622.5 0.4599871640198712 0.2120356794089005
622 0.4601097935761749 0.2121501506277027
621.5 0.45949132518159175 0.21156970995770055
621 0.45942792458256715 0.21151755515948883
620.5 0.4595285799240829 0.21161729137970905
620 0.4595172503764127 0.21160883767417835
619.5 0.4594857300984405 0.21158551466477285
619 0.4597791975127119 0.211839586280984
618.5 0.459581007461706 0.21165470340655435
618 0.4598716793338451 0.21192016820496618
617.5 0.4592074608516329 0.2113363090142796
617 0.45961429774120816 0.21168978282074075
616.5 0.45954587781979644 0.21162640495998242
616 0.45952953545653547 0.2116165939211792
615.5 0.45924021910315244 0.21134258406626538
615 0.45959426973139733 0.21168318604341027
614.5 0.45914672483461816 0.2112638307519159
614 0.4590836520558388 0.21120071117050382
613.5 0.45867614309924387 0.21082412929404434
613 0.45889951188364103 0.21103015911313194
612.5 0.45956910512486 0.2116513262738131
612 0.45916796964166473 0.2112825545237789
611.5 0.45905130167789804 0.21116630165279024
611 0.4595469545643469 0.21162323714337503
610.5 0.4591512421075162 0.2112721139025747
610 0.4590743011322319 0.21120348681154294
609.5 0.459022973163684 0.21114459734443183
609 0.459304918329201 0.21141393629266925
608.5 0.45904134644600036 0.21116768069290687
608 0.45857905647517366 0.21074798778769585
607.5 0.4590432524342193 0.21116816482357534
607 0.4589808015695841 0.21111127822339357
606.5 0.4587547219668442 0.21091157190186835
606 0.4588911293573778 0.21102628244405364
605.5 0.4587927637423884 0.21094071344120044
605 0.45899966481630583 0.2111249208171177
604.5 0.45866444872601486 0.21082066587095594
604 0.4584789547620742 0.21064407064161655
603.5 0.45816757833905286 0.21036642402426003
603 0.45910910621749756 0.21123918932156413
602.5 0.45870365461839596 0.21086831152278743
602 0.45857787207543704 0.2107426038416058
601.5 0.4583724046465259 0.21055420639996675
601 0.45927169010215996 0.21138231703354812
600.5 0.4582099895249241 0.21041219219332882
600 0.4584484867231429 0.21063355818853222
599.5 0.4586884868828684 0.21085377309594788
599 0.4581863462806905 0.21036922302259492
598.5 0.4581963290101704 0.21039623111236597
598 0.45894184999346943 0.21107453771335163
597.5 0.4582067706424121 0.21039574171793496
597 0.45815519443386094 0.2103497300298584
596.5 0.45808396448433275 0.21029401227201305
596 0.4586028415156228 0.2107561462076144
595.5 0.4578404984273529 0.21007150289522536
595 0.45793632970275455 0.210146910145481
594.5 0.45792178749205514 0.21014787090655426
594 0.4583831514718534 0.21056700042017223
593.5 0.4579004245788653 0.2101093043304593
593 0.4574832443932968 0.20973860505235492
592.5 0.45824545229661207 0.21043028169751946
592 0.4578652160742378 0.2100781966437409
591.5 0.4580184159504142 0.2102197259373036
591 0.45752239428297975 0.20977630313699563
590.5 0.45798232301339376 0.21019092072214401
590 0.45739398156689487 0.2096448964723697
589.5 0.4578673610284931 0.21010096644979837
589 0.45783060797092806 0.21004132303788942
588.5 0.4577954570971321 0.2100240612545568
588 0.4577265907390856 0.20997393279267235
587.5 0.4575814210918074 0.20982652460763265
587 0.4573729062886353 0.2096448175326964
586.5 0.45755852917971224 0.20981327038756367
586 0.45756173724357646 0.20980620894417232
585.5 0.45756758592626445 0.20982469867490816
585 0.4574283546530804 0.20968676020676932
584.5 0.45723537050403745 0.20950797840596028
584 0.45709511856771995 0.20937589434254883
583.5 0.4571020026261753 0.2093841410672615
583 0.4567717317158163 0.2090926312984306
582.5 0.45765363633367945 0.20990243228512778
582 0.4569518232574681 0.20925286034892446
581.5 0.4566382574930052 0.2089727537473807
581 0.457094577156069 0.20937689069842644
580.5 0.4572867746038064 0.20956184387793797
580 0.4570428814680985 0.20932684901393175
579.5 0.45726490916132423 0.2095498037879867
579 0.4572799184046938 0.20955581747071175
578.5 0.4569078927308473 0.20920834746504893
578 0.4571562181407197 0.2094414185683861
577.5 0.45654473666041784 0.20888015939975033
577 0.4565266537210257 0.20886317605053245
576.5 0.45658071588266913 0.20891312419081065
576 0.4571778948340991 0.20946546759613718
575.5 0.45712204204968954 0.20941092029862093
575 0.4570149359662915 0.20931975688721774
574.5 0.456299502300616 0.20865501188112529
574 0.45657958309656504 0.20890594525130363
573.5 0.4571330431563415 0.20943339796888708
573 0.4564902436444887 0.20882865126948957
572.5 0.4567280675340647 0.20904007237942765
572 0.4566074655483119 0.20893621220001737
571.5 0.4562755992708614 0.20863671674103132
571 0.4566995302596865 0.20902900996316684
570.5 0.4565578593639714 0.20889109725738186
570 0.45630662028398333 0.20866650308837176
569.5 0.455972987959762 0.2083575362452422
569 0.45683817274350236 0.20914399322042043
568.5 0.4559955092886815 0.20838226310645847
568 0.4562606554396832 0.208614467005272
567.5 0.45650584049739273 0.20885205921902433
567 0.456091786034218 0.20846052623909886
566.5 0.4562075845839438 0.20858241881100473
566 0.45596578333419374 0.20835849386598707
565.5 0.45638750507192444 0.2087385327132114
565 0.45651329453905143 0.20885877084416016
564.5 0.4560808535734443 0.20846494916619354
564 0.4565783406940954 0.20892574476947368
563.5 0.4560767936942967 0.20846162583135822
563 0.4560901245167025 0.20846800398304702
562.5 0.45589949763803883 0.2082855573071953
562 0.45598394101993567 0.20837592313251563
561.5 0.4559483946334484 0.20834385216555676
561 0.4552685471159575 0.20772908558261632
560.5 0.45572417887237415 0.20812334656243597
560 0.4551805049593034 0.20762819967730167
559.5 0.45591478080318343 0.2083099212912282
559 0.4561278178631734 0.20850014258136296
558.5 0.45546729723133733 0.20790473203740661
558 0.4553136211726055 0.20774932261833293
557.5 0.45529716607999393 0.20774994560668789
557 0.45575513762254416 0.20815884351347036
556.5 0.4548683631795875 0.20735638949421417
556 0.4557031396490295 0.2081168535105885
555.5 0.4558080266907362 0.208216445278612
555 0.4557050272645175 0.20812364623585464
554.5 0.4553175379404431 0.2077558666628811
554 0.4551283638398228 0.20759103657231193
553.5 0.45474734946732315 0.20724259006607723
553 0.4558169767294913 0.20821683607396593
552.5 0.4546111681501898 0.20711690061460925
552 0.45470709214132465 0.2072113383260846
551.5 0.4553689062213419 0.20780809406554918
551 0.4553388636882498 0.20779263301934597
550.5 0.45487052947921014 0.20735591903554648
550 0.45531713746620694 0.20777273469508073
549.5 0.4545451849893613 0.20706338314527523
549 0.45480822237042456 0.20729418691800058
548.5 0.45474453354918015 0.20722552187419227
548 0.45491617987516775 0.20740825952225528
547.5 0.45497737005295863 0.20744846461090768
547 0.4543914274386439 0.20690858695894637
546.5 0.45495871812505023 0.20744344438702458
546 0.4543715764573934 0.2068980662040792
545.5 0.4547159323431653 0.20721075754822707
545 0.45518677934105023 0.20764324912341944
544.5 0.45444180597916545 0.20695846342867538
544 0.4543800861192475 0.2069006702216322
543.5 0.4544159230185521 0.20693115257557707
543 0.4542825288482247 0.206840319252525
542.5 0.454353994121442 0.20689708320647235
542 0.45455972556475316 0.20708359876384386
541.5 0.4548913630817807 0.20736542702069743
541 0.4547403772515568 0.2072413647131712
540.5 0.4542929235491989 0.2068329567320277
540 0.4548462708093568 0.20732208029566923
539.5 0.45441609263581695 0.20693403120291395
539 0.4539237810333351 0.20649760270773868
538.5 0.45397582931155533 0.20653078430617852
538 0.45462688902791526 0.20712353770841863
537.5 0.4540989497046457 0.20666354996844175
537 0.4539165471738793 0.2064865075645835
536.5 0.4538159398716664 0.20639693761516112
536 0.4540811869430635 0.20662950561663565
535.5 0.45365853740691947 0.20625458868711605
535 0.453672424181291 0.20625166335340384
534.5 0.4534242640859898 0.20604688481865888
534 0.4536566966569781 0.2062439267540398
533.5 0.45377205822137334 0.2063647917333064
533 0.45406506260013024 0.20662322464655444
532.5 0.45367601204891544 0.20628541476112547
532 0.45373915456479164 0.20632991182830843
531.5 0.45329056516621347 0.20592319955083382
531 0.45370776975519284 0.2062980986207587
530.5 0.45377030156026654 0.2063538170911584
530 0.45388766808601894 0.20647256841417702
529.5 0.45372559146698155 0.2063031619748792
529 0.453744236201323 0.20632814175390152
528.5 0.4534635446232755 0.20606735608362364
528 0.4532614231267684 0.2058912850857425
527.5 0.4534511596402934 0.2060691441211099
527 0.45316086503981406 0.20579099658559188
526.5 0.45333232052681816 0.20595609740074872
526 0.4530554890549974 0.20570474215471918
525.5 0.4532138536965432 0.2058532788258176
525 0.45337433161426105 0.20599474666242765
524.5 0.45275483126009836 0.20543335666241425
524 0.45301296211275405 0.20567850420924508
523.5 0.4525404487071534 0.2052426118312961
523 0.4526254837867377 0.20532764416507637
522.5 0.4530546428380075 0.20570074118474263
522 0.4528183130614468 0.20549831351118059
521.5 0.45256374700362195 0.20526355629689966
521 0.45274183343189794 0.2054304319562147
520.5 0.452633669675761 0.20531696831527563
520 0.45250445072934914 0.20520410190348828
519.5 0.4527021704975372 0.205387471579966
519 0.4527817294164127 0.20546395575482448
518.5 0.4525723781645305 0.20527478596194515
518 0.4522845210054156 0.20502051609193953
517.5 0.4521890604972881 0.20491843932555207
517 0.45178411717370787 0.20457578541975327
516.5 0.4525663441742664 0.20525631423598964
516 0.4516058692579612 0.20439394792779933
515.5 0.4520384880317023 0.20478856949508897
515 0.4525036607883015 0.20521123357883306
514.5 0.45218506017177545 0.204926931395348
514 0.45269107286930954 0.20538297890101292
513.5 0.4518473307749763 0.20460566551839962
513 0.45234752329781824 0.2050696205943356
512.5 0.4523403054112117 0.20506515042120296
512 0.4521234784253344 0.2048601783353659
511.5 0.4522823694217224 0.2050132597625051
511 0.45142317825293843 0.20422330241030895
510.5 0.45201604369948883 0.20476388485146554
510 0.4521374737399745 0.20487170200284605
509.5 0.45189346025329863 0.20465009563217607
509 0.4517447059493572 0.20451700025833194
508.5 0.45160257392071923 0.2043891061588833
508 0.4517426733365042 0.20452073342502947
507.5 0.4513224086230706 0.20415101320759668
507 0.45124596890241603 0.20407142168774028
506.5 0.4512035434457188 0.2040284377328207
506 0.4517850463226583 0.20456323745423907
505.5 0.45121317769770186 0.20404687861844664
505 0.4515931038035012 0.20438789028054083
504.5 0.4507751219183986 0.20365220736000844
504 0.4508544338702363 0.2037166642050731
503.5 0.4515504788536912 0.20435163228632405
503 0.4516356691423369 0.20442979905550276
502.5 0.451460571174608 0.20426283062697878
502 0.4512218887689096 0.20404956755593945
501.5 0.45060746386801015 0.2034955225586595
501 0.4512289442549855 0.20406688647043997
500.5 0.4507001821036438 0.20358624496064376
500 0.45084758806111125 0.2037234907986109
499.5 0.45068018632288154 0.2035556702394771
499 0.4507959036561934 0.20366481020401014
498.5 0.4510078239898929 0.20386025464213317
498 0.45042555094686104 0.2033239058367228
497.5 0.4505257144450744 0.20341912492191333
497 0.4506736852389244 0.20355512407712406
496.5 0.4501508434888191 0.2030745756895409
496 0.4504825290595768 0.20338940788555906
495.5 0.45109792178402147 0.20393826001281612
495 0.4498060821736468 0.20278952643541362
494.5 0.45061286966147585 0.20350565173309185
494 0.45053356937558126 0.20342779902871294
493.5 0.45043661079483893 0.20334727392823024
493 0.4506727943565276 0.2035657692592424
492.5 0.4500308955266608 0.20298215850215012
492 0.4507203025778557 0.2035878231026337
491.5 0.45077992711713105 0.20365177216063254
491 0.44981486409971405 0.20279132431734445
490.5 0.4500665599391126 0.20301823992259704
490 0.4503915693271229 0.20330972263429722
489.5 0.4502122688950321 0.20313890799106257
489 0.45010619460789714 0.20304346832996154
488.5 0.4497070846886452 0.20269425522861165
488 0.4499209418253574 0.20287377923039818
487.5 0.44960069499354605 0.20259414110376475
487 0.4498689936511463 0.20282823831653737
486.5 0.4495548404668663 0.20254392727581777
486 0.4496820964218979 0.20268027678881653
485.5 0.44935347734280456 0.20237861999956078
485 0.4496502111512636 0.20262806431048075
484.5 0.4495593745739708 0.2025604863936808
484 0.4492430576115221 0.20226061440036136
483.5 0.44951135694815897 0.20251225499007156
483 0.4496684914061327 0.20264559466289087
482.5 0.4490129631137843 0.2020660543843793
482 0.44983057291866313 0.2027908813457028
481.5 0.44932049911818883 0.2023362767362186
481 0.4490345291683043 0.20208730774092132
480.5 0.44904725143240676 0.20208855903172798
480 0.44873679610646383 0.2018192247492564
479.5 0.44943721105637513 0.20245085997203274
479 0.4490011958500094 0.20205733597920267
478.5 0.44832006212075937 0.20144382130611407
478 0.4484984474706463 0.20159783881002738
477.5 0.4486606581025479 0.20173948378569462
477 0.449227230015833 0.20225208389894492
476.5 0.4488472915645389 0.2019079223653545
476 0.4486749102953049 0.20175489641892153
475.5 0.44855877257132065 0.20165775745729253
475 0.4488497097840524 0.20191662777136687
474.5 0.44843110101597095 0.20152369741948475
474 0.4478928967990459 0.2010637775593095
473.5 0.448750442819481 0.20182357464953243
473 0.4480276398298834 0.20117693210093418
472.5 0.4484385571028436 0.20154919286315073
472 0.44774169396019775 0.2009289285450369
471.5 0.4478600689435786 0.20103417539197965
471 0.4483315049995389 0.20144796173021606
470.5 0.4482835113370843 0.20141755625075805
470 0.448087933185746 0.20123412238786112
469.5 0.4478102267703022 0.20097267828382442
469 0.4479211335153424 0.20108247444469918
468.5 0.4479390076744128 0.20109601794963547
468 0.44799452408015206 0.201145291891079
467.5 0.44775877692280147 0.20094762997824914
467 0.4473128074655572 0.20053666816670446
466.5 0.44789488918697024 0.20106585985166586
466 0.44776025306033856 0.20093470588561343
465.5 0.44712063949981656 0.2003563175235835
465 0.447962657857907 0.20112054178072966
464.5 0.447945446896257 0.201102804595078
464 0.4475591381905594 0.2007645992179777
463.5 0.4474464643504048 0.20065095830619695
463 0.44725154971278214 0.20049003245378258
462.5 0.4472852037533748 0.20051519655697567
462 0.44687696660477405 0.2001542358420756
461.5 0.44712194144694506 0.20036145300275132
461 0.4468540726604142 0.20012823453313058
460.5 0.44680977025245494 0.20009771938420803
460 0.4467563177298619 0.20004201879143937
459.5 0.44681228511961507 0.20009954419564124
459 0.4464128108991452 0.19974054111651612
458.5 0.4465635148619694 0.1998759065489933
458 0.4464906046254533 0.19981029550021617
457.5 0.4464970688211148 0.1998102660294752
457 0.44632872273246654 0.19966527317120403
456.5 0.4466976910620729 0.1999913848183943
456 0.44613510471325274 0.19947292572958228
455.5 0.44629135414879983 0.19962747333087003
455 0.4461634818467864 0.19951566797636708
454.5 0.4463669816132285 0.1996957763702707
454 0.44609419092096525 0.19944530881225833
453.5 0.44621120479584503 0.19955565880081472
453 0.44655060520044093 0.19987367298926284
452.5 0.4458056730044445 0.19918544319381573
452 0.44617483623494697 0.19951714025484238
451.5 0.4462722595989338 0.1996103041551535
451 0.44579786424341183 0.19919709909634883
450.5 0.4459006160186742 0.19927764932299488
450 0.4460255396218956 0.19939326362779478
449.5 0.445730690401166 0.19912449866859883
449 0.4456854029384536 0.19907387478585958
448.5 0.4464707537779466 0.19979365286694886
448 0.4466130733389867 0.19992160318127086
447.5 0.44555886099544606 0.19897332370768595
447 0.4455527564152939 0.19897134810816652
446.5 0.4460448722451839 0.1994174191358208
446 0.44568972426223724 0.1990802128621236
445.5 0.4456229014375667 0.19902477046626685
445 0.4455273928223544 0.19894773224478815
444.5 0.44539358057294254 0.19883668539882837
444 0.44525643586900837 0.19870756831982733
443.5 0.4448746531440528 0.19836871924705493
443 0.4451042593313399 0.1985648987998626
442.5 0.4452238071841878 0.19867471649975288
442 0.44493910951795673 0.19842224230435926
441.5 0.4453398977358532 0.19877412352536233
441 0.44469720054631556 0.19820507057096554
440.5 0.44475218851272713 0.19826085956948394
440 0.4447729270318089 0.19827299951300464
439.5 0.44470393089240107 0.1982106735790881
439 0.44455654389750826 0.19807786825212437
438.5 0.4445473003678895 0.19805657476889993
438 0.4446430357755501 0.19816399966075882
437.5 0.44414710269638774 0.19772588395183155
437 0.4440657095910391 0.19764505100947974
436.5 0.44403434125528507 0.1976219990814414
436 0.4441296339620089 0.1977021337385669
435.5 0.4437272516568971 0.19735050451980737
435 0.4444285083577386 0.19797648840944104
434.5 0.4442581716287815 0.19782000085256987
434 0.4435273980118298 0.19717052984199132
433.5 0.4439503796511927 0.1975447724452236
433 0.4440955792510923 0.19767018785106288
432.5 0.44392969049661873 0.1975115847770724
432 0.4437493767520754 0.19735047344451154
431.5 0.44409284341024596 0.19766698696489488
431 0.44340764046426306 0.19707922821561688
430.5 0.4430651872347365 0.19676579526798046
430 0.4441910859506879 0.19776005629418109
429.5 0.44340849282753164 0.1970670098228595
429 0.4431957891373751 0.1968811296311641
428.5 0.44389078882302674 0.19749925534527335
428 0.4432951751205078 0.1969603530934913
427.5 0.4430590296117293 0.1967643721921937
427 0.4430191108508883 0.1967259279324898
426.5 0.4433313394823523 0.19699029803658152
426 0.44301988175903906 0.196718152737523
425.5 0.44365244374245755 0.19727972525600776
425 0.44290026890649564 0.1966107955623638
424.5 0.44257271898798856 0.1963263285510882
424 0.4428745095660646 0.19658788715448067
423.5 0.44321030680723755 0.19688516987290863
423 0.4429929174648492 0.19670587887330737
422.5 0.4426280736495628 0.1963631751322352
422 0.44235799659297137 0.19611928778586296
421.5 0.44248796032100723 0.19625481968617195
421 0.4424164799597131 0.1961743140252444
420.5 0.44188529299772833 0.19570740666248504
420 0.4424665980028732 0.19622862091826138
419.5 0.4420252484492788 0.1958322957842752
419 0.44236506371227685 0.1961432599830253
418.5 0.44174400601748176 0.19559397801330905
418 0.4425207261360319 0.19627985998916445
417.5 0.44213232956215354 0.19593589575648282
417 0.44176648463563134 0.19560773834296405
416.5 0.4421808298362851 0.1959719735617335
416 0.44206389669304397 0.19587180981507638
415.5 0.4421286362831898 0.19593086278056793
415 0.44102972658455397 0.19496011843526145
414.5 0.44177702072765396 0.1956338914495891
414 0.4417808630275449 0.1956304445345241
413.5 0.44174699125262346 0.19559630559097077
413 0.4414312267312897 0.19531677764173563
412.5 0.44162827735975935 0.19549084416793894
412 0.44123801948337144 0.1951377199257541
411.5 0.4408465159461138 0.19480746070818594
411 0.44124619432162765 0.19514379331667905
410.5 0.44075800978088575 0.194713937049777
410 0.4410082813032545 0.1949496678855993
409.5 0.4406432708462977 0.1946270510653481
409 0.44071243968245755 0.19468045281714727
408.5 0.4410490558406675 0.19498178623061008
408 0.4407966553932927 0.1947377287583405
407.5 0.440218091690184 0.1942394612170163
407 0.44033947884309893 0.19434564063562582
406.5 0.44138786465095275 0.19527796717292978
406 0.440263133819035 0.19428203163907004
405.5 0.44065767366272385 0.19464004190609346
405 0.4406553967281311 0.19462293347125112
404.5 0.44016892012519915 0.19420334061638878
404 0.43989273904968185 0.19395710642643266
403.5 0.4401827543990545 0.1942197634093309
403 0.44007519825656755 0.19410448304826633
402.5 0.439936593046739 0.19400761862533789
402 0.43970161248874146 0.19378243459724562
401.5 0.4397049877028826 0.19378850457327493
401 0.4402021704307645 0.19422484740436197
400.5 0.43948517618810135 0.19360160832741327
400 0.43984536139899766 0.19390804962989613
399.5 0.4396455224932227 0.19374704320790218
399 0.43917549275642764 0.1933429047300227
398.5 0.4392170439471502 0.19336617755275615
398 0.4392796219194409 0.19342515036062577
397.5 0.4387382018537343 0.19293601221840428
397 0.43940893188416574 0.19353521931917403
396.5 0.43901230783944667 0.19317672415769935
396 0.4389098227931681 0.19310312561284546
395.5 0.438946943067175 0.19312707060177933
395 0.4388318896179041 0.19304643967241095
394.5 0.43906461631045307 0.19323651621291515
394 0.4389009221609204 0.19310087565342152
393.5 0.4382596561774081 0.19252438180198797
393 0.4385892370364011 0.19280906537955067
392.5 0.4387935729441708 0.1929860873345313
392 0.4384601079106362 0.19269521148027197
391.5 0.4383725676140139 0.19263208622848685
391 0.43782913034344445 0.1921542385091383
390.5 0.4378898962015312 0.19219173974404488
390 0.43815153779983773 0.19244614334258503
389.5 0.4381669866569812 0.19244828011432294
389 0.438163890528798 0.19244288739113005
388.5 0.4373398642271549 0.19171626275603484
388 0.43800345785057887 0.19230170421833942
387.5 0.43775260857666026 0.19208101592307605
387 0.4377856709794745 0.19211613254334903
386.5 0.43760843627869794 0.1919521152972366
386 0.43725500222987185 0.19164863208476732
385.5 0.4377377551853214 0.19206517870476708
385 0.43714726604849324 0.19155730007044233
384.5 0.4378411616136988 0.19215656421754984
384 0.43702829817776073 0.19145235115648843
383.5 0.43684955734290143 0.19129441311445528
383 0.4371202764007955 0.1915355801247679
382.5 0.43694536434494513 0.1913718551893817
382 0.436626944060078 0.19110064720030523
381.5 0.4367288435917584 0.19119061625800987
381 0.4371906051473125 0.19159223227680827
380.5 0.43667114706715027 0.19115112363772557
380 0.43674845204635004 0.19120091052981394
379.5 0.4365137068417838 0.19098415325536836
379 0.4359849614456815 0.19054292868137215
378.5 0.43602872784985375 0.19057542779251727
378 0.43626318322631913 0.19077985054391491
377.5 0.43601935639318096 0.19055912619423618
377 0.43667394192000786 0.19113091503077245
376.5 0.435990261209786 0.19054464085310346
376 0.43600644061728755 0.1905494662948288
375.5 0.4356949564526684 0.1902925792934531
375 0.4356925074697964 0.19027037963018945
374.5 0.435755185132746 0.19032753696471816
374 0.4354864729696195 0.1901038568641066
373.5 0.43590052963923254 0.1904638710376191
373 0.4354236596044109 0.19004935364470243
372.5 0.4356103740700604 0.19019757648530922
372 0.4351804634943441 0.18983856511136074
371.5 0.4350785871130062 0.1897401258787504
371 0.43504728762357164 0.18970909678080852
370.5 0.43498678118503026 0.18967097602260583
370 0.43480227505023505 0.18951340643166864
369.5 0.4351542091067744 0.18981392241581083
369 0.4344697939045859 0.18922865573966835
368.5 0.43501486503902154 0.18969548956517196
368 0.43471328821641564 0.1894207486648836
367.5 0.4347307133149486 0.18944330180048027
367 0.43454232839996565 0.18929262058991633
366.5 0.43459938048550106 0.1893274982018349
366 0.43434243533475686 0.18911105033430828
365.5 0.4346419801301082 0.18937108906321176
365 0.4344363125214679 0.18919271055699716
364.5 0.4339017041746578 0.18873270321051136
364 0.4334939382262851 0.18837718743967155
363.5 0.43409410019175104 0.18888468619618426
363 0.43401834651132154 0.1888120708983503
362.5 0.433296006807013 0.18819689458488184
362 0.43357702940042014 0.1884353396621541
361.5 0.43354289849509914 0.1884102383655053
361 0.4336838705078912 0.18854452398026192
360.5 0.4332862463761559 0.1881819200090641
360 0.4332205665552911 0.18813506689248083
359.5 0.4334820183638805 0.1883609892504495
359 0.43318470306385076 0.18810407548150052
358.5 0.4329057405826136 0.18785892839715715
358 0.43316457151333543 0.1880813816213935
357.5 0.43288219593670096 0.1878387302511298
357 0.4329596116168142 0.18790417244406052
356.5 0.4327894951873564 0.18776235006005468
356 0.43270811108618107 0.1876858084781971
355.5 0.43257239877398973 0.1875720303834776
355 0.4321233475194364 0.18718874133817456
354.5 0.43271042962311107 0.18768574352978923
354 0.43201147376838145 0.18707850888009944
353.5 0.4325207239468053 0.1875322849184998
353 0.4316906275243688 0.18681209919128156
352.5 0.431571936257746 0.1867107477903579
352 0.431382982669101 0.18655043230093293
351.5 0.43174144558995314 0.18685350012117374
351 0.4316406216983092 0.1867698508851629
350.5 0.43148776422253277 0.1866382526408094
350 0.4315268329088895 0.186676823254697
349.5 0.43103744286571416 0.18624936859283614
349 0.43079385433185197 0.18604336577081942
348.5 0.4310412611485817 0.18624868939864828
348 0.4316589800015415 0.1867807828800659
347.5 0.4301546808871548 0.1854798410179859
347 0.43067863046371374 0.18593713217668223
346.5 0.43087798293592944 0.18611365688381304
346 0.4309435283875606 0.18617602538608335
345.5 0.43062766684125203 0.18588629318288277
345 0.430609090841502 0.18587826055824908
344.5 0.43069371020692704 0.1859381489527794
344 0.43003880719607757 0.18539151226142583
343.5 0.4296522474505023 0.18505059583896266
343 0.4304192627008555 0.1857276486184977
342.5 0.4299375140650444 0.18529628381959043
342 0.43049934597825934 0.1857887761189968
341.5 0.4303809074711651 0.18568920824540253
341 0.42983324931258904 0.1852022798421742
340.5 0.42927597869082634 0.1847299852389328
340 0.42947085325433587 0.18489370524864718
339.5 0.4291467682247523 0.18460808490906458
339 0.4292311810995213 0.18469341485562465
338.5 0.4293241232253784 0.18477120907768946
338 0.42870709953222547 0.18424759911593738
337.5 0.42893816490824815 0.1844466867531401
337 0.4287263733386207 0.18426711072738394
336.5 0.42928733757983384 0.1847516420843282
336 0.42842949950577547 0.18400242597819821
335.5 0.42906252897698716 0.18454008378365458
335 0.4291444551435285 0.18461469407938544
334.5 0.4283897925460864 0.18396813986197497
334 0.4284159120572667 0.1839964501499336
333.5 0.42836412940373125 0.18394981722079126
333 0.42856476543616356 0.18413025460526836
332.5 0.4278517064381029 0.18352393865146718
332 0.4280808463506811 0.18370017686550066
331.5 0.4283470524565526 0.18394224693133857
331 0.42756656399726384 0.18327238887990985
330.5 0.4275563031226377 0.18325491557024387
330 0.42797206699390694 0.18361121396078145
329.5 0.4270011505786603 0.18278204094917885
329 0.4272746332930531 0.18302150399434694
328.5 0.42787534100107266 0.18353613087491538
328 0.4275127253299105 0.18322012255848605
327.5 0.4267530939561107 0.18257992672031176
327 0.426853684862993 0.1826591869682882
326.5 0.426764816804168 0.18258397160355339
326 0.4271105467042837 0.18288760146974206
325.5 0.427256459231085 0.18300625175649546
325 0.42679682097184546 0.18261697476692085
324.5 0.42638287941897907 0.18225344744567526
324 0.42578237757430065 0.18174526876137184
323.5 0.4259220519165197 0.18187083616031344
323 0.4257674335296213 0.1817190946609831
322.5 0.4259566109581917 0.18190009693988962
322 0.42576145291126344 0.18171792486809699
321.5 0.4260344856729015 0.1819701260869584
321 0.4252543541711128 0.181304480409052
320.5 0.42563702385487057 0.1816203664010175
320 0.42531632005273384 0.18135728407492976
319.5 0.42520369362414734 0.18125000151555923
319 0.4260183439673678 0.18194466761549516
318.5 0.425340409797015 0.18135475747206445
318 0.4251766746456296 0.18123015445609036
317.5 0.42489775373068056 0.18098482185011525
317 0.42469772593796085 0.18081565801196453
316.5 0.4244515414796122 0.1806102511186421
316 0.42493346685983185 0.18102659378994415
315.5 0.4240754775407177 0.18028315601321657
315 0.424742702892999 0.1808538109214663
314.5 0.424324114074943 0.18051431967006534
314 0.4240361296149316 0.1802578163989429
313.5 0.42333753967064053 0.17966219674653847
313 0.42347363641181274 0.17978152227247057
312.5 0.42358139410089646 0.17988378706202796
312 0.4243392669726477 0.18051881485693785
311.5 0.4235479737235306 0.17984589323988606
311 0.423350669579763 0.1796624578306398
310.5 0.42296591024399277 0.1793360311315897
310 0.4229570421945444 0.17934719055513376
309.5 0.42344379508381297 0.17974672594933544
309 0.4226644741389118 0.1790957095431218
308.5 0.422836223806942 0.17923757289523204
308 0.42288262842323376 0.1792920288245246
307.5 0.42300888795616476 0.17939500184839074
307 0.42219141602907695 0.17869711749452255
306.5 0.4221617641206557 0.17866617606717125
306 0.4224573243125437 0.17891626417785522
305.5 0.42149991967738987 0.1781189581136377
305 0.42202201528326105 0.1785566425184605
304.5 0.42128299575161515 0.17792917112111092
304 0.4213091567590631 0.17795436416977642
303.5 0.42162573754702337 0.1782184294113008
303 0.4215336032545304 0.1781344080550233
302.5 0.4209928495937785 0.17768961252074206
302 0.4211729161839365 0.17784414831029413
301.5 0.42119348000934886 0.17784729719511586
301 0.4214879833932882 0.17811223720575614
300.5 0.42021403458709955 0.17702702567383477
300 0.42076670546463935 0.17750115345682815
299.5 0.4203062684330646 0.17710365356535526
299 0.4202098183026132 0.1770311151264953
298.5 0.4205799166097586 0.17735176973841776
298 0.42002977279155856 0.1768834151141423
297.5 0.42061922874205204 0.17736191015568556
297 0.4199143052145165 0.17677216533978196
296.5 0.420192980171931 0.17701913088010263
296 0.4194150308381008 0.17635822616273605
295.5 0.419390380415281 0.17634332620574328
295 0.4192029024728238 0.17616537115738679
294.5 0.419797557674257 0.17669467619680743
294 0.41917449003074503 0.17615758023149816
293.5 0.41888043253926255 0.17592287358142336
293 0.418294089275595 0.17542075218572237
292.5 0.41911576641897186 0.17611547451642243
292 0.4185470820418699 0.17562403464472248
291.5 0.41800391529912156 0.17518436919910368
291 0.4180495472974761 0.17522145447880583
290.5 0.4185937940576299 0.1756777289259002
290 0.41809629949520605 0.17526965743280926
289.5 0.41759166688489874 0.17483323995675726
289 0.41792386844935425 0.17510469013605753
288.5 0.41762469729707874 0.17485369509382187
288 0.4171771101001816 0.17448874189989141
287.5 0.41812561510856244 0.17528635132175305
287 0.41720602936440293 0.17451154177913114
286.5 0.4167828468703181 0.1741609664867557
286 0.4171599184517085 0.17447414584793405
285.5 0.41702360528955545 0.1743729337927087
285 0.41677154245243375 0.1741476634332295
284.5 0.4169168904942281 0.17426145171620572
284 0.41681619177542895 0.1741898111791101
283.5 0.4160068723027157 0.1735323351700193
283 0.4159610201045066 0.17348084162184868
282.5 0.4159678716205456 0.17347605927022067
282 0.4156364610513541 0.17318897008241327
281.5 0.41603142488105604 0.17353878477256435
281 0.41522928885258675 0.17286209559869162
280.5 0.4154701651722864 0.17307652778915347
280 0.4155032192214271 0.17309396280928188
279.5 0.4152748657070406 0.17291312954849913
279 0.41521731491806246 0.1728479826974865
278.5 0.4152182050373407 0.17286196938909282
278 0.4147102447966229 0.17242723450249528
277.5 0.41477475651508844 0.1724881696603955
277 0.41406763023578874 0.17189270451636945
276.5 0.414225244699725 0.1720321400761363
276 0.41429775145352155 0.1720912949525767
275.5 0.41415133040428 0.17197532526786913
275 0.4144416486868728 0.17221628461076535
274.5 0.41379771962404405 0.17169554036613086
274 0.4134053474994585 0.17136141523954496
273.5 0.41298314590222646 0.17101449674504374
273 0.4133562704010461 0.1713149634719515
272.5 0.4125754531335495 0.1706685630808805
272 0.4127059055787803 0.1707751472528112
271.5 0.41280246008242716 0.17085542991779948
271 0.4129127838276511 0.17095272286758278
270.5 0.4119865418626395 0.17017747939662442
270 0.41248802520684935 0.1706088554536372
269.5 0.41211784178642247 0.17028992964594847
269 0.41155039967471785 0.16981896687499146
268.5 0.4120003023190684 0.17018540755826003
268 0.41172081769974606 0.16996856131857432
267.5 0.41166952164023407 0.16993050260394615
267 0.4111474470500533 0.16949746119505907
266.5 0.41169902660287633 0.16995468161806504
266 0.4107481529041247 0.16916992994823216
265.5 0.41097525412847813 0.16936101388711514
265 0.41063117973538316 0.1690725917135337
264.5 0.4111140438912666 0.16945041280382062
264 0.4106450907150665 0.1690836761805307
263.5 0.41107655582029173 0.16944792119546334
263 0.41000011943439346 0.1685651303762156
262.5 0.41013140847730106 0.1686729381602668
262 0.4096595647747557 0.1682775037081555
261.5 0.4095875150662779 0.16821623095714294
261 0.40926884192187657 0.16795609782142112
260.5 0.40913896391038324 0.1678386979363293
260 0.40898599723645457 0.16771448609547976
259.5 0.40896670677808433 0.1677099281290001
259 0.4085246410782671 0.16733226224628428
258.5 0.4090047157615555 0.16773101424020917
258 0.40883708568910376 0.1676121263997348
257.5 0.40808169506037 0.16696783539337118
257 0.40786081525472623 0.16679278865443906
256.5 0.40811211955141363 0.1670019893688695
256 0.4075895988402251 0.16656938092541126
255.5 0.4073041591134175 0.16633662820291517
255 0.4075814993456425 0.16657160327115003
254.5 0.4075249712878258 0.16652890928204409
254 0.407290893127921 0.16632992930182597
253.5 0.40737066052981413 0.1664085143408
253 0.40655629834264706 0.16574196070204694
252.5 0.406886159044852 0.1659983020830663
252 0.4058892256526253 0.16520107944715115
251.5 0.4060752651464719 0.16535473023928385
251 0.4061402687337608 0.16540372348975685
250.5 0.40581376022473664 0.16513029070276872
250 0.40555741980227167 0.1649312930430341
249.5 0.40548112258288205 0.16486980596382783
249 0.4054257307681508 0.16481759697078346
248.5 0.4057362020622026 0.16506776208918003
248 0.4052778366121791 0.16471299397560174
247.5 0.40417537117901536 0.1638005566405858
247 0.4042417557765291 0.1638493010089361
246.5 0.40499236963375124 0.16446264471386762
246 0.4038038555891551 0.1635137932250062
245.5 0.40386670364975547 0.16355638447015902
245 0.404205028888919 0.1638288594572173
244.5 0.4033884619980691 0.16315907231366555
244 0.40313515101137154 0.16297989516193256
243.5 0.40300837669979256 0.16285812561961824
243 0.40335227308887817 0.16314079888341473
242.5 0.402245671697652 0.1622522725366274
242 0.40253612422711144 0.16247877433047456
241.5 0.40219964290018334 0.1622051069659221
241 0.40211655315750106 0.16215201827209583
240.5 0.40171742727468307 0.16180981316768164
240 0.40209321386906827 0.162122054583542
239.5 0.40150208907821405 0.16164418898525731
239 0.40150868352523567 0.16165377361308744
238.5 0.4013716866015604 0.16153861449164308
238 0.40122615440420556 0.1614181065239785
237.5 0.4009034114313368 0.1611710629488797
237 0.40065726090264564 0.16095670579049232
236.5 0.39987315269298207 0.16032839431775578
236 0.39955649335556054 0.16009521970851945
235.5 0.4008775935187927 0.1611434997304319
235 0.39937623969752967 0.15996738483041595
234.5 0.39940928130842573 0.15996909187413946
234 0.39941966698860526 0.1599874734806732
233.5 0.39888338464452766 0.159548501608565
233 0.3996520175739204 0.16018324081354512
232.5 0.3989591995936265 0.15961666451176892
232 0.3985311424091873 0.15927242856207355
231.5 0.39856299481692953 0.15928610971884646
231 0.3981342512882169 0.15895966877311904
230.5 0.39750143445298736 0.15845601973659493
230 0.39800633591464113 0.15884927792151335
229.5 0.3979545492842563 0.1588156229118642
229 0.39709545876384655 0.15812826637763291
228.5 0.39749530786801723 0.1584297700228279
228 0.39656451561535483 0.1577145344668101
227.5 0.3970793416963472 0.15811303095063353
227 0.3961353365992097 0.1573613625013558
226.5 0.39633765733793874 0.1575234202322853
226 0.39613221995285336 0.1573601638561732
225.5 0.39581935130205054 0.15710843356327558
225 0.39569190750914324 0.1570064856280013
224.5 0.3953828255176302 0.15676561829471405
224 0.3961506424388857 0.15739014747394217
223.5 0.39488987608992965 0.15638336485242985
223 0.3950783854238003 0.15653335444003658
222.5 0.3940233093816754 0.15569642895043967
222 0.3947634286000388 0.15628439523470208
221.5 0.39418801270168946 0.15582477603117245
221 0.3937245022289924 0.1554777300093154
220.5 0.3940720761894152 0.15573053607801976
220 0.39353103652997035 0.15532095664309573
219.5 0.39304116452584476 0.15491558132296565
219 0.39339962032244824 0.155200907210064
218.5 0.39287076422437106 0.15479381005564646
218 0.39353166075775997 0.15531737021391162
217.5 0.3924446568510343 0.15446051114454235
217 0.39229987618189516 0.15435285739233578
216.5 0.39190892362748464 0.15403180281680107
216 0.3917696937426516 0.1539209170061813
215.5 0.3912378457434789 0.1535091300166883
215 0.39148611318915655 0.15370075221172133
214.5 0.39071437161413775 0.15309597938643826
214 0.39070910226973504 0.15310803689115687
213.5 0.3903189875647346 0.15278869382887553
213 0.3899668705188749 0.15251550692866317
212.5 0.3901860377602911 0.1526845550776654
212 0.38951280303251984 0.15215523434679176
211.5 0.38912341736251327 0.15185770496334816
211 0.3890200435956981 0.15177597097107798
210.5 0.3888121564517181 0.15162291373393563
210 0.3890720610620615 0.15181976544023318
209.5 0.38833491792375563 0.15124485730533158
209 0.3885490161623609 0.15140741456939563
208.5 0.3877465542979145 0.15079675586235664
208 0.3873214489342566 0.15044928351005699
207.5 0.38801229136876764 0.1509907295669673
207 0.3870228769303955 0.1502253427664238
206.5 0.3871250858029262 0.15030782386102168
206 0.38637403016359007 0.14972014802609723
205.5 0.3860410790235697 0.1494754934154296
205 0.3863756757771993 0.14972264445643033
204.5 0.38640744013321077 0.14974804182233498
204 0.38555303006585157 0.14910625042583175
203.5 0.38553558017868433 0.14906718209420186
203 0.3854890746505218 0.14903066377196916
202.5 0.38505776749021464 0.14871202161469058
202 0.38426743536860075 0.14810312317082946
201.5 0.38403465051634683 0.14792540434324622
201 0.38371670429020255 0.14767617039191036
200.5 0.3842884985934202 0.1481136001254255
200 0.38378028589058893 0.14772464345990638
199.5 0.3837970391847118 0.14773786001558384
199 0.38321878119453884 0.14728055441911353
198.5 0.38275599727307824 0.1469287217956338
198 0.38245467035248765 0.14671330162017762
197.5 0.38194850107505984 0.14631243504712568
197 0.3823917978072232 0.14666584060395413
196.5 0.38170715071740574 0.1461347465969321
196 0.3808925965780908 0.1455136312555354
195.5 0.38122007058896784 0.14577018701443925
195 0.38135045166504206 0.14586386789593306
194.5 0.3806260893415296 0.1453163949606886
194 0.38029130629735913 0.14505373545470338
193.5 0.3794952452829009 0.14444234919569487
193 0.3802918315855713 0.14504548654545896
192.5 0.3787576248561213 0.14389652843904743
192 0.3798507378912353 0.14470928690004783
191.5 0.3778057413399314 0.1431531994651317
191 0.37826600255457493 0.1435224989064633
190.5 0.37858572260514606 0.14376618945286776
190 0.37783789750414015 0.14320016859723383
189.5 0.3774674336017019 0.14290795116277583
189 0.3772926984504428 0.14278122667468726
188.5 0.3768122896190878 0.14240333226097243
188 0.3764867128193666 0.14215506141388093
187.5 0.3764090089275941 0.14211135425076546
187 0.3759565971679609 0.14176316675081663
186.5 0.37515967694526253 0.14115867448524264
186 0.37508168366330225 0.14111686881947672
185.5 0.3754280532605411 0.14136279726767687
185 0.37473894475423586 0.1408455062509751
184.5 0.3745995988058805 0.1407481038322227
184 0.3739869079482841 0.14028839746992866
183.5 0.3735789939144018 0.13998790479762643
183 0.373740396750643 0.14010917049328614
182.5 0.37266808344470637 0.13929385798538121
182 0.37277704763417663 0.13938122644445175
181.5 0.3727912734854095 0.1394111783789164
181 0.37210026862787765 0.1388733048784576
180.5 0.37229482198740793 0.1390436890678726
180 0.3715094807400666 0.13843673048019345
179.5 0.3711030116953112 0.1381569106131063
179 0.37059337804202513 0.13777171668518623
178.5 0.37068706517186595 0.13784784022671323
178 0.3703456097893773 0.13759357074943127
177.5 0.3701407297924383 0.137430881681839
177 0.3698371208437233 0.13719710544371333
176.5 0.36937790149756106 0.13686338638684725
176 0.368750076346201 0.13640280033023253
175.5 0.36836527119141277 0.13611039461554852
175 0.36878254167555813 0.13642344403779452
174.5 0.3672615953151544 0.13530536376388036
174 0.36812725877818314 0.1359251220991078
173.5 0.366530868406961 0.134769933745117
173 0.36735726445061345 0.1353760637817737
172.5 0.3659129395599007 0.13431307361466083
172 0.36652760744824037 0.13476091556573216
171.5 0.36643582085762777 0.13469852683544914
171 0.36613710653834247 0.13447787626633026
170.5 0.36456681893932663 0.13332488853858943
170 0.3648510028633061 0.13353233748564022
169.5 0.3642145982250337 0.1330795874516672
169 0.3637668045083443 0.13275279850229865
168.5 0.36329040116248457 0.13240743293667911
168 0.3633904363158402 0.13248110094603427
167.5 0.3624271541473304 0.13176575407112567
167 0.36193232781752105 0.13141490210878262
166.5 0.36259824455039386 0.1318914851776032
166 0.3612633223897257 0.1309195545363409
165.5 0.361559313859192 0.1311439778012957
165 0.36107147152336366 0.1307867349908063
164.5 0.3606961751570224 0.13053239097897146
164 0.36024928922987154 0.13019131345973103
163.5 0.36003454706102533 0.13004848143034725
163 0.3591033201700632 0.12936504093881598
162.5 0.35868239943548497 0.12907230258530847
162 0.35856459429394993 0.1289765480687207
161.5 0.3579484851353708 0.1285438953133524
161 0.35809740663540884 0.12863511549350073
160.5 0.3574969341739953 0.12822056913500585
160 0.35638869721054894 0.12742470809142667
159.5 0.35735607678167824 0.12811743479059073
159 0.35604573810915585 0.12717626312962355
158.5 0.3553048753907033 0.1266699921966708
158 0.35552576057263907 0.12681270965780678
157.5 0.35521112897111295 0.12658171898082435
157 0.35555188555450745 0.12682877993831607
156.5 0.3540691400926503 0.12578492141469164
156 0.3536804472310133 0.1254809198691809
155.5 0.3531506752346672 0.12512585836930842
155 0.35284213467667097 0.12490514059306557
154.5 0.3524171619125778 0.12461580988629706
154 0.35169919462774973 0.12409527983943668
153.5 0.3515053671787552 0.12395789430696282
153 0.3515881891546067 0.12401539289026794
152.5 0.35077591698099236 0.12345022880542438
152 0.35044589365076656 0.12321286072808814
151.5 0.3496407633532821 0.12264606366481949
151 0.34950361269204827 0.12255472129168246
150.5 0.348942973378822 0.12216568251280449
150 0.3487493198304211 0.12201596298889275
149.5 0.34850209442007096 0.12185010370423947
149 0.34708789407892193 0.12086321909883112
148.5 0.34722206458603827 0.12095922859659053
148 0.34711829353225654 0.12089548881209002
147.5 0.34559942332692584 0.11983744275263855
147 0.3456254941744186 0.11985026595668909
146.5 0.3451686359422423 0.1195389416436412
146 0.3447190186910845 0.11923455217634121
145.5 0.3449251481373618 0.11936837356360507
145 0.3437151651186948 0.11853636749730269
144.5 0.34314538567949926 0.11814414986192033
144 0.3434331855004473 0.11833879072197281
143.5 0.3423399165568855 0.11759293875637561
143 0.34183915754059685 0.11723929541628532
142.5 0.3415355656184464 0.11703213944568205
142 0.34103173387994595 0.11668662984399548
141.5 0.3403125853878778 0.11619502165566387
141 0.3400906550650017 0.11606503155170692
140.5 0.3396421847218745 0.1157564324414316
140 0.34044771247476635 0.1162976377400325
139.5 0.338544804507881 0.11499116046293674
139 0.33809557730203166 0.11469098163398564
138.5 0.3379986192828914 0.11463491454845326
138 0.3377144556826263 0.11443748890189939
137.5 0.33560559601555 0.11302778531073854
137 0.33668294895035894 0.11374586232411926
136.5 0.3356665179471768 0.11305996506957955
136 0.33503047307442724 0.11262009448590324
135.5 0.33423879287733804 0.11209714026835217
135 0.33389924123027115 0.11186822580521291
134.5 0.3337094646252897 0.11172689624768069
134 0.33271301412414406 0.11107723098717266
133.5 0.33314067326707225 0.11136233179836791
133 0.33224276476081116 0.11074864120193922
132.5 0.33135074234415074 0.11016341318702547
132 0.33056574275666284 0.10963954016493636
131.5 0.3306850370111912 0.10973408399780459
131 0.32938947375995 0.1088671578378389
130.5 0.328682090961635 0.10841621945995021
130 0.3284272391451099 0.10824452224268338
129.5 0.3283383747491263 0.10819110414921335
129 0.3275592849499391 0.10765828668701995
128.5 0.32731084248802805 0.10750722919157985
128 0.3260684815682692 0.10668025295677859
127.5 0.3258439312472043 0.10653194976486398
127 0.32563353223849184 0.10640069828443477
126.5 0.32506902941305743 0.10602892926346918
126 0.3233747353473054 0.10493124121409082
125.5 0.3229382097628413 0.10466694962420726
125 0.3225159662544724 0.10439202372065118
124.5 0.3223942148618244 0.1042958990376365
124 0.32172449504386463 0.10386723474442043
123.5 0.3213184256616604 0.1036202403359693
123 0.32013660769149677 0.10284877504081967
122.5 0.3195431503283544 0.10247159024980791
122 0.31929812806933355 0.1023080636730693
121.5 0.31856061592544593 0.10186119981565668
121 0.31840836868430045 0.1017438366756944
120.5 0.3177604665003293 0.10133605564560401
120 0.3169263039171602 0.10082123306165777
119.5 0.31587684123132753 0.10011916261414379
119 0.3159368942768989 0.10017047167568814
118.5 0.315344423998799 0.09979943867842232
118 0.31385650172524954 0.09886487187772651
117.5 0.3142155728601227 0.09909786774428192
117 0.3128443311555204 0.09822129878054918
116.5 0.3120882710745568 0.09775220031799287
116 0.3121690498095446 0.09780040895773201
115.5 0.31083153592063495 0.09696916221842673
115 0.3106215697199503 0.09684212478830904
114.5 0.30996178498955945 0.09643457539470891
114 0.30975447666169514 0.09629730250275259
113.5 0.3085061236886452 0.09550926035951662
113 0.30802999441846357 0.09523602069682707
112.5 0.30747272002787623 0.0948943415245918
112 0.30673166969200766 0.094439924372815
111.5 0.3056328007362541 0.09374348688506748
111 0.30627287493839217 0.09413664574899296
110.5 0.30433018538525075 0.09295387350796094
110 0.3037525778003502 0.09260440432695238
109.5 0.3027390647765862 0.09198458957658098
109 0.3023724436818314 0.0917654922173831
108.5 0.3014205801551453 0.09120166534279457
108 0.3004750914678269 0.09063131377482884
107.5 0.300134137235622 0.09042088012807807
107 0.2998413971740926 0.0902434377699382
106.5 0.29779207793264095 0.08900657397137768
106 0.2978641842166726 0.08906277994717551
105.5 0.29660890398853773 0.08830343364263456
105 0.29598166721806957 0.08792345287582744
104.5 0.2958648143768941 0.08785955767844171
104 0.2949826811980567 0.08733146791641648
103.5 0.29414246535904937 0.08683703394165315
103 0.29321121120476956 0.08629583322682427
102.5 0.29350255924617896 0.0864760977658798
102 0.29108242601604634 0.08504380891122607
101.5 0.290825099418165 0.08488899777424994
101 0.28990772212261673 0.08435516806297436
100.5 0.2901978061745718 0.08453472054622566
100 0.2883580101684818 0.08346314837827261
99.5 0.28738967416015787 0.0829166430329825
99 0.28660947209502 0.0824496753716965
98.5 0.2871976839443726 0.0827902419770286
98 0.2860446535971507 0.08213479727418992
97.5 0.2855124996404483 0.0818364648550188
97 0.2836779158241251 0.08076875849908406
96.5 0.28326851197094 0.08054803376852665
96 0.28262933693871584 0.0801861602021207
95.5 0.28286464776841913 0.08031422081252064
95 0.28124918734681065 0.07938344850737963
94.5 0.28032290239531155 0.07887867927179491
94 0.2786807205304331 0.07794900162814157
93.5 0.278788315227761 0.07802035598875964
93 0.2780216896323122 0.07757842024154524
92.5 0.27664956440355326 0.07682415034302438
92 0.27620490729156055 0.07657793835095841
91.5 0.2750993724984742 0.07598064827114408
91 0.2731715407305746 0.07490096283557614
90.5 0.27312635559530346 0.07488487560392479
90 0.27267108322949973 0.07464420402424243
89.5 0.2719732574705244 0.0742527383127158
89 0.271114131603767 0.0737832375023652
88.5 0.2694137478147503 0.07286458503315939
88 0.27022325837517464 0.07330444663878342
87.5 0.268488402346395 0.07234515524017748
87 0.26720732371698885 0.07167458276036144
86.5 0.2664872187512808 0.07129819266389179
86 0.2652617619019106 0.07064227288031025
85.5 0.2638911391624775 0.06990782422253064
85 0.26308610125623977 0.06949551291033176
84.5 0.26287003169578144 0.06938603684055111
84 0.2616714870168956 0.0687295573063197
83.5 0.2612789926356744 0.0685239369005187
83 0.2595164477482721 0.06762227454875047
82.5 0.25830531125275735 0.06696480210696044
82 0.25700124477566544 0.06631110191545933
81.5 0.25726262059355054 0.06642788626006128
81 0.2561845821805815 0.06588496882397464
80.5 0.25461887812394784 0.06507664748532314
80 0.2540784738308505 0.0648236793786063
79.5 0.25283467763606937 0.0641868747662094
79 0.2523115908840379 0.0639014158902275
78.5 0.25027823583418235 0.0628870260195294
78 0.2495857452402624 0.06254312349031842
77.5 0.24904359604306375 0.062263033987411745
77 0.2476874705138316 0.061595537473635595
76.5 0.24704138913743917 0.06127352785135578
76 0.24623263026596418 0.06086297712669779
75.5 0.24451244206297718 0.060028438187665546
75 0.24409516913985574 0.05980476777402183
74.5 0.24277227983478472 0.0591686400010477
74 0.24122118631061443 0.05840180708493429
73.5 0.23968094035835602 0.05767096203214535
73 0.23921243845137435 0.05744756475385312
72.5 0.23819353918180494 0.0569654882421082
72 0.23716356056123825 0.056481567475048094
71.5 0.2357770504743883 0.05580388650229292
71 0.23521221887194338 0.05555137747185487
70.5 0.2337485585594738 0.054849151887696575
70 0.23349617319012883 0.05473507998324475
69.5 0.23195959590094065 0.05401319561561149
69 0.23088965813244308 0.053520695600225036
68.5 0.23039411094265444 0.05330169982553029
68 0.22890736906843054 0.05259771179938701
67.5 0.22859483468384814 0.05245546078980519
67 0.22623846206386852 0.05139078001500592
66.5 0.22461282319861858 0.05063894434633402
66 0.2234360827919223 0.05012460556555184
65.5 0.2222905392434145 0.04960485617268692
65 0.22153074633466868 0.049262632245790305
64.5 0.22150464725671143 0.04925904273060827
64 0.2203092359833586 0.04874403433794727
63.5 0.21799018061390119 0.04770244381757741
63 0.21832986144512082 0.04785547771475197
62.5 0.21639043399790073 0.047020754427514064
62 0.21478833282626703 0.04631398602125589
61.5 0.2138348299503474 0.04589905878827728
61 0.21308488169902984 0.045587774188478924
60.5 0.2113497536642479 0.04485171162788173
60 0.21015691435895786 0.044333216216112234
59.5 0.20944417101925972 0.044035475811592874
59 0.20737845006933722 0.04316875735695458
58.5 0.2061500233175022 0.04266590771488741
58 0.20501422316871687 0.042201972702524015
57.5 0.20418715358580586 0.04185406266821159
57 0.2021409263682695 0.041018417579493836
56.5 0.20082088575104684 0.04050099571141482
56 0.20021905821433464 0.040235246625625914
55.5 0.19894238178127474 0.039731723026075826
55 0.19755217587926965 0.03918335537774825
54.5 0.1959211456091403 0.03852732105841547
54 0.19519974214148686 0.03824796719150815
53.5 0.1941565252012685 0.03784861140244212
53 0.19276209158356156 0.03731052592700919
52.5 0.19065514407352616 0.036486497018064515
52 0.19026443379255742 0.03632853031420605
51.5 0.18964921332014162 0.03609708755743925
51 0.1874564281713725 0.0352642903722743
50.5 0.186159748036157 0.034792483625665956
50 0.18505870917518474 0.03438978511054405
49.5 0.18346404963316498 0.03378739824343143
49 0.18248195180117957 0.033423885339361394
48.5 0.18072890317321572 0.03279237911397363
48 0.18036851211352906 0.032646299251965716
47.5 0.17819772660380467 0.03187222930071676
47 0.17734282868787057 0.03156127842242739
46.5 0.17635778365462032 0.031222283830323234
46 0.1743920399303011 0.030525251977122997
45.5 0.17334030437771628 0.030150831705163385
45 0.1720849235660623 0.029721318186729666
44.5 0.1703912427043394 0.02913710087819081
44 0.16879254426619048 0.02858789140819755
43.5 0.16669712581046497 0.027892393683780815
43 0.16596782493847936 0.027641512493520932
42.5 0.1651631582816288 0.027380244652996294
42 0.16213014702756598 0.026380905990019653
41.5 0.16180493384909456 0.02627542745206577
41 0.16093327075638125 0.0259976429716275
40.5 0.15944332602005173 0.025520308576222905
40 0.1581992324686958 0.025111439907042607
39.5 0.15544349782401218 0.024246701272858863
39 0.1555349200819991 0.024273573041779486
38.5 0.15335867601378458 0.023600511059617506
38 0.15253928088645716 0.02334786446237586
37.5 0.1508624281108631 0.02283424667811609
37 0.14872891863713292 0.022205649626624076
36.5 0.14896969450317063 0.022265635915053695
36 0.14593663240944943 0.02136868196079283
35.5 0.14542437923431834 0.02122171036735653
35 0.14346681243775086 0.02064677807651323
34.5 0.1427823881649494 0.02044645823532876
34 0.14148094172846876 0.020086357968632305
33.5 0.1397095775158488 0.01957637594819011
33 0.13791087462084922 0.019086637509992645
32.5 0.13657055856737077 0.018710491810475308
32 0.13558889501595156 0.018439935022145807
31.5 0.13461621222595324 0.018179596924790275
31 0.1335511263299965 0.01788916055869372
30.5 0.130888624681623 0.017177551529700182
30 0.1306491030064064 0.017118997540825822
29.5 0.12833742214445262 0.016516089465372648
29 0.12628028118571602 0.015993381319516057
28.5 0.12595468202158155 0.01591019453860499
28 0.12440814598006304 0.015525111886473047
27.5 0.12332698444702088 0.015251456355455117
27 0.1215417308361628 0.014811993878883352
26.5 0.11989564494128824 0.014413635229392478
26 0.11853321413915215 0.014087255495337627
25.5 0.11705060353653675 0.013736914368490274
25 0.11503065655141302 0.01326504433872108
24.5 0.11433185915694906 0.013105105136879182
24 0.1136175840581542 0.012938556241020461
23.5 0.11166725245938179 0.012499740133840791
23 0.11038865502323754 0.012211218729043188
22.5 0.10965988682258093 0.012053660840512645
22 0.1083594121936984 0.011766738391592597
21.5 0.10736688309887236 0.011549353308117781
21 0.10656377372466448 0.011380527608611746
20.5 0.10401442255805766 0.010839255788702942
20 0.102919895294612 0.010614014764419172
19.5 0.10164026906479302 0.01035219598751314
19 0.1009178207594511 0.010201472279389565
18.5 0.09946654235720916 0.009913417668932807
18 0.09984741127694041 0.009985823051637673
17.5 0.0972167423109036 0.009465706741850129
17 0.09670815399615311 0.00936510653995097
16.5 0.09504645386453217 0.009043382961593105
16 0.09442226945180768 0.008926714672890124
15.5 0.0930758455512569 0.00867363381740694
15 0.09169459703937151 0.0084182949254675
14.5 0.09066772301343148 0.008229216445858624
14 0.08991867037077014 0.008092348689207472
13.5 0.08807252365714821 0.0077656041439111406
13 0.08751684520280202 0.007665513396143886
12.5 0.08705774095588967 0.007584900126917794
12 0.08792674619282903 0.007735472508595418
11.5 0.08581547694626751 0.007368626973813228
11 0.08488754678553828 0.007208798274518219
10.5 0.08396795045992653 0.007052883795495017
10 0.08332595682159019 0.006944924499319153
9.5 0.082957401203291 0.006883981046389591
9 0.08214875144589498 0.006749938161913666
8.5 0.0820712448933516 0.006737082373346316
8 0.08182535333072774 0.006696393799851868
7.5 0.08149674435317132 0.006642434617675407
7 0.08128995877229715 0.006608912809053574
6.5 0.08050419633280204 0.006481291656998684
6 0.08013533671485461 0.006422130250972883
5.5 0.07953776747145425 0.0063264929556700895
5 0.07934529079437413 0.006295875340005783
4.5 0.07926403202330733 0.006282950032632679
4 0.0790615281660589 0.0062507952923902136
3.5 0.07895664927361966 0.006234208077096593
3 0.07881120572560754 0.006211235451072926
2.5 0.07874587052171812 0.00620093430754358
2 0.07865336990922195 0.006186359368954309
1.5 0.07861732244881464 0.006180686784525697
1 0.07859809250328528 0.006177661177849042
0.5 0.07860513592257914 0.00617876747892038
