1000 0.7702464708440144 0.5937919933250282
999.5 0.7702044503857299 0.5937154286043576
999 0.7695082724930221 0.5926576572597888
998.5 0.7698072929069832 0.5930976642172594
998 0.7700721656901243 0.593505703174384
997.5 0.7698393221016124 0.5931616215959062
997 0.7701064050619436 0.5935703845674097
996.5 0.7697793117872931 0.593060155210986
996 0.7700142386221047 0.5934172616744517
995.5 0.7696904355052604 0.5929302667228491
995 0.7701057012058287 0.593562224086916
994.5 0.7703757616442506 0.5939840003956046
994 0.7697213356199647 0.5929639149736705
993.5 0.7695192228201375 0.592661086865325
993 0.7699103364247855 0.5932689671128414
992.5 0.7699337028130407 0.5933034433893205
992 0.7697014932504197 0.59292617590872
991.5 0.7705371754203024 0.5942315799961652
991 0.7698159994009177 0.5931118108843907
990.5 0.7701030856576677 0.5935561092559248
990 0.7695372473148426 0.5926739766664963
989.5 0.7699946012383475 0.593394469196741
989 0.7696783067263558 0.5929053893128352
988.5 0.7696722910668659 0.5929105466138939
988 0.7698891886132522 0.5932231328596665
987.5 0.7695633054884301 0.5927328042012302
987 0.7697088367146138 0.5929454957704396
986.5 0.7696092685248919 0.5927936826161668
986 0.770033378620554 0.5934545298704362
985.5 0.7694820905624077 0.5925978690491462
985 0.7694587939406163 0.5925705909263704
984.5 0.7695041696283174 0.592642383582578
984 0.7695012230065098 0.592634528427129
983.5 0.7698866447078275 0.5932346224073904
983 0.7696189471309207 0.5928184916697397
982.5 0.770047904097788 0.5934850709453225
982 0.7695372793963303 0.5927141590159328
981.5 0.7695872339692381 0.592753931631683
981 0.7697054656434267 0.5929461606647269
980.5 0.7694878175872897 0.5926074689298295
980 0.7696122141897068 0.5928109932007053
979.5 0.7694854998044419 0.5926104274636153
979 0.7696979209759954 0.5929407335191181
978.5 0.7696521662538843 0.5928690323196076
978 0.7693856634535357 0.5924635613531142
977.5 0.7693398992641353 0.592392178811252
977 0.7694014918907971 0.5924881391399851
976.5 0.7698282382871363 0.5931402315435362
976 0.7697299296825375 0.5929826015217702
975.5 0.7692666532313412 0.5922732769297819
975 0.7691462039473318 0.5920867591977724
974.5 0.7693978931690034 0.5924782326176042
974 0.7696111636057776 0.5928170888981577
973.5 0.7694579035844648 0.5925760309215732
973 0.7693065711587626 0.592322379518411
972.5 0.769198511952357 0.5921602064442179
972 0.7695982929087738 0.5927793701989339
971.5 0.7693607609774405 0.5924226011488926
971 0.7694610949181827 0.5925704253249402
970.5 0.7692720940995955 0.5922688048298552
970 0.7698276091742127 0.5931315693263111
969.5 0.7690089158829273 0.5918820702402203
969 0.7691500238424286 0.5920958553285764
968.5 0.7697634795339234 0.5930372264999091
968 0.7693248564729149 0.5923648615922831
967.5 0.7694770772923855 0.5926010299215687
967 0.7695897477488279 0.5927774650993178
966.5 0.769260071368852 0.5922505281459719
966 0.7685646503802899 0.5912170635510988
965.5 0.7695902529802615 0.5927720869263206
965 0.7694229350051742 0.5925054226140708
964.5 0.7686092090458215 0.5912692016607216
964 0.769629084861818 0.5928301728189966
963.5 0.769208917115047 0.5921796877118588
963 0.7693933977082179 0.5924746347056034
962.5 0.7685497024336817 0.5911691333352967
962 0.7691650925949519 0.5921232807536387
961.5 0.7698602032888617 0.5931914046537289
961 0.768699117761682 0.5914075159330597
960.5 0.7689178706425439 0.591734377073343
960 0.7695135969024105 0.5926559545659059
959.5 0.7687277757393218 0.5914353670511375
959 0.7690016708111082 0.5918718994006493
958.5 0.7691848221966303 0.5921360907473255
958 0.7688066723219661 0.5915701850181088
957.5 0.7689173100223743 0.5917524102698265
957 0.7695271173504212 0.59267718879477
956.5 0.7688460338113965 0.5916232579897168
956 0.7690051909524273 0.59187724510519
955.5 0.7693604309855664 0.5924141503523959
955 0.7687409015145258 0.5914606619585865
954.5 0.7691859788521703 0.5921491964754468
954 0.7693814121878085 0.592454209228155
953.5 0.7688973815260066 0.5916925774378168
953 0.769163941573525 0.592109204234077
952.5 0.7689409523214085 0.5917651825590183
952 0.7688701453085818 0.5916678796051271
951.5 0.7686393331439291 0.5913196371968578
951 0.7691167166643955 0.5920512938828046
950.5 0.769177100708558 0.5921449941386225
950 0.7689599875628547 0.5917942163269775
949.5 0.7688257846680044 0.5915987496359918
949 0.7685017043269395 0.591097025741561
948.5 0.7687370626676729 0.5914499188129152
948 0.7686979205937726 0.5914133458456036
947.5 0.7690707434622465 0.5919725738261199
947 0.7687661190611956 0.5915035131529492
946.5 0.7692261668012456 0.5922131602555155
946 0.768393988427593 0.5909221462897576
945.5 0.7688978484812016 0.591703372156974
945 0.7688984546102711 0.5917133640636756
944.5 0.7683538516430833 0.590870240754356
944 0.7687815238790335 0.5915326125656267
943.5 0.7685077708216885 0.591105599070308
943 0.7685222538091724 0.5911238738787067
942.5 0.7683097483942773 0.5907996609683404
942 0.7685033175590738 0.5910921055842955
941.5 0.7686688787647775 0.5913410880583028
941 0.768582989242397 0.5912204165454367
940.5 0.7689853509095094 0.5918484093870617
940 0.7686607879046996 0.5913444159988579
939.5 0.7684188046023388 0.590976167283503
939 0.7684653209693404 0.5910418807089635
938.5 0.7685168862881195 0.5911196293068598
938 0.7692625763996986 0.5922588083595406
937.5 0.7688714352476629 0.5916656123679
937 0.7683090932759613 0.5908041597849938
936.5 0.7684055566880832 0.5909568548070089
936 0.7680842251454134 0.5904611388919505
935.5 0.767971525212298 0.5902847179469862
935 0.7690281376778965 0.5919052826755464
934.5 0.768423624831498 0.5909717124320575
934 0.768829618878331 0.5915880712646661
933.5 0.7677399459629307 0.5899365074854802
933 0.7688213133636981 0.5916010664762823
932.5 0.7689061765575129 0.5917321671400254
932 0.7682203887545642 0.5906731875296296
931.5 0.7684060676095157 0.5909468083735236
931 0.7681123032193677 0.5904938557880856
930.5 0.768343983461144 0.5908701771612529
930 0.7680992498984951 0.5904767880226847
929.5 0.7685146237293062 0.5911318504424466
929 0.7684290928101809 0.5909881444857727
928.5 0.7677750441586797 0.5899770709023118
928 0.7680710393993558 0.5904432059934901
927.5 0.7684372910792956 0.5910044681150153
927 0.7681083074538779 0.5904954856595691
926.5 0.7679359171947541 0.5902344747196823
926 0.7680233430451795 0.5903672492522282
925.5 0.7682102761543825 0.5906555698823
925 0.7680194452665502 0.5903400218216556
924.5 0.7682439787673266 0.5907252655199746
924 0.7682144242972525 0.5906647489332131
923.5 0.7680139718993992 0.5903516087777189
923 0.7677263771781261 0.5899052713520107
922.5 0.7679153780294546 0.5901955804748092
922 0.7679287044877495 0.590216957937133
921.5 0.768234382295874 0.5906861680264194
921 0.7681000140286292 0.5904909866165902
920.5 0.7680898851096202 0.5904803828216711
920 0.7679710101643911 0.5902805333638115
919.5 0.7677792588214778 0.5900011939777717
919 0.7677614591206381 0.589963831941273
918.5 0.7671367205512848 0.5890155038825803
918 0.7680085096000623 0.5903421201127284
917.5 0.7678562163807968 0.5901168192801249
917 0.7681615068900709 0.5905757550239387
916.5 0.7677069803837963 0.589869686493914
916 0.7675553749855915 0.5896566930911264
915.5 0.7682426851368924 0.5907140371409046
915 0.7677123964384717 0.5898864679103332
914.5 0.7673059430020989 0.5892699744588185
914 0.7678865977606404 0.5901572702027121
913.5 0.7679290850273851 0.5902051448330571
913 0.7676440126379387 0.5897851806620045
912.5 0.7679090945571438 0.5901817751924073
912 0.7678420909945242 0.5901024928874379
911.5 0.7677001949347362 0.5898757911051573
911 0.7682693449361745 0.5907475853771431
910.5 0.7675533347794531 0.5896390483531689
910 0.7678882343609592 0.5901553678610034
909.5 0.7676264823599932 0.5897676299707688
909 0.7673882768499688 0.5893979934724164
908.5 0.7670431923816727 0.5888794956316956
908 0.7677402511366355 0.5899307527028679
907.5 0.7676556797133663 0.5898050330446004
907 0.7673387936812631 0.5893021336905571
906.5 0.7672538072485996 0.5891830142337536
906 0.7672713834604845 0.5892053786001707
905.5 0.7679101664158481 0.5901761522672769
905 0.7674360730411118 0.5894707557179419
904.5 0.7678791615971496 0.5901542175574878
904 0.7677187111259719 0.5898871727320774
903.5 0.7671425948166258 0.5890230789569993
903 0.7673716316668763 0.5893690834822677
902.5 0.7670128375730433 0.5888194872603386
902 0.7672873159502198 0.5892359918692281
901.5 0.7672636087719583 0.5892102347869977
901 0.7680878589515228 0.5904640516878318
900.5 0.767151455777233 0.5890299022397367
900 0.767344346149728 0.5893243142703424
899.5 0.7675101440649701 0.5895709667066658
899 0.7671744294240392 0.58906739991716
898.5 0.7671004336733163 0.5889538864085299
898 0.7669007896002278 0.5886393045496664
897.5 0.7673069212767297 0.5892685061974137
897 0.7671651349481349 0.5890641434395251
896.5 0.7669421864015045 0.5886994561298993
896 0.7673197795764993 0.5892701990811422
895.5 0.7674557794102135 0.5894898204243874
895 0.7671539843528243 0.5890355597777798
894.5 0.7671745551160524 0.5890634819604669
894 0.7670763597156105 0.5889046360939141
893.5 0.7671092671659628 0.5889707988081834
893 0.7674049013070265 0.5894233260122506
892.5 0.7671125356638628 0.5889650794394278
892 0.7669051214942182 0.5886647355245074
891.5 0.7669608210602773 0.588741360131739
891 0.7672744693541008 0.5892284668092888
890.5 0.7671368113298836 0.5890229610692027
890 0.7673195818854329 0.5892928556177611
889.5 0.7668954483515116 0.5886378025291321
889 0.7679573871183912 0.5902511170718611
888.5 0.7667843794638464 0.5884572128538212
888 0.7671029818352558 0.5889518355378955
887.5 0.766646391520542 0.58825271132886
887 0.7668549744532012 0.588561277816389
886.5 0.767588892711805 0.589706775777177
886 0.7664624253644383 0.587973953390477
885.5 0.7669825556321489 0.5887753178527294
885 0.7666826403963437 0.5883045485872624
884.5 0.767034955228906 0.5888521229279278
884 0.766791941634554 0.5884819697547281
883.5 0.7669644627884178 0.588743747775835
883 0.7669875397338435 0.5887715513925061
882.5 0.766398446933362 0.5878729489626404
882 0.7670886384249908 0.5889198898750043
881.5 0.7669515980727051 0.5887156208280895
881 0.7668804803960636 0.5886094434229394
880.5 0.7667046120103023 0.5883531052435744
880 0.7661601837423856 0.58751475937199
879.5 0.7666942314188918 0.5883338300463797
879 0.767009321016861 0.5888033910137124
878.5 0.7661104152520636 0.5874249333534716
878 0.766116081910023 0.5874473301668329
877.5 0.7669251795170298 0.5886766670211236
877 0.7664602787833543 0.5879722384076902
876.5 0.7668883794687587 0.5886363964189212
876 0.7667529370208251 0.5884237640009304
875.5 0.766646619115881 0.5882417202767856
875 0.767108732062878 0.5889653276029226
874.5 0.7662433612070146 0.5876456315462542
874 0.7668263397133496 0.5885364912935028
873.5 0.7662117025237153 0.5875766365339773
873 0.7662531416067406 0.5876516482454491
872.5 0.7660482898504074 0.5873476135560153
872 0.7662564052945011 0.5876546485073154
871.5 0.7664839682523991 0.5880115154364023
871 0.7659936200406919 0.5872568013089189
870.5 0.7660151899250779 0.5872848031107789
870 0.7657969130164582 0.5869548064167265
869.5 0.7660574358139841 0.5873514494279058
869 0.7656717756161526 0.586761157253781
868.5 0.7665304385483761 0.588078073508654
868 0.7660426673523569 0.5873281811373032
867.5 0.7665319272379156 0.5880678030314641
867 0.7664591094245919 0.5879578344173663
866.5 0.7661790758774957 0.5875428119504058
866 0.7657148534205477 0.5868306355648099
865.5 0.7660399997215013 0.5873416316484058
865 0.765978592548606 0.5872293548276074
864.5 0.7660728515994867 0.5873804953515586
864 0.7658533985198849 0.5870326125002118
863.5 0.7661711738258373 0.5875375396883051
863 0.7665839952638583 0.5881611761326186
862.5 0.7662015237322471 0.5875695904287742
862 0.7655704753489301 0.5866134653451485
861.5 0.7663039616802372 0.5877307321677692
861 0.7655812662813497 0.5866202716872703
860.5 0.7665028199975744 0.5880271997804787
860 0.7660690180448088 0.5873632971189449
859.5 0.7664441747674867 0.5879454221552355
859 0.7658624125019896 0.587061777824009
858.5 0.7656617084734145 0.5867422277565787
858 0.7660724830634337 0.5873854232863835
857.5 0.7656569414715206 0.5867436203478478
857 0.7663262389124561 0.5877709650960757
856.5 0.7661925642397002 0.5875644994899993
856 0.7654079790489712 0.5863586923614351
855.5 0.7660064894851569 0.5872603294117617
855 0.7662305016872429 0.587605697527354
854.5 0.76531766455555 0.586220634789916
854 0.7653416804131453 0.5862540186808219
853.5 0.7657028891638428 0.5867975282021738
853 0.7658766184068427 0.5870655827453019
852.5 0.7658285843884567 0.5869864058832055
852 0.7660424214352225 0.5873198095279825
851.5 0.7655696055493089 0.5866104643599753
851 0.7656522519175416 0.5867336601300772
850.5 0.7659322840886337 0.5871731157635572
850 0.7656561954258048 0.5867457933936818
849.5 0.7652805301828478 0.5861526087807556
849 0.7660167408895657 0.5872891438534042
848.5 0.765804598529163 0.5869765527392506
848 0.7655995356058622 0.5866501621254714
847.5 0.7656807926048309 0.5867683827990399
847 0.7656599195410707 0.586745983016624
846.5 0.7656709877312933 0.5867561441873134
846 0.7659456536289193 0.5871859721152659
845.5 0.765472396988272 0.5864573124026374
845 0.7659844639955907 0.5872386082818585
844.5 0.7653409349624614 0.5862558344492421
844 0.7651273822092195 0.5859305264270704
843.5 0.765499194126348 0.5865041300528415
843 0.7651490295474858 0.5859770991201656
842.5 0.7655977370972991 0.5866422849518765
842 0.7654582399864034 0.5864309632634089
841.5 0.7656078204568862 0.5866617419514814
841 0.7652677501946094 0.5861531930403328
840.5 0.7655062442861047 0.5865039066431756
840 0.7655472534797871 0.5865706749749294
839.5 0.765372647107363 0.5863177639167239
839 0.7652241095556938 0.5860750230747678
838.5 0.7652149466249347 0.5860626562984685
838 0.7654658719687554 0.5864586762419756
837.5 0.7656378004178778 0.5867025724154884
837 0.7650982954583427 0.5858856868997299
836.5 0.7648605277284507 0.5855263922195082
836 0.7654111414794342 0.5863563008784977
835.5 0.7647822434619609 0.5854062208563089
835 0.7649984862728282 0.5857246565407074
834.5 0.7646237198207197 0.5851474002386707
834 0.7652103580391038 0.5860414418402797
833.5 0.7653086878258281 0.5862000479268697
833 0.7652128314846097 0.5860647535234107
832.5 0.7652844997076343 0.5861778040424083
832 0.7653657459325817 0.5862940392084034
831.5 0.7649619625407754 0.5856827257038894
831 0.7649038002013561 0.5855866263019157
830.5 0.7649488561576814 0.5856476953047702
830 0.7649935073128101 0.5857301363071207
829.5 0.7655271327139519 0.5865423690894322
829 0.7645835569982006 0.5851011174669583
828.5 0.7647256706571677 0.5853210153237307
828 0.7647080034845969 0.5852855826479373
827.5 0.7648826321321719 0.5855515517862468
827 0.765103850292674 0.5859032904627236
826.5 0.7648919542164053 0.5855606227784589
826 0.7645578017949218 0.5850537605096408
825.5 0.7650233701008978 0.5857745804891139
825 0.7647933759300312 0.5854202831089691
824.5 0.7649775882659724 0.5856878972176005
824 0.7644304568018154 0.5848650282684164
823.5 0.7643187137098345 0.5846943412363141
823 0.7649068111558155 0.5856018903837386
822.5 0.7642667347133437 0.5846257680463575
822 0.7644791615245624 0.5849327999797145
821.5 0.7645314694207851 0.5850246320138597
821 0.764773466185974 0.5853930639749769
820.5 0.7647062248666985 0.5852798250458487
820 0.7643162022107965 0.584694192640466
819.5 0.7649663352774423 0.5856763962914042
819 0.7642352773115975 0.5845578921436352
818.5 0.7652015318978065 0.5860306849350118
818 0.7650322867438768 0.5857855242020661
817.5 0.7646179152911715 0.5851391160222462
817 0.7648177511709345 0.5854477964045822
816.5 0.7645333726219182 0.5850156498890611
816 0.7643785419440373 0.5847815526256251
815.5 0.7641520400842775 0.5844349476423396
815 0.7642100679326863 0.5845278941692559
814.5 0.7643090075165179 0.5846731743980161
814 0.7644549998532296 0.5849162343904287
813.5 0.76395377180079 0.5841387844913933
813 0.7643802496054909 0.5847913856082777
812.5 0.764369858010138 0.5847608682130262
812 0.7647767286986512 0.5853926684325724
811.5 0.7636689100711352 0.583705837209255
811 0.7648171123479041 0.5854471939973447
810.5 0.7641801289168211 0.584493211020372
810 0.7644324894968084 0.5848682884020864
809.5 0.7641604399803559 0.5844555420904336
809 0.7644978942520467 0.5849696877421009
808.5 0.7640247580419066 0.5842511987920351
808 0.7640375880358115 0.5842724440096475
807.5 0.7635208561859134 0.5834637449108759
807 0.7642528277947989 0.5846027541841698
806.5 0.7646261692951657 0.5851741163300256
806 0.7639402200831825 0.5841171005775839
805.5 0.764140204181536 0.5844149764882457
805 0.763946077930019 0.5841132977640761
804.5 0.7639070349481238 0.5840641149150239
804 0.7640993197360408 0.5843631961037077
803.5 0.7642120493363874 0.5845312376639387
803 0.763908790276758 0.584058687847832
802.5 0.7638348776074516 0.5839438672264895
802 0.7634312127876033 0.5833491304281755
801.5 0.7633136147573549 0.5831509913317471
801 0.7641048023259729 0.5843736836356354
800.5 0.7642290307240849 0.5845517203480912
800 0.763749565172271 0.583815795463363
799.5 0.7638910414475605 0.5840449386829124
799 0.763175195606177 0.5829643929285336
798.5 0.7632876454168277 0.5831113496640752
798 0.7634801214414771 0.5834130895053407
797.5 0.7633485347574814 0.5832287288217636
797 0.7633800001673668 0.5832532938410632
796.5 0.7638073568365177 0.5839015883892514
796 0.7640325822258704 0.5842636330412333
795.5 0.7632368669131852 0.5830400763150594
795 0.7642067400630949 0.5845227971931056
794.5 0.7636028399023643 0.5836133429892749
794 0.7639487068437106 0.5841171652315184
793.5 0.7638393918707651 0.5839565521657242
793 0.7632960042483861 0.5831293558935244
792.5 0.7633706819399468 0.583262201409453
792 0.7635732768278866 0.5835493932044873
791.5 0.7635733456154422 0.5835652228203527
791 0.7632024473219755 0.5829787666412211
790.5 0.7631853127786703 0.5829630123256376
790 0.7637132077500971 0.5837817049135702
789.5 0.7634696378636389 0.5834029477201311
789 0.7637477334493148 0.5838344337827565
788.5 0.7633113064481706 0.583149880668713
788 0.7632076746340617 0.58300246419019
787.5 0.7634865979296943 0.5834204856429063
787 0.7631644473671737 0.5829246063205686
786.5 0.7629460934335247 0.582593286034956
786 0.7632385667518905 0.5830461351766503
785.5 0.7632461003060875 0.5830526645651422
785 0.7631484828441124 0.5829052816065792
784.5 0.762839571126015 0.5824458528650787
784 0.7627523235357974 0.5822977050685948
783.5 0.7631452204205289 0.5829091861266346
783 0.7627139297203905 0.5822370006369484
782.5 0.7630599413674333 0.5827638360228737
782 0.7634346413756025 0.5833419645446909
781.5 0.7627635137522313 0.582313845127849
781 0.763426241890915 0.5833399004613705
780.5 0.762505954334668 0.5819309582527514
780 0.7630158392195251 0.5827078259920079
779.5 0.7628697910169251 0.5824804819725815
779 0.7629132136154155 0.5825446045366295
778.5 0.7633030933164071 0.5831476376756943
778 0.7626142213367595 0.5820826957537727
777.5 0.7629101560485857 0.5825370131101616
777 0.7626193236417406 0.5821065274628235
776.5 0.7630471372808709 0.5827470733149596
776 0.762276686739152 0.5815839923576454
775.5 0.7622492853864521 0.5815404159690005
775 0.762569217438557 0.5820216441510934
774.5 0.7632160778094145 0.5830034607255999
774 0.7627027570523269 0.5822297569002267
773.5 0.763052750755076 0.5827619387364364
773 0.7630514201200447 0.5827598151055293
772.5 0.7623725571945396 0.5817172592439804
772 0.7627555935216123 0.5823162911455055
771.5 0.7628303440880375 0.582420912285694
771 0.7624802407451711 0.5818893936501668
770.5 0.7623176910328083 0.5816342323117335
770 0.7619765439713634 0.5811229690655044
769.5 0.762201021632353 0.5814602442083252
769 0.7627571631461709 0.5823036946689142
768.5 0.7621774464485241 0.5814136572460662
768 0.7625441231205359 0.5819884635593603
767.5 0.7625636506630626 0.5820136906034679
767 0.7625881251063988 0.5820560162459347
766.5 0.762460653718532 0.581850224745509
766 0.7623514696854724 0.5816925069105876
765.5 0.7626652510587072 0.5821622869515118
765 0.7623322626014171 0.5816573977611562
764.5 0.7623225024914102 0.5816521151589659
764 0.7622093885524248 0.5814661973708309
763.5 0.7618262406751627 0.5808884367635275
763 0.7620928835374774 0.5813078031495809
762.5 0.7622355866855072 0.5815182620214759
762 0.7623520170194177 0.5816955965830232
761.5 0.7622258006429163 0.5814949424177764
761 0.7620260727037905 0.5811861317262944
760.5 0.7622526519836225 0.5815362304736647
760 0.7616584982309872 0.5806422517848636
759.5 0.761713414683205 0.5807382387916081
759 0.7622156174752661 0.5814867257661678
758.5 0.7622903740307175 0.5816047215170499
758 0.762124903218279 0.5813457603419899
757.5 0.761615482704308 0.5805700485994344
757 0.7622312817888262 0.5815016284505781
756.5 0.7620611368270944 0.5812374546072423
756 0.7618325791567325 0.5808965908151436
755.5 0.7620186063938454 0.5811856473918029
755 0.7623383733585363 0.5816810728565889
754.5 0.7609753396676162 0.5796087018880484
754 0.7616167972873017 0.5805738357041685
753.5 0.7614394695254314 0.5803146219278325
753 0.7624054909597778 0.5817658327139823
752.5 0.761885827775865 0.5809755235222446
752 0.7614987955026953 0.5804012914013635
751.5 0.762052216934461 0.5812480693015216
751 0.7617068470081765 0.5807018904796806
750.5 0.7615638033891823 0.5804952894661846
750 0.7617300485414764 0.5807456004893684
749.5 0.7620227958471739 0.5811844885725406
749 0.7613440498668879 0.5801637225602697
748.5 0.7614477330311027 0.5803160778923895
748 0.7617681908957271 0.5808056408948802
747.5 0.7612516111764267 0.5800198640692507
747 0.7616341006593546 0.5805896021920525
746.5 0.7611772773857429 0.5798994850265625
746 0.7619978391190169 0.5811607956708404
745.5 0.7616053113997326 0.5805553959698441
745 0.7614651924245004 0.580340484609569
744.5 0.7611301604060416 0.5798127885395903
744 0.7615307157524158 0.5804484912006443
743.5 0.761110146566636 0.5798005930030897
743 0.7613616718862859 0.5801773646428461
742.5 0.7613053437172315 0.5801044042573835
742 0.7612293887547914 0.5799763264325469
741.5 0.7606907625789541 0.579180517146702
741 0.7614555516671442 0.5803171279441617
740.5 0.7610301763435131 0.579684722504468
740 0.7614965669573811 0.5803958593868284
739.5 0.7613320168275411 0.5801484855061463
739 0.7613681167564308 0.58020272918378
738.5 0.7608052901273927 0.5793457923911871
738 0.760952531826493 0.5795629299017951
737.5 0.7611088547905724 0.5798044950051802
737 0.7612912974111866 0.5800802256216816
736.5 0.7611171533766045 0.5798207072234189
736 0.7609251143213086 0.5795177658033838
735.5 0.7611938634290292 0.5799408332127305
735 0.7610250029712721 0.5796640481519685
734.5 0.7603654828913404 0.5786689873403924
734 0.760541000495352 0.5789335039953714
733.5 0.7608611226474087 0.5794329583998346
733 0.7604220998826412 0.5787479656034713
732.5 0.7612632905061032 0.5800420890773076
732 0.7607543852957968 0.5792627850539467
731.5 0.7609813627525029 0.5796017161223211
731 0.7611170247315262 0.5798028918731004
730.5 0.7607140142408616 0.5792052935012797
730 0.7605785922114566 0.5789762349916281
729.5 0.7606370832432595 0.5790939529646946
729 0.7600121767150795 0.5781210565657665
728.5 0.7607327800950648 0.5792264052029128
728 0.760157656616941 0.5783452060237849
727.5 0.7604722438939988 0.5788410847625869
727 0.7607735745190989 0.5792781916959072
726.5 0.7603530816235731 0.5786477949801884
726 0.7601917757639177 0.5784115921761208
725.5 0.7612944698241203 0.580097614042949
725 0.760589244497303 0.5790206799530394
724.5 0.7607278153949948 0.5792349824281617
724 0.7607972747844118 0.5793180184514478
723.5 0.7607880130628704 0.5793156546327769
723 0.7603478905834692 0.578640123906352
722.5 0.7602789339258796 0.5785394311083976
722 0.7604556111630428 0.5788077344677736
721.5 0.7600864431551136 0.5782432401697395
721 0.7596579954118857 0.5775951621898815
720.5 0.7600058493452129 0.5781064691316263
720 0.7606913059346144 0.5791597845574916
719.5 0.7598612629182803 0.5778990915344779
719 0.7601464950576922 0.5783232080141847
718.5 0.7602353834567556 0.5784797967959964
718 0.7600515442972581 0.5781912361275174
717.5 0.7605249103166338 0.5789102283933247
717 0.7605009592794546 0.5788696571399647
716.5 0.7605138105921128 0.5789118857842304
716 0.7596684719934216 0.5776230615755643
715.5 0.7605334150414804 0.5789115463517284
715 0.7598283129498667 0.5778406778853695
714.5 0.7592162626133709 0.5769234981623411
714 0.7601370902059901 0.5783170580871133
713.5 0.7598227569785917 0.5778444856082093
713 0.7599989928536875 0.5781156545504564
712.5 0.7602587805035038 0.5785014162111329
712 0.7598491660651553 0.5778953680881879
711.5 0.759474721524623 0.5773296329312215
711 0.7596303004980651 0.5775522958650717
710.5 0.7600969251135837 0.57824317302178
710 0.7598788864590151 0.5779168433006716
709.5 0.7600971188288094 0.5782631228826668
709 0.7604720574938806 0.5788347109221319
708.5 0.7599170317049353 0.5779817772177265
708 0.7596730868263731 0.577614152590423
707.5 0.7597013349333973 0.577658802884247
707 0.7598805155393981 0.5779350400755213
706.5 0.7599062904420969 0.5779701926746313
706 0.7595744423254704 0.57746625064003
705.5 0.7591719593934404 0.576854225613655
705 0.7595660208071334 0.5774635562658191
704.5 0.7587873377663902 0.5762624036091111
704 0.7594240812510041 0.5772464659113286
703.5 0.7594731176102659 0.5773273886235851
703 0.7591450427929214 0.5768243529476124
702.5 0.7596424161238057 0.5775772683260951
702 0.758706256007489 0.5761403221982854
701.5 0.759242671303849 0.5769705518795648
701 0.7586075321005811 0.5759964216171028
700.5 0.7588982241519239 0.5764482692581573
700 0.7595086297295425 0.5773817098536002
699.5 0.7592579498145247 0.5769811870501973
699 0.7592096567609479 0.5769127085034775
698.5 0.7590457484822728 0.5766814234024856
698 0.7591375248807777 0.5768099550636331
697.5 0.7592669703000429 0.5770042503126572
697 0.7586269159875002 0.5760346199994236
696.5 0.7584104551208795 0.5756989904167815
696 0.759216076559885 0.576915396520475
695.5 0.7588672152125612 0.5763857521066424
695 0.7586638378802678 0.5760902201443464
694.5 0.7596444564108223 0.5775831308411573
694 0.7592438779387591 0.5769705242695151
693.5 0.7589836477651513 0.5765843703838652
693 0.7585032597605248 0.5758423136183705
692.5 0.7584968958771595 0.5758384259139183
692 0.7582598847573482 0.5754747963860637
691.5 0.7590358501365254 0.5766388617964985
691 0.7585655432541404 0.5759423430132924
690.5 0.7584541330879222 0.5757523660417622
690 0.7587193571773926 0.5761710060835468
689.5 0.7584056190351226 0.5756926163465833
689 0.7585153829238915 0.5758639801999145
688.5 0.7585040706004724 0.5758461371613061
688 0.758647626420366 0.5760685066904249
687.5 0.7588016635862948 0.5762859509852761
687 0.7581776568868911 0.5753536572906204
686.5 0.7578146848349282 0.5748008697913124
686 0.7583347998329544 0.5755835592287163
685.5 0.7577172308907343 0.5746556680613711
685 0.7579976541652919 0.5750817753311747
684.5 0.7583155980213029 0.5755542955031709
684 0.7582954358707824 0.5755338898189332
683.5 0.7586507426119441 0.5760634785026875
683 0.7583326561083913 0.5755957843462086
682.5 0.7580427332928159 0.575149141514144
682 0.7579954435830685 0.5750845065271329
681.5 0.7581086576909273 0.5752521039025188
681 0.75900445406635 0.576591713773331
680.5 0.758113970196235 0.5752478555921544
680 0.7578362381666445 0.5748319296923962
679.5 0.7578518491728137 0.574857442493065
679 0.757947703770593 0.5749994541179096
678.5 0.7587287597860025 0.576183170152928
678 0.7575932946109715 0.5744672725792663
677.5 0.7578658708620516 0.5748684075361084
677 0.7580383421921749 0.5751413893108565
676.5 0.7577637253552523 0.5747266584645199
676 0.757716061684938 0.5746558440321727
675.5 0.7573787343328189 0.5741283372370921
675 0.7578627932487498 0.5748687045949512
674.5 0.7580361592001384 0.5751399994399428
674 0.757592596062385 0.5744554904252628
673.5 0.7576777035278751 0.5745906030695611
673 0.7575000680480676 0.5743172101172954
672.5 0.7577607218859544 0.5747161190434181
672 0.7573629523483975 0.5741129868007858
671.5 0.75785150195822 0.5748589702297586
671 0.7576096262507898 0.574502043227418
670.5 0.757853548870245 0.5748701195371919
670 0.757520570174897 0.5743495903056814
669.5 0.7575668646227824 0.5744142612751277
669 0.7575769526870685 0.5744395909544914
668.5 0.7569699950948533 0.5735234379051559
668 0.7574986531337803 0.5743188923465583
667.5 0.757420225062473 0.5742090221070049
667 0.7574185240659834 0.5741914365997111
666.5 0.757118531522633 0.5737353953896532
666 0.75744373992656 0.5742418201209374
665.5 0.7569168338844351 0.5734481046611086
665 0.7574082343003985 0.5741942244347239
664.5 0.7575469609174211 0.574408500778145
664 0.75751261339316 0.5743385876175136
663.5 0.7569553475762913 0.5735084694411552
663 0.7576585702731812 0.5745860966726335
662.5 0.75669796312673 0.573095091506215
662 0.7568885466387489 0.5733956584210643
661.5 0.7572302991384994 0.5739089098066359
661 0.7571091476726819 0.573725808692115
660.5 0.7572604330160798 0.5739570863789509
660 0.7569747138212565 0.5735256801766329
659.5 0.7570715851401838 0.5736568108890874
659 0.7569265227455383 0.5734552291866615
658.5 0.7568397420771995 0.5733104625533468
658 0.7568986107831471 0.5734108060110117
657.5 0.7564522913177638 0.5727396106089323
657 0.757276133597117 0.5739852468657024
656.5 0.7562513981053319 0.5724249394492583
656 0.7566272059270766 0.5730056314228616
655.5 0.7570768521802038 0.5736779589118027
655 0.7563372255642089 0.5725614692619716
654.5 0.7567385331204214 0.5731599567355425
654 0.756519910651694 0.5728482765429496
653.5 0.7563037970381384 0.5725132711278008
653 0.7563021988812342 0.5725108706581861
652.5 0.7568448728527164 0.5733474334816249
652 0.7563279436637846 0.5725583931219126
651.5 0.7561377686118752 0.5722541281330636
651 0.7564430164793471 0.5727378260134167
650.5 0.756115831078391 0.5722192592406985
650 0.7564213526948742 0.5727011438002388
649.5 0.7565280689669429 0.5728492642583399
649 0.7563203245017062 0.5725262824262234
648.5 0.7558240576178658 0.5717798488233837
648 0.7560253314212806 0.5720961977129327
647.5 0.7561696136691389 0.5723274246294333
647 0.755699255855522 0.5716058712219518
646.5 0.755997879806817 0.5720441292899343
646 0.755919219222667 0.5719401660403569
645.5 0.7561889260359049 0.5723378227498839
645 0.755932265860522 0.5719742214805335
644.5 0.756004840722488 0.5720576586354903
644 0.755886045599795 0.5718981027896761
643.5 0.7561624836234938 0.572292963494767
643 0.7567800667463981 0.573242739661163
642.5 0.755591089153889 0.5714416275606365
642 0.7556897852361971 0.5716065544623636
641.5 0.7555596039196272 0.5713932567888877
641 0.7559342102605707 0.5719558691194526
640.5 0.7555594281736776 0.5714029262310107
640 0.7558943204139872 0.5718878414213282
639.5 0.755502680057068 0.5713029333684946
639 0.7554777747826701 0.57127515381278
638.5 0.7550275702461722 0.5705845220408228
638 0.7555705265458548 0.571415201599756
637.5 0.7552391367556297 0.5708876230408156
637 0.7554651346420564 0.5712501837390122
636.5 0.7554558786034569 0.5712264961937612
636 0.7558844981570346 0.5718679288350152
635.5 0.75512854604552 0.5707374200392786
635 0.755277127020615 0.5709618843208525
634.5 0.7556517971595859 0.5715336311223687
634 0.7550705764654873 0.5706538558352667
633.5 0.7551042774095784 0.5707062279752757
633 0.7553848221893791 0.571124922296328
632.5 0.7550373011304622 0.5705993990378123
632 0.7546681866192305 0.5700506767993194
631.5 0.7552825216210576 0.5709668988755155
631 0.7548257927713271 0.5702856052985034
630.5 0.7552355282528108 0.5709088156847838
630 0.7548145879845835 0.5702730224057769
629.5 0.7550654393512204 0.5706448210029524
629 0.7553062332046248 0.5710012450670054
628.5 0.7550074035014137 0.5705562965529946
628 0.7554509667561442 0.571229380972636
627.5 0.75492513460148 0.5704314824008551
627 0.7546025473419462 0.5699555428314058
626.5 0.7545661104808647 0.5698835195722148
626 0.7548247212945246 0.5702815389915994
625.5 0.7554079536408265 0.5711562406208905
625 0.7549546258304504 0.5704887942944771
624.5 0.7546565504851801 0.5700250821120325
624 0.7546693184274953 0.5700392711479068
623.5 0.7547137360412282 0.5701071865063352
623 0.754480156985414 0.5697704413645764
622.5 0.7547250036190987 0.5701349925485024
622 0.7542237299173471 0.5693724807174703
621.5 0.7546624112406732 0.5700263727955717
621 0.7541995268346283 0.569340802113772
620.5 0.7549736522582777 0.5705143368547401
620 0.7536974482745582 0.5685859018260511
619.5 0.7551976313891227 0.5708466234696176
619 0.7543570014781601 0.5695793008407968
618.5 0.7543982517162034 0.56965038443514
618 0.7540772845583523 0.5691582466763979
617.5 0.7542244968315593 0.5693766881852252
617 0.7543838791724655 0.5696106515063611
616.5 0.7539641381911065 0.5689889668093031
616 0.7537440168582158 0.5686560429023326
615.5 0.7548440098898034 0.5703027584936563
615 0.7540776186398471 0.5691595461843004
614.5 0.7534840243269384 0.5682682594019782
614 0.7541577815955292 0.5692792549881072
613.5 0.7535643945789551 0.5683921703366485
613 0.754410954397968 0.569656292541792
612.5 0.7542560239473213 0.5694249207485977
612 0.7541134343808603 0.5692120686307437
611.5 0.7536024944362606 0.5684458316970326
611 0.7535202487589922 0.5683101312936807
610.5 0.7534498218998689 0.568203886255933
610 0.7545113170521652 0.5698128949506883
609.5 0.7540058739093446 0.5690481356465533
609 0.7538668399954418 0.5688314205095587
608.5 0.7532599507782767 0.5679320141669314
608 0.7535302984180264 0.5683380602041687
607.5 0.7536607047168731 0.5685140896089134
607 0.7530088776617644 0.5675378034648024
606.5 0.7531504969510361 0.5677556834161653
606 0.7537388257620273 0.5686410156036571
605.5 0.7531084982536826 0.5676938775189081
605 0.7533247291966142 0.5680321287460804
604.5 0.7534021661132643 0.5681321709109909
604 0.753473790475336 0.5682440392419427
603.5 0.7529982079366764 0.5675235600925718
603 0.7533368430163614 0.5680404496069594
602.5 0.7531647240105939 0.5677796513332419
602 0.7528189221881338 0.5672515437196964
601.5 0.7529771335176345 0.5675032239468661
601 0.7531661079105312 0.5677808516356478
600.5 0.7525169528171926 0.566801656425273
600 0.7530462598615176 0.5676035970473619
599.5 0.752704250287636 0.5671030620940358
599 0.7529479184221545 0.5674529130175544
598.5 0.7523701757829026 0.5665918888604371
598 0.7532050735360124 0.5678402142807754
597.5 0.752283508853108 0.5664588833680996
597 0.7528035664801525 0.5672207147212887
596.5 0.7528834881134879 0.5673552370064557
596 0.7527162590061942 0.567111920136804
595.5 0.7525777432526318 0.5668953104920463
595 0.7524173458459821 0.5666461034044897
594.5 0.7532642334403428 0.5679310130283961
594 0.7528678125336633 0.5673286543851733
593.5 0.7527906934910291 0.5672052037841097
593 0.7527113210832481 0.5670967734858462
592.5 0.7521447208073252 0.5662342746375773
592 0.7525868497966045 0.5669219550768224
591.5 0.7527239155533192 0.5671125118974593
591 0.7525290244526466 0.5668171446238477
590.5 0.7525127786784056 0.5668108643193415
590 0.7523446219814751 0.5665463203784384
589.5 0.7519608296130033 0.5659625717250197
589 0.7524531027601815 0.5667057188463327
588.5 0.752200441044565 0.5663360490544815
588 0.751961361597698 0.5659692303045776
587.5 0.751655865404815 0.5655020071090494
587 0.7516883694228932 0.5655737337906546
586.5 0.7516410022190924 0.5655029441936252
586 0.7515819287902696 0.5653976048121885
585.5 0.7520520923235071 0.5661039546698302
585 0.7516498761709668 0.5655023175363458
584.5 0.7520820906384144 0.5661520560418543
584 0.7512721978086098 0.5649216461585609
583.5 0.7515549989704188 0.5653514333209104
583 0.7520571414956128 0.5661121023476354
582.5 0.7513688380086615 0.5650808753311719
582 0.7516118299313673 0.5654573499064288
581.5 0.7518985077417017 0.5658653809208929
581 0.7516008168777683 0.5654210245633097
580.5 0.7513109102916938 0.5649983960455336
580 0.7513111840160729 0.5650007826558165
579.5 0.7517223472583809 0.5656005263935979
579 0.7508577318705959 0.5643083478944431
578.5 0.7513799551522992 0.5650911446514153
578 0.7518189771074003 0.5657719356621802
577.5 0.7514997036493016 0.5652791123105253
577 0.7509257407887352 0.5644254084083399
576.5 0.7511578453911372 0.5647724229592765
576 0.7517202183527432 0.5656110687859999
575.5 0.751519103591254 0.5653032286448594
575 0.7507654257408228 0.5641857276264598
574.5 0.7508740683252467 0.5643338905501657
574 0.751110212994549 0.5646925611299487
573.5 0.7510455987017358 0.5645929194594478
573 0.7508670642122249 0.5643348491373507
572.5 0.7509284972989678 0.5644175619948172
572 0.7515295454729743 0.5653142175446759
571.5 0.7509444694985792 0.5644466932523121
571 0.7512305290189805 0.5648661173919021
570.5 0.7505674486744 0.5638727216779443
570 0.751622645190502 0.5654693329390048
569.5 0.7509525718905865 0.5644427625596354
569 0.750526193677974 0.5638136945854688
568.5 0.7501227629608611 0.5632190730580217
568 0.7508365252356001 0.5642642754538716
567.5 0.7501552227419617 0.5632710466070906
567 0.750511244373512 0.5637897611630253
566.5 0.7502588444047209 0.5634100980082722
566 0.7508802311424971 0.5643499401586725
565.5 0.7502123415095001 0.5633363897083987
565 0.7500225541528622 0.5630561834381725
564.5 0.7505467330394537 0.5638534498465653
564 0.7506748769865895 0.5640218436927641
563.5 0.7500360541079665 0.5630771255487028
563 0.7500274587006697 0.5630615721432602
562.5 0.749892356219187 0.5628716954657041
562 0.7503094794195159 0.5634843602541162
561.5 0.7495595833533933 0.5623760124955963
561 0.7494692208961461 0.5622367147728928
560.5 0.7497673992519884 0.5626629082098646
560 0.7503384623122689 0.5635226952965606
559.5 0.749517559023276 0.562305600356506
559 0.7500762276760642 0.5631344538156299
558.5 0.749917446913853 0.5628996626223882
558 0.7497173512186037 0.5626024639445988
557.5 0.7493568911521918 0.5620801901881539
557 0.7497503338854447 0.5626515148083153
556.5 0.7494239735704977 0.5621585467530549
556 0.7498896872110001 0.5628548101760407
555.5 0.7490394492226026 0.5615768945813967
555 0.7497655609738683 0.5626811150804663
554.5 0.7501914687272643 0.5633040330954403
554 0.7494814487769235 0.5622452831812365
553.5 0.7491648400677288 0.5617761272818795
553 0.749169763746823 0.5617838145611177
552.5 0.7491180835527318 0.5617006082589092
552 0.7490195456046123 0.5615702388834287
551.5 0.7492873307294395 0.5619608785390707
551 0.7490754329744447 0.561638432921891
550.5 0.7492615629207164 0.5619132991913762
550 0.7488489513335638 0.561319013597273
549.5 0.7491136303821483 0.5616856447367063
549 0.7488710157473363 0.5613368887447606
548.5 0.748653517759679 0.5610158553410086
548 0.7490315119425943 0.5615909466620309
547.5 0.7484531147950272 0.5607235660194964
547 0.7486553662716893 0.5610079866546831
546.5 0.7487166292606674 0.5611068748108511
546 0.7490611325288875 0.5616201171484368
545.5 0.7486626545429815 0.5610379083734582
545 0.7479335135701943 0.5599267216976553
544.5 0.7483732309975003 0.5605922000333587
544 0.7489684910557479 0.561491325802992
543.5 0.7484461126881213 0.5607101390696986
543 0.7480945725177347 0.5601676588579382
542.5 0.7485682509558534 0.5608683637713657
542 0.7487658951860866 0.5611700674036092
541.5 0.7479630424396069 0.5599719782735992
541 0.7483809967169538 0.5606134180291253
540.5 0.7480004173276557 0.5600226009318435
540 0.7474825129296653 0.5592631968599375
539.5 0.7478089906993819 0.5597507047625253
539 0.7480071740745162 0.5600470332869752
538.5 0.747945214904544 0.559937369670706
538 0.748023564609661 0.560077197900282
537.5 0.7481385122043959 0.5602315406083863
537 0.7483018040176137 0.5604640486421945
536.5 0.74760672444136 0.5594425767987468
536 0.7476951694761014 0.559586881149834
535.5 0.7479841378736791 0.5600043636868647
535 0.7480027100828731 0.5600358196291528
534.5 0.7478240155537993 0.5597573599836194
534 0.7479739002172179 0.5599852061287808
533.5 0.7478152154004969 0.5597625903742076
533 0.7477644559469797 0.5596707754201679
532.5 0.747194767212579 0.558849056525574
532 0.7471309700242662 0.5587328885977311
531.5 0.747835406356721 0.5597886940548639
531 0.7477809289472417 0.5597004409030408
530.5 0.747293745786864 0.5589870150001669
530 0.7472653417800579 0.5589436307420346
529.5 0.7470068113798485 0.5585455117599625
529 0.7472146255097267 0.5588535942099914
528.5 0.7469313400665645 0.5584114980000211
528 0.7469938445401922 0.5585265710094734
527.5 0.7472524793784885 0.5589233034712467
527 0.7469287761443631 0.5584410185564826
526.5 0.7468491297048695 0.5583254140055698
526 0.7469311346351188 0.5584181625784217
525.5 0.7470114052031314 0.5585553623187854
525 0.7465178081739018 0.5578125196695886
524.5 0.7470082975403994 0.5585499671856601
524 0.7463875395685055 0.5576318472847543
523.5 0.746116005078784 0.5572172741941118
523 0.7467908722854937 0.5582261597158124
522.5 0.7460835109303896 0.5571690122315341
522 0.7466206798993222 0.557977890061526
521.5 0.7462714893387137 0.5574421425240683
521 0.7464252986156006 0.5576827499286526
520.5 0.7456232746472382 0.5565040316721127
520 0.7468255555980594 0.5582714241531748
519.5 0.7459702875136373 0.5569934778166085
519 0.7457662672188977 0.5566978147211535
518.5 0.7464385174269217 0.5576918013102528
518 0.7465095317896687 0.5578069669789867
517.5 0.7458836986235322 0.5568809805663261
517 0.7461352940100462 0.5572469248209163
516.5 0.7459001522243478 0.5569043664008368
516 0.7457766479068957 0.556725070942469
515.5 0.7462671959330794 0.5574516063138024
515 0.7461745224511367 0.5573021093123405
514.5 0.7461271712677009 0.5572249938779952
514 0.7454476161171822 0.5562240546892144
513.5 0.745560708914133 0.5564068022757402
513 0.7452989972541545 0.5560068093574614
512.5 0.7457191474436606 0.5566348089615519
512 0.7452845273386705 0.5559651540786014
511.5 0.7455998244390588 0.5564449876787706
511 0.7456149093927107 0.5564620350398266
510.5 0.745430443693205 0.5561911024696898
510 0.7451966162583855 0.5558408959548231
509.5 0.745686628290535 0.5565817862816826
509 0.7450848509416933 0.5556855648142033
508.5 0.7449874220404408 0.5555417435998526
508 0.745361200512161 0.5560840044904265
507.5 0.7449217818858139 0.5554381398373903
507 0.7451550531152392 0.5557864770673259
506.5 0.7450006998022094 0.5555660640434396
506 0.7449214981371994 0.555439061152794
505.5 0.7444013127379981 0.5546693292421002
505 0.7448127681537257 0.55526780495595
504.5 0.7447405566791865 0.5551637635495111
504 0.7446776442485137 0.5550902557663184
503.5 0.7444603271507922 0.554752588401173
503 0.7441631065118458 0.5543215373670437
502.5 0.744975644357207 0.5555166001793286
502 0.7448689103471823 0.55534757494294
501.5 0.7442780457549587 0.5544801620400871
501 0.7447223857738413 0.5551441645018526
500.5 0.7437056467894692 0.553631319507773
500 0.7442966218372637 0.5545241260002278
499.5 0.7449508376805866 0.555473740664058
499 0.744461103516845 0.5547679270719565
498.5 0.7439855309995939 0.554048865277552
498 0.7431590354631157 0.5528143399439153
497.5 0.7442183602082145 0.5543877583209982
497 0.743855404466421 0.5538583047078505
496.5 0.7442423095139941 0.5544304768615417
496 0.7438137272511072 0.5537806848607545
495.5 0.7436140903362622 0.5534884037423908
495 0.7438557046636372 0.553858156526886
494.5 0.7432896855398655 0.5530263887679968
494 0.7435079556351152 0.5533306792332296
493.5 0.7432199468420008 0.5529229745398004
493 0.7431596879453802 0.5528263252519565
492.5 0.7436884059217813 0.5535990595275773
492 0.7432238024326497 0.5529215171275704
491.5 0.7433857958828686 0.5531739909566405
491 0.7434618251998947 0.5532553095321472
490.5 0.7434003718776035 0.5531848505293365
490 0.7431005144941487 0.5527333672737765
489.5 0.7432953526670596 0.5530276367850425
489 0.7430707206405776 0.552672760956054
488.5 0.7430922850401123 0.5527054705338039
488 0.7424700298110369 0.551812874445333
487.5 0.7433169892791294 0.5530670147221418
487 0.7426357243307942 0.5520372872961534
486.5 0.7426359821698093 0.5520573316730257
486 0.7423068478019027 0.5515438916797646
485.5 0.742768841623714 0.5522381849568808
485 0.7427181221301968 0.5521641025059808
484.5 0.7431599981601618 0.5528362182382119
484 0.7428087063982012 0.5522886313934084
483.5 0.7424988969347247 0.5518490019754758
483 0.7422998005670772 0.5515466862935408
482.5 0.7424438156212431 0.5517605943805675
482 0.7419942749449221 0.5511009084350161
481.5 0.7424047626113364 0.551694333727112
481 0.7423817200308599 0.5516646427116183
480.5 0.7423637426166285 0.5516208249625785
480 0.7421651829772276 0.5513615648938145
479.5 0.7419929872097 0.5510861477794375
479 0.741928179331918 0.5509859402532207
478.5 0.7416135891494832 0.5505190287500278
478 0.7414905431228491 0.55034781691183
477.5 0.7419683001542114 0.5510515391741146
477 0.7419461106403175 0.5510251617381299
476.5 0.7414703505485281 0.5503082487880117
476 0.7417965585389891 0.5508085494004286
475.5 0.741577331315912 0.5504789922277102
475 0.7412978130514307 0.550062090295138
474.5 0.7412411121203711 0.5499897080798432
474 0.7412873907524957 0.5500520514399687
473.5 0.7407159468789989 0.5491965274757983
473 0.7412258064752425 0.5499542683604421
472.5 0.7412551420002103 0.5499949150931057
472 0.7410637074081908 0.5497117612879459
471.5 0.7408019947758926 0.5493131182376049
471 0.7411524049203475 0.5498377125724885
470.5 0.7413048049857746 0.5500535479321559
470 0.7408540106295278 0.5493927086441074
469.5 0.7408259552449697 0.5493629314396402
469 0.7413345525421573 0.5501212107540537
468.5 0.7408460047493384 0.5493959723000902
468 0.7404760632202554 0.5488598935797001
467.5 0.7405288460286776 0.5489201605828697
467 0.7404481628308469 0.5488019390505212
466.5 0.7411270313453545 0.5498032275473028
466 0.7404022407155793 0.5487476568207813
465.5 0.741224264149846 0.549946776920327
465 0.7406013462357878 0.5490216602508075
464.5 0.7399939368331614 0.5481285427398501
464 0.7399745427683567 0.5481007460285122
463.5 0.7402845815271074 0.548557936162363
463 0.7402022411125929 0.5484340934944185
462.5 0.7396213038591425 0.5475664479491272
462 0.7400630337213648 0.5482279536284858
461.5 0.7396527853331675 0.5476206431187306
461 0.7398074467131994 0.5478432153843557
460.5 0.7397389570030295 0.5477442488343791
460 0.7394268919783902 0.5472872656551021
459.5 0.7392695811248566 0.5470555969584903
459 0.7401740504170993 0.548406312917975
458.5 0.7395731064091019 0.5474944864901773
458 0.7399870442244095 0.5481185213550375
457.5 0.7391430913568805 0.5468765179054859
457 0.7389707087653679 0.5466105766209866
456.5 0.7390802979590828 0.5467855483137528
456 0.7393824644709955 0.5472264791226032
455.5 0.7393647943480355 0.5471962358384397
455 0.7388394759294132 0.5464130727420682
454.5 0.7388263643313453 0.5464010394102345
454 0.7385650131477823 0.5460258848319776
453.5 0.7391740086347188 0.5469159631071012
453 0.7388064135409849 0.5463716089082337
452.5 0.7385589450080547 0.5460074458876817
452 0.7390033972475746 0.5466612759766994
451.5 0.7385945129219375 0.5460671332702891
451 0.7387024315106794 0.5462213900781662
450.5 0.7386225147807374 0.5461105748216374
450 0.7385594960552532 0.5460030740669535
449.5 0.7384915023763722 0.5458944074569582
449 0.7376852702078571 0.5447125730172431
448.5 0.738676934978354 0.5461908383682464
448 0.7374391540101135 0.5443765087599226
447.5 0.737979157556669 0.5451522104157526
447 0.7381696691259182 0.5454391884295804
446.5 0.7380141717391372 0.54521270897509
446 0.738089494204995 0.5453169498678131
445.5 0.7374237654474926 0.544336373971263
445 0.7375289248240732 0.5444902497499345
444.5 0.7371166097635969 0.5438641010257266
444 0.7374011005224775 0.544305529289527
443.5 0.7372058524233899 0.5440246291804944
443 0.7375631510567509 0.5445451905082612
442.5 0.7373894539034399 0.5442932307108129
442 0.7369293676281697 0.5436104117757014
441.5 0.7375105233768038 0.5444482146290391
441 0.7370606403938518 0.5437996462059728
440.5 0.7374306782646899 0.5443442221704071
440 0.7367996805192697 0.5434028734190538
439.5 0.7372860855484963 0.5441377562017888
439 0.7366001012109239 0.543127333881993
438.5 0.7368266966967401 0.5434571819354626
438 0.7368106409639396 0.5434348994972159
437.5 0.7368865092169189 0.5435487012316618
437 0.7361296662340586 0.5424193543825081
436.5 0.736385956822047 0.5428085038551077
436 0.736338001073504 0.5427134091813909
435.5 0.7365549196960245 0.5430464845825632
435 0.7363626749743848 0.5427812333290698
434.5 0.736114956140561 0.5423906277620798
434 0.7360124105287909 0.542262213656639
433.5 0.7361749668224087 0.5424981862408416
433 0.7360812856797454 0.542357200418306
432.5 0.736006792057811 0.5422493743358162
432 0.7354310129095082 0.5413903560135946
431.5 0.7352947760531524 0.541198649986804
431 0.7359773621129247 0.5422050668388829
430.5 0.7358102969835043 0.5419476416490115
430 0.7349963176808638 0.5407539320489468
429.5 0.7352586098154877 0.5411356940512833
429 0.7350708810229295 0.5408617209956353
428.5 0.7348810309007463 0.5406005781894606
428 0.7354377916723753 0.5413990951882344
427.5 0.7346184263974904 0.5402056333108305
427 0.7351285140868347 0.5409495965553193
426.5 0.734933096510874 0.5406730838254172
426 0.7348005485782496 0.540479279821647
425.5 0.7340027457121681 0.5393032352592407
425 0.7352381097457731 0.5411097847760774
424.5 0.7344755396826923 0.5399813279858808
424 0.7346162162419023 0.5401967039519442
423.5 0.7344647878761964 0.5399744946938939
423 0.7346310996632296 0.5402340069715501
422.5 0.7343643113014238 0.5398445163383817
422 0.7340336423319164 0.5393427030287541
421.5 0.7342597782009019 0.5396877942827611
421 0.734472982563415 0.5399854840337237
420.5 0.7335129738478114 0.5385703607799921
420 0.7339200298597638 0.5391920232535878
419.5 0.7342899021197622 0.5397189070637355
419 0.7338823990208886 0.5391307571726826
418.5 0.7338358040390159 0.5390683432510786
418 0.7335709288218979 0.5386505045653828
417.5 0.7336784525882658 0.5388189886725094
417 0.7331894738207206 0.5381119399611972
416.5 0.7333922103874344 0.5384049006568259
416 0.7326891992030667 0.5373828407071181
415.5 0.733116424403225 0.5379846413349334
415 0.7331379689107145 0.5380287518758247
414.5 0.7334126604681809 0.5384252849244273
414 0.7326666898012197 0.5373530593180075
413.5 0.7330456940863556 0.537899893920225
413 0.7320252166586161 0.5364109882100766
412.5 0.732536661029539 0.5371420151407862
412 0.7322585489565717 0.5367436107859088
411.5 0.7324603586246818 0.5370349315174641
411 0.7330785443474949 0.5379439860179427
410.5 0.7325936553755434 0.5372415547423686
410 0.7323240531424832 0.5368353458966775
409.5 0.7326036258522308 0.537245892640104
409 0.7323059871190094 0.5368071052543943
408.5 0.7317387498374291 0.5359911534782238
408 0.7319280026939646 0.5362595116644745
407.5 0.7319009801584829 0.5362226572064814
407 0.7314828698827402 0.5356098269568433
406.5 0.7320646174125988 0.5364491657275888
406 0.7313109637228088 0.5353477504909394
405.5 0.7314942395259243 0.5356301019231352
405 0.7313617385507044 0.535428258245675
404.5 0.7311069537272997 0.5350567210723933
404 0.7312294567439984 0.5352344321599942
403.5 0.731184476240816 0.5351740803309376
403 0.7316742396035893 0.5358954503657278
402.5 0.730886440616139 0.5347337359984702
402 0.730516517081292 0.5341919509695249
401.5 0.7310643159467094 0.5349916174240977
401 0.7306493793739502 0.534372871697754
400.5 0.7309391967295756 0.534804304573085
400 0.7311470913101158 0.5351143600976203
399.5 0.7308067248152337 0.5346310723022506
399 0.7305025644261264 0.5341805528841989
398.5 0.7302984016284951 0.5338775843286653
398 0.7303772644424368 0.5339965837261993
397.5 0.7298405835054871 0.5331922678887168
397 0.7303665251076021 0.5339695015833036
396.5 0.730386602348921 0.534001992903372
396 0.730613746123864 0.5343341943660095
395.5 0.7298463164292524 0.5332282785910305
395 0.7296761032812809 0.5329740625144835
394.5 0.7297838548749391 0.5331294052029425
394 0.7298558127522743 0.5332307842474133
393.5 0.7296733832143534 0.5329853876302999
393 0.7295672173718998 0.5328132282393583
392.5 0.7287744247758208 0.5316516711847267
392 0.7291951606614107 0.5322653274432592
391.5 0.7293236164388754 0.5324556613984731
391 0.7293993650325415 0.5325691358990225
390.5 0.7288752319839065 0.5318038920522209
390 0.7289576354281382 0.5319208028642569
389.5 0.7295115009703138 0.532745508910231
389 0.7288515773079587 0.5317899310198463
388.5 0.7289866341784206 0.5319693742037453
388 0.7290341128002212 0.5320489355037725
387.5 0.7282356693923064 0.5308893334274808
387 0.7289043957745345 0.5318404671135065
386.5 0.7278014107158313 0.5302241649754531
386 0.7288354793492141 0.5317526692840481
385.5 0.7279586832351969 0.5304543793790888
385 0.7279143701211398 0.5304077805749078
384.5 0.7277464837204244 0.5301622384880391
384 0.7271259871423403 0.5292576370946805
383.5 0.727709786544167 0.5301114842416175
383 0.7273645554671977 0.5296072439047335
382.5 0.727946665115352 0.5304514251417805
382 0.7274230361316193 0.5297067208836641
381.5 0.7270400654951886 0.5291342160059073
381 0.7278703040306174 0.5303450343617606
380.5 0.7280407982239641 0.530583396616002
380 0.7272398864392632 0.529417163671375
379.5 0.7274665311309828 0.5297504269371232
379 0.7266394047421505 0.5285496871918265
378.5 0.7272399995457544 0.529417629840745
378 0.726367973718912 0.5281553244478931
377.5 0.7262276777822926 0.5279534530651887
377 0.7265370865052453 0.5284087963983466
376.5 0.7260538070729531 0.527697635649686
376 0.7265498881683791 0.5284262800928979
375.5 0.7263103971070648 0.5280832958676343
375 0.7254882512511975 0.5268879390762025
374.5 0.726013830230678 0.5276411635516142
374 0.7255074602977356 0.526935448046256
373.5 0.7260847767199479 0.5277523683420148
373 0.72569612948585 0.5271820421836723
372.5 0.7261775317680106 0.5278851727043365
372 0.7263656974431594 0.5281632423589505
371.5 0.7254226957601239 0.5267972859796817
371 0.7253693428275076 0.5267216767376923
370.5 0.7257866867597368 0.527315093258385
370 0.7256196029746452 0.5270665047123105
369.5 0.7252064933605966 0.52647338516575
369 0.7253247467537852 0.5266528551589501
368.5 0.7249172444033251 0.5260524691024955
368 0.7244729822825405 0.5254177884144119
367.5 0.724579890125795 0.5255648473539297
367 0.7240921871257938 0.5248654755833675
366.5 0.7252500773922806 0.5265326312385128
366 0.7248361140926479 0.5259316146649997
365.5 0.7251378822163614 0.5263726350404693
365 0.7238324270409171 0.5244898791748763
364.5 0.7244703949151765 0.5253947946230154
364 0.7238131866221561 0.5244539436582382
363.5 0.7235181768872725 0.5240416177377626
363 0.7234196866144094 0.5238911015735793
362.5 0.7233943568899099 0.5238524244352171
362 0.7232147204563305 0.5235903800767837
361.5 0.7234277804047113 0.5238995329038004
361 0.723475733588321 0.5239863699061389
360.5 0.7229782185131347 0.5232340928283412
360 0.7229176209252626 0.5231635377762058
359.5 0.7228331732866583 0.5230287567617952
359 0.722904738520941 0.5231418633113377
358.5 0.7226306228373363 0.522750494301426
358 0.7229275840146451 0.5231592519656365
357.5 0.7222836657787622 0.5222490156874416
357 0.7223990824180706 0.5224162226935548
356.5 0.7224839056331394 0.5225289735225433
356 0.7222516816427975 0.5222151451417546
355.5 0.7226603201908455 0.5227956348339844
355 0.722281229805662 0.5222385143381422
354.5 0.7222212075138255 0.5221625420526603
354 0.7217251854181388 0.5214225865678148
353.5 0.7217768241038655 0.5215060161762954
353 0.7221574069039575 0.5220548127661647
352.5 0.7218746583651778 0.5216500588485645
352 0.7211473035882002 0.520607772198989
351.5 0.7221866451543808 0.5221166848635225
351 0.7213857009991691 0.5209501167399473
350.5 0.721332939928949 0.5208742425757805
350 0.7203227683642474 0.5194234100816262
349.5 0.7203529410787214 0.5194633293138639
349 0.7211697892653582 0.5206364401168054
348.5 0.721267158903008 0.520760299846969
348 0.7209690774557627 0.5203545182571722
347.5 0.7205580753850377 0.5197507577768424
347 0.7205959145847285 0.5198331594061278
346.5 0.7204218776267738 0.5195517709236538
346 0.7204585198702789 0.5196096896701718
345.5 0.7199096493840071 0.5188182455447098
345 0.7200245346208006 0.5189929868417122
344.5 0.7197011777133372 0.5185196293094257
344 0.7192477281407175 0.5178626295339148
343.5 0.7195236536904783 0.5182644872112836
343 0.71958095220463 0.5183675625452443
342.5 0.7188189476782645 0.5172611312420771
342 0.7191477836146775 0.5177085789867937
341.5 0.7188939719373173 0.5173611616378346
341 0.7189233275106106 0.5174102224947502
340.5 0.7182508331521209 0.5164284921641742
340 0.7191972064887584 0.517817965851616
339.5 0.7187059267561402 0.5170988965063668
339 0.7180810597029798 0.5161960720444655
338.5 0.7186302359576272 0.5169684775019355
338 0.7180224873054336 0.5161179357940787
337.5 0.7177921018302804 0.5157699355559113
337 0.7180705273982525 0.5161924205064727
336.5 0.7180584553470005 0.5161614601154407
336 0.7171480438842426 0.5148661819597796
335.5 0.7180048038818776 0.5160888846067606
335 0.7175765419282354 0.5154607410047172
334.5 0.7175290651500554 0.5154320754979373
334 0.7170974673106513 0.5147870717657475
333.5 0.7172463261070363 0.5149923164885646
333 0.717459777340048 0.5153031202103536
332.5 0.7164420893476114 0.5138524766493481
332 0.7173641332221028 0.5151464766982314
331.5 0.7163911780196905 0.5137638406104865
331 0.71654058944066 0.513978609561061
330.5 0.7164283332822456 0.5138188292582532
330 0.7164642359036603 0.5138715806656653
329.5 0.7165262844769319 0.5139513893590313
329 0.7156731530733442 0.512752165497155
328.5 0.7158511897721345 0.5129958136851699
328 0.7158369974753094 0.5129671042586096
327.5 0.7151678056023579 0.5120290883528372
327 0.7155872641180377 0.5126284966736765
326.5 0.7152105409632674 0.5120861276361086
326 0.7149928570277909 0.5117781573131311
325.5 0.7148835156530035 0.5115978879300735
325 0.7147159363248577 0.5113861929082311
324.5 0.7150817525466152 0.5118927007367207
324 0.7146644650242147 0.5112886173878556
323.5 0.7144248519182456 0.51095530081799
323 0.7146678491863597 0.5113006164705096
322.5 0.7138174214868706 0.5101038812992171
322 0.7143682988842804 0.5108660135179777
321.5 0.7138791891703311 0.5101862569421548
321 0.713681226315215 0.5098952480635408
320.5 0.7138388199295503 0.5101369682520921
320 0.7138865776553553 0.510188018711423
319.5 0.7130876053189337 0.5090449269063813
319 0.7130953531669951 0.5090703032885624
318.5 0.7138033420303729 0.5100643173920477
318 0.7132487307186663 0.509278614055116
317.5 0.7127779763869068 0.5086066131175553
317 0.7121252067447182 0.5076899079403135
316.5 0.7125481463162288 0.5082695062788715
316 0.7121081079113996 0.5076578814789074
315.5 0.7115035510876883 0.5067923716333237
315 0.7121366783268247 0.5077111713024136
314.5 0.7112711266676764 0.5064642936055987
314 0.7115623439411917 0.5068794586871466
313.5 0.7123039550613308 0.5079339698818902
313 0.7116541316551045 0.507011919123839
312.5 0.7121893372872161 0.5077791802876749
312 0.7107833671307351 0.5057751213681981
311.5 0.7108561322328997 0.5058699459353863
311 0.7108191820818885 0.5058111908162914
310.5 0.711163743859494 0.5063302655434101
310 0.711234868361422 0.5064168837249934
309.5 0.7115368092510488 0.5068416132812925
309 0.7107574922677244 0.5057349266298867
308.5 0.7102280266150185 0.5049827806405311
308 0.7105525559760736 0.5054275625589256
307.5 0.7102107336584473 0.5049704196071367
307 0.7106040795477435 0.5055047720739821
306.5 0.7104439368805324 0.5052918293354455
306 0.7098207481197776 0.5044038462604775
305.5 0.7093145516516818 0.5036806246441797
305 0.7086119611563392 0.5026911429364592
304.5 0.7089491875112436 0.5031687428872219
304 0.7090638163619376 0.5033294695495093
303.5 0.7091532220622151 0.5034424295408912
303 0.7086599738290796 0.502776162586312
302.5 0.7090909727753796 0.5033790998630812
302 0.7078140381360457 0.5015683175102645
301.5 0.7079592366880021 0.5017606372320008
301 0.7082425571630342 0.5021548130936068
300.5 0.7082400719648244 0.5021606228854905
300 0.7075299985753127 0.5011538107797248
299.5 0.7077637752431237 0.5014831962622962
299 0.7072794393023383 0.5008018355262687
298.5 0.7067499952845195 0.5000545067661639
298 0.706933038670896 0.5003174354488533
297.5 0.7065291863397588 0.49974925960343675
297 0.7069874364635063 0.5004052785056963
296.5 0.7064772943451464 0.4996617819323036
296 0.7071782201329775 0.5006596078857147
295.5 0.7057078546930408 0.49859030066940896
295 0.7064010608047528 0.49956419463348073
294.5 0.7062094881540425 0.49929609987570917
294 0.7057424470482282 0.4986448542534763
293.5 0.7060016966084687 0.49900517203143346
293 0.7056695288832558 0.49853546760555706
292.5 0.7054373687419169 0.4982023647429749
292 0.7050845657325828 0.49770222547422266
291.5 0.7050653218075683 0.4976753951436234
291 0.7053582994859405 0.49809699352062015
290.5 0.7050307088845825 0.49763663624651194
290 0.7045830455868368 0.49699868481291126
289.5 0.7042856269356051 0.49658747633683875
289 0.7047026977440694 0.4971653591396803
288.5 0.703933613852247 0.4960789592722465
288 0.7044314277228524 0.4967932181307393
287.5 0.7034304391418996 0.4953826977493195
287 0.7035438416540667 0.4955299775455389
286.5 0.7036889049471001 0.4957346265015546
286 0.7040159730255389 0.4961996326259514
285.5 0.702898123575242 0.4946290562738947
285 0.7033624175207422 0.49529365657950275
284.5 0.7026394646759312 0.4942691685588439
284 0.7024249431816965 0.4939733477975522
283.5 0.7026219235600097 0.49425486382681977
283 0.702859066675974 0.49456266040873587
282.5 0.7017187427231895 0.4929713933829135
282 0.7020050195544111 0.49338667976356115
281.5 0.7017973932646945 0.493069813048011
281 0.7015251782520298 0.4926902821104875
280.5 0.7014022706440267 0.49252820494639415
280 0.7013028188156715 0.49240028280412595
279.5 0.7006001872872728 0.4913926856942646
279 0.7008029455139794 0.4916840540589108
278.5 0.7005227057319015 0.491306048359068
278 0.7003514232575488 0.49106514021000414
277.5 0.699961749050933 0.49051291091767485
277 0.6998369942562238 0.49032276143144865
276.5 0.7001873389801478 0.49083720800468694
276 0.69990870649436 0.49043004213748453
275.5 0.699050359199796 0.48924993244428694
275 0.6996064083739082 0.4900033627105763
274.5 0.6990435093586652 0.48923616773957546
274 0.698986888758229 0.48916115263919085
273.5 0.6979535486241307 0.48769195215905325
273 0.6986537946492042 0.48867799769518167
272.5 0.6979495948371622 0.48768347410150237
272 0.6983429092561632 0.48825233673411533
271.5 0.6980691994490063 0.487858802794897
271 0.6977309968467411 0.48739078918017914
270.5 0.6983006351609344 0.48819206466897
270 0.6977444024302348 0.4874207209964627
269.5 0.697036266881249 0.48643173377371307
269 0.6971042850847274 0.48650317852996383
268.5 0.6964328816565161 0.4855799335857834
268 0.6967791367400071 0.48606736815842405
267.5 0.6964687192581731 0.48562056271194487
267 0.6966027410560979 0.4858288475963154
266.5 0.6957879988737073 0.4846907345438097
266 0.6958527395402554 0.48476809671020943
265.5 0.6958665191472573 0.4847973103133311
265 0.6957625534759965 0.4846519258645589
264.5 0.6947157806657708 0.48319597644596135
264 0.6950694486502382 0.4836784428156018
263.5 0.6946083642955944 0.4830481351885932
263 0.694689705485877 0.4831603943819229
262.5 0.6938914245642219 0.48204288979914134
262 0.6949130495412364 0.4834603450294514
261.5 0.6941210451157376 0.48235513589159984
261 0.6940441354903477 0.48225504948312103
260.5 0.693601004115561 0.48165080440008656
260 0.6936431274745094 0.4816992231590743
259.5 0.6934359608330222 0.4814074641863385
259 0.6933987289569178 0.4813564616746056
258.5 0.6926272680626812 0.48028845873307185
258 0.6920013051541144 0.47943526797860275
257.5 0.6922724137759476 0.4798020890749041
257 0.6921669965112821 0.4796721871439448
256.5 0.6915867205690981 0.47886747716279654
256 0.6919738283196006 0.4793814946775233
255.5 0.6914483723253605 0.4786820193064129
255 0.6910020935656755 0.47803855296040837
254.5 0.6910760533013475 0.4781645535893634
254 0.6904869653519448 0.47733022656264806
253.5 0.6905217988944331 0.47740144726139766
253 0.6905672214108131 0.47744815174584826
252.5 0.6899350780351017 0.476597656670671
252 0.6903298478753789 0.47713408656713946
251.5 0.690244638665669 0.4770072631971762
251 0.6895778141232017 0.47608627868757436
250.5 0.6893867655162382 0.47582010642099687
250 0.6884774523168284 0.4745526714745588
249.5 0.688819628530399 0.4750357760868321
249 0.6887648399671411 0.47497683421667797
248.5 0.688348353668426 0.47440348277604366
248 0.6875361844067618 0.47326646782016407
247.5 0.6885149293047133 0.47462185495932413
247 0.687776031996394 0.47360945281735006
246.5 0.6875436548712834 0.473281579683807
246 0.6870372416039228 0.47258605241295537
245.5 0.6871870753532779 0.47280611659878924
245 0.686390174828379 0.47168806131759305
244.5 0.6865144562438774 0.47185511879183156
244 0.6862283055518362 0.47148098061815424
243.5 0.6860572192261187 0.47123839984718346
243 0.6853016252512502 0.4702144226936578
242.5 0.6854309077890784 0.4704149466541728
242 0.6851267656022418 0.4699772184858107
241.5 0.6844224572882416 0.4689972559905997
241 0.6851555022057414 0.47001449861997163
240.5 0.6838369105018086 0.468211884333963
240 0.6837514180607339 0.4680822484264852
239.5 0.68447490699842 0.4690772753377819
239 0.6839710835891691 0.4683931790839743
238.5 0.6838536032172532 0.4682419454436854
238 0.6830528862845859 0.46713229983376275
237.5 0.6825932972951757 0.4664915503025203
237 0.6822589456323365 0.46604609119159873
236.5 0.6826386613203687 0.4665607274109492
236 0.6816487830778714 0.46520074831463865
235.5 0.6819504131299047 0.4656090952662717
235 0.681438001569092 0.4649076385165419
234.5 0.6811640279993789 0.4645529512487312
234 0.6815449278846275 0.4650762001590649
233.5 0.681244437897158 0.4646670454520383
233 0.6800230151408617 0.4630025526162784
232.5 0.6795990651446707 0.46241490898111237
232 0.6795956297979581 0.46243345890955306
231.5 0.6796556133162617 0.4625063654465454
231 0.6796990120476093 0.46257512540910756
230.5 0.6793156359999925 0.4620323390161971
230 0.6796640740578764 0.4625287869626262
229.5 0.6786563694328852 0.4611334937624504
229 0.6785422260206577 0.4609988479139485
228.5 0.6781835516791268 0.4605211595597929
228 0.6777759927092879 0.45995196098955093
227.5 0.6774223084909612 0.4594721428508748
227 0.6782362242931466 0.4605680678781607
226.5 0.6768464620639388 0.4587049171927041
226 0.6768364319203102 0.4586884089113885
225.5 0.6767537103462544 0.45856471621949796
225 0.6763142848841559 0.45796386625629265
224.5 0.676010266229565 0.4575611302932424
224 0.6749731504761072 0.4561495143071942
223.5 0.676302186821522 0.45795105803671593
223 0.6756618150774162 0.4570746735465692
222.5 0.6749421238242485 0.45611933951953937
222 0.6753494640599702 0.4566713778973462
221.5 0.6742782847459109 0.4552114315975001
221 0.6739055437338098 0.45469960601855974
220.5 0.6742154627385328 0.4551446789306769
220 0.6734710840647103 0.4541477344827575
219.5 0.6737936056721334 0.45455786349688126
219 0.673415948605414 0.4540638857602729
218.5 0.6731635932331916 0.4537112850015399
218 0.6715748877473624 0.45156652901936
217.5 0.6716473690997252 0.4516805488574615
217 0.6717692157455678 0.45184906974420547
216.5 0.672148295691239 0.45236829069942464
216 0.6700819707771489 0.4495734289869092
215.5 0.6705133184637724 0.450162468602734
215 0.6701041432760475 0.4496157844008599
214.5 0.6698681149918709 0.4492832191028408
214 0.6706198661462569 0.4503148423638378
213.5 0.6702386655484204 0.4497829255124934
213 0.66879018588738 0.4478451475145719
212.5 0.6682081171838232 0.4470806967426046
212 0.6683850716153111 0.44729921472688844
211.5 0.6680587499355163 0.4468699220207364
211 0.6679179256964374 0.44669127602701225
210.5 0.6675253071701681 0.4461546288798338
210 0.6681690299926851 0.44701672707622453
209.5 0.6661688252446846 0.44434687251743415
209 0.6666005171283739 0.4449270845909248
208.5 0.6650891871503799 0.44290096659337586
208 0.6667644114762544 0.4451480679327002
207.5 0.6657022322846085 0.4437134911568009
207 0.6652880059869956 0.44318986465699994
206.5 0.6651154326903062 0.4429437101787891
206 0.6638970409762487 0.44132675226844037
205.5 0.6633636986075587 0.4406070754336943
205 0.6635905984277352 0.4409325547290215
204.5 0.6631241161092913 0.44031310600364704
204 0.6619956173235326 0.43881233248048107
203.5 0.6621365458682317 0.43898293938086735
203 0.6624685993683594 0.4394395317460793
202.5 0.6618575407784362 0.4386269339042583
202 0.6617048075289983 0.4384399924390198
201.5 0.662337618595335 0.43926713547349916
201 0.661160309683919 0.43772252615058166
200.5 0.66087303473736 0.43731187516362896
200 0.6610984693643014 0.4376353910107297
199.5 0.6601063233843163 0.43633480573547084
199 0.6597876058781956 0.4358795415840452
198.5 0.6588330102134929 0.43463734450736774
198 0.6587907644476725 0.43456108031046947
197.5 0.6587795851232349 0.4345445255783248
197 0.6579303351656254 0.4334329170247514
196.5 0.6578113841739893 0.433289815321795
196 0.6574676761482351 0.43283764178393397
195.5 0.6568636643018098 0.43206320719478897
195 0.6563600957407432 0.43136817656573523
194.5 0.656474115060167 0.4315270620432886
194 0.6559599419597628 0.4308650298154971
193.5 0.6554012604410603 0.43013908151138464
193 0.6560172065303864 0.43091101263975984
192.5 0.6547870636132004 0.4293201988266246
192 0.6538327797951352 0.42808274447580913
191.5 0.653993870998847 0.42826523541200556
191 0.6534009049343467 0.42750785536394015
190.5 0.6538597296755001 0.4280902691813372
190 0.6522811481820995 0.4260373547089914
189.5 0.65265161354351 0.42651559506990244
189 0.6523647556837497 0.42616035009007525
188.5 0.6511442752471981 0.424554730975673
188 0.6509988491369274 0.42438535388430587
187.5 0.6506153844106122 0.42384738056033
187 0.6495153055895198 0.42243690809995893
186.5 0.6496028698820873 0.42256136045758735
186 0.6507852914118643 0.42408163227643525
185.5 0.6493649886224442 0.42224320123985554
185 0.6478504340466489 0.42029476836215085
184.5 0.6483271908636761 0.42090112554158116
184 0.6473943864707562 0.4196841827197713
183.5 0.6474734471052215 0.419803219717954
183 0.6473952000137906 0.4196929842355303
182.5 0.6467621444089574 0.41887293912162576
182 0.645957184099936 0.4178165839052118
181.5 0.6463249816465803 0.4183006049961343
181 0.6459873949217478 0.4178751905802324
180.5 0.6450796195747012 0.41669921236561025
180 0.6443830746821977 0.4157889394699452
179.5 0.6447348445782073 0.41622882720581844
179 0.6440714580735812 0.41539698597328867
178.5 0.6438380303621596 0.41510562917840554
178 0.6427581523518918 0.41371699824112673
177.5 0.6423816424389238 0.41322073692044337
177 0.6420097230864882 0.4127458051584247
176.5 0.6417448902586336 0.4124133163364769
176 0.6413322618762889 0.41186239195461
175.5 0.6397427239578825 0.409859518452127
175 0.6401468365775834 0.4103509818649997
174.5 0.6397155535235348 0.40981197279696086
174 0.6389073059250557 0.40879401762371126
173.5 0.6380971200060244 0.4077739520246076
173 0.6385166208215807 0.40826647362672763
172.5 0.6373100792411803 0.4067225146634482
172 0.6383596871642819 0.4080794789484708
171.5 0.6370773420129533 0.4064598859714592
171 0.6359508939431681 0.4050097238557974
170.5 0.6355589656000465 0.4044943505217039
170 0.6350642525996042 0.4038446952295075
169.5 0.6336513703313713 0.40207818264912976
169 0.6342856615328997 0.4028923189470579
168.5 0.6338391770972874 0.4023331714655505
168 0.6336976922130751 0.40213446336137226
167.5 0.6331514017821432 0.40145399503757007
167 0.6326194117802432 0.4007713303146015
166.5 0.6316248652447362 0.399526682196751
166 0.6313726176665653 0.39922348732908025
165.5 0.6309593318711361 0.3986765884982982
165 0.6302095467376135 0.3977190727998959
164.5 0.6296600563236613 0.39701350753549125
164 0.6289025399226055 0.39609532825052196
163.5 0.6285571705812403 0.39565109744703053
163 0.6270667955724475 0.3937898421522136
162.5 0.6273674833611567 0.3941756672877509
162 0.6269915199075066 0.3936839435465945
161.5 0.6257021870966842 0.3920555388702996
161 0.6256300116865066 0.3919909905271611
160.5 0.6252030654105907 0.3914270263553082
160 0.625199275454089 0.39144351458337046
159.5 0.6243688722548856 0.39039705550577974
159 0.6236505237141243 0.38949994889778927
158.5 0.6241328777139836 0.3901041508438671
158 0.6219107926206762 0.38732852952935737
157.5 0.6209459930264566 0.3861431608048713
157 0.6217800937604444 0.3871787580587512
156.5 0.620862878842497 0.3860722278829893
156 0.6207840353278534 0.38595091537432946
155.5 0.6180005122425584 0.38248435369115236
155 0.6189140053732501 0.38360196386549417
154.5 0.6187987680310622 0.38348622354042755
154 0.6182596149081855 0.3828033806334323
153.5 0.6172783624368031 0.38159167845765946
153 0.6171888451331841 0.38148708248843577
152.5 0.6165925545548535 0.3807476772792827
152 0.6149720228312733 0.3787648065829081
151.5 0.6145621279605143 0.37824214235264225
151 0.6137033011128721 0.377204776437952
150.5 0.6148171872006007 0.37855940420685685
150 0.6133945838221851 0.3768151324979313
149.5 0.6128987542787243 0.37621292876865986
149 0.6128575042128831 0.3761400891719349
148.5 0.6121789987308184 0.37530977298164514
148 0.6104398358143132 0.37316389759747487
147.5 0.60996382649514 0.3726050734887149
147 0.6090243967683807 0.3714773611466942
146.5 0.6088169377691802 0.3712199879812115
146 0.6080544001842693 0.3702833224323109
145.5 0.6067872682742399 0.36874641266457725
145 0.6056384970443652 0.3673516190761057
144.5 0.605204255740416 0.3668365688682235
144 0.6056502492466499 0.367370093427491
143.5 0.6044334423473328 0.3659030445069122
143 0.6039702829142226 0.36534066316280456
142.5 0.6035329028208724 0.36482072721453584
142 0.6033866180059263 0.36460501828728586
141.5 0.6013382752607548 0.3621581185270841
141 0.6019052991383568 0.3628671318728733
140.5 0.6014113636373408 0.36223787981208194
140 0.6003213656769903 0.36092951073145235
139.5 0.5991678322235604 0.35954583614293756
139 0.5988355669020184 0.3591540165324527
138.5 0.5971648648498037 0.3571458434091207
138 0.5970516163521071 0.3570334768130881
137.5 0.5967404209808649 0.3566443018490285
137 0.5956462173168706 0.35534977050052474
136.5 0.5944322435217975 0.35390210858201726
136 0.5938643032103829 0.3532296847632907
135.5 0.5933502089446534 0.3526216359194107
135 0.5927457984217751 0.3518773568822037
134.5 0.5924150336038002 0.3515166491226455
134 0.5916798717713074 0.35063126996224364
133.5 0.5911205703607945 0.34994419838585716
133 0.5901059324104209 0.34876260699794226
132.5 0.5897448056278756 0.3483434216930459
132 0.5877824245188279 0.34600314201385474
131.5 0.5864080734535815 0.34440219116622717
131 0.5859299843084272 0.3438587757993849
130.5 0.5862366498747255 0.3442023342824718
130 0.5862587514754032 0.34424375924920614
129.5 0.5838049981706163 0.341371151181501
129 0.5829960184532762 0.3404144665043703
128.5 0.5833553339545202 0.3408224936582859
128 0.5809724507721399 0.33806706809223463
127.5 0.5816377687264518 0.33881198129319173
127 0.5796444904197787 0.3365398868794286
126.5 0.5799048807319476 0.3368262258443051
126 0.577910631817028 0.33453760116062675
125.5 0.5771185713523315 0.33358437975201494
125 0.5763696800990048 0.3327384938630155
124.5 0.5748986774952077 0.33107176761037616
124 0.5756830205663371 0.3319644938944235
123.5 0.5736700161979175 0.3296254662286698
123 0.5734747497659304 0.3293909141157214
122.5 0.5723047796878602 0.328065362976153
122 0.5708448197640127 0.32638111104594103
121.5 0.5698369254700857 0.32523055463258604
121 0.5691455193496604 0.3244566402938483
120.5 0.5687967872066306 0.3240408818492918
120 0.5689161332208409 0.3241830354820454
119.5 0.567937848748925 0.3230597365782547
119 0.5654730034362987 0.32027426207935683
118.5 0.5661742720955497 0.32106650808509624
118 0.5641689797404311 0.3187942284918368
117.5 0.5631425196838901 0.3176230582577737
117 0.5614233442811962 0.3156950299802226
116.5 0.5612449776527962 0.3154704296568559
116 0.5617280759872357 0.31606112947814125
115.5 0.5598918895712406 0.31398877995227714
115 0.5594591305840958 0.31350594061432685
114.5 0.5587230542371076 0.3126711944254768
114 0.55619533691764 0.30985842459610785
113.5 0.5558214584291203 0.30946417901529727
113 0.5544851325517809 0.30797354165666063
112.5 0.553821617292036 0.30722424529375286
112 0.5528865329682645 0.30621070943915507
111.5 0.5520135606831409 0.30523281414231485
111 0.5511760330665522 0.304307173809955
110.5 0.5487895155152357 0.3016643831437316
110 0.5491635599213837 0.3021109322279078
109.5 0.5482545907927817 0.3010959963564866
109 0.5470219698391939 0.2997173582519704
108.5 0.5448732300113865 0.2973859943664048
108 0.544152417433954 0.2965946574977858
107.5 0.5430141657113732 0.29536586679053006
107 0.542216353641859 0.29448034944483703
106.5 0.5414002584042714 0.2936027005390441
106 0.5412217096428149 0.29342297954310237
105.5 0.5392612382129492 0.29129520193793207
105 0.5366141887238302 0.28845742098113225
104.5 0.5373521168590262 0.2892340890564506
104 0.5354698765316518 0.28719927266206724
103.5 0.5352092190695937 0.28692919441102727
103 0.5340873383316516 0.28574566152814973
102.5 0.5334247310635825 0.2850263434240354
102 0.530979243733077 0.28245358468734805
101.5 0.5299371123104903 0.2812900799698275
101 0.5280899031434677 0.27934204460379103
100.5 0.5277771784393059 0.2790203889014637
100 0.5271189453286035 0.2782929197520303
99.5 0.5247537686306774 0.2758397021537251
99 0.524859208852589 0.27595686796378827
98.5 0.5237455164448249 0.274771333521121
98 0.5220676487064486 0.2730199936335674
97.5 0.5209622904867117 0.27185484237903856
97 0.5197259819298888 0.27057662186717385
96.5 0.5184381599002638 0.26923698431602705
96 0.5157866695696505 0.2664855732181487
95.5 0.5157698233151161 0.2664667415457809
95 0.5144530919077337 0.2650940851262433
94.5 0.5116960939185287 0.26229218088785056
94 0.5120566414482842 0.2626394984122261
93.5 0.5114736569012478 0.2620531094449942
93 0.508948261167281 0.25947583508596145
92.5 0.5080388029688954 0.2585546867117534
92 0.5076012125698671 0.2580962547756398
91.5 0.504987926334652 0.25541787166996116
91 0.5048026786135223 0.2552713158185092
90.5 0.5008219331252667 0.2512411125319718
90 0.5009200090784054 0.25135308282109803
89.5 0.4989939107028933 0.24942109081606298
89 0.4978496397564034 0.24826592847660964
88.5 0.4979315574782974 0.24836669859834098
88 0.4956395849411087 0.24606323920330625
87.5 0.49590726153164183 0.24634444130536817
87 0.4927214768184627 0.24318898060507974
86.5 0.49152394248474396 0.24203919596263407
86 0.4907410283158324 0.24122900357835247
85.5 0.48931487737366025 0.23985043733601452
85 0.4885963503382166 0.23912402232888624
84.5 0.48774040554269843 0.2382816358457978
84 0.4858784025719594 0.2364881211752692
83.5 0.48252215370755325 0.23321235531896778
83 0.4809701430391997 0.23176358793612892
82.5 0.47971395656590565 0.2305025358205197
82 0.4788047218436341 0.22964797994053449
81.5 0.4776137323525206 0.22849903131158317
81 0.4756297704098354 0.22660189684922336
80.5 0.4745344064287945 0.22557157573499606
80 0.47313641016745756 0.2242472519498564
79.5 0.4706779734711518 0.221929185097489
79 0.4693781911826419 0.22070768628489218
78.5 0.46835655309595275 0.2197521273952331
78 0.46731184161729356 0.21875948105131762
77.5 0.46449265542216706 0.21611916410140689
77 0.46362741082169 0.2153371908758792
76.5 0.4613473805785469 0.21320922423670868
76 0.4600232712872779 0.21198869458692401
75.5 0.4597161446854797 0.21167886114348614
75 0.45743078534003623 0.20959148174059775
74.5 0.45525961949759136 0.20760249033643735
74 0.4533726001563967 0.2058998097268075
73.5 0.45358040346216905 0.2060708759293038
73 0.4511749518694616 0.20392945967964407
72.5 0.4509093092380169 0.2036650574332552
72 0.44828020161778964 0.2012771737671964
71.5 0.4469841505049105 0.20012228095825824
71 0.44418439461638415 0.19760142211280968
70.5 0.44275234356939575 0.19635912343185452
70 0.44151640665406716 0.19525829068708517
69.5 0.4413008093242081 0.19506798058829586
69 0.4398213391680916 0.19374775356118695
68.5 0.43523863004400576 0.18973137937022677
68 0.43546285322053085 0.18995457508687616
67.5 0.43159864305858053 0.18657690469858723
67 0.43261196024861537 0.1874710314944706
66.5 0.4317059926956521 0.18666219926567554
66 0.4290299694790324 0.18433013920128946
65.5 0.4269500789832083 0.18256259539821418
65 0.42494987719499244 0.18089496043136716
64.5 0.42265332611119005 0.17893456934706167
64 0.4201727434716456 0.1768468111127215
63.5 0.41972112502564274 0.17645704414901336
63 0.4176071790063835 0.17465845916800848
62.5 0.4160861534167414 0.17341426038039934
62 0.41514565584303253 0.17262551230341067
61.5 0.4137608735249207 0.17145689091546157
61 0.41090015665921475 0.169083033129181
60.5 0.4088797459303527 0.16743104633012668
60 0.40661713187023807 0.16557292959202227
59.5 0.4048164734461578 0.164129667100696
59 0.4028596374065116 0.1625384527930746
58.5 0.40228752997396716 0.16210016268427105
58 0.4001233539881457 0.16035801889477352
57.5 0.39838214363546687 0.15896108715375548
57 0.39547480936646956 0.15664291675936295
56.5 0.3950804464260972 0.15633767924288902
56 0.39267393672027323 0.1544152452866435
55.5 0.39263297976011025 0.15439215798829864
55 0.3900500237877836 0.15235179655985015
54.5 0.38787461391888567 0.150658584935144
54 0.384453412605444 0.14800101975898114
53.5 0.3830763178920452 0.1469494190305904
53 0.38096336590602814 0.14533660170536916
52.5 0.38175079772348336 0.1459209683131189
52 0.3787454876559204 0.1436352001471447
51.5 0.3785156802462178 0.14346022186918972
51 0.3758362277955097 0.14142827158121837
50.5 0.37289492767163024 0.13922182224561022
50 0.37115556732628396 0.13793972359467802
49.5 0.36751809357151466 0.13525225428281
49 0.3672162017078974 0.13499791065724787
48.5 0.3677528496085133 0.13541307032271
48 0.3626847415817797 0.13170426974191496
47.5 0.3602319484074638 0.12993666935427342
47 0.3610034108296697 0.13050046672265161
46.5 0.360250216381323 0.12993825912102486
46 0.35689248915368527 0.1275424606599025
45.5 0.35457298625925376 0.12586957641529048
45 0.3534585195760521 0.12506069259147243
44.5 0.35161661462317195 0.12375431572993076
44 0.3493035713674816 0.12214834431739027
43.5 0.3475579047299814 0.12092287232426906
43 0.3449151540356733 0.11909442958876637
42.5 0.34520888951862083 0.11929996167559084
42 0.3428973077624102 0.11768219742559168
41.5 0.3402349264954411 0.1158786525540718
41 0.33842994270404375 0.11466552773696027
40.5 0.3383072352118606 0.1145662422034631
40 0.3352303864726785 0.11248885580346686
39.5 0.33607214776933925 0.11304259139668907
39 0.33151407525343163 0.10999391194756868
38.5 0.33026443118720294 0.10915733942947033
38 0.3288849116978921 0.10826118464178912
37.5 0.3271998936361314 0.10715405493525268
37 0.3270006680955768 0.10701440659603492
36.5 0.3238327146331129 0.10497041890878128
36 0.3216906323463433 0.10355905281318824
35.5 0.3200211949487631 0.10247954795895017
35 0.31932404082400634 0.10205711899221434
34.5 0.31845594303757496 0.10148484242857461
34 0.3171951442584467 0.10068785525220668
33.5 0.3157345254456571 0.09975694208155932
33 0.31317751573678104 0.09814340563522894
32.5 0.31184934038526524 0.09731673279957703
32 0.310392832308286 0.09640275285375785
31.5 0.30955344619291636 0.09587825320628174
31 0.307531418177345 0.09462739057898105
30.5 0.30691459203692856 0.09424644789537512
30 0.30418047766625733 0.0925736943682844
29.5 0.3037153699452367 0.09228276616416994
29 0.3023856065266397 0.09148021642138451
28.5 0.2991431539434159 0.08953231932542252
28 0.2978317642812541 0.0887381269589984
27.5 0.2978438265236794 0.08875070211847565
27 0.29585069504387135 0.08756176928298737
26.5 0.29408194918083197 0.08651584255414324
26 0.2958902414434772 0.08758109829394146
25.5 0.29331043398941287 0.08606376109879746
25 0.293355718415208 0.08608629201778369
24.5 0.29270165668085124 0.0856991556305776
24 0.2891318256812868 0.08362979462483104
23.5 0.28977840300931595 0.08399278687305285
23 0.28681349837836617 0.08227838145753442
22.5 0.2864410801161316 0.08206663574599525
22 0.2858101192193912 0.08170781246549018
21.5 0.28462270570291404 0.08102665595980475
21 0.2850965224838814 0.0812976939989429
20.5 0.2831842632225748 0.08020637341034378
20 0.2791758127992669 0.07795066522277334
19.5 0.2815149789604036 0.07926222097462661
19 0.28011541430713094 0.07847410326662957
18.5 0.27832975978642305 0.07748006223915137
18 0.2784267384014089 0.07752872835285254
17.5 0.27711004322973726 0.0767989911983519
17 0.2767661125147973 0.07660438276487021
16.5 0.27712559503178014 0.0768041898599171
16 0.2758362374523385 0.07609210744867319
15.5 0.2745697357428206 0.07539230852237805
15 0.2750565150961308 0.07566036353886775
14.5 0.27397970673339617 0.07506852542379239
14 0.27523170685723736 0.0757582481535363
13.5 0.27452487573218304 0.07536649530809506
13 0.27464554422657594 0.0754320748012282
12.5 0.27289650503672697 0.07447400640454936
12 0.27266026775125274 0.07434543169748331
11.5 0.271779900311055 0.07386529831314584
11 0.27333128023836617 0.07471100102571498
10.5 0.27334637084074676 0.07471875495587478
10 0.2728082965535701 0.07442542467068923
9.5 0.27120986106901285 0.07355525662406032
9 0.27171525612360686 0.07383003777444465
8.5 0.27190646500564214 0.07393379088917504
8 0.2716145473343814 0.07377481088223753
7.5 0.2718238161322002 0.0738884123980199
7 0.27172632619933607 0.0738354394140667
6.5 0.2711065283918992 0.07349884679873632
6 0.2712561670108264 0.07358008512033115
5.5 0.2710167240362071 0.07345013090946638
5 0.27093593797911836 0.07340632168845075
4.5 0.2708699952816264 0.07337057308010883
4 0.2708632003889547 0.07336689153664346
3.5 0.27082763653409064 0.07334762247018857
3 0.27080077920121504 0.07333306892461493
2.5 0.2707805365464133 0.07332210233611458
2 0.2707789481389101 0.07332124240550662
1.5 0.27074804322841683 0.07330450374305011
1 0.27074171861148916 0.07330107861377377
0.5 0.2707341220903061 0.07329696489245459
