1000 0.3111856009584905 0.0969501213196198
999.5 0.31123775282991994 0.09698248552033885
999 0.3113493524526193 0.09705027092678851
998.5 0.3110526813438385 0.096868633824293
998 0.3111304640753579 0.09691376602769862
997.5 0.3110740104316581 0.09688014706227244
997 0.3111393067338972 0.09691973469375105
996.5 0.3110875706000286 0.09688788929875752
996 0.31112888471379146 0.09691506365458961
995.5 0.31112210076384356 0.09690915561615067
995 0.3112288620148266 0.09697393225866668
994.5 0.31111502335850466 0.09690498197513976
994 0.3110618976374899 0.09687304482204297
993.5 0.31108726780547596 0.096885521088705
993 0.3110887464916159 0.09689193264033523
992.5 0.3112107109479878 0.09696382174513285
992 0.310772750883698 0.09669251262683981
991.5 0.3109651668441991 0.09681138372311072
991 0.3110674665489894 0.09687512745546267
990.5 0.31122028423531856 0.09697042585854365
990 0.31119321125849403 0.09695571273699316
989.5 0.31110249707365273 0.09689935181373692
989 0.3111138544555661 0.09690676691593288
988.5 0.31110771526125675 0.09690096060868816
988 0.31083028340522534 0.09673184724062317
987.5 0.3108126795927001 0.09671842305266164
987 0.3108945590642408 0.09676918318724057
986.5 0.3109782481852146 0.09681901770560535
986 0.3108728939984609 0.0967573584594175
985.5 0.3108582859537024 0.09674356656145387
985 0.3108951431134333 0.09676840981590303
984.5 0.3107701540969123 0.0966898192072655
984 0.31100047691152966 0.09683383760399729
983.5 0.310845142427568 0.09673835057932895
983 0.3109409907663823 0.09679487859712543
982.5 0.3106680051011785 0.09662887600051699
982 0.3108708346581183 0.0967521853714627
981.5 0.31078395713465906 0.09669830563906576
981 0.31070239726786053 0.09665104448298883
980.5 0.31070176362781277 0.09665068001196267
980 0.31089682579749955 0.09677342817953233
979.5 0.310616955668479 0.09659660206549112
979 0.31064645377966205 0.09661487721975182
978.5 0.31071376547006146 0.09665661348861906
978 0.3109886371450815 0.09682662394458375
977.5 0.31061088417298127 0.09659238516437128
977 0.3104050440765059 0.09646469920646347
976.5 0.31045299626151324 0.09649589460781227
976 0.3106700388605531 0.09662859713449326
975.5 0.31030685780826617 0.09640060838196163
975 0.31052855401878326 0.09654083840377421
974.5 0.31078183076560995 0.09669709732368521
974 0.31079631087802734 0.09670871888362019
973.5 0.31050330533606313 0.0965234072907053
973 0.31042261417051226 0.0964740186593661
972.5 0.3106642850518612 0.09662297390360078
972 0.3102505977290769 0.0963695876319022
971.5 0.3105195458590122 0.09653223835536523
971 0.31055807995725343 0.09655857840247933
970.5 0.3104001399712044 0.0964618632598605
970 0.3104664526960849 0.09650049828360621
969.5 0.3103949002145204 0.09645997551651646
969 0.31060216424328707 0.09658638862503224
968.5 0.31032719774624007 0.09641617642457609
968 0.31038233467331544 0.09644948924022259
967.5 0.31054385618369007 0.09655072658551511
967 0.3102019203842335 0.09634064854373069
966.5 0.3106750793180966 0.09663226873759839
966 0.3104312088544635 0.09647902639542996
965.5 0.3105509644927699 0.09655428178455255
965 0.31039062816193586 0.09645728208162146
964.5 0.3103452986269235 0.09643027530893825
964 0.3103971702957552 0.09645903269907238
963.5 0.31046664924529566 0.09650003648518918
963 0.31053602277684966 0.09654545743176648
962.5 0.3101364863697341 0.09629815695576588
962 0.31022596730064644 0.09635527423569637
961.5 0.3103756079455468 0.09644707868327633
961 0.3102722668634099 0.09638572086366397
960.5 0.31007919924452354 0.09626168937548056
960 0.310146539713491 0.09630460438690315
959.5 0.3101670675593504 0.0963148206080292
959 0.31010699296515615 0.096279468611502
958.5 0.3102221717510635 0.09635118963583185
958 0.31009399401985366 0.09627220282538594
957.5 0.3103120976280417 0.09640877943849827
957 0.3102696554992297 0.09638072588017318
956.5 0.3101953248948909 0.09633790368871248
956 0.3103113216943555 0.0964081442956412
955.5 0.31023757639936106 0.09635952873021691
955 0.3098611253650198 0.09612695690681408
954.5 0.3102986792427692 0.09639728894017055
954 0.31007135766959365 0.096254226528779
953.5 0.3099093593607252 0.09615583866210323
953 0.30996918599975054 0.09619826524366833
952.5 0.31006966958631593 0.09625760012531331
952 0.30999381847081153 0.09621085157251076
951.5 0.30988588005337275 0.0961459885772538
951 0.3102558307766197 0.09637274752280255
950.5 0.3098936848576607 0.09614555763345788
950 0.31009764051972905 0.09627353417380767
949.5 0.3098741365026674 0.09613510473464264
949 0.31007664107777794 0.09625977005102168
948.5 0.310037021192381 0.09623685725310448
948 0.3099191119358451 0.09616291490107753
947.5 0.3098104289701299 0.0960943024455317
947 0.30998267728574075 0.09620449954182225
946.5 0.3100854924218481 0.0962677815448382
946 0.310100567504148 0.09627771822582734
945.5 0.3098013039626883 0.09608837171767579
945 0.31014795414214835 0.09630633418379266
944.5 0.3098001905738379 0.09608960402903656
944 0.31013901178563796 0.09629926335325303
943.5 0.3097545027429573 0.0960589621900141
943 0.3097423508172786 0.09605298167095096
942.5 0.3098729630530382 0.09613669656115031
942 0.3098380986620943 0.0961119887835781
941.5 0.3098847605390022 0.09614470098348303
941 0.30989357902243875 0.0961487445862127
940.5 0.3096076354167536 0.09597324291484842
940 0.3096309147184821 0.09598331984088303
939.5 0.30971967453967864 0.09603961724810746
939 0.30968928181406075 0.09602004808838471
938.5 0.30958061563102646 0.09595380702912217
938 0.3095144187114584 0.09591376899170057
937.5 0.30965022923164465 0.09599427551633194
937 0.3095156655660537 0.09591287630594554
936.5 0.30980117639756644 0.09608852320340834
936 0.3097956101142146 0.09609007121833764
935.5 0.30970303216179007 0.09602993868239139
935 0.3095854117983897 0.09595462778273445
934.5 0.3094543088897087 0.09587393358045294
934 0.30938531457044516 0.09582892809546918
933.5 0.3096734568162282 0.09601249541170147
933 0.3096756582194005 0.09601176569579828
932.5 0.30972110235524736 0.09603991308328512
932 0.3094135374514389 0.09584842324256218
931.5 0.3097712324054009 0.09606889620255983
931 0.3093453643246528 0.09580747840484233
930.5 0.30984712596161 0.09612018062674102
930 0.3092724885056237 0.09576496401100315
929.5 0.30945843135621875 0.09587952276547758
929 0.3095623017362382 0.09594143434540507
928.5 0.30943810100232066 0.09586548762996686
928 0.30948727172161694 0.09589586089067781
927.5 0.3094683088923528 0.09588524114867825
927 0.309344975727828 0.09581011461919563
926.5 0.3096391578806904 0.09599047471332212
926 0.3095347153979256 0.09592609067775906
925.5 0.3094409229550103 0.09586571665700883
925 0.3094410760241164 0.09586609103471061
924.5 0.30945223681066153 0.09587355027469982
924 0.3094784934840115 0.0958889584552562
923.5 0.3093958986936646 0.09583889594084574
923 0.30908381131690715 0.09564649418130858
922.5 0.3093506165078745 0.09580895028548381
922 0.3092342567495637 0.09573995964338076
921.5 0.30945529219362744 0.0958751852437696
921 0.30911845004127453 0.09566601757171476
920.5 0.30922754300570254 0.09573553353650885
920 0.309197534227729 0.09571522913984236
919.5 0.3091870977824597 0.09570955599793508
919 0.30901131764482853 0.09560153302540347
918.5 0.30927875883850975 0.09576875075536004
918 0.3094116960544365 0.09584981450899435
917.5 0.30916409621761803 0.09569827711227909
917 0.3089340528435758 0.09555404258790048
916.5 0.3091613598583079 0.09569416763009217
916 0.3091145903453345 0.09566356696164108
915.5 0.3089848710330097 0.09558307206283348
915 0.3091258154356391 0.09567045451885117
914.5 0.30915414607301595 0.09568967927186156
914 0.3090688720225521 0.09563729210176639
913.5 0.3092467885382261 0.09574776743780625
913 0.30919469496844365 0.09571249789038869
912.5 0.3087799623486959 0.09545680438996589
912 0.3089360982894898 0.09555368043886171
911.5 0.308968105771146 0.09557483817482344
911 0.30899209027335756 0.0955892504710679
910.5 0.3091134704900003 0.09566181521324683
910 0.3090723493744719 0.09563996868186654
909.5 0.30910153857471223 0.09565653029488101
909 0.30885431779419614 0.09550475985044489
908.5 0.3090349269299603 0.09561579893366123
908 0.3086922053125578 0.09540685284411039
907.5 0.30879992930923844 0.0954696496349455
907 0.30862269714960683 0.09536235664622858
906.5 0.30880197619077454 0.09547040705889207
906 0.30868739589845895 0.09539993738415017
905.5 0.3088510840125128 0.09550445929559406
905 0.3087981423352375 0.09547345568267462
904.5 0.3088735523462272 0.09551937983529116
904 0.30902161097250636 0.09561063739782895
903.5 0.3089145563086608 0.0955391002241901
903 0.3086096734002662 0.09535673400474307
902.5 0.3087361463794775 0.09543047118746846
902 0.30873647437086177 0.09543347229483205
901.5 0.30855373931792635 0.09532051552235381
901 0.30894100803100055 0.0955582709025097
900.5 0.30871644820846117 0.09541700462842873
900 0.30859092168944824 0.09534293764250548
899.5 0.30877789193086086 0.09545890414437776
899 0.30872068009888265 0.0954216211458733
898.5 0.3087895311300115 0.09546346100832295
898 0.30864029904072304 0.0953701745680867
897.5 0.3084967735108647 0.09528476752624336
897 0.30850362761994365 0.09528563338348528
896.5 0.3084300181759109 0.09524411609742073
896 0.30832576500702413 0.09517939028253064
895.5 0.3086225106553101 0.09536079469588965
895 0.3085475937342908 0.09531595480647699
894.5 0.30857878724255294 0.09533314769791273
894 0.3082800675668197 0.09514751115351379
893.5 0.3084266914413482 0.09524078001661858
893 0.308471599917149 0.09526931212939234
892.5 0.3084256908345909 0.09524009972014952
892 0.30842326371105444 0.0952377565614162
891.5 0.30844475306775776 0.09524942323299791
891 0.30868010798754403 0.09539732273033076
890.5 0.30850985039154244 0.09529086696630217
890 0.30845506114540316 0.0952581010294637
889.5 0.30841583505678505 0.09523056333339552
889 0.3083762589106762 0.09520963230026792
888.5 0.3084129056090591 0.09523329775402936
888 0.30826680687092967 0.09514081536986688
887.5 0.30847406962701435 0.09527029741142624
887 0.3084365258503112 0.09524808233083829
886.5 0.30820636534285467 0.09510507073821248
886 0.308160633352024 0.0950775537921625
885.5 0.3084814056257357 0.09527514598117434
885 0.30797383774890186 0.0949630791746464
884.5 0.3082518777295128 0.09513489055753535
884 0.30831530267822355 0.09517218298635709
883.5 0.3081975894776856 0.09509664436103472
883 0.30826214080304015 0.09513985140708951
882.5 0.3082921467762265 0.09515612225372475
882 0.30822238027415266 0.09511414865295724
881.5 0.3081974169616374 0.09509905071651797
881 0.30791900796199767 0.09492374826989686
880.5 0.30824052333370344 0.09512567987565215
880 0.3079646654163086 0.09495649762866488
879.5 0.30805565117804434 0.09501239366236325
879 0.30818647621616985 0.0950917972394832
878.5 0.3079742401103233 0.09496047428441629
878 0.3081445109600992 0.09506563848350945
877.5 0.308040314296032 0.09500421779651631
877 0.3080051979275033 0.09498046570891094
876.5 0.30826186250238596 0.09513815062092038
876 0.3081455476528742 0.0950637828306586
875.5 0.30792478997062617 0.09493046260107742
875 0.30809509814777436 0.09503466489732836
874.5 0.30800181173370633 0.09497919321747379
874 0.3078565026461637 0.0948900976757153
873.5 0.3079265043154524 0.09492991401741596
873 0.3077012385238949 0.09479323185625778
872.5 0.30780736843052264 0.09485891017573564
872 0.3081837511405038 0.0950904431017549
871.5 0.30800069078458936 0.09497665868585303
871 0.30763104906317734 0.09475296134015634
870.5 0.30791684702437366 0.09492396151797967
870 0.3076228649813489 0.09474586523530724
869.5 0.30788971892652794 0.09490855787585378
869 0.3079034956261847 0.0949185010067374
868.5 0.30791490675175065 0.09492700753908301
868 0.30772209531192496 0.09480509827997213
867.5 0.3078101564192531 0.09486202792990918
867 0.3079044272552234 0.09491793450087399
866.5 0.3075582738921472 0.09470716355048171
866 0.30746697162481523 0.09464610803822711
865.5 0.3078476584586435 0.09488139623525066
865 0.3076568373211685 0.0947656421791811
864.5 0.30778050211544483 0.09483906125646434
864 0.3075300226003224 0.09468764119967255
863.5 0.3074961917077569 0.09466806930678773
863 0.30753106178088374 0.09468567645267244
862.5 0.307659845115506 0.09476768707074422
862 0.3077590303715001 0.09482971816793369
861.5 0.30766839869617446 0.09477046838445502
861 0.3076529075440145 0.09476055734335934
860.5 0.30734898289218004 0.09457484876870705
860 0.3076706782946537 0.09477290793043558
859.5 0.30772732602927877 0.09480657078207815
859 0.30744142634347604 0.09462972311647773
858.5 0.3073573927939034 0.09458374861003342
858 0.30769936916109986 0.09479336022897442
857.5 0.3071685339826234 0.0944701752920575
857 0.3073872653139857 0.09460181435851814
856.5 0.30741867227415076 0.09462126053133184
856 0.3075100831817243 0.09467519659766949
855.5 0.3075718524975934 0.09471328827200298
855 0.30719885395055235 0.09448350555650421
854.5 0.3072729269339489 0.09453147351310197
854 0.30719301238440855 0.09448228381450903
853.5 0.30741687894806563 0.094615535685728
853 0.30727697620667116 0.09453211627652326
852.5 0.3070984792702039 0.09442289066176275
852 0.3073255220032832 0.09456274691843028
851.5 0.30726563542544194 0.09452440187814401
851 0.30706643281410473 0.0944034791682089
850.5 0.3073616490710387 0.09458636559786625
850 0.30731465838403743 0.09455539669406235
849.5 0.30721256612245057 0.0944972242104575
849 0.30732396622436736 0.09455882305041731
848.5 0.3071617735092242 0.09445828745009292
848 0.30705804446374807 0.09439658920529125
847.5 0.30705431027686425 0.09439437234067824
847 0.3073138730206213 0.09455642909332465
846.5 0.30713964422113066 0.0944492219807527
846 0.3070010650485397 0.09436388227700643
845.5 0.30734220641294296 0.09457410226083235
845 0.3071308953669754 0.09444257973447961
844.5 0.307020325252336 0.09437377296330415
844 0.30700066050201064 0.0943647686569779
843.5 0.30684292540159464 0.09426402582387235
843 0.30697323522384645 0.0943465416653127
842.5 0.30677719478955046 0.09422522642990498
842 0.30678565442727734 0.09423355682074734
841.5 0.30689166196957574 0.09429710098315895
841 0.3070833543801348 0.0944149433174805
840.5 0.30695614773748414 0.09433553989270375
840 0.30681396298824526 0.0942489872004122
839.5 0.3067125892766931 0.09418514268184383
839 0.3067017696787561 0.09417931355648515
838.5 0.3068865729542527 0.09429366635835673
838 0.3068387976823706 0.09426363368562063
837.5 0.3067613113564594 0.0942147276791079
837 0.3070006005253833 0.09436077148243678
836.5 0.30657111416008104 0.09410405463752336
836 0.3066126265266811 0.09412585681596657
835.5 0.3070026802801217 0.09436532948906787
835 0.3066190709455092 0.09412752216854986
834.5 0.30664844890331705 0.09414645544027592
834 0.30696323981499485 0.09434176715647195
833.5 0.30677775499539106 0.09422353489182422
833 0.30654733286715463 0.09408724060552005
832.5 0.3067291245852364 0.09419564262350542
832 0.30687143898478403 0.09428260107263764
831.5 0.3064912885438065 0.09405243670476485
831 0.3066211107201137 0.0941338741782998
830.5 0.30625477108021176 0.09390591714126795
830 0.3067537512034311 0.09421428267229473
829.5 0.3065357840163339 0.09407762689768892
829 0.3064982171794346 0.09405643705795891
828.5 0.3063938633630275 0.09399129060964645
828 0.30666993505650986 0.09415993251212129
827.5 0.3066850580134363 0.0941700755861928
827 0.30652340672656125 0.09406957584684174
826.5 0.30666411300542407 0.09415746244130785
826 0.30639267686309885 0.0939902985527425
825.5 0.3063449388911826 0.09396041937969205
825 0.3065486123544934 0.09408392353073927
824.5 0.30631554137264655 0.0939453233864008
824 0.3064813575318444 0.09404538728338697
823.5 0.3064602942089684 0.09402966294169275
823 0.3064049599566446 0.09399236752219717
822.5 0.306344820395142 0.0939626750476825
822 0.3062922857334816 0.09392975202170963
821.5 0.3063962646254098 0.09399321431124799
821 0.3063495790877763 0.09396203252552017
820.5 0.30627660223883396 0.09391993431214118
820 0.306444482518177 0.09402202822133528
819.5 0.3061323802646192 0.09383029061009897
819 0.3063363515644305 0.09395595050074461
818.5 0.3059983130575012 0.09374834356640069
818 0.3061232316697236 0.09382354172276974
817.5 0.30643672762336494 0.09401531532743848
817 0.3063289939808959 0.09394912161614215
816.5 0.3063007457424488 0.09393155304419064
816 0.3060940032097576 0.0938093339781603
815.5 0.30608402091819426 0.09380540414397046
815 0.306076336293171 0.09379590740090663
814.5 0.30613156545148895 0.09383016276202652
814 0.30604740713747103 0.09377778751400523
813.5 0.30627062658532117 0.09391546274901319
813 0.30584674814785634 0.09365513402295778
812.5 0.3058826799072614 0.09367655792460078
812 0.3060539425836409 0.0937830240847742
811.5 0.30591288394027416 0.09369669254705351
811 0.3058496349079465 0.0936568358026835
810.5 0.30614200108819845 0.09383745457499114
810 0.3062434926474592 0.0939001311575128
809.5 0.3058058980918074 0.0936331694546824
809 0.30579059033886924 0.09361963847090528
808.5 0.3058503997858406 0.09366142228283489
808 0.305817132534115 0.09363777517952945
807.5 0.3060064071156017 0.0937545740833781
807 0.30575045693875547 0.09359686080977346
806.5 0.30558090043950287 0.09349505047205847
806 0.3058526134198811 0.09365750348774084
805.5 0.30561779848106785 0.09351620103363492
805 0.3057381699336106 0.09359061573414855
804.5 0.30577093205259814 0.09360800362500984
804 0.3055563297566821 0.09348072683807455
803.5 0.3057724218882088 0.09360905228338667
803 0.30579198569490945 0.09362290941944873
802.5 0.30567132673095126 0.09354961045166213
802 0.30564786887130535 0.09353225105810227
801.5 0.30549113135974154 0.09343536915093455
801 0.30549177208977535 0.09344123139488494
800.5 0.3054842435932139 0.09343144765618887
800 0.3052837061672385 0.0933099495143007
799.5 0.30545553188428 0.09341985025473377
799 0.30568418063244274 0.0935561177089045
798.5 0.3056492595604656 0.0935368049993901
798 0.3052003454629833 0.09326018274879662
797.5 0.3053513844435047 0.0933517907975195
797 0.30552221753133824 0.09345454103177996
796.5 0.30534456449464825 0.09335085366389151
796 0.30543280072314977 0.09340180938402758
795.5 0.30550902643532774 0.09344942324942057
795 0.3052814529845418 0.09331102429157168
794.5 0.3052469576812149 0.09328920609718871
794 0.3055095449874425 0.0934471798094195
793.5 0.30527624934195957 0.09330634437544753
793 0.3053628222253647 0.09335908988062924
792.5 0.30508699692831104 0.09318904015735004
792 0.30528129588266373 0.09331296699219085
791.5 0.30528319016582217 0.09331131439981952
791 0.30528338821111145 0.0933129398350691
790.5 0.3051642201994927 0.09323681696318979
790 0.3052082935354412 0.09326939250663129
789.5 0.30511460475178237 0.0932098156785449
789 0.30531820662511444 0.09332992378111213
788.5 0.30510486820306154 0.09320222083760633
788 0.304873992601172 0.09306289719717277
787.5 0.30511047241218964 0.09320466113798344
787 0.3052344745813292 0.09327989769658437
786.5 0.30507925442352996 0.0931876576526252
786 0.30490689578996166 0.09307802710436724
785.5 0.3051307660221836 0.0932168139839887
785 0.3053371711208249 0.09334430773419687
784.5 0.30510122808181217 0.09320081461264809
784 0.3049730238540906 0.09312219525890773
783.5 0.30477344758458214 0.0929972776615373
783 0.30520875352460486 0.09326391846646163
782.5 0.3048419927287074 0.09304254775938912
782 0.30472049975120863 0.09297065093004425
781.5 0.3048249675144004 0.09303247567484658
781 0.3048618154562545 0.09305523712135853
780.5 0.30501314021427206 0.09314666697198336
780 0.304904826157111 0.09307986724600978
779.5 0.3048979193950181 0.0930751173121519
779 0.304826710416405 0.09303145172285984
778.5 0.30488239771250836 0.09306773497886191
778 0.30472519056397923 0.0929706095451711
777.5 0.30446371734741146 0.09281054685579505
777 0.30462601005151196 0.09290904033378984
776.5 0.3046428475376277 0.09292062143438527
776 0.30455863280910817 0.09286979461474973
775.5 0.3046448296355925 0.09291942306786871
775 0.3044139029331357 0.0927809687894552
774.5 0.30485144674007447 0.0930445631981829
774 0.3043946069455521 0.09276907889424629
773.5 0.3044398346187704 0.09279529685853052
773 0.3045555511296381 0.0928670879828694
772.5 0.30479793456992726 0.09301872189914609
772 0.3045245536933863 0.0928494418671183
771.5 0.3046486434076285 0.09292450303518916
771 0.3048854751145434 0.09306761269144459
770.5 0.3041982692546348 0.09265055277859588
770 0.30465652029552154 0.09293087829586245
769.5 0.3046357938655259 0.09291676044674257
769 0.3043814007300921 0.09276062560340007
768.5 0.3044642434175873 0.09281130755571779
768 0.30437611772555245 0.09275909180141959
767.5 0.30423023066621513 0.09266848708977353
767 0.3042608331988444 0.09268764784473912
766.5 0.3040577911563715 0.0925620951942723
766 0.3042935671001377 0.09270743046312377
765.5 0.3040896642860412 0.09258287507537949
765 0.30440583750157224 0.09277799909165664
764.5 0.3043002905890882 0.09271364100088525
764 0.3042732721852771 0.09269471128089501
763.5 0.3041921511423212 0.09264802279641966
763 0.3039485174581522 0.09249674882106011
762.5 0.3043628797845925 0.09275384637216154
762 0.3040842651231447 0.09258005190011266
761.5 0.3039001589812814 0.09247084901056452
761 0.3041024644587959 0.09259479250204831
760.5 0.30407670485463023 0.092576737594575
760 0.30409032981201484 0.09258524973093601
759.5 0.30391846222362445 0.09248040226394479
759 0.303991430087494 0.09252266717129067
758.5 0.30405142526359036 0.09256165193695642
758 0.3038636084209102 0.09244278082135463
757.5 0.30391461906854234 0.09247934209007466
757 0.30404167245258773 0.09255666068606432
756.5 0.3038785557829302 0.09245597915044168
756 0.3038880313758929 0.09246393470731787
755.5 0.3036914446172977 0.09234141202865061
755 0.3039220216618227 0.09248249094433086
754.5 0.30368725117471523 0.09233919411580122
754 0.3037592353834525 0.09238128892851101
753.5 0.3039242049631806 0.0924850381691914
753 0.30395993744152405 0.09250602816871872
752.5 0.3038311359800045 0.09242783757289477
752 0.30371716653025777 0.09235648815197937
751.5 0.30388822278230904 0.09246232313140235
751 0.3037011962602864 0.09234537736208889
750.5 0.30359009640094853 0.09228243299569494
750 0.3032937695003449 0.09210180353806105
749.5 0.3037641895042986 0.09238730887845972
749 0.303496261377606 0.09222510677026344
748.5 0.30331352258748884 0.09211157742998967
748 0.3034477122084098 0.09219456347558957
747.5 0.30364753769145075 0.09231450515640584
747 0.3032762440024504 0.09208813618670025
746.5 0.3036926756170033 0.09234394343269
746 0.3035061434332896 0.09223278897247712
745.5 0.30351232170277886 0.09223380274036252
745 0.30331800658859054 0.09211604064245736
744.5 0.30356346973757536 0.09226575394473455
744 0.3033937032040289 0.09216092969814363
743.5 0.30350870292130905 0.09223066414137537
743 0.3033139555689414 0.09211244053727244
742.5 0.30344119219692167 0.09219070956327785
742 0.30340091388033424 0.09216591753179051
741.5 0.3028979346930641 0.0918585145729825
741 0.3032571037421373 0.09207554548683883
740.5 0.3032317222797642 0.0920633921879076
740 0.3032346514954056 0.09206672382733928
739.5 0.3030476434552756 0.09195272229095387
739 0.3031029399231266 0.09198773959461248
738.5 0.3032759116872534 0.09208758533384022
738 0.30316724972131437 0.09202458843557412
737.5 0.3032211490244589 0.09205337868668793
737 0.30299146978851554 0.09191478259545205
736.5 0.30303611627993715 0.09194432876469824
736 0.30292290316648696 0.09187627195238855
735.5 0.30287710016639674 0.09184764883695623
735 0.3030803461010284 0.09197072310902851
734.5 0.3028635217569866 0.09183669930915297
734 0.30296442436220866 0.09190089467664524
733.5 0.3030395174568108 0.09194705925872977
733 0.3029656720878755 0.0919009960151651
732.5 0.30302368637894195 0.09193574606651693
732 0.302967425308566 0.09190141514874828
731.5 0.3030395954786638 0.0919456447046431
731 0.30295318844974944 0.09189588180130938
730.5 0.30294527736806653 0.09188800771640475
730 0.3028065675166959 0.09180896817971834
729.5 0.3029756561354493 0.09190840794569013
729 0.3030908515092229 0.0919750703390966
728.5 0.3026038862458098 0.09168535350429541
728 0.30290881666540476 0.09186720060437929
727.5 0.30243174143362955 0.09157773573028022
727 0.3027190102819708 0.09175065875522717
726.5 0.3026872967511471 0.0917334952978611
726 0.3027398073872767 0.0917659388690411
725.5 0.3025651097489381 0.09165695620311537
725 0.3024604202766372 0.09159757362036924
724.5 0.3026805944880277 0.09172817907513751
724 0.3023735410887252 0.09154219653348321
723.5 0.3026251992122623 0.0916934680459065
723 0.3025257801580121 0.09163688772146278
722.5 0.30248378573267337 0.0916083352972861
722 0.3024200220953901 0.09157159012450553
721.5 0.302329553750105 0.09151750749558012
721 0.302581524311363 0.09166904349139185
720.5 0.30238649273545676 0.09155153853778146
720 0.30211184224227466 0.09138429499097797
719.5 0.30258414956727675 0.09167057808674803
719 0.30222729471706955 0.09145317052321364
718.5 0.3022790624242501 0.09148792063120295
718 0.30222307127097986 0.09145061395962203
717.5 0.3022137447763573 0.09144848369335662
717 0.30229465475484896 0.09149505443169359
716.5 0.3022571266670799 0.09147168017893242
716 0.3023106890131575 0.09150726828038248
715.5 0.3022488507179158 0.09146866290651048
715 0.3019122430738938 0.09126490653918978
714.5 0.30211358134630145 0.09138285287014654
714 0.3023292021137708 0.09151393886618969
713.5 0.3018033522835443 0.09119735812359123
713 0.30202707503406795 0.09133554047894543
712.5 0.30212870444024126 0.09139631223446024
712 0.3019089489585141 0.09126130632061247
711.5 0.30209255270828766 0.09137312852835958
711 0.30205882824319 0.09134887952671628
710.5 0.3018962708712458 0.09125536534059715
710 0.30176583898988396 0.09117292100972242
709.5 0.3019765320945217 0.09130194365438281
709 0.3018987541167372 0.09125730179073938
708.5 0.3020635367728065 0.09135675036286761
708 0.3018374112024258 0.09122074800606281
707.5 0.3019224363582423 0.09127033572132945
707 0.3015298221416658 0.09102973234405651
706.5 0.3016346351265057 0.09109605711068551
706 0.30179524638675786 0.09119136147920942
705.5 0.30152246045018893 0.09102855179250177
705 0.3016950337594923 0.09113350842770049
704.5 0.301588575760573 0.0910701605113079
704 0.3017381162708103 0.09115913646206235
703.5 0.3019426136132895 0.09128372939050035
703 0.30169793869103034 0.0911364690035534
702.5 0.301589992979169 0.09107141958953428
702 0.301313791639167 0.09090166411998563
701.5 0.30157412372102155 0.09106485543407973
701 0.30152398157592825 0.0910257918271317
700.5 0.3014752910856947 0.09100054333467343
700 0.30151447831282313 0.09102577486809031
699.5 0.3012442581594513 0.09086199955967682
699 0.3012010087098793 0.09083540365936099
698.5 0.30130748917459743 0.09089993237249239
698 0.30147259881249355 0.09100094017364939
697.5 0.30153910091166874 0.0910410811596699
697 0.3011429527334426 0.0907996985536882
696.5 0.3012057325988209 0.09084117880009097
696 0.30142192315815974 0.0909687272678995
695.5 0.3011295012831272 0.09079429162801327
695 0.3011162499850719 0.09078497411060295
694.5 0.30124524071547676 0.09086204281153014
694 0.3012758815085469 0.09087989228430346
693.5 0.301198540191813 0.09083396338803883
693 0.3012661874990069 0.09087802483927618
692.5 0.30117938853362075 0.09082117054770072
692 0.30114992004427205 0.09080582427253035
691.5 0.30104174731177374 0.09073674746744408
691 0.30121573800084284 0.09084641551329874
690.5 0.3010840448734643 0.0907654347192665
690 0.30103067544236506 0.0907320163847824
689.5 0.3009603083303265 0.09068943765087219
689 0.3007370029265457 0.09055708803216996
688.5 0.3007578925883094 0.09056843379835357
688 0.30091788583945267 0.09066690567951254
687.5 0.3009761018235604 0.09070304034988586
687 0.3008330705004434 0.0906139165219398
686.5 0.30084865754450846 0.0906231910266379
686 0.3013099376036247 0.09090189036087508
685.5 0.3009170140302196 0.09066456542648119
685 0.3007550200970495 0.09056807326919383
684.5 0.3007972247975163 0.09059162434242478
684 0.30066781827417793 0.09051823925862922
683.5 0.3007084857014878 0.09053949031670068
683 0.30066142236717713 0.09051162846592577
682.5 0.3008196865634641 0.09060535388808431
682 0.30058884491534116 0.09046699085914953
681.5 0.3008489381862471 0.09062377718332307
681 0.3006167949557146 0.09048450606911192
680.5 0.3005787375498461 0.09046085899830313
680 0.3002375700121805 0.0902548827447151
679.5 0.30046983328065435 0.09039695587536123
679 0.30023163189380814 0.09025314428180971
678.5 0.3005144696169502 0.09042186652841964
678 0.3006465567655043 0.09050137873036604
677.5 0.3003993986315403 0.09035114956130559
677 0.30060985531860934 0.09048205748679156
676.5 0.3004512213979774 0.0903825657241933
676 0.3002682059467367 0.09027392013530613
675.5 0.3003098147105429 0.09030149544731596
675 0.3002855711340557 0.09028585158492682
674.5 0.30031549763530513 0.09030156101018091
674 0.3003487652098513 0.09032480649118169
673.5 0.30008342617954975 0.09016455394368175
673 0.3001759032308909 0.09021875899864149
672.5 0.30013455287349955 0.09019367912863135
672 0.30028544610129054 0.09028336763479756
671.5 0.29991716723498535 0.0900663486106054
671 0.3001554703804934 0.09020972580838461
670.5 0.3000398458767996 0.09013971699889912
670 0.2998852240553219 0.0900420983830076
669.5 0.2998793874781602 0.0900402362599641
669 0.29976774313194593 0.0899735533665492
668.5 0.30006149793390896 0.09014815613772277
668 0.2997621390535895 0.08997034506221775
667.5 0.2998686088481615 0.09003479700144097
667 0.2998689362710142 0.09003591464684092
666.5 0.2999017652220325 0.09005570189021117
666 0.2998365205420589 0.09001841378615615
665.5 0.29978575902341154 0.0899846180529678
665 0.29973760208683103 0.08995778402240207
664.5 0.299866851797638 0.09003203966998582
664 0.29963434748101114 0.08989467641891309
663.5 0.29968669939585535 0.08992355661514961
663 0.29957078892163896 0.08985502165697479
662.5 0.29938851416240586 0.0897446371583598
662 0.2994918157258707 0.08980907304450995
661.5 0.29944755771821974 0.08978207393521781
661 0.2994638862885881 0.0897919454386598
660.5 0.2993886031491949 0.08974470701522824
660 0.2994900013795698 0.08980840568539324
659.5 0.29951583784658875 0.08982261864819316
659 0.29938023057655094 0.08974039507494787
658.5 0.2991336437264927 0.08959640813610635
658 0.2994440776099104 0.08978329915766049
657.5 0.2990640222541832 0.08955213020915771
657 0.2993887232037543 0.08974863529176727
656.5 0.2996514938424899 0.08990469520251912
656 0.29926740328167073 0.08967482608936113
655.5 0.29920115577748035 0.08963422136152543
655 0.29911971848373986 0.08958638545562893
654.5 0.2991329693036925 0.08959168232102487
654 0.2990729789009316 0.08955977827273803
653.5 0.2991396344053161 0.08959674167981524
653 0.2990588033660961 0.08954935132913397
652.5 0.2990025796219485 0.08951488761750354
652 0.29921273582293667 0.08964342776164819
651.5 0.29882591809432807 0.0894092150051537
651 0.29916249805127676 0.08961180556669913
650.5 0.299073232173156 0.08955683488180138
650 0.29911189081212464 0.0895795777420949
649.5 0.29904775697568775 0.08954555409548234
649 0.29907758004852386 0.08956373591462424
648.5 0.2989955192445975 0.08950924334280806
648 0.2990232869126605 0.08952748003640341
647.5 0.29852451281790554 0.0892284658918209
647 0.29877407755771807 0.08937818808813291
646.5 0.29879168404197265 0.08938855048601207
646 0.29871469212935375 0.08934461123364953
645.5 0.29846833326436295 0.0891957242097485
645 0.2989918225264241 0.0895087476349359
644.5 0.29852952122552595 0.08923332539728038
644 0.29871074632622435 0.0893409774002201
643.5 0.298604432805699 0.08927935989040564
643 0.2984964923287265 0.08921380906667357
642.5 0.2985176898069324 0.08922313346304947
642 0.29850172260703267 0.08921914062654644
641.5 0.2985040387308932 0.08922093559743942
641 0.2983258656578198 0.0891107789926591
640.5 0.29851825689519595 0.08922496679713247
640 0.29834403972835927 0.08912307744351858
639.5 0.29835911286328026 0.08913007329570842
639 0.2984193788396225 0.08916813091543141
638.5 0.2984236809992816 0.08916916260587755
638 0.2980193846674612 0.08892942584100055
637.5 0.2983529410008256 0.08912743065512452
637 0.29798238685928835 0.08890578494888192
636.5 0.29827865621571265 0.089083040276828
636 0.2980960121882888 0.08897258800357238
635.5 0.298006039064348 0.08892172849487748
635 0.2980964044913681 0.08897306040695142
634.5 0.29814584901915314 0.08900929237122064
634 0.2979481262612879 0.08888653030617384
633.5 0.29828592053278685 0.08908832149939416
633 0.2979976566249162 0.08891633636778687
632.5 0.2983396594052368 0.0891171866391961
632 0.2980711545971517 0.08896085491620143
631.5 0.2980357336740315 0.08894177702079822
631 0.2979065650475781 0.08886153402270311
630.5 0.2977540820970373 0.08877291149518486
630 0.297784356394846 0.08878812278298662
629.5 0.29784191807811244 0.08882420490489176
629 0.29790769128060585 0.08886335996905774
628.5 0.2978374410549794 0.08882132366587432
628 0.2975140441808471 0.08862653032397014
627.5 0.2977077961428865 0.088743967445519
627 0.29758191264842326 0.08866797379828584
626.5 0.2977355640319317 0.08876236970849444
626 0.29757236220157224 0.08866327559930835
625.5 0.2974539010891227 0.08859370596353787
625 0.29762977297403437 0.08869471229371906
624.5 0.29742339473165513 0.08857266328077916
624 0.29759416562087576 0.0886759922752463
623.5 0.2975338167860834 0.0886370500491207
623 0.2975493583411742 0.08864834578260303
622.5 0.29759821417466675 0.08868052285343112
622 0.29767164552089087 0.08872180641232967
621.5 0.2970848054173286 0.08837509339647502
621 0.29708215072600197 0.08837214881198754
620.5 0.2971464866438509 0.08840968938176186
620 0.29762109544965537 0.0886919272278823
619.5 0.29717139313738916 0.0884251896105055
619 0.2973725149741338 0.0885428013446154
618.5 0.29687446238164317 0.08824833224447959
618 0.29740844149352685 0.08856798720472961
617.5 0.29738311739777135 0.08855183667268318
617 0.2971759433493688 0.08842688137156796
616.5 0.29720620689314625 0.08844752169646719
616 0.29699661639202457 0.08831505595119873
615.5 0.296942518916381 0.08828637372549789
615 0.297039409695425 0.08834586821378619
614.5 0.29701453611367723 0.08833153689747998
614 0.29685705444553306 0.08823735911990817
613.5 0.29677884852383 0.08819101771906057
613 0.29657199272206813 0.08806834312742753
612.5 0.2968105163237352 0.08820797219882387
612 0.29675167529111024 0.08817800452208131
611.5 0.29666286500127975 0.08812262235520837
611 0.2967374512871666 0.08816851008544473
610.5 0.296826297170988 0.08822211015326295
610 0.2968995270250205 0.08826098987683807
609.5 0.2967143910138232 0.0881518438930352
609 0.29663088015557654 0.08810278963824662
608.5 0.2967271578175713 0.08815988991230347
608 0.29660201525162977 0.08808478960127251
607.5 0.29667820297339276 0.08813112531657072
607 0.2965551533789095 0.0880581318153099
606.5 0.29645479362415494 0.08799613699011043
606 0.2965207581055113 0.08803618605762904
605.5 0.29673908757992395 0.0881694395499541
605 0.2965647953506936 0.08806569060709693
604.5 0.29621792189547397 0.08785774142207728
604 0.29628757329768546 0.08789887403311736
603.5 0.2963679819006194 0.08795067321418655
603 0.2960740043704423 0.08777277561400872
602.5 0.2961273484123128 0.08780795336148624
602 0.29603730232453035 0.08774774133259926
601.5 0.29612734848133443 0.08780474955586452
601 0.2960270921382038 0.0877429974557122
600.5 0.2961567305571648 0.0878218198956199
600 0.29585565168212385 0.08764337759971921
599.5 0.2958277751701814 0.08762785788644098
599 0.29632244890656817 0.08792074794658267
598.5 0.29597888441823966 0.08771533973012383
598 0.2961140443970943 0.08779418841949892
597.5 0.2958363651775267 0.08763282933114507
597 0.2955897426535876 0.08748844840567475
596.5 0.2959707786039853 0.08771330395115023
596 0.2958391201862061 0.08763328847780534
595.5 0.2959263065676944 0.08768584438901086
595 0.29553802283691716 0.08745653633642325
594.5 0.29552080410517484 0.08744482353435046
594 0.2955156758343034 0.08744036998219767
593.5 0.2956647588265651 0.08753296842739607
593 0.2957465660783817 0.087581377855686
592.5 0.29571732153980673 0.0875650686249004
592 0.29576919803131885 0.08759041332675052
591.5 0.29565252698052563 0.08752130643045586
591 0.2954439179499709 0.08739929781571548
590.5 0.2956081973619712 0.08749663309480879
590 0.2954913881059638 0.08743121953051455
589.5 0.29518855039285713 0.08724666661373161
589 0.29509270813557825 0.08719249410736873
588.5 0.29508497388152327 0.08718843811660411
588 0.2952325054311761 0.08727412992409295
587.5 0.29527868618000863 0.08730274555163905
587 0.2951107488231367 0.0872024699526577
586.5 0.2954437817151626 0.08739954340453925
586 0.29523798051149874 0.0872773841645892
585.5 0.29509589737169994 0.08719920382961131
585 0.295005935055548 0.08714063855618462
584.5 0.29527680357722114 0.08730274216556415
584 0.29497562206029276 0.08712631204599225
583.5 0.2950086233691505 0.08713907507314277
583 0.29518434488253203 0.08724672884150245
582.5 0.2949128247664066 0.0870843082317184
582 0.29494290990535005 0.08710554420797469
581.5 0.29488172238302696 0.08707143736323851
581 0.294989358748565 0.08713084894272947
580.5 0.29470630995701463 0.08696367398053922
580 0.2947075662275547 0.0869664679559358
579.5 0.2949179135576985 0.08708599960735124
579 0.29481232987203937 0.08702815159982076
578.5 0.29442334527200603 0.08679997414122459
578 0.2945089360213633 0.08684898561368155
577.5 0.2948505123187828 0.08705081613200323
577 0.29462533209993086 0.08692120434555313
576.5 0.29446277237496005 0.08682304483600586
576 0.2945295736004548 0.08686145470016637
575.5 0.29443314801945136 0.0868086877813878
575 0.2942996642538899 0.08672508499253302
574.5 0.294401068717667 0.08678237692853358
574 0.29416237660604855 0.08664619956027884
573.5 0.29430940911093795 0.08673210512407158
573 0.2942467119037865 0.0866959018838117
572.5 0.2945301339299974 0.08686248925512167
572 0.2942583123263162 0.08670122634584976
571.5 0.2939019940022667 0.08649048081903872
571 0.29409699130115147 0.08660745154802649
570.5 0.2941730099510801 0.08664970860998028
570 0.2939905332726689 0.08654450105877885
569.5 0.2939241059944221 0.08650546806320433
569 0.2941151205478433 0.0866167060070833
568.5 0.29390990891646146 0.08649889948878112
568 0.2939032116933508 0.08649345414746218
567.5 0.29380244856471477 0.08643702205963351
567 0.2939838327493711 0.08654118430793506
566.5 0.2937122919181298 0.08638217021133338
566 0.2936346718158181 0.08633226392442396
565.5 0.2939713497712324 0.08653511427092171
565 0.29398307209471075 0.08654027377970797
564.5 0.2938381000923629 0.08645218164651618
564 0.2936453832855646 0.08634312366380437
563.5 0.2935221148769458 0.08626963162218747
563 0.29357766053924034 0.08629848767023153
562.5 0.29358711469897153 0.0863058214467978
562 0.2935370717714997 0.08627989651725394
561.5 0.293593211679732 0.08631178093901906
561 0.29340663233264164 0.0862022985336501
560.5 0.2931967370390739 0.08607522939259166
560 0.2932290847513544 0.08609628456580579
559.5 0.2933786314191871 0.08618487619775894
559 0.2935147452407517 0.08626457076997801
558.5 0.29308994214028466 0.08601730870576323
558 0.29342487156625 0.08621011613128797
557.5 0.29322442553863376 0.08609041433286316
557 0.2930355729018565 0.08598282935145744
556.5 0.29329620880276897 0.08613775818004825
556 0.29286806907565893 0.08588556356673385
555.5 0.2928595637166958 0.08587839934561894
555 0.2928962225353859 0.08590082421617556
554.5 0.2930841040861573 0.08601387961649756
554 0.29301968656576555 0.085969180808416
553.5 0.29304060434903234 0.08598634226329187
553 0.2925920180802188 0.0857222048682427
552.5 0.292790310364517 0.08583699662230122
552 0.2928450631662955 0.08587021657180006
551.5 0.2925739507489951 0.08571438033091344
551 0.29253121284585615 0.08568579298090626
550.5 0.2924118532060062 0.08561828615520888
550 0.2925860481443067 0.08572047572082808
549.5 0.2925230678417472 0.08568269651916059
549 0.29273557048252635 0.0858064725626717
548.5 0.2924651697683968 0.08564831714485872
548 0.2925402832818342 0.08569343151469358
547.5 0.29257869876973563 0.08571775694127456
547 0.29240598610609686 0.0856130996160135
546.5 0.29239852687036777 0.08560786682586771
546 0.29223074281963446 0.08551470313607615
545.5 0.29225158159149106 0.08552441077785941
545 0.2921745781939888 0.08548029819889781
544.5 0.29224367734778567 0.08551923927627281
544 0.29226672160448564 0.08553411584880007
543.5 0.2920872993711647 0.08542724816310067
543 0.2918947872801605 0.08531411334136839
542.5 0.29202976962454646 0.0853932986256812
542 0.29222703347115986 0.08550925999860545
541.5 0.29197193212807326 0.08536296691031353
541 0.29190156660384065 0.08532227905838907
540.5 0.29186719004558165 0.0852999846223774
540 0.29172513635522773 0.08521709816066209
539.5 0.29184031886852585 0.0852866088400811
539 0.29147547106722355 0.08507000325272158
538.5 0.29188163345029106 0.08530912281298772
538 0.2918005722055049 0.08525824339803129
537.5 0.2916628141880249 0.08517984731999596
537 0.2917283656339579 0.08521888141191697
536.5 0.2915508152520172 0.08511610370334792
536 0.2917153941752533 0.08521211182640523
535.5 0.2916190272281429 0.08515416428509887
535 0.2912778179374734 0.0849596616941445
534.5 0.2915285658687861 0.08510121057785754
534 0.2914060077909326 0.08503499115630704
533.5 0.29136097608967093 0.08500564403364466
533 0.2913038114141657 0.08497066446266835
532.5 0.29145198722347154 0.08505577740550728
532 0.29138315240767165 0.08501795332276726
531.5 0.2912049782114287 0.08491517832352324
531 0.29123290234366384 0.08493014764614402
530.5 0.29104146607547304 0.08481964135080114
530 0.2908758582842708 0.08472225407600249
529.5 0.2911422008336093 0.08487738818829287
529 0.29067033863198866 0.08460181306520216
528.5 0.29090220567618896 0.08473677173911451
528 0.29088238447695375 0.08472732211139442
527.5 0.2906427888703569 0.08458466550697596
527 0.29089673675880356 0.08473394854797607
526.5 0.290453069987497 0.0844732355753278
526 0.2905880705369914 0.0845564688388964
525.5 0.2906223331691554 0.08457297328338048
525 0.2905753060374325 0.08454912169594613
524.5 0.29049164442379827 0.08450307045927336
524 0.29029111960912934 0.08438429904001367
523.5 0.29050344728553706 0.08450791212986819
523 0.29045303005186995 0.08448145105628121
522.5 0.29043767564032447 0.08446748960817087
522 0.29012943319955226 0.08428824932368938
521.5 0.29033327106552065 0.08441004121009618
521 0.2905389531857454 0.08452750948013536
520.5 0.2901714262106709 0.08430983644797352
520 0.29006210108620023 0.08424774848235413
519.5 0.2902485640666933 0.08435477575751588
519 0.2899071670614412 0.08416176382716323
518.5 0.29009930575075177 0.08427003018999846
518 0.28996697217953865 0.08419030714451224
517.5 0.2902203082428809 0.08434094237276257
517 0.2899333962777095 0.0841771144581177
516.5 0.28993715072136694 0.08417827749630001
516 0.28981991093533616 0.0841085623588709
515.5 0.28960276939489915 0.08398297812991105
515 0.28984811798125176 0.08412324671658111
514.5 0.28999930946943037 0.08421296348937352
514 0.28989283561608414 0.08414933228963999
513.5 0.2899622489852069 0.08419370391400617
513 0.28953303541263126 0.08394189004979899
512.5 0.289585893419697 0.08397288181617124
512 0.28977668020414676 0.08408411338615318
511.5 0.28943372616275526 0.08388505789154853
511 0.2895551684667569 0.0839548482561254
510.5 0.28955691780507564 0.08395765100745271
510 0.28925061552923914 0.08377776005351616
509.5 0.28933562397454804 0.08382785199564424
509 0.2892523494156771 0.08378053602520391
508.5 0.2892252092807196 0.0837628525851921
508 0.2892791641195998 0.0837938690089555
507.5 0.288926771908935 0.08359279565696542
507 0.2892827007981719 0.08379784545237375
506.5 0.2890962390816849 0.0836912238707353
506 0.2889302851079654 0.08359273223683122
505.5 0.288971882143194 0.08361972084083552
505 0.28893544696251483 0.08359280722388357
504.5 0.28884186225752656 0.08354310192262669
504 0.2889807300673498 0.08361914834402373
503.5 0.2888054376771067 0.08352211435967653
503 0.28862449932501755 0.08341772997098758
502.5 0.28848518179865906 0.08333744182991895
502 0.2887996339343412 0.08351847127396447
501.5 0.2886426962910075 0.08342505998895072
501 0.28852288027066914 0.08335728218686422
500.5 0.28862074081001754 0.08341543333201823
500 0.2884815448301406 0.08333282861688383
499.5 0.28847852817237735 0.08333484160702997
499 0.28830254959958757 0.0832309026289299
498.5 0.28874384253925944 0.08348905323433646
498 0.2880944380675938 0.08310758985752656
497.5 0.28819477046702846 0.08317157079569508
497 0.2882968461368545 0.08322867333368505
496.5 0.28837383516435333 0.08327263611885281
496 0.2883469207635489 0.08325650374332672
495.5 0.2879900193036469 0.0830512865995795
495 0.28783484530334186 0.08296279621419943
494.5 0.2881675641494487 0.08315380851013376
494 0.287797541181792 0.08294015681878096
493.5 0.2878108684927108 0.08294732181788605
493 0.2878967902105485 0.08299752935410683
492.5 0.28784804504606515 0.0829702808786482
492 0.28759940529475375 0.08282716441795959
491.5 0.28771211499931576 0.08289485561662539
491 0.2877805584234598 0.08292817295151818
490.5 0.28754468441253006 0.08279743915770313
490 0.2874569469227698 0.0827470589837205
489.5 0.28755431836877626 0.08279325764583796
489 0.28747476190529647 0.08275577979835792
488.5 0.2874951521113124 0.08276700007838637
488 0.28731644268443524 0.0826626132924388
487.5 0.28714105287292135 0.08256434751963117
487 0.28737555857770347 0.08270041461754701
486.5 0.2870808195681208 0.08252906163000592
486 0.2871874694121036 0.08259313708516608
485.5 0.2873112165810839 0.08265926866959779
485 0.28742078703305324 0.08272206896712063
484.5 0.2869246929454851 0.08243848459719345
484 0.287067958021513 0.08252209837753063
483.5 0.28695218736625316 0.08245189163105673
483 0.28688411687769194 0.08241611140143898
482.5 0.286854418650947 0.08239843479559995
482 0.28700575498466524 0.08248585318722737
481.5 0.2867782896512646 0.08235629869362944
481 0.28682535601776354 0.08238168117397965
480.5 0.2866674960988093 0.0822914227160853
480 0.2868083215454678 0.0823706101567763
479.5 0.286559104282445 0.08222770145237564
479 0.28647720173838714 0.08218110959819207
478.5 0.28619312674137937 0.08201899465438016
478 0.2863280847701544 0.08209655203336269
477.5 0.28661679137243906 0.08226295566840483
477 0.28648984637286773 0.08218754487014175
476.5 0.2861830439374675 0.08201661555505263
476 0.2860692863271868 0.08194798326717175
475.5 0.28626963837649466 0.08206342312691656
475 0.286284836967351 0.08207162950388526
474.5 0.28625390342309975 0.08205495710395608
474 0.28625756531203156 0.08205635836958321
473.5 0.28618804942052406 0.0820159402737479
473 0.2858809937145158 0.08183875119653038
472.5 0.286071149718187 0.08194907955421628
472 0.28583066602035445 0.08181253790138053
471.5 0.285882345063803 0.08184194983350004
471 0.2858085815829249 0.08179839379730265
470.5 0.2854386696030402 0.08158819086612491
470 0.28567145267203164 0.08172097689176866
469.5 0.28510591038963073 0.08139929101537086
469 0.28526665798875916 0.0814868768691052
468.5 0.2854782331573736 0.08161028712774425
468 0.2855057638582384 0.08162827786644923
467.5 0.2854797131528005 0.08160919159601163
467 0.2854928985431111 0.08162028720574128
466.5 0.2854622381073243 0.08159884951912103
466 0.28539539366907507 0.0815604567910017
465.5 0.28532153241617714 0.08152092203651982
465 0.2852238689574127 0.08146102286188822
464.5 0.2853377174345313 0.08152715396704995
464 0.28499976231591556 0.08133955643197982
463.5 0.28486956846935413 0.0812623216949584
463 0.28459422724423716 0.0811057580515779
462.5 0.2849034345073922 0.08128537357833969
462 0.2847878078017134 0.0812176142846344
461.5 0.2846340924548159 0.08112833284586633
461 0.2845951015457113 0.08110813280874132
460.5 0.28470418279387233 0.08116886973972377
460 0.2844752466465483 0.08104183403340609
459.5 0.2844368377061445 0.08101719334321775
459 0.28449183466487415 0.08105210718777522
458.5 0.2847604297382303 0.08120060812946422
458 0.28447772959150774 0.08103875775595838
457.5 0.2842366950648346 0.08090197984101276
457 0.28417268481917984 0.08087238574920955
456.5 0.284486542538849 0.0810464892201433
456 0.28428580238672374 0.08093083227768723
455.5 0.2840859176800307 0.08081835992646126
455 0.2840067225652672 0.08077412111912606
454.5 0.2841098512773914 0.08083104928673036
454 0.2838804437218078 0.08070273418319393
453.5 0.28398934860904446 0.0807611236391717
453 0.28374251643255854 0.08062284989062936
452.5 0.283746343083138 0.08062435115036841
452 0.2836761728203013 0.08058669497438073
451.5 0.2837957118344289 0.08065247942469024
451 0.283485056852127 0.0804738635837862
450.5 0.2833956872642317 0.08042656032201292
450 0.2833031341195314 0.0803719598121466
449.5 0.2835381651655305 0.08050529107960522
449 0.2835205083951853 0.0804955362091228
448.5 0.2833780082561775 0.08041740676835768
448 0.2833265992949802 0.0803858860228915
447.5 0.2832072033639858 0.08031657103390484
447 0.2829854094757452 0.08019340217372423
446.5 0.28323738870512793 0.08033619223775457
446 0.2831184475044303 0.08026822137677145
445.5 0.28296263805635447 0.08017954623563499
445 0.28283970939964714 0.08011142740117867
444.5 0.2829854626674341 0.08019216374153522
444 0.2828990804883214 0.08014285839688967
443.5 0.28242418960421034 0.07987798854779665
443 0.2825942854426321 0.07997242265485056
442.5 0.28276201735369577 0.08006577890813642
442 0.2824501034543437 0.0798912419281394
441.5 0.282495156346141 0.07991403547249026
441 0.28249077572491366 0.07991784548723238
440.5 0.2822013258577934 0.07974874963965119
440 0.2824631050782181 0.07989857085850711
439.5 0.28234470812924073 0.07982817381137577
439 0.2819442191599918 0.07960624267081588
438.5 0.28193587480356597 0.07959940679608082
438 0.28215113606913395 0.0797204447767367
437.5 0.2821654258800189 0.0797297826755972
437 0.28235341483560294 0.07983407186384828
436.5 0.28197254619251627 0.0796228681163757
436 0.2818565077886043 0.07955361591901584
435.5 0.2820525285089274 0.07966453600999811
435 0.2814448437043351 0.07932349360036375
434.5 0.2818582549344501 0.07955384192318288
434 0.2816379022822283 0.07943293975858189
433.5 0.28156478393135875 0.0793907573252484
433 0.2814809446754056 0.07934256141859312
432.5 0.28123920220001464 0.07921002355793698
432 0.2814152159432519 0.07930731417375628
431.5 0.28129474390389647 0.07923877810243071
431 0.28140547725980236 0.07929966033985748
430.5 0.281238556371144 0.07920616823888578
430 0.28103945183724766 0.07909384699045639
429.5 0.28098302589058527 0.07906287566817154
429 0.28113876761596784 0.07915108964777058
428.5 0.28117260214503237 0.07916836511381171
428 0.28071133255290365 0.0789137780235609
427.5 0.28081739817068274 0.07897165348426402
427 0.2806564251965118 0.07887969642785349
426.5 0.2808382154371363 0.07898302424208484
426 0.28079899419491294 0.07896215424287556
425.5 0.28036374394668884 0.07871504019395142
425 0.28057725422454394 0.07883669299840212
424.5 0.2804411133548438 0.07875674400654632
424 0.28051216603200463 0.07880133208281949
423.5 0.280515966211774 0.07880084238145917
423 0.2802612695948637 0.07866025748530366
422.5 0.2803709161740775 0.07871995855242
422 0.28036736557609254 0.07871721242248463
421.5 0.280133991338923 0.07859169079699553
421 0.2803911958358893 0.07873169820925352
420.5 0.2797762212416621 0.07838946981371943
420 0.27982516789755435 0.07841448718596192
419.5 0.280039995033411 0.07853733939678466
419 0.2796897167363434 0.07833615531215504
418.5 0.279669075816075 0.07832331458468669
418 0.2795354912066828 0.07825398268390672
417.5 0.28003849252507823 0.07852851980001826
417 0.2795218652120849 0.07824574691073836
416.5 0.2793878767185782 0.07817071447274311
416 0.27973408373453384 0.07835905840989439
415.5 0.27939582934658136 0.07817393682899804
415 0.27932686349535046 0.07813646016440703
414.5 0.2795495975709406 0.07825765525826804
414 0.27909805187118636 0.07800674836412645
413.5 0.27915431707416205 0.07804077472034593
413 0.27899267249620013 0.07794855001680753
412.5 0.2790290472169347 0.07796805919521448
412 0.27905538680114184 0.0779838772755215
411.5 0.27880536981556164 0.077844039323554
411 0.27856676154524485 0.07771473149170165
410.5 0.27873303504714664 0.07780264140907682
410 0.278692510319085 0.0777798233060453
409.5 0.278884890425739 0.07788969758137289
409 0.27877698491363745 0.07783047185329471
408.5 0.278437522195323 0.07763905927336728
408 0.2782224913141929 0.07751840834724211
407.5 0.27836487115735437 0.07759680449987226
407 0.2781031824919863 0.0774526091325415
406.5 0.2780690955037651 0.07743417501470708
406 0.27796342172663785 0.077374981480786
405.5 0.2777928666452446 0.07727844333532755
405 0.2778287764379533 0.07730109979636561
404.5 0.2777949336260098 0.07728540871334724
404 0.27768769475749705 0.07722251757964323
403.5 0.2778703148799726 0.07732339284965849
403 0.277572130164328 0.0771570458843534
402.5 0.2776703032307837 0.07721168898668927
402 0.27761105479311377 0.07717833487499014
401.5 0.27763108109740575 0.07719299160400883
401 0.2774745210641418 0.0770994383299367
400.5 0.2770779216172571 0.07688134416583428
400 0.27729528307403206 0.07700361084905877
399.5 0.2773915227196248 0.07706046679889585
399 0.27722738788566686 0.07697014957571985
398.5 0.27735787163277265 0.07703797832927112
398 0.2766100767780757 0.07662655272197187
397.5 0.27684345794663046 0.07675175643467655
397 0.2769683392995398 0.07682337916026606
396.5 0.27674236834579186 0.07669903871943101
396 0.27683980533629715 0.07675201767334991
395.5 0.27678658312900106 0.07672347832463863
395 0.27646785512935335 0.07654685664108733
394.5 0.27659723535776554 0.07661671627533496
394 0.27651646327869844 0.07657192653267123
393.5 0.2760710983515393 0.07632553944435377
393 0.27640373370990423 0.07650771736311271
392.5 0.2763452791649326 0.07648075662012513
392 0.2761400215999205 0.0763651611847065
391.5 0.27610420048500184 0.0763427695217032
391 0.27585328330687636 0.07620552905280083
390.5 0.27584024753627223 0.07620143809807055
390 0.2753190484410673 0.07591112302094948
389.5 0.2759913875499182 0.07628123104116359
389 0.2757655380050732 0.07615761928939833
388.5 0.275574416145212 0.0760532763003834
388 0.2753566501464292 0.07592842821795269
387.5 0.27547044714790986 0.075995854822298
387 0.2753997520907656 0.0759578421020058
386.5 0.2752313936085427 0.0758630111676898
386 0.2751569246938219 0.07582297856988762
385.5 0.2752210917526641 0.07585622580049062
385 0.27503200194468147 0.0757522132545938
384.5 0.2751955293921439 0.07584391927569015
384 0.27498886383898863 0.0757299657992571
383.5 0.27489315665123665 0.0756775141469133
383 0.2747313997849957 0.07558935176815618
382.5 0.2746488142162115 0.07554210578250344
382 0.2745010463374486 0.07546585712113366
381.5 0.27417732568754766 0.07528066118444415
381 0.27440664830500544 0.07541034623132475
380.5 0.2742097724956712 0.07530051855381169
380 0.2742229755827582 0.07530687588674055
379.5 0.274481269406703 0.07544682232130454
379 0.2742022267722641 0.07529813804281217
378.5 0.27417976484507106 0.07528483366162286
378 0.27390351515594635 0.07513368677022496
377.5 0.2738441767873455 0.07509815181470601
377 0.273902780745398 0.07513047646605531
376.5 0.27355267283707585 0.07494529566801361
376 0.2737769529631381 0.07506246420703502
375.5 0.27379948658270414 0.07507634282087464
375 0.2735480609725689 0.07493850486416352
374.5 0.27361285711199007 0.07497335414771848
374 0.2731912711829232 0.07474188508839312
373.5 0.27321542768941254 0.07475671759387742
373 0.27313200920184855 0.07471158589741421
372.5 0.27324574789647127 0.07477465539095828
372 0.27312131060537065 0.07470708504957824
371.5 0.2729332584222711 0.07460060457521515
371 0.27305083485886683 0.07466806881791459
370.5 0.2726098303821472 0.0744259515958397
370 0.27287178987233607 0.07456782743517323
369.5 0.27280962956176513 0.074535050435995
369 0.2724431955200248 0.07433680855958227
368.5 0.27260844274330115 0.07442677900747659
368 0.2723457665207672 0.07428400201639376
367.5 0.2723621243301796 0.07429309433252189
367 0.2720498818557929 0.07412051177671583
366.5 0.27231805067114334 0.07426790144454751
366 0.27200960003029395 0.0740997036885661
365.5 0.2719281769275259 0.07405598911356347
365 0.2721127387060132 0.0741554569527457
364.5 0.27182938221678815 0.07400548571358018
364 0.27183222328808954 0.07400227395591491
363.5 0.27192983534220966 0.07405653982099762
363 0.27145325991277724 0.07379597906539796
362.5 0.2712879409104198 0.07370970123210405
362 0.2716293827164923 0.07389305183397374
361.5 0.27126042672035316 0.07369256969682049
361 0.27121587310058975 0.07366748893714595
360.5 0.2713307537472888 0.0737305149733339
360 0.27121553573622853 0.0736681877499236
359.5 0.2709276143887418 0.07351641877994393
359 0.2705742736673895 0.07332046424223786
358.5 0.270786709333894 0.07343428232486453
358 0.27072455411806673 0.07340448169959303
357.5 0.27072016917498254 0.07339812355930854
357 0.27065197009223396 0.07336204559115152
356.5 0.2704705952749414 0.07326611500346321
356 0.2704838542178169 0.07327248854978437
355.5 0.27034557952743454 0.07319763118015007
355 0.2700279698956522 0.07302651795791633
354.5 0.27013525714137515 0.07308262905140515
354 0.2702604977344879 0.07315042774129231
353.5 0.2698933190196526 0.07294927460708914
353 0.2697837522572029 0.07289480717917796
352.5 0.2698646225631845 0.07293939327944815
352 0.26975769331085786 0.07287724415838151
351.5 0.2695479776067725 0.07276851354439756
351 0.2696401514359194 0.07281695342427234
350.5 0.2693207346880654 0.07264249652101111
350 0.26950744933975124 0.07274480538231769
349.5 0.26914297193350056 0.0725458220178108
349 0.26874858677635177 0.0723372025662195
348.5 0.2691026581769096 0.07252405069344565
348 0.26883019828289806 0.07237942902102011
347.5 0.268947153047968 0.07244122947744513
347 0.26891331674210234 0.07242684154611079
346.5 0.26892242519300813 0.07243004728673712
346 0.2687253784409964 0.07232152587494478
345.5 0.26859256934307185 0.07225288499531703
345 0.2684426162284207 0.07216944763891282
344.5 0.2681954745355478 0.07203554453921948
344 0.268258624804999 0.07207402965101747
343.5 0.26797046377429223 0.07191846499226547
343 0.2680742749665313 0.07197332783839305
342.5 0.2681900288236734 0.07203208798478608
342 0.2677642112810345 0.07180657157307911
341.5 0.26770298589418995 0.07177342084598942
341 0.26768879382704025 0.07176740659011203
340.5 0.26793259502409117 0.07189819416034238
340 0.267377059110644 0.07160111664295511
339.5 0.2674382595413092 0.07163225818250324
339 0.26748928896349267 0.07166146501777397
338.5 0.26700449385444525 0.07140263882448199
338 0.26732091795588303 0.07157031613511862
337.5 0.26687932284483773 0.07133388553316615
337 0.2669292484158174 0.07136338665931555
336.5 0.26700289028474306 0.07140072345345526
336 0.26646494013606087 0.07111278915140902
335.5 0.266642067390015 0.07120713985193489
335 0.2665576934469709 0.07115913525740754
334.5 0.2661560835480504 0.07094898407324828
334 0.2661538640425445 0.07095008369601358
333.5 0.26624326738994736 0.07099609793836045
333 0.2661705370155939 0.0709567010737157
332.5 0.26604401072256134 0.07088926832431325
332 0.26606295797767837 0.07089679761643532
331.5 0.26586004648656375 0.07078933076372851
331 0.2656169564948123 0.07065906606594988
330.5 0.26563694185392617 0.07067086885282693
330 0.2655723859121004 0.07063885835151937
329.5 0.2652171892549325 0.07044617459474176
329 0.26533425910886527 0.0705113771390668
328.5 0.2652388094263136 0.07046306979090718
328 0.26500812344025576 0.07034126594827113
327.5 0.2650023436901617 0.0703365400636444
327 0.26486453388493936 0.07026162030774448
326.5 0.26482830879323666 0.07023996630967129
326 0.26485594644592125 0.07025873481294517
325.5 0.26459305780428866 0.07011442694655096
325 0.2644115905785683 0.07002345339893731
324.5 0.2642967201728164 0.0699633147106639
324 0.2643160122784973 0.06996745841903436
323.5 0.26401835681393876 0.06980966328297072
323 0.26405641552861187 0.06983460417125929
322.5 0.26413277235266214 0.06987606384249706
322 0.26413305544265653 0.06987619936196617
321.5 0.26376993204162275 0.06968097426492946
321 0.26374929161396427 0.06967262464876188
320.5 0.2635225432017302 0.06955230503752234
320 0.2633525536448817 0.06946253249835425
319.5 0.2633546662861633 0.06946141892228834
319 0.2629600284517514 0.06925913981897215
318.5 0.26306582136567436 0.06931182005247949
318 0.2630429493045915 0.06929960612191417
317.5 0.26280448542546503 0.06917254297764132
317 0.2627000164749857 0.06911854970937013
316.5 0.2624127155513112 0.06896924732279844
316 0.26275655225820266 0.06915208398385916
315.5 0.2625923071982214 0.0690612547170178
315 0.2621434447554165 0.0688290584051084
314.5 0.26252367048833103 0.0690252003247597
314 0.2623901616158803 0.06895664569221671
313.5 0.2621037325761065 0.06880395004822527
313 0.2619070418435402 0.06870137814524892
312.5 0.2621062687584439 0.06880722012686115
312 0.2617124403386061 0.06860273924671721
311.5 0.26187088370789285 0.06868628380887194
311 0.2613617571145384 0.06841689323280263
310.5 0.2612017403376793 0.06833412213722427
310 0.2615170952568746 0.06849717458226594
309.5 0.261309616741774 0.0683913923217268
309 0.261241904149091 0.06835634960387853
308.5 0.2612553240970038 0.06836223867301659
308 0.2610221085609007 0.06823649051693098
307.5 0.26067130490264423 0.06805516667591308
307 0.26034146758190363 0.06788345651116143
306.5 0.26051646520457067 0.06797736718958743
306 0.26050894817737025 0.06797217816717967
305.5 0.26014445263576164 0.06778345255464412
305 0.2599680072684662 0.06769134303526245
304.5 0.2601849374855252 0.06780397990732934
304 0.25995734974153506 0.0676874910122178
303.5 0.2596008919059443 0.06749949637465312
303 0.2596275951522128 0.06751421109290359
302.5 0.25950846096219093 0.06745468492771048
302 0.2595273422670586 0.06746322845098228
301.5 0.259665593021111 0.06753341257766834
301 0.25930072002726096 0.06734490221394342
300.5 0.25909647136950936 0.06723817675827003
300 0.25893198501325526 0.06715160971905307
299.5 0.2586607566533289 0.06701291918549726
299 0.25858458318161115 0.06697270585747159
298.5 0.258676901381249 0.0670204241081826
298 0.25833701316990215 0.06684534641231413
297.5 0.2584105456619033 0.06688193814579986
297 0.25816693012929665 0.06675947468278758
296.5 0.2580623175046291 0.06669997504234593
296 0.25784219487145943 0.06658870621159868
295.5 0.2578261170034991 0.06658032341272616
295 0.25796164362602286 0.06664847517002456
294.5 0.2577899314783669 0.06656261963506832
294 0.25754480426759735 0.06643765869795816
293.5 0.25726632658679016 0.06629324931262019
293 0.2573944456314485 0.06635946223397449
292.5 0.2568600012824458 0.06608596190470455
292 0.2572083747101675 0.06626559844978876
291.5 0.25679241736965774 0.06605112240865564
291 0.25685326671003034 0.06607799761914242
290.5 0.2564169113680282 0.0658580593823226
290 0.2564665724685256 0.06588126623070405
289.5 0.2563986164758149 0.06584616979605179
289 0.25642273248552216 0.06586050209869529
288.5 0.25640914716076835 0.06585283393351048
288 0.25604375189228784 0.0656659561659673
287.5 0.2559037070378116 0.06559366684641911
287 0.25591367839320905 0.06559866367883563
286.5 0.2556855323770912 0.06547981757336584
286 0.2555009297096135 0.06538623882866809
285.5 0.25572629973422684 0.06549967999971326
285 0.255665403792685 0.06546784081052869
284.5 0.25521267585367463 0.06524038712480505
284 0.25506909331555255 0.06516796150248971
283.5 0.2550563650543898 0.06515762200405142
283 0.25492331654645817 0.06509022513347791
282.5 0.2547080444263363 0.0649817636683827
282 0.25441982252382406 0.064834233242733
281.5 0.2543869040388995 0.06481716042967003
281 0.2539797346245004 0.06461041336618589
280.5 0.25402973237263604 0.06463797576869658
280 0.2536685975168677 0.06445487071893961
279.5 0.2538426843904387 0.06453968692335314
279 0.2538330978405841 0.06453661219629514
278.5 0.2533262097487178 0.06427815659879678
278 0.2532868614315883 0.06426084739203747
277.5 0.2534644267402031 0.06434869646496892
277 0.25320886266636966 0.06422226544290077
276.5 0.25283880149834137 0.06403092751078848
276 0.2527867854089604 0.064002502371837
275.5 0.25285048085433964 0.06404005040855214
275 0.2527265806789585 0.06397267430359277
274.5 0.2525087607424824 0.06386295890993508
274 0.25253142490921954 0.06387483630961382
273.5 0.2523039725674735 0.0637626540212421
273 0.25223372642609676 0.06372967960844036
272.5 0.25150583287806977 0.06336080851318543
272 0.2517483004380208 0.06347937302946889
271.5 0.251576967222462 0.06339619579304873
271 0.25139329042646663 0.06330277583856532
270.5 0.2512106635935987 0.06321073432850594
270 0.25113280423114787 0.06317559372289912
269.5 0.2506303529529134 0.06292008120978641
269 0.2508726127189768 0.0630424599864077
268.5 0.25053586840695546 0.06287292191532606
268 0.2503237744159643 0.06276708940092644
267.5 0.25051314972999883 0.0628647197806042
267 0.25045835510916575 0.06283144343475469
266.5 0.25019380212920656 0.06270129095139165
266 0.24977466294894868 0.06249251451605787
265.5 0.249891119244003 0.06254887069327217
265 0.24966812675970437 0.06243836527363418
264.5 0.24985528883041716 0.06253323121577768
264 0.24945348943946682 0.06233166766340047
263.5 0.24933004579191703 0.062271662031502494
263 0.2489759002273004 0.06209169243749283
262.5 0.24889103490756503 0.0620477688516701
262 0.24879519022026642 0.06200383706926105
261.5 0.24866043176203131 0.06193474493952239
261 0.24813782222416378 0.06167736535569927
260.5 0.24829167364508023 0.06175336610218585
260 0.24849505777989694 0.06185491063884909
259.5 0.24785631719259554 0.061536064897118416
259 0.24790981199432033 0.06156527164196222
258.5 0.2476945409415645 0.06145555369011039
258 0.24771906154730902 0.06146836361077363
257.5 0.24736679342935206 0.061299115856875364
257 0.24742088791357772 0.06131824366379702
256.5 0.24697644739136776 0.061101517374906475
256 0.2470691451846526 0.061145569096364843
255.5 0.24703917125921435 0.061132896101841534
255 0.2464664833525878 0.060848995326399466
254.5 0.2467239551972709 0.060975784925221876
254 0.24626989826496684 0.06074880836036209
253.5 0.24602619128317957 0.06063230476976511
253 0.24617046614524038 0.06070467533485254
252.5 0.24583242797764232 0.06053598689303001
252 0.24580906190210985 0.06052497204538714
251.5 0.24551017211791457 0.06037974622610606
251 0.2456366661478004 0.060439365062485595
250.5 0.2450524753577381 0.06015210086899862
250 0.2453778634225632 0.06031541863674336
249.5 0.24463771670568857 0.05994951361933461
249 0.24477677256867153 0.06001816816168508
248.5 0.24454246862359583 0.059900623352521117
248 0.2444901379649048 0.059877114644160505
247.5 0.24407278679274666 0.059673786730463585
247 0.24410603744184325 0.05968968658037078
246.5 0.24374243228405734 0.05950970280510332
246 0.2439909923107206 0.05963282249275178
245.5 0.24369286347143815 0.059488095257843064
245 0.2433511065778725 0.05932278305051742
244.5 0.2430605214343046 0.059178263609764296
244 0.2428264386845108 0.059065008382858206
243.5 0.242778406632025 0.059039154689048905
243 0.2424328794346622 0.05887601854480882
242.5 0.2424096473688407 0.05886608532578978
242 0.24224346679857203 0.058784951814280936
241.5 0.24222892079624259 0.0587761522696262
241 0.2422632410677313 0.058794532163346055
240.5 0.24167660666538607 0.058508293785936256
240 0.24177393015100482 0.05855495542174581
239.5 0.24130399576462788 0.05832921803881301
239 0.2412431777984491 0.05829800006495005
238.5 0.24107326170311746 0.05821501991813063
238 0.24109201672752043 0.05822652359574583
237.5 0.24073131805257483 0.05805166090175999
237 0.24057205052641667 0.057977307597234434
236.5 0.24052637386914752 0.057952000075726776
236 0.24005636799561517 0.057726053372216125
235.5 0.23998083616957688 0.05769129436367398
235 0.23986027569040083 0.05762940459123917
234.5 0.23943491607920858 0.057430243315881896
234 0.23932880981664767 0.05737660543154963
233.5 0.23920633830760876 0.05731964065186844
233 0.23931033504144775 0.057369251010584
232.5 0.23899425072079372 0.05721548809379234
232 0.23879980737610454 0.05712479031315787
231.5 0.2385261339269666 0.05699602604603877
231 0.23846542769246012 0.05696695968063831
230.5 0.2380773060830833 0.056782380864073445
230 0.23803989220977442 0.056764033294946094
229.5 0.23779484741455836 0.05664619059841948
229 0.23741806567004234 0.056468980026175654
228.5 0.2375845477564509 0.056541890377984384
228 0.2373901508668655 0.0564553380441802
227.5 0.23736374686814843 0.05644035037312406
227 0.2365022441891941 0.05603408114719468
226.5 0.23686760556442182 0.05620772313771574
226 0.23625623433812407 0.05591451001836249
225.5 0.2360555841748159 0.05582290832010366
225 0.2360191979018026 0.05580372743189653
224.5 0.23592348831694815 0.055762160788995374
224 0.23577366641381048 0.05568882006983852
223.5 0.235645185209323 0.055629573889111064
223 0.2350674906789555 0.05535294997159309
222.5 0.23511203952819537 0.05537764292127178
222 0.2351039251382559 0.05537120366855911
221.5 0.23488931868245383 0.05527124988644173
221 0.23412143018263828 0.05490930975029835
220.5 0.23424166856010498 0.05496681356013434
220 0.23423939190293333 0.0549653342814837
219.5 0.23376992934183846 0.05474642387304814
219 0.23360788214495629 0.05467058186018823
218.5 0.23337180517741568 0.054562856327462605
218 0.23338634014508697 0.05456915308200774
217.5 0.23303188423046967 0.05439934325637877
217 0.23278934298323004 0.05428549521765299
216.5 0.23278456467210207 0.054287073814990185
216 0.2321525711997288 0.0539941043874295
215.5 0.23248536142305512 0.05414842175379103
215 0.23193761833374169 0.053888757579777326
214.5 0.23177060569635222 0.05381367393278935
214 0.2314350979189404 0.053660196441662686
213.5 0.23115901866342842 0.053531794294961015
213 0.23096221039542228 0.05344029009102251
212.5 0.23080993374046904 0.05336974990056286
212 0.23062051024984145 0.05328262449569768
211.5 0.2304353402113918 0.0531983155024871
211 0.2303028779224645 0.05313757310867594
210.5 0.23003766050695537 0.05301362081506384
210 0.22990222109032377 0.05294932157771232
209.5 0.22956970538984928 0.052798373431181524
209 0.22918599554074856 0.05262337302611918
208.5 0.22927590206573675 0.05266047368219465
208 0.2288908548165267 0.052488072634610944
207.5 0.22866254386141988 0.05238231253230247
207 0.22867403614954748 0.05238489399037959
206.5 0.22829883754782584 0.052217266306342845
206 0.22796222335137492 0.05206389748801091
205.5 0.22799924311056424 0.05207728051586356
205 0.22763584681835883 0.05191316750206249
204.5 0.22764090009425764 0.05191433575725441
204 0.22696324740359655 0.051605966059079196
203.5 0.2266888611642624 0.05147787898343715
203 0.2267477753374374 0.05150878817948021
202.5 0.2263762373358771 0.05134258485156625
202 0.2260957289541918 0.05121333893197923
201.5 0.22619627390690814 0.05125738994471241
201 0.2257880989846694 0.05107497758141744
200.5 0.22578203962806415 0.051071820032342743
200 0.22537717608908972 0.05088576372421451
199.5 0.2253375548812745 0.050870808369433376
199 0.22494499547897018 0.0506947369491027
198.5 0.22468358289394713 0.05057478816110985
198 0.22451208673669734 0.0504992846390917
197.5 0.22435085866297175 0.05043123212242036
197 0.2235478856920602 0.05006478334944105
196.5 0.22346006429939178 0.050026375077120655
196 0.22360725412227803 0.05009282486107322
195.5 0.22311388104953464 0.04987242208547294
195 0.22310205112675363 0.04986900305139459
194.5 0.22279599208803455 0.049732036600616536
194 0.22265125898936144 0.04966739188945461
193.5 0.2222850551590124 0.04950247349920687
193 0.22213776476691297 0.0494365736654393
192.5 0.22175797017627205 0.049272430642056914
192 0.22170410710633573 0.04924520671849718
191.5 0.221296040391004 0.04906372821540788
191 0.22091430011838134 0.048892551185347834
190.5 0.22098690065422447 0.04892783758275373
190 0.22041205681198128 0.04867599310625656
189.5 0.2201615399391182 0.04856033062791
189 0.2194680569066002 0.0482579177999884
188.5 0.21953592475547323 0.0482852154782401
188 0.2196440454529803 0.04833549140509715
187.5 0.21903475368710115 0.048067601045968904
187 0.21904463604162508 0.048072638798993976
186.5 0.21881738832199493 0.04797074828351403
186 0.21834975265881745 0.047766081118025765
185.5 0.2180367477693891 0.04763023278834753
185 0.2177962283725317 0.04752566223286139
184.5 0.217727722180627 0.04749586515476124
184 0.21740397526061403 0.04735264603259198
183.5 0.21708523924118903 0.047218125016742454
183 0.21709738355896485 0.04722059991769914
182.5 0.2163530161586496 0.046899198512295535
182 0.21662224192721438 0.047016693920336444
181.5 0.21602456260363762 0.04675591192038091
181 0.21571560588965916 0.04662055468849666
180.5 0.21542268026728376 0.046495328727730115
180 0.2148926484297496 0.04626618483887075
179.5 0.21508278978138032 0.04634913288059014
179 0.21474679125306456 0.04620852578986431
178.5 0.214440248868401 0.04607816654891708
178 0.21436546365958795 0.04603918604731649
177.5 0.21369679867942779 0.045752865752915046
177 0.21352147797670096 0.04568044907006301
176.5 0.2131722560094498 0.045531269891978046
176 0.21295266059816184 0.045432063386190116
175.5 0.21248590304985496 0.045240799553480905
175 0.21222608508136914 0.04512921160744852
174.5 0.212080945235531 0.045065443640972175
174 0.21181044192836743 0.04495145379500335
173.5 0.21129493087285195 0.04473547214854331
173 0.21095497886637316 0.04458808379768577
172.5 0.2106860904652026 0.04447748449584716
172 0.21035422197967696 0.04433674568226391
171.5 0.21026197025487545 0.04429690727453172
171 0.20995928587805932 0.044170573340508015
170.5 0.20990575189926128 0.04414635011435386
170 0.20950078398567523 0.04397712096393932
169.5 0.2092771162019873 0.04388201745989688
169 0.208683996461923 0.043634837536715446
168.5 0.20875654649316483 0.04366535394065734
168 0.20824788796395646 0.04345204837925679
167.5 0.20806500165712496 0.043376709563094897
167 0.20741794311878123 0.043106326749587774
166.5 0.20711732258366722 0.042982630945464236
166 0.2069059965032262 0.042895465331119584
165.5 0.2067279479908323 0.04282027710229273
165 0.20626979133068934 0.042631391606759335
164.5 0.2066773596571477 0.04279827269528537
164 0.20557123649607487 0.04234286126422348
163.5 0.20529114698035886 0.04222869777399001
163 0.20498594844986429 0.04210339255616381
162.5 0.2047520229276987 0.04200575380955766
162 0.204290026483633 0.04181799023173426
161.5 0.20412089670661027 0.041749727491318965
161 0.20385917254898137 0.04164132596442321
160.5 0.20350734252157063 0.041498359571193015
160 0.20312197353732925 0.041338662340333635
159.5 0.20287563685516966 0.041240832866694915
159 0.2025466117360193 0.041107279175604756
158.5 0.202077722655292 0.04091381857494444
158 0.20214153442668104 0.04094215760784244
157.5 0.20150397908575612 0.04068412501535736
157 0.2008348110743707 0.04041491439271299
156.5 0.2009985806510951 0.040482148726922164
156 0.2005738628771244 0.04031039587313986
155.5 0.20027414128372473 0.040191605629690305
155 0.19996118800261448 0.04006551889010701
154.5 0.1993777749820246 0.03983111460751054
154 0.19924826722678907 0.039781785071153805
153.5 0.1987562566041442 0.039586740543051994
153 0.19878500997051982 0.03959353602981012
152.5 0.19831466889168353 0.039408219506952065
152 0.19779989417782354 0.03920599428110401
151.5 0.19760593441055926 0.03912588438347705
151 0.19693808909651947 0.03886162308730634
150.5 0.19683913382663884 0.03882750368699819
150 0.19688695509257473 0.03884376130862128
149.5 0.19595720540376052 0.03847892795274546
149 0.19593318507259003 0.038469580806292786
148.5 0.19542564238790705 0.03827120387361028
148 0.19541809023792123 0.03826929420105379
147.5 0.1946940604098909 0.037983444910772185
147 0.1943761195219046 0.0378598890306725
146.5 0.19378773771291186 0.03763024810097191
146 0.19362959505703295 0.03756809139465966
145.5 0.19320196184820787 0.03740418610866912
145 0.19303433951969712 0.037338985093881054
144.5 0.19268631974379627 0.03720748041988519
144 0.19251349239173796 0.03714030534613543
143.5 0.1916779222753909 0.036817929641893246
143 0.1914034320892715 0.03671233166976191
142.5 0.1907693525421791 0.036467859853175605
142 0.19076223813263243 0.03646484077948449
141.5 0.19039333407545647 0.03632389223866767
141 0.19013881072397176 0.03622842392926827
140.5 0.18972895256542524 0.036071562264970936
140 0.18903998720857093 0.035812618220386346
139.5 0.18886844505735592 0.03574328822546178
139 0.18838511780629597 0.035564233590418055
138.5 0.1882982502346945 0.035532152146630414
138 0.1873350561260871 0.03516847275335698
137.5 0.18713218134081466 0.03509610563311515
137 0.18665428756345634 0.03491185556549218
136.5 0.18628894736056387 0.03477815856449561
136 0.18608560116084513 0.034701629447602654
135.5 0.18539994773169316 0.03444662908763926
135 0.18537762451309417 0.034436529960994534
134.5 0.1848710030991483 0.034251132348720716
134 0.1843282220634742 0.034048814290723754
133.5 0.18395600635670759 0.03391121752973089
133 0.18351338963697045 0.03374748690517633
132.5 0.18319360868199666 0.033630248845337433
132 0.18234335906194962 0.03332116438026742
131.5 0.18247527346921838 0.0333702813721431
131 0.18164754628183694 0.033064578430302395
130.5 0.18166739051476924 0.03307455248252213
130 0.1811083600352463 0.03286895197505663
129.5 0.1809058740643235 0.03279886182898246
129 0.18031117917915057 0.03258227778620961
128.5 0.1799083844613571 0.03243742942459875
128 0.17957232479995858 0.032314181084957
127.5 0.17919472581666718 0.03217885022280996
127 0.1784975194620607 0.031926985032853655
126.5 0.17813010494881634 0.03179984857267141
126 0.17774215812277738 0.03166033599590866
125.5 0.17735297372752276 0.03152381941214456
125 0.17680551411774678 0.03132752799094377
124.5 0.17638032688332633 0.03117652597010705
124 0.1759656802615088 0.031029645687172973
123.5 0.17578618089818998 0.03096807004672888
123 0.17517505131368538 0.0307544796470515
122.5 0.1749598191483007 0.030676886404709395
122 0.1744648421055503 0.030504749567075357
121.5 0.17354871534971053 0.030187117526097373
121 0.17341377082214424 0.030139455321969735
120.5 0.1732837677840272 0.030094017029018687
120 0.1723623780736336 0.029775459579022095
119.5 0.17192608303419626 0.029625084720428324
119 0.17122750832229772 0.029384265634059645
118.5 0.17107820097474305 0.029332722879173236
118 0.17088217661948407 0.029264945064478607
117.5 0.17033402365348577 0.029077044964993266
117 0.16981721372530692 0.028901945838873604
116.5 0.1690110918188347 0.02862743966727455
116 0.16864694860324794 0.028504678007321576
115.5 0.16852568636774534 0.028462328839320785
115 0.16798399784773685 0.028283302389997128
114.5 0.16740212219559594 0.028085671454650206
114 0.166640179611854 0.02783057626156334
113.5 0.16653785875208854 0.02779730940241166
113 0.16588657522075761 0.027579934871602835
112.5 0.16581008781201945 0.027554771779801514
112 0.16485154448895112 0.027235389875294454
111.5 0.16457216763989607 0.02714311399183423
111 0.16384008354559068 0.026903928535789344
110.5 0.1636637242998839 0.02684637729211434
110 0.16319571782090592 0.02669149258182497
109.5 0.16262771403492116 0.026507868208277687
109 0.1620457017589464 0.026316720118262648
108.5 0.1615975293799326 0.026171932683978345
108 0.16104792856901218 0.025994154696135443
107.5 0.16035184742108707 0.025771787032468536
107 0.15986440699880342 0.02561251015189622
106.5 0.15940189830207807 0.02546470798872688
106 0.1592112557776357 0.0254070887509924
105.5 0.15846191307423121 0.02516797720595136
105 0.1579277837323755 0.02499803882612687
104.5 0.15749522100761934 0.024860781217944994
104 0.15682999099424216 0.024651009203258537
103.5 0.15632560622886324 0.024491990626395944
103 0.15592681511812448 0.024367498003448968
102.5 0.15538113088614114 0.024198468622000143
102 0.1551362747329818 0.02412141202167033
101.5 0.1543650924727954 0.02388298802211979
101 0.15394098907991466 0.02375101827355667
100.5 0.15342047497108263 0.023592402646447255
100 0.15273296597891006 0.023378535639244948
99.5 0.15260253282100522 0.023339653815580456
99 0.15199698694650143 0.023156336507173886
98.5 0.151187856922606 0.022909380116102558
98 0.15080858666246885 0.02279242474100881
97.5 0.14981397300010238 0.022494728573330958
97 0.14947321200788874 0.02239329392699732
96.5 0.14919187161997963 0.02230829684028536
96 0.14835372811905032 0.02206035445137136
95.5 0.14783668678628523 0.021906678888496837
95 0.14738650136975176 0.02177132730747881
94.5 0.1469453066814834 0.021640700887679717
94 0.14624044571494899 0.021434872102740494
93.5 0.14573465212947095 0.02128728422218073
93 0.14516544831198885 0.02112168213261691
92.5 0.1445570434359857 0.020947378689400095
92 0.14402698559171462 0.020790114402050478
91.5 0.14346289743660898 0.020628929822040024
91 0.14290757050890096 0.020469602118126828
90.5 0.14244326683895042 0.020336647594143276
90 0.14172263755676345 0.020130205953337223
89.5 0.14079885553095567 0.019869019083148167
89 0.14048075638774732 0.019780980193227663
88.5 0.13959219487560215 0.019530997035186414
88 0.13946649850666024 0.01949920738759634
87.5 0.13886080495785483 0.019327357611164102
87 0.13838119218752648 0.019193534025925236
86.5 0.1375305924143992 0.018959454210977916
86 0.1372314688553356 0.018876507533250035
85.5 0.13620543287177053 0.018597471659501173
85 0.13620064327276613 0.018594248380050832
84.5 0.1355254181383028 0.01841166736435697
84 0.13460328388447992 0.018161118673110568
83.5 0.13396786695488305 0.01798945710243211
83 0.13348394680516365 0.01785896211777443
82.5 0.13290424584693258 0.017704827740100838
82 0.13210019514317065 0.01749158153109274
81.5 0.13163869149447577 0.01736893671290971
81 0.13091513963159424 0.01717992988608627
80.5 0.1301831625166141 0.016988230398856174
80 0.1298898660999578 0.016912175462027657
79.5 0.12911902457715704 0.016710340976961183
79 0.12834785787023276 0.01651123226875234
78.5 0.1280114775896657 0.016425465783544452
78 0.1270883265507602 0.016191756177438656
77.5 0.1265596959887617 0.016055620597894074
77 0.1257629186339044 0.015854694472309527
76.5 0.12537241374542335 0.01575512594933967
76 0.12423219168351118 0.015468959614274858
75.5 0.12386374854807804 0.015377194427575546
75 0.12363124594933284 0.0153219884320889
74.5 0.12235646294780786 0.015006333997664772
74 0.12177215940377288 0.014864422480070513
73.5 0.12136449111561058 0.014765756662813791
73 0.1207064325075703 0.014604649343983561
72.5 0.1202376873486577 0.01449228503813937
72 0.11960688907499875 0.014339640730876234
71.5 0.1189866337270412 0.014192370992193486
71 0.11801587989888272 0.013961482240030462
70.5 0.11737308338470161 0.01380884172432658
70 0.11664226993363015 0.013638315982691211
69.5 0.11620092462330146 0.013535573831067925
69 0.11551712722779127 0.013377960581581727
68.5 0.11488731526644887 0.013230696580969351
68 0.11394302375128414 0.013014215010371038
67.5 0.11342869230226124 0.012896715044486336
67 0.11280618061970263 0.012754256656113076
66.5 0.11205911731935973 0.012587392468174441
66 0.11151593394093313 0.012466013069948143
65.5 0.11048059800608563 0.012236460277376347
65 0.11000174174222004 0.01212945436947391
64.5 0.109094480367538 0.011929968726064465
64 0.10859477043708925 0.011821530843316424
63.5 0.1078765701276783 0.011665378744097496
63 0.10708617586320046 0.011495346192840603
62.5 0.106496320786353 0.011369052757060351
62 0.1056921931675344 0.01119799486597935
61.5 0.10501254903082205 0.011055024020219798
61 0.10418041754873311 0.010880859516571507
60.5 0.10353559710200883 0.01074485363123956
60 0.1027906438407726 0.0105919537837643
59.5 0.10200802568015502 0.010431552889916623
59 0.10124722601785821 0.01027531803221838
58.5 0.10074605877608377 0.010173902800392097
58 0.09984457543112497 0.00999405202209934
57.5 0.0993005669423223 0.009885976906650662
57 0.09854495032405765 0.009734487099941194
56.5 0.09787848940860817 0.009603997277811936
56 0.09687423535396474 0.00940737969288707
55.5 0.09625474090856062 0.009287616517786363
55 0.09556349059092895 0.009154423555689618
54.5 0.09488547140824884 0.009026524231072908
54 0.09411523139400695 0.008879011356407219
53.5 0.09332232790845427 0.008731027086583045
53 0.09275119125115042 0.008623422391797001
52.5 0.09202306537407352 0.008488898677256402
52 0.09093265200683569 0.008288603704756266
51.5 0.09036415941434031 0.008186359477555147
51 0.08975371089977657 0.008074518429078812
50.5 0.08885609240512429 0.007914793412769554
50 0.0881423005687721 0.007789679148189599
49.5 0.08728124541780484 0.00763612555253832
49 0.08646856101679617 0.007494711651308589
48.5 0.08566874832249859 0.007356888499040486
48 0.08503702678246682 0.007249488099599055
47.5 0.08408270305970823 0.007088180617701334
47 0.08341524740027483 0.006975114437086915
46.5 0.08246097008984668 0.006817202171211798
46 0.08171711628152503 0.006693817869768838
45.5 0.08108270663400212 0.006591371017495134
45 0.08018537105944387 0.006444740057507289
44.5 0.07969099710085523 0.006366843756955272
44 0.07881567496177279 0.006227969308151385
43.5 0.07774264662066047 0.0060587334644850305
43 0.07705121833973266 0.005952254495307631
42.5 0.07607933115230868 0.005801958882311057
42 0.07557117216351177 0.005724645525601348
41.5 0.0746418770031845 0.005584830071782865
41 0.07387884232614918 0.005471255499534484
40.5 0.07295019505072937 0.005334803747880106
40 0.0723424763975772 0.005245545807027281
39.5 0.07144728646235084 0.005117372347965173
39 0.07088221910971378 0.005037146403948097
38.5 0.06989570359346911 0.004898492851729674
38 0.06895155116108337 0.004765970351065145
37.5 0.06832680356357976 0.004680152917753094
37 0.06739183823628155 0.004553570035573297
36.5 0.06650338131513725 0.004433367853491469
36 0.06587140940089416 0.004350255914556733
35.5 0.06501218971332122 0.004237428556065484
35 0.06401236172290985 0.004107851413349013
34.5 0.0632384368819652 0.0040089635595111995
34 0.06256859079783003 0.003923965621108883
33.5 0.06169159032438333 0.003815412349373648
33 0.060617920425803815 0.003684595952772331
32.5 0.05981054371625036 0.00358582113671977
32 0.05920580037586199 0.003513830198594761
31.5 0.05822426197854904 0.003397985055965062
31 0.05723872970030987 0.003284315159642154
30.5 0.056535663658473394 0.0032043792339023877
30 0.05560928510437395 0.0031001850229871275
29.5 0.0550174370043072 0.0030341693057503527
29 0.054194180616438804 0.0029441640235597926
28.5 0.053178892384429716 0.0028344317914225166
28 0.052083418826728 0.002719641583624191
27.5 0.0514480290783695 0.0026535518330005497
27 0.0504310528350815 0.002549433420542927
26.5 0.04978468141515914 0.0024847314576217716
26 0.04884464501187057 0.002391784518381533
25.5 0.04812463486035767 0.0023221669675205143
25 0.04709024244883323 0.0022227093643906563
24.5 0.046171394878836335 0.0021368626723679545
24 0.045459917562673355 0.002071604190428473
23.5 0.04448136452395445 0.0019837817788287623
23 0.0434427718498616 0.0018918736760181085
22.5 0.0427396984086217 0.0018312081358387957
22 0.04185058784820963 0.0017559259406368637
21.5 0.040874151892466334 0.0016746654457639768
21 0.04009598304465226 0.0016115632629052936
20.5 0.03922251006743033 0.0015418981195822236
20 0.038491859886196085 0.0014852541481792944
19.5 0.03748057991098265 0.001408308086352745
19 0.03657834608755754 0.001341177869186558
18.5 0.03568511481026711 0.0012765811129084282
18 0.03472457944687396 0.0012085793439517083
17.5 0.0336277626294028 0.0011337932186568222
17 0.0328538880288157 0.0010818704863811094
16.5 0.03207514838692168 0.0010312175802198976
16 0.03135825886546232 0.0009858033423922367
15.5 0.030283225928088013 0.000919135511738992
15 0.029367856148355628 0.0008644486413133885
14.5 0.028518487508581148 0.0008151398902546409
14 0.027581665298062982 0.0007623987967011922
13.5 0.026654154726755523 0.0007120486044664492
13 0.02574962034962612 0.0006644498709235397
12.5 0.0248605062112519 0.0006194112823824056
12 0.02382512279078657 0.0005688505067577145
11.5 0.023006763797469795 0.000530495022514239
11 0.022125002089512315 0.000490573071153266
10.5 0.02114425180168907 0.0004481353200899123
10 0.02030665720939491 0.0004133459367853758
9.5 0.019248885176507937 0.0003713408716635345
9 0.018248535468661158 0.0003338300940900509
8.5 0.017406626880579673 0.000303669050497817
8 0.016542949305169644 0.00027425049190204836
7.5 0.015601207206974964 0.0002439498253870195
7 0.014530617621265545 0.00021156203386418513
6.5 0.013846536101879772 0.00019212523778482421
6 0.012735186014970545 0.00016248527808225148
5.5 0.011946410361373732 0.00014297741432907736
5 0.011035958211682812 0.00012204895709440166
4.5 0.010266891797857731 0.00010559325991270418
4 0.009222615140051616 0.00008519090702700522
3.5 0.008549766267058067 0.00007322883915467431
3 0.007678866189807173 0.00005903888791716611
2.5 0.006926230799769813 0.00004802006196668005
2 0.00628079134185463 0.000039479599877203134
1.5 0.005718206266978997 0.0000327099976412938
1 0.0052920090762812065 0.00002801019477181283
0.5 0.005039578304582354 0.000025398646211488684
