1000 0.8522377649647205 0.7264295889687568
999.5 0.8524182084334403 0.7267378816864276
999 0.8523125039380447 0.7265559086954022
998.5 0.8524828554141579 0.7268472053874956
998 0.8524804298722863 0.7268428851946651
997.5 0.852416947009472 0.7267368860235126
997 0.8525786702546688 0.7270112826859878
996.5 0.8523004820081145 0.7265337767598729
996 0.8525710342638305 0.7269973816214749
995.5 0.8523990570017554 0.7267047086930708
995 0.8520169617675858 0.7260513791943841
994.5 0.852404246589336 0.7267138050075175
994 0.8522677225045 0.7264811249181111
993.5 0.8524089527110659 0.7267212874136695
993 0.8522511922276661 0.7264504607193292
992.5 0.852506930849189 0.7268912641216858
992 0.8524656057710018 0.7268170570510594
991.5 0.8523049979311521 0.7265419696037153
991 0.8523000906473688 0.7265355797531201
990.5 0.8522656047670117 0.7264790075662925
990 0.8520817057820579 0.7261613018265195
989.5 0.8524756205217211 0.7268315043280132
989 0.8523403207084964 0.7266037487898777
988.5 0.8523581908351766 0.7266353592756738
988 0.8521006650772628 0.7261953425727826
987.5 0.8521329772376737 0.7262479722705679
987 0.8524283717933532 0.7267526859390753
986.5 0.8522087522971191 0.7263785786151495
986 0.8521748596651851 0.7263225666367122
985.5 0.8523904051046066 0.72668519133881
985 0.8520229514435388 0.7260624074035853
984.5 0.8520185552166439 0.7260572924669042
984 0.8519394355284161 0.7259179462494422
983.5 0.8524097416354207 0.726722311971137
983 0.8519428359375387 0.7259281043600115
982.5 0.8519699719480465 0.725973857786085
982 0.8519582546899668 0.7259517979725376
981.5 0.8519093461467891 0.7258706652282568
981 0.8521562863302665 0.7262895102816356
980.5 0.8521084149815551 0.7262038613839756
980 0.8518727066376459 0.7258036920639738
979.5 0.8519863027401204 0.725999773878305
979 0.851822684506984 0.7257229015978711
978.5 0.8520810523767245 0.7261572301244686
978 0.8519603522822954 0.7259562082620887
977.5 0.8519062362621194 0.7258658532834639
977 0.8521296203445283 0.7262439038495693
976.5 0.851891005435175 0.7258366677206701
976 0.8520660950218455 0.7261349634753288
975.5 0.8519988897940626 0.7260242959761459
975 0.8519119447959158 0.7258723783236247
974.5 0.8518168256117256 0.7257141022235382
974 0.8517793910119141 0.7256500596424384
973.5 0.852046059099383 0.7261013249091638
973 0.8519571163830382 0.7259516284489554
972.5 0.851940797034024 0.7259213450195768
972 0.8519592452445469 0.7259514223036215
971.5 0.8517335637499027 0.7255682020260869
971 0.8516833403191745 0.7254860916047268
970.5 0.8518320338545883 0.7257367762910211
970 0.8516309062870892 0.7253956699571975
969.5 0.8518602718009776 0.7257843629520825
969 0.851834286733299 0.7257420095535648
968.5 0.8518816356278253 0.7258227716652407
968 0.8516338572343247 0.725400093502736
967.5 0.8515583317940572 0.7252723354963042
967 0.8518281682313128 0.7257318880488896
966.5 0.851555443815536 0.72526914849789
966 0.8515336009565504 0.7252308325964466
965.5 0.8516585120044675 0.7254400564355552
965 0.851514952593208 0.7251943641155792
964.5 0.8516139356634966 0.7253649259399939
964 0.851565961099254 0.7252818514681096
963.5 0.8516234360522559 0.7253800953834076
963 0.8518038463940097 0.7256877728520991
962.5 0.8515427812487507 0.7252433923253928
962 0.851389626532535 0.7249839672713955
961.5 0.8514090422429673 0.7250192496532119
961 0.8513572098263062 0.7249268965656311
960.5 0.851479471415599 0.7251331497383621
960 0.8515447316118511 0.725245151565139
959.5 0.8515492598863049 0.7252542944713835
959 0.8513722658249482 0.7249552951719163
958.5 0.8515497697393531 0.7252557330887699
958 0.8514767596511442 0.7251305890693953
957.5 0.8514052148370281 0.7250074816226533
957 0.8513058114482855 0.7248433968665634
956.5 0.8512396608069085 0.7247284915841385
956 0.8514976473338624 0.7251651595988541
955.5 0.8512449651657591 0.7247415822639369
955 0.8514212495791559 0.7250368542234781
954.5 0.8514022665010549 0.7250030821868542
954 0.8513524709886385 0.7249223731290708
953.5 0.8515300022286237 0.7252221271678267
953 0.8511320292675537 0.724544097940655
952.5 0.851430738271369 0.7250525182396507
952 0.8509947479120399 0.724311682311296
951.5 0.8512632205411537 0.7247693681169132
951 0.8512993360308037 0.7248307304633547
950.5 0.8511546205381516 0.7245847074533983
950 0.8513224168646719 0.7248653452981972
949.5 0.8512215363397426 0.7246967117667066
949 0.8509770628913438 0.7242815351960773
948.5 0.8512880478410428 0.7248142506335061
948 0.8511885138164736 0.7246419436013605
947.5 0.8510497254342967 0.7244036844433379
947 0.8512771919184545 0.7247921887797459
946.5 0.8513363007589086 0.7248922980913736
946 0.8509591687996144 0.7242526974347521
945.5 0.8510388934688118 0.7243887903047477
945 0.851132954852161 0.7245486828139336
944.5 0.8511306733349164 0.7245415548225688
944 0.8511555904598967 0.7245832811451195
943.5 0.8510043430116492 0.7243271767571623
943 0.8511084123259727 0.7245054191800684
942.5 0.8510277102580025 0.724367117934534
942 0.8509363154435607 0.7242125086194972
941.5 0.8510149433212647 0.7243457659598314
941 0.8508907219359444 0.7241325975249434
940.5 0.8511203691696401 0.7245238399784689
940 0.8509647365079434 0.7242624277867395
939.5 0.8509347268371457 0.7242108355601765
939 0.8508840126010506 0.7241257207143035
938.5 0.8508955166757346 0.7241427504782858
938 0.8507148560979929 0.7238387741302089
937.5 0.8509634247853555 0.7242569406477359
937 0.8509553844658801 0.7242436837371488
936.5 0.851109370018631 0.7245075199073308
936 0.8509135822043271 0.7241736590902611
935.5 0.8508713296057222 0.7241032033848627
935 0.8507603307154031 0.7239126850401242
934.5 0.8508376503094419 0.7240428747657259
934 0.850756267903738 0.7239105272361854
933.5 0.8508446590968853 0.7240570262386135
933 0.8509594554132477 0.7242483909916269
932.5 0.8507610893414691 0.7239143412447273
932 0.8507077251080785 0.7238216416554426
931.5 0.8508382141697961 0.7240447052298569
931 0.8506590851290237 0.72373959824681
930.5 0.8508298038064794 0.7240330656081913
930 0.8506143759390181 0.7236625608884425
929.5 0.8506631020670378 0.7237459035137703
929 0.8506780264616197 0.7237754194565161
928.5 0.8504942935352459 0.7234643664944216
928 0.8507385139195567 0.7238759448368147
927.5 0.8505868746790133 0.7236184906222275
927 0.8506388226697399 0.7237069148256107
926.5 0.8503582743064979 0.7232280062760815
926 0.8505623466734269 0.7235762372871182
925.5 0.8507153790463808 0.7238371503172406
925 0.850629802613057 0.7236938479928167
924.5 0.8504128257640696 0.7233217932675828
924 0.8507495831923038 0.7238954178434239
923.5 0.8505880856926532 0.7236210210733657
923 0.8500913057557049 0.7227717441508433
922.5 0.8506530046297334 0.723730443996918
922 0.8503726746270347 0.7232540505984644
921.5 0.8504146682329067 0.7233229642274297
921 0.8502867298627393 0.7231074081875322
920.5 0.8503012843685661 0.7231314302642615
920 0.8503955264516496 0.7232956159257165
919.5 0.8502901203859871 0.7231137080189152
919 0.8503410712292557 0.7231980948836094
918.5 0.8504114703745356 0.7233176842654054
918 0.850254378415708 0.723055337984926
917.5 0.8503148179939867 0.7231563985829497
917 0.8504979196325806 0.7234632191282186
916.5 0.8502033664767579 0.7229643274347122
916 0.8502794778003511 0.7230970500105086
915.5 0.850485093908998 0.723443988880576
915 0.8503076644654749 0.723143320154227
914.5 0.8501838089150042 0.722933071524255
914 0.8504105935042298 0.7233192939926685
913.5 0.8501126345875823 0.7228122001054116
913 0.8503936679452337 0.7232881769867371
912.5 0.8502068558108624 0.7229721511134842
912 0.8503715559161492 0.723249736346735
911.5 0.8502941281384503 0.7231201920126917
911 0.8502972656377653 0.7231259496223781
910.5 0.8503670430978847 0.7232450124340063
910 0.8502554320598059 0.7230554506118545
909.5 0.8500049611643349 0.7226301306375154
909 0.8500668903705092 0.7227358496466394
908.5 0.8500853171080255 0.7227689661520986
908 0.8501656945271614 0.7229048503395198
907.5 0.8500963808692009 0.7227827904449365
907 0.8499080481548752 0.7224652525352062
906.5 0.8498842438077413 0.7224262592197066
906 0.8500303890262261 0.7226701146992485
905.5 0.8499195981026305 0.7224835440284658
905 0.8499342422955137 0.7225083009674422
904.5 0.8499136795473605 0.7224723004594508
904 0.8501566589493303 0.7228844949013066
903.5 0.8498493144962206 0.7223668262146172
903 0.8497798058942985 0.7222462171227736
902.5 0.8501783530470532 0.7229227250563923
902 0.8501674613730855 0.7229090973323276
901.5 0.8497652335594708 0.7222177685107822
901 0.8496459585392167 0.722016090050641
900.5 0.8498330846862413 0.7223361962651906
900 0.8496648553536574 0.7220502158177327
899.5 0.8499533487228934 0.7225381539859236
899 0.8498855924770603 0.7224279478326396
898.5 0.8498595743217633 0.7223849841246964
898 0.8499346194563715 0.7225124362023745
897.5 0.8497891264263504 0.7222599967391006
897 0.8498531300094954 0.7223717290678381
896.5 0.8497599046708454 0.7222111098061929
896 0.8499795599119345 0.7225834420573015
895.5 0.8499672957747197 0.7225661870811342
895 0.8496465462851158 0.722019148455167
894.5 0.8497901924038158 0.7222663112648914
894 0.8498044085771606 0.7222896163346146
893.5 0.8497418657974228 0.7221806050882111
893 0.8498169347032543 0.7223085139360585
892.5 0.8493722068635805 0.7215531515695245
892 0.8496204169937952 0.7219740997304367
891.5 0.8494809113017784 0.7217353726522058
891 0.8495716912978194 0.721892689556635
890.5 0.8494975113155724 0.7217655623558625
890 0.8495478644868493 0.7218561515426318
889.5 0.8496001856906068 0.7219383224347261
889 0.8495557079893881 0.7218633756026738
888.5 0.8493660382885704 0.72154018924226
888 0.8497823240391088 0.7222485665210386
887.5 0.8493690239672973 0.7215494050868395
887 0.8492388279641628 0.7213252784713778
886.5 0.8497162853484621 0.7221411926891117
886 0.8496174824433075 0.721971445198823
885.5 0.8495575206220026 0.7218653550596722
885 0.849543831970884 0.7218448905941858
884.5 0.8491309118417015 0.7211434030006674
884 0.849061371067615 0.7210228644177462
883.5 0.8491577929486601 0.7211871311866451
883 0.8492598603724109 0.7213619531883912
882.5 0.8495426477811667 0.7218452634662476
882 0.8493019704809482 0.7214353836181732
881.5 0.8493728834242074 0.7215526810013833
881 0.8492832239364557 0.7214018292519858
880.5 0.849135573232947 0.721150702016902
880 0.8491499663956398 0.7211733668306448
879.5 0.849244483227781 0.7213379891885945
879 0.8493665323884375 0.7215465943277991
878.5 0.8492088461339614 0.721274743064528
878 0.8492570255793949 0.7213567101999077
877.5 0.8493627525900549 0.7215369821872946
877 0.8491923097315994 0.7212508639577718
876.5 0.8490685718301784 0.7210384061880325
876 0.8490549512281638 0.7210174154763891
875.5 0.8489431331643554 0.720825107567415
875 0.8490034931528055 0.720926210640034
874.5 0.8489390985910787 0.7208172994643067
874 0.849178578525851 0.7212224725591038
873.5 0.8491207425182713 0.7211267900464886
873 0.8487677305412458 0.7205242493106414
872.5 0.8492122738483414 0.7212821740140148
872 0.8490975170599249 0.7210874370269564
871.5 0.8488567138886918 0.7206789959544043
871 0.8493194010212233 0.7214629759451943
870.5 0.848895841386975 0.7207436869617798
870 0.8488798093394867 0.7207157571180524
869.5 0.8490361056452674 0.7209843652944128
869 0.8490091280574084 0.7209381694880987
868.5 0.8488049143454491 0.7205899813840589
868 0.8489891421129293 0.720905503540142
867.5 0.8488128227329109 0.7206020607044175
867 0.8487861525035588 0.7205583425835079
866.5 0.8488164350109741 0.7206100114429167
866 0.8488070430810893 0.7205926973540334
865.5 0.8488579887167103 0.7206792324199539
865 0.8486753246021649 0.7203708951628658
864.5 0.8487822847989441 0.7205502667894086
864 0.8487574101788267 0.7205135339327007
863.5 0.8487696504918321 0.7205297418511704
863 0.8485519015981771 0.7201598620542906
862.5 0.8488036580389076 0.7205885161834407
862 0.8487586265022727 0.7205133987467394
861.5 0.8487418703678246 0.7204819702218876
861 0.8486843429541561 0.7203838905287027
860.5 0.8485107988644522 0.7200894745057266
860 0.8485387894839406 0.7201383828862755
859.5 0.84848598648379 0.7200464181843181
859 0.8485007728257626 0.7200755762745085
858.5 0.8485521291419269 0.720159189610801
858 0.8483804107771272 0.7198668650206403
857.5 0.8486855366046763 0.7203901789303215
857 0.8485511406526891 0.7201593779676414
856.5 0.8486909992076791 0.7203946086539101
856 0.8482553869708078 0.7196555810565493
855.5 0.8485071783903451 0.7200852297327653
855 0.8486438563074471 0.7203188366299926
854.5 0.8484968015028379 0.7200670231602226
854 0.8484737488583446 0.7200274658131635
853.5 0.848199508910466 0.719564705319836
853 0.848333810586598 0.7197898329876699
852.5 0.8484372411611346 0.7199660113072206
852 0.8483810994498655 0.7198699338924972
851.5 0.8481365229959738 0.719452130259577
851 0.8480162276091118 0.7192530532971407
850.5 0.8480581380561476 0.7193258580501941
850 0.8482267061926949 0.7196083558255671
849.5 0.8480685514160315 0.7193389146410808
849 0.8482053896118938 0.7195741626089237
848.5 0.8482256894399335 0.7196097215365601
848 0.8479239981151493 0.7190946243119355
847.5 0.8480372758420859 0.719288646329982
847 0.8480743504995009 0.7193507753289959
846.5 0.8480458460972289 0.7193012017642744
846 0.8480242714250341 0.7192672155196865
845.5 0.8480346963584086 0.7192809944261063
845 0.8483979509723314 0.7199005299785727
844.5 0.8480998966352261 0.7193941397214825
844 0.8479165707033088 0.7190823444434209
843.5 0.8479909021928094 0.7192079522719389
843 0.847964813328919 0.7191687322195915
842.5 0.8480394220306844 0.7192906456276312
842 0.8479795287381252 0.7191899507292138
841.5 0.8479105479744723 0.7190761590873442
841 0.8475408873844577 0.7184447533908009
840.5 0.8478781299075704 0.7190183579348636
840 0.8478465134944556 0.718961116773544
839.5 0.8479836682495091 0.7191985992181997
839 0.8478172982292926 0.718914752959067
838.5 0.8475621642961821 0.7184819987609534
838 0.8480161547881513 0.719251508101068
837.5 0.8475635999601082 0.7184832438337639
837 0.8479623422727838 0.7191608130340917
836.5 0.8475779861131653 0.718511591239663
836 0.8476781579477142 0.7186759892956783
835.5 0.8476452516775667 0.718623134888282
835 0.8475700557872622 0.7184960379428013
834.5 0.8477352490689671 0.7187715192149848
834 0.8475775640965034 0.7185074583380177
833.5 0.8478250359108525 0.7189300047494351
833 0.8476209245966283 0.7185789061058542
832.5 0.8477276170245142 0.7187615817508504
832 0.8478327795136241 0.7189387313354413
831.5 0.8474317395568721 0.7182626586703246
831 0.8476824172785441 0.7186853857750801
830.5 0.847627978406661 0.718596351049191
830 0.8477943010655645 0.7188758617816619
829.5 0.8475165796686551 0.7184050603116059
829 0.8475190775374091 0.718412070393618
828.5 0.8473357821189641 0.7180973512806227
828 0.8475327597746004 0.7184336037974316
827.5 0.8477247174167635 0.7187584484788935
827 0.8476577279445037 0.7186460900443646
826.5 0.847352115132886 0.7181274151293326
826 0.8473171108883232 0.7180680156501534
825.5 0.847347661701764 0.718119688349811
825 0.8474759513225433 0.7183356811097791
824.5 0.8473749351896348 0.7181655396741411
824 0.8473655038329877 0.7181488108353475
823.5 0.8473874847817597 0.7181863541150656
823 0.8473174386036477 0.7180659245191511
822.5 0.8474498080431069 0.7182923648983347
822 0.847304731763716 0.7180452535783786
821.5 0.847160047249869 0.7177988333653443
821 0.8472293299708638 0.7179184094208698
820.5 0.8471315303871605 0.7177501234596737
820 0.8470907393609921 0.7176774266248382
819.5 0.8473882740616195 0.7181912262262821
819 0.8473996332398126 0.7182100987894067
818.5 0.8470777571888839 0.7176633792478353
818 0.8469482060516833 0.7174415034356464
817.5 0.8471082308478753 0.7177132317843936
817 0.8471747437013467 0.7178234438306722
816.5 0.8471121749356542 0.7177198447402541
816 0.8471700798534398 0.7178187800040515
815.5 0.846833106121052 0.7172481858246037
815 0.8468239340501829 0.7172285310212313
814.5 0.8468077283742084 0.7172047875157374
814 0.8470489164311349 0.7176159610849994
813.5 0.8471450324806065 0.7177750767114462
813 0.8470012399234275 0.717530510511939
812.5 0.8471964179826784 0.7178635564234354
812 0.8469728476510546 0.7174832728930612
811.5 0.8469266050413872 0.7174063246053076
811 0.8467302409837726 0.7170739938144968
810.5 0.8469588062514772 0.7174593202801266
810 0.846530899861884 0.7167348590831767
809.5 0.84702628890792 0.7175732509211461
809 0.8467756225160346 0.7171503625560395
808.5 0.8466463779731328 0.7169318488753
808 0.8466782335951896 0.7169844173936314
807.5 0.8468205823502688 0.7172258026496977
807 0.8467833470416519 0.717165679821822
806.5 0.846295208172558 0.7163344845699703
806 0.84647238490208 0.7166385551278394
805.5 0.8469166741335308 0.7173925329195672
805 0.8468100045491566 0.7172095392832992
804.5 0.8467395409354399 0.7170912045019573
804 0.8469251902169083 0.7174024553754733
803.5 0.8466887901745795 0.7170030167890611
803 0.8468460185858975 0.7172689984432115
802.5 0.8464757287175616 0.716646058932302
802 0.8464140413007082 0.7165402274850354
801.5 0.8465086990571501 0.7166994060633805
801 0.8468118751808205 0.7172100216178127
800.5 0.8463545371919068 0.7164373804632289
800 0.84663167693315 0.7169090331671002
799.5 0.8467021380978833 0.7170256045551626
799 0.8464230923741685 0.7165534008736455
798.5 0.8463536610817638 0.7164354517929435
798 0.8464200260909306 0.7165470064450883
797.5 0.8463494077631767 0.7164283654793296
797 0.8464252814902202 0.7165576237142057
796.5 0.8463746527927184 0.7164710113703597
796 0.8463336386156916 0.7164011832480548
795.5 0.8463223383671117 0.7163814046971674
795 0.8464360852375769 0.7165750988806513
794.5 0.846444383173129 0.7165904596553803
794 0.8462289935042018 0.7162276718260484
793.5 0.8462757742774771 0.7163054389512733
793 0.8461964225739276 0.7161721475892552
792.5 0.8460201859557717 0.7158695696910518
792 0.8460740022516052 0.7159633535615134
791.5 0.8461955693467733 0.7161700257726595
791 0.8460113384888654 0.7158549612781672
790.5 0.8459731449245529 0.7157932327201445
790 0.8461500000907421 0.7160898260381188
789.5 0.8462120268754447 0.7161960793122698
789 0.8458977552659748 0.7156628221262319
788.5 0.845947630493958 0.7157471256382809
788 0.8460691381396462 0.7159547762936139
787.5 0.8457068663636793 0.7153399564677065
787 0.8461701832615091 0.7161222614729784
786.5 0.846018581692411 0.7158714944418426
786 0.8458030693777048 0.715501856357575
785.5 0.845844216737524 0.7155750746531853
785 0.8458744668929304 0.7156258984537925
784.5 0.8460173072450603 0.7158656840337018
784 0.8458503115918743 0.7155803974223195
783.5 0.8457890442748418 0.7154813392215478
783 0.8459036894597719 0.7156751961396047
782.5 0.8457191876279037 0.7153631917542094
782 0.8458558799213733 0.715589162096563
781.5 0.8459016617557195 0.7156704125012394
781 0.845907478558964 0.7156800792727439
780.5 0.8460261540079341 0.7158799256735077
780 0.8458760734507142 0.7156296095360922
779.5 0.8452423220656432 0.7145534278062375
779 0.845334822279692 0.7147136918929824
778.5 0.845518002782787 0.7150231580774687
778 0.8456436881407903 0.7152363072122515
777.5 0.8455686358222038 0.7151066108293179
777 0.8455451480435487 0.7150672057015705
776.5 0.8455031950101972 0.7149969705051945
776 0.8456744096102008 0.7152880239393883
775.5 0.8454417292264699 0.7148932921093061
775 0.8454582245262965 0.7149182410530214
774.5 0.8457064939851917 0.7153409640502226
774 0.8453743361055315 0.7147797996108942
773.5 0.8454142598976357 0.714848181370867
773 0.8455406656908844 0.7150582584306687
772.5 0.8452817243001327 0.7146209281454736
772 0.8453897955707421 0.7148034587491565
771.5 0.8452724043105351 0.714607573338536
771 0.8452938654664559 0.7146457326301784
770.5 0.8454414227502608 0.714892822430538
770 0.8453348480590132 0.7147109657909138
769.5 0.8451730829823254 0.7144397027881733
769 0.845439860427385 0.7148868383549395
768.5 0.8452584759022981 0.7145832230752343
768 0.8451621111245834 0.7144223925850032
767.5 0.8452705633649263 0.7146037372579461
767 0.8451508082455514 0.7144003914054301
766.5 0.8453767576537554 0.7147844657133695
766 0.8451007446861102 0.7143202460996966
765.5 0.8450683552917455 0.7142628226352454
765 0.8449239265225765 0.7140202026747222
764.5 0.8454245108380796 0.7148621339296661
764 0.84515259747732 0.7144029108736931
763.5 0.845113450322402 0.7143390513894128
763 0.8450930081471427 0.7143063418772524
762.5 0.8448318343925612 0.7138622572187736
762 0.8448016981873532 0.7138126959882988
761.5 0.8450210112456765 0.7141788406155264
761 0.844661946687773 0.7135749264336672
760.5 0.8450842069789789 0.7142847231856088
760 0.8450940043957204 0.7143067358158159
759.5 0.8450241957232097 0.7141810308465824
759 0.844798149230705 0.7138010193466989
758.5 0.8448454638241721 0.7138826370744779
758 0.8447741130155992 0.7137663733936562
757.5 0.8447957230604562 0.7138007602608808
757 0.8447123767699676 0.713659827195041
756.5 0.8446782338569341 0.7136026851656478
756 0.8446590275306608 0.7135724952755048
755.5 0.8446251545159126 0.7135129107233737
755 0.8448767448400114 0.7139380254056327
754.5 0.8444437236749299 0.7132084583994155
754 0.84476302407337 0.7137466176704834
753.5 0.8447191310448645 0.7136718598118236
753 0.8446074386870481 0.7134844108626689
752.5 0.8447930169117422 0.7137947712725197
752 0.8445594768610339 0.7134039336092032
751.5 0.844598620649116 0.7134693779071459
751 0.8446373869469254 0.7135351808258297
750.5 0.8443637891023085 0.7130744986919825
750 0.8443878914426042 0.713111637288736
749.5 0.8446293331803802 0.7135225698734075
749 0.8444749562437027 0.7132589385712121
748.5 0.844240860792105 0.7128618079289287
748 0.8445684110391598 0.7134192922833626
747.5 0.8443189893169656 0.7129923090040997
747 0.8444340508598125 0.713189897291485
746.5 0.8442938957444229 0.7129545569761352
746 0.8445673188103991 0.7134168744464277
745.5 0.8443652820486187 0.7130748949880314
745 0.8442854569048626 0.712940069892838
744.5 0.844140761748688 0.7126924229617484
744 0.8440562963285554 0.7125526703970357
743.5 0.8442915953801317 0.7129465832800154
743 0.8441905941616842 0.7127808987696457
742.5 0.8440897312397891 0.7126052198852014
742 0.8439167425225609 0.7123200468625103
741.5 0.844126070502888 0.7126665943916506
741 0.8441819367976787 0.7127661296527169
740.5 0.8440001092404354 0.7124568230138184
740 0.8442012327974922 0.7127997480035099
739.5 0.8439064939137205 0.7123000577235895
739 0.843913690353871 0.7123140349865512
738.5 0.8439614512121536 0.7123941089134578
738 0.844183417084692 0.7127646889722186
737.5 0.8439737055621096 0.7124118593259049
737 0.84406776672029 0.7125722185248784
736.5 0.8439800321064247 0.712426259847248
736 0.8437577090923306 0.7120540584229167
735.5 0.8439553194433076 0.7123810804611834
735 0.8439313881116799 0.7123424134452039
734.5 0.8438180199322354 0.712148521484352
734 0.843635558826213 0.7118438643268924
733.5 0.8439793814580099 0.7124227479763929
733 0.843911386117401 0.7123101827912385
732.5 0.8437958436628041 0.7121108290770322
732 0.843821755465715 0.7121596791585463
731.5 0.8436570533470444 0.7118776440330215
731 0.8439240179552346 0.7123287581173717
730.5 0.8436614207800446 0.7118852607853093
730 0.8433482751808733 0.711360108687628
729.5 0.8435028965814441 0.7116193170994907
729 0.8433111853634618 0.7112954189750296
728.5 0.8434736736469906 0.7115685519530853
728 0.8436053999533673 0.7117873134756172
727.5 0.8434386177053171 0.7115104494635486
727 0.8434885578151583 0.711592298562708
726.5 0.8431470965583964 0.711018385357394
726 0.8430327785795927 0.7108256720163689
725.5 0.8433367910773242 0.7113424345688459
725 0.8432930425048389 0.7112633235979
724.5 0.8432938264493349 0.7112658164210793
724 0.8432004946123394 0.7111081431567486
723.5 0.8433715391419646 0.7113985221962554
723 0.8431067995203395 0.710952824073476
722.5 0.8430003214584694 0.7107703801885286
722 0.8431604750664177 0.7110411180070985
721.5 0.843383062420696 0.7114191756728864
721 0.8430946579479012 0.7109299164250011
720.5 0.8431671038188452 0.7110523258978434
720 0.8432199280989705 0.7111409331714841
719.5 0.8430519596297265 0.7108612674121284
719 0.8430263161540662 0.7108131546068751
718.5 0.842866074195598 0.71054604345733
718 0.8430299927266428 0.7108230463921377
717.5 0.8428040287595189 0.7104424594425978
717 0.8430734724743069 0.7108971613676026
716.5 0.8430829329050022 0.7109127133716387
716 0.8428646087041802 0.7105440772089234
715.5 0.8428568651477703 0.7105324896734871
715 0.8433168148749155 0.7113049774349682
714.5 0.8427533179386953 0.7103530283723276
714 0.8428363288017696 0.7104893568948736
713.5 0.8429117477348881 0.7106197181684136
713 0.8429046472825417 0.7106113392597966
712.5 0.8429849788378173 0.7107488082071074
712 0.8427571565771942 0.7103621088506715
711.5 0.842248252801791 0.7095039043470093
711 0.8425833037237813 0.7100689449989431
710.5 0.842687730728223 0.710245292849604
710 0.8426479320327819 0.7101750418472396
709.5 0.8424529906806703 0.7098529807837651
709 0.842408332416543 0.7097735396570322
708.5 0.8425469464595899 0.7100084246198706
708 0.8425774543718823 0.7100561467375108
707.5 0.842626947748135 0.7101386359287426
707 0.8422357920026702 0.7094839861502612
706.5 0.8424201571156877 0.7097963821375137
706 0.8425566230514113 0.7100228134567501
705.5 0.8421348460859311 0.7093124930380631
705 0.8425617664009583 0.7100317715598549
704.5 0.8424553297017113 0.7098530258526038
704 0.8423755694903958 0.7097179329561282
703.5 0.8422115218375685 0.7094439713829411
703 0.8423813790678935 0.709730473471261
702.5 0.8422297732607417 0.7094735645106347
702 0.8421005564672304 0.7092564471536201
701.5 0.8422045930848809 0.7094283504564785
701 0.8421658582917402 0.7093669114726536
700.5 0.8421080808725077 0.709268749669868
700 0.8421473434051086 0.7093312458072636
699.5 0.8421715040084592 0.7093757923067595
699 0.8419696180332797 0.7090328696154664
698.5 0.8421456290795885 0.7093336430370525
698 0.8421006964494981 0.7092570662672255
697.5 0.8420484296465996 0.7091701155024197
697 0.8419982859099926 0.7090821196049846
696.5 0.8419768551404905 0.7090453602791789
696 0.8419991752934279 0.7090823931662106
695.5 0.8417994082420244 0.708748192699805
695 0.8416558779202853 0.7085055196942954
694.5 0.8419605550009501 0.7090219587028651
694 0.8417621711118324 0.7086898085584289
693.5 0.84198516877261 0.7090590785382077
693 0.8418751852297693 0.7088719681697014
692.5 0.841781336219234 0.7087191942508951
692 0.8415734032624614 0.7083681161124535
691.5 0.8414805332985601 0.7082079751839176
691 0.8416158768853744 0.7084410614907324
690.5 0.8417062310074557 0.7085914015868392
690 0.8416556484892809 0.7085065887716352
689.5 0.8415867727797502 0.7083930522271207
689 0.8417845786166946 0.7087263872540915
688.5 0.8413567658035651 0.708000702811432
688 0.841420619379876 0.7081102936221542
687.5 0.841523965141401 0.7082819957533202
687 0.8414809772528377 0.7082120161192197
686.5 0.8416087821440387 0.7084303591942493
686 0.8413199195498349 0.7079421303373545
685.5 0.8413071030189141 0.707917161474688
685 0.8414457934394617 0.708153582825386
684.5 0.8413044939916737 0.7079164773200015
684 0.8413688732374531 0.7080208030455548
683.5 0.8414785074440104 0.7082085847533915
683 0.8412541196104676 0.7078311403672796
682.5 0.8411880681700857 0.7077217116402994
682 0.8411218518163694 0.7076067192303664
681.5 0.8410647205086009 0.7075132105819221
681 0.8408180094631955 0.7070951779025045
680.5 0.8411336802443743 0.7076316162887155
680 0.8412701168409378 0.7078572199409119
679.5 0.841184291628502 0.7077149833053203
679 0.8410029494979593 0.7074059761802842
678.5 0.8410044016399524 0.7074123581250412
678 0.8410165025675244 0.7074298272339006
677.5 0.8410913186993361 0.7075563935554811
677 0.8408964692601039 0.7072319733242538
676.5 0.8408294144386338 0.7071178314877842
676 0.8407630174438555 0.7070030292708833
675.5 0.8408173205777589 0.7070973165201724
675 0.8407831871244807 0.7070393332914809
674.5 0.8408344134345717 0.7071276242364091
674 0.8408245252499524 0.7071065730898259
673.5 0.8405729347731281 0.7066872268191349
673 0.8409238646277778 0.7072776310105339
672.5 0.8408152260972571 0.7070931306922986
672 0.8407592856290362 0.7069997109536752
671.5 0.8405651217905071 0.706671308550801
671 0.8405006981598871 0.7065617285508876
670.5 0.8405063842389074 0.7065730275152119
670 0.8401037165089613 0.7058987392738171
669.5 0.8405340996778757 0.7066211955648095
669 0.8406399619936525 0.706801705614547
668.5 0.8404304117134824 0.7064457184796681
668 0.840533017965682 0.7066169854776885
667.5 0.8405542535309731 0.7066545716862765
667 0.840419368905554 0.7064296514367402
666.5 0.8405346996518831 0.706621782559718
666 0.8403140427257993 0.7062513747236813
665.5 0.8402336164019112 0.7061154294040168
665 0.8402494740201195 0.7061408293215803
664.5 0.8400732692477832 0.7058465695627932
664 0.8402630867411133 0.7061633508479205
663.5 0.8403171317432847 0.7062566613474716
663 0.8402639177018376 0.706164937422485
662.5 0.8403928110515846 0.7063862870334369
662 0.8400782455887256 0.7058545202442723
661.5 0.8398141393035787 0.7054137471460971
661 0.8399864334408652 0.7057014887526831
660.5 0.8401495355307255 0.7059745852025898
660 0.8397367713473695 0.7052808262583994
659.5 0.8400220040543848 0.705757037502658
659 0.8400233521261617 0.7057638400976588
658.5 0.839814099481616 0.7054115707108274
658 0.839897271448871 0.705549834566597
657.5 0.839897009545835 0.7055508920883315
657 0.8397712276427663 0.705338137140813
656.5 0.8398952406702648 0.7055496295292892
656 0.839694195646136 0.7052107692048389
655.5 0.8396833913683366 0.7051904575167945
655 0.8395635871292763 0.704986942716407
654.5 0.8396487387492803 0.7051328738038941
654 0.8396531865227622 0.705139930743026
653.5 0.8396904600955214 0.7052017834513761
653 0.8396408570102258 0.7051200834184137
652.5 0.8394463127987073 0.7047922238800192
652 0.8394305274588952 0.7047678477332007
651.5 0.8396501849334387 0.705136226176797
651 0.8393405392574124 0.7046145065617629
650.5 0.8395098895191377 0.7049012781354136
650 0.8395437061990404 0.7049587279382641
649.5 0.8394163716173747 0.7047456953827274
649 0.8392358482998163 0.7044414319505725
648.5 0.8394551355829837 0.7048120711485217
648 0.839594717050458 0.7050463936515884
647.5 0.839624881180321 0.7050939082601152
647 0.8395289313851643 0.7049331975916725
646.5 0.8391357062287753 0.7042711303268966
646 0.8392817552921485 0.7045181495820753
645.5 0.838953246077379 0.703968578154656
645 0.8391391265885535 0.704277495414105
644.5 0.8389542264743464 0.70396850551331
644 0.8389331539019969 0.7039314921093581
643.5 0.8389300627983106 0.7039251761442488
643 0.8392358830148621 0.7044401708161523
642.5 0.839046111574755 0.7041218117542545
642 0.8389041100265047 0.7038820676610001
641.5 0.8388715971545937 0.7038291032030113
641 0.8389487351888021 0.7039572450988271
640.5 0.8386404240996185 0.703438504199701
640 0.8386357125798523 0.7034301387186962
639.5 0.8386729242651699 0.7034969042574288
639 0.8388681989348078 0.703823043332246
638.5 0.8387966716460817 0.7037022691363835
638 0.8386911711855188 0.7035273963757074
637.5 0.8386035767822527 0.7033785083901118
637 0.8386299709214237 0.7034217201575044
636.5 0.8388011978263276 0.7037095452391546
636 0.8385534926167152 0.7032950647329286
635.5 0.8381646753928347 0.7026421108945778
635 0.838610729360067 0.7033911745454074
634.5 0.8383221466835472 0.702907344772904
634 0.8383432904137655 0.7029409765531517
633.5 0.8385308987774366 0.7032585453004033
633 0.8386667512572756 0.7034822055967225
632.5 0.8383352934167694 0.7029310870072455
632 0.8381197346203498 0.7025683627526295
631.5 0.8384460091858879 0.7031133767220006
631 0.8380844542722726 0.7025060864903362
630.5 0.8381363480889535 0.7025960109027685
630 0.837886140791724 0.7021787368259368
629.5 0.8382672416681123 0.7028155343086555
629 0.838258857427197 0.7027996723497442
628.5 0.8380400735117204 0.7024314132239684
628 0.8383899035883621 0.7030185303132686
627.5 0.8381457133615079 0.702610305083447
627 0.8382179072889678 0.7027361405615764
626.5 0.8382117321340264 0.7027242747434492
626 0.8381175181836567 0.702563134460375
625.5 0.8381465674909696 0.7026095140016255
625 0.8378018393516385 0.7020347620326794
624.5 0.8377618938587275 0.7019709940124773
624 0.8378716335257876 0.7021540109762977
623.5 0.8378199268976745 0.7020690947421163
623 0.8376153330433165 0.7017231672670534
622.5 0.8376363033456196 0.7017604623508658
622 0.8375299127065563 0.7015806669862665
621.5 0.8375168498333019 0.7015553936005818
621 0.8376651893452335 0.7018035341439393
620.5 0.8377682453301131 0.7019794898383435
620 0.8376582905159086 0.7017933238896947
619.5 0.8378213915778099 0.7020705547890566
619 0.8374979223801926 0.7015259423715672
618.5 0.8373644828128247 0.7013038481266873
618 0.8375593838419565 0.7016300554177042
617.5 0.8376508654774873 0.7017807943471579
617 0.8375443856386706 0.7016014607034217
616.5 0.8373894142277959 0.7013456503346015
616 0.8376801314333525 0.7018299703488141
615.5 0.8375715447742113 0.7016491512223378
615 0.8374129947908777 0.701387927638632
614.5 0.8374177420428847 0.7013946151172789
614 0.8371960542799957 0.7010200508214366
613.5 0.83715481634732 0.7009479120647881
613 0.8369230075860034 0.7005606451030458
612.5 0.8370764482950854 0.7008227610730361
612 0.8372034730815364 0.7010348738512981
611.5 0.8370344974658502 0.7007507367639924
611 0.8369916864825504 0.70068131693451
610.5 0.8369502752413858 0.7006113428399651
610 0.83690530245873 0.7005338244374097
609.5 0.8367871113283549 0.700334045397191
609 0.8369076622649078 0.7005387788041669
608.5 0.8367900315200808 0.7003404496588368
608 0.8365967801473861 0.7000164717211429
607.5 0.8370415057167196 0.7007640168807007
607 0.8365911546673164 0.7000105009141419
606.5 0.8365565675102291 0.6999499250631707
606 0.8365027730342084 0.6998587382252832
605.5 0.8367409000995463 0.7002581105559749
605 0.8366259959352578 0.7000669885184798
604.5 0.8366768013336435 0.7001548796951366
604 0.836340225526054 0.6995882775088937
603.5 0.8363710185199363 0.6996419229911243
603 0.8365333929084054 0.6999128130220293
602.5 0.8362919387403878 0.6995082432423855
602 0.8364090886801185 0.6997013809769999
601.5 0.8363848375626942 0.6996632613168509
601 0.8363415255294794 0.6995898053201288
600.5 0.8365280573781498 0.6999029111130458
600 0.8360937353910132 0.699176854219669
599.5 0.8362986826228358 0.6995228786188348
599 0.8360636367507224 0.6991248303300936
598.5 0.8360983634146986 0.6991839786883145
598 0.8362933274257338 0.699510082767541
597.5 0.8360929239799556 0.699173412539615
597 0.8360811322420681 0.6991567206153256
596.5 0.8361371757577666 0.6992525035648594
596 0.8360925160416337 0.6991743342936436
595.5 0.8360153952549164 0.6990447651683561
595 0.8360447313117951 0.6990943915904247
594.5 0.8358075885832351 0.6986975785460509
594 0.8359525934952837 0.6989416173209294
593.5 0.8357569431079823 0.6986149273502196
593 0.835669691038087 0.6984679490912243
592.5 0.835812049015803 0.6987035609711856
592 0.8356010999271042 0.6983518763377325
591.5 0.8356412122073874 0.6984209993701992
591 0.8357180664568121 0.6985483819100834
590.5 0.8355307321106101 0.6982362760376711
590 0.8356438623133372 0.6984266054279573
589.5 0.8354817560582829 0.6981546381065792
589 0.8352627722756639 0.6977889938033235
588.5 0.8353900483379983 0.6979977667995725
588 0.8353437890227732 0.6979237374254532
587.5 0.8355118987821606 0.6982037761366099
587 0.8355846350339378 0.6983274980945561
586.5 0.8353743540220843 0.6979771156912224
586 0.8353227985549477 0.6978882673302907
585.5 0.8353049642926093 0.6978610793635351
585 0.8353256317046495 0.6978915800146478
584.5 0.8350788005580754 0.6974792883452318
584 0.8349634201667062 0.6972876700718941
583.5 0.834582376942259 0.6966530005445488
583 0.8350115489562091 0.6973696806192702
582.5 0.8349290699164464 0.697227668961229
582 0.8351448669510884 0.6975926781597308
581.5 0.8351484892866681 0.6975958399103894
581 0.8346579220830324 0.6967784333417089
580.5 0.83480166435151 0.6970169814728583
580 0.8348077731599559 0.6970288500822519
579.5 0.8349423864436085 0.6972531100378264
579 0.8348621132343899 0.6971207037258261
578.5 0.834841602740105 0.6970851622182932
578 0.834771512514662 0.6969679993097286
577.5 0.834804465924917 0.6970190559578117
577 0.8345959286661081 0.696676649983724
576.5 0.8348810694319924 0.6971529529054932
576 0.8344239393201874 0.6963862582733924
575.5 0.8348048689790184 0.6970229974618973
575 0.834455112607678 0.6964388827634435
574.5 0.8343994279129331 0.6963459456210762
574 0.8344612390099776 0.6964496928535844
573.5 0.8343029420570611 0.6961828992448365
573 0.834272915716774 0.6961357828010933
572.5 0.8342472534816258 0.6960952840840339
572 0.834296968361917 0.6961764929086279
571.5 0.8342773396221949 0.6961426104556606
571 0.834100589035276 0.6958479625672229
570.5 0.833944879897708 0.6955875870902543
570 0.8343317845295721 0.6962340780892833
569.5 0.8342042888806288 0.6960217201905848
569 0.834095846103702 0.695840197664095
568.5 0.8340716405903821 0.6957955684304208
568 0.8339343106822233 0.695572017152253
567.5 0.8339302336497353 0.6955633117390979
567 0.8339015578198895 0.6955176077408178
566.5 0.8341533725548351 0.6959360719321034
566 0.833816036134902 0.6953739486835375
565.5 0.8338108941987014 0.6953637517359644
565 0.8335404499624955 0.6949154689106661
564.5 0.8336954532568585 0.6951737612772632
564 0.8336548679552799 0.6951068934414543
563.5 0.833358433839955 0.6946115061098463
563 0.8335554617826286 0.6949417905167746
562.5 0.8333785811608838 0.6946446981097526
562 0.8334743050943026 0.6948026918277058
561.5 0.8334607595287065 0.6947815374020194
561 0.8334597837947048 0.6947787217652706
560.5 0.8334681125175446 0.6947962594736903
560 0.8331700391727287 0.6942972775039336
559.5 0.8332793314575878 0.6944810832827246
559 0.833422825100251 0.6947219999864164
558.5 0.833032742736663 0.6940680113103836
558 0.8331853073016668 0.6943202591805165
557.5 0.8332367364724843 0.6944108367995613
557 0.8330883346331249 0.69416048085968
556.5 0.8328950938302473 0.6938414648451745
556 0.833108123638888 0.6941953687269116
555.5 0.8328823232068379 0.6938178029716054
555 0.8329022065962143 0.6938512711864258
554.5 0.8331439418985426 0.6942528447236593
554 0.8326750294699052 0.6934701304853135
553.5 0.8327474381029625 0.6935957692603107
553 0.832816008805231 0.6937078893055681
552.5 0.8325318433520555 0.6932324295745997
552 0.8326324809229491 0.6934021055543593
551.5 0.8325671414261556 0.6932939058368185
551 0.832674064882811 0.6934698220550212
550.5 0.8323005103963389 0.6928467084345589
550 0.8323896261156499 0.6929955403507501
549.5 0.8324567883485351 0.6931080186208864
549 0.8323091302483937 0.6928659610130858
548.5 0.8325867969969775 0.6933253825917082
548 0.8326234963330871 0.6933873707648364
547.5 0.8322465487508147 0.6927594921902903
547 0.8323969711628156 0.6930092799320323
546.5 0.8321714055147788 0.6926348135559878
546 0.8321362247655217 0.692576483444076
545.5 0.8319079353605614 0.6921963772002558
545 0.8320613227977967 0.6924502941816265
544.5 0.8321964235692746 0.6926755186005744
544 0.8319901876545199 0.6923358657777424
543.5 0.8318161382761982 0.6920431053110695
543 0.8319919529849451 0.6923365471530777
542.5 0.8320630553019337 0.6924498620251486
542 0.8317820502757121 0.6919870353614532
541.5 0.831671920229608 0.691803036223775
541 0.8318223234559927 0.6920550809727735
540.5 0.8316836265538773 0.6918248207262729
540 0.8317880441472181 0.6919987640438088
539.5 0.8314637371099347 0.6914584114089775
539 0.8317548991357951 0.6919410196431456
538.5 0.8313490577902461 0.6912650883172561
538 0.8315026830568965 0.6915231657668611
537.5 0.8313375904021176 0.6912499963719988
537 0.8311927259208244 0.6910074402308529
536.5 0.8315062179431745 0.6915297570933423
536 0.8313835752183122 0.6913302311819803
535.5 0.831441035751049 0.6914204087462762
535 0.8311993107172095 0.6910183889389855
534.5 0.8310271122923859 0.6907285783245785
534 0.8311645962820535 0.6909601200792301
533.5 0.8310724967185287 0.6908054180191369
533 0.8311141070760528 0.6908768532612667
532.5 0.8310310397545825 0.6907405797030617
532 0.8310063589257781 0.6906956422073686
531.5 0.8309121276590199 0.6905400837639329
531 0.8308402786493239 0.6904219735836907
530.5 0.8307031064993362 0.6901930459558312
530 0.8308249368866211 0.6903968489787562
529.5 0.8306623462023498 0.6901290287261923
529 0.8305786668821352 0.6899875250494567
528.5 0.8307170972231707 0.6902137386402775
528 0.8306828064012638 0.6901571430508135
527.5 0.830606903254997 0.6900302820626096
527 0.8303877352224198 0.689669344654151
526.5 0.8306936783823559 0.6901804763842062
526 0.8302638134087854 0.689462902004536
525.5 0.8304630637506628 0.6897928455106135
525 0.8302762584895647 0.6894818042161411
524.5 0.8303205727022462 0.6895573614850166
524 0.8301398468944178 0.6892568582121532
523.5 0.8300329159394392 0.6890803715912609
523 0.8305028296685872 0.6898603387002483
522.5 0.8300558376516286 0.6891172151339789
522 0.8298142099958796 0.6887186843342623
521.5 0.8299317348243527 0.6889123681318745
521 0.8299113624457854 0.6888781669967596
520.5 0.8298373041029691 0.688753933640934
520 0.8300518584376703 0.6891147950415609
519.5 0.8299353911609199 0.688915732291484
519 0.8300022274608265 0.6890295152769134
518.5 0.8295573306631376 0.688292571715154
518 0.829576105383054 0.6883214996064921
517.5 0.8295366681978263 0.6882539494657082
517 0.8297394840998948 0.6885920145810637
516.5 0.8296667085119854 0.6884718377049183
516 0.8293080245560124 0.6878786620470099
515.5 0.8294844557628591 0.688175502396684
515 0.829304937593997 0.687872356914239
514.5 0.8292367469275452 0.6877580075390445
514 0.8293837610932252 0.6880033446826286
513.5 0.8295921623005114 0.6883468297322202
513 0.8292765716305858 0.6878273723138261
512.5 0.8291883209074478 0.6876802719209801
512 0.8288804819031383 0.6871692458833613
511.5 0.8287582606224916 0.6869667735486272
511 0.8288889370839617 0.6871782844549486
510.5 0.8291308629419247 0.6875825304906583
510 0.8290363558024083 0.6874258652152857
509.5 0.8286032745743738 0.6867082281403418
509 0.8290773725606648 0.6874930277767071
508.5 0.8288010124018509 0.6870379561159221
508 0.8287475443184875 0.6869487408353404
507.5 0.8283664098188116 0.6863137663151828
507 0.8287772621319975 0.6869929825582821
506.5 0.8284435830920602 0.6864464404256235
506 0.8286124247657696 0.686724927683113
505.5 0.8285655974339406 0.6866496700640697
505 0.8284214725320053 0.6864076826869598
504.5 0.8284999823917932 0.6865354766443253
504 0.8283672540061833 0.6863182774111767
503.5 0.8281685083293335 0.68598950501348
503 0.8279596598603666 0.6856398411167125
502.5 0.8283147555063924 0.6862284469991626
502 0.8280477770209714 0.685789395842342
501.5 0.8279310070053301 0.6855939960895605
501 0.8278755237925642 0.6855012514757229
500.5 0.8280166515007507 0.6857382284610136
500 0.8279595020350264 0.6856429086263092
499.5 0.8278621363093667 0.6854810061693195
499 0.8278479406646378 0.6854620018740848
498.5 0.8275434153867915 0.6849547158425534
498 0.8274539601365276 0.6848062771540682
497.5 0.8276260122182876 0.6850910424335673
497 0.8276419906140947 0.6851153981962507
496.5 0.8274866020396575 0.6848568191280021
496 0.8275562984473477 0.6849754205344021
495.5 0.827684229574971 0.6851898014298214
495 0.8273427572583457 0.6846255391621785
494.5 0.8276167998362983 0.6850757981818961
494 0.8274700287519385 0.684835021920556
493.5 0.8271624371670403 0.6843251126677908
493 0.827002266015007 0.684060520532261
492.5 0.82705403502406 0.6841419439812917
492 0.82719173137629 0.6843703834924725
491.5 0.8271358153172049 0.6842780888429897
491 0.8268583027403453 0.6838235363112962
490.5 0.8268960105818147 0.6838802561460025
490 0.8270350288754916 0.68411189472522
489.5 0.8271143083900966 0.6842463293371318
489 0.8267480928092525 0.6836379748524253
488.5 0.8266839922860222 0.6835317417663718
488 0.8265542390865469 0.6833195217525537
487.5 0.826872017866306 0.6838427731557849
487 0.8263672661623505 0.6830085608056679
486.5 0.8266024274721435 0.6833972220983788
486 0.8265392734137582 0.6832904762953671
485.5 0.8264326317288934 0.6831186458578581
485 0.826477768261335 0.6831936147056967
484.5 0.8264685547524255 0.6831741798165202
484 0.8264507500554197 0.6831464844813421
483.5 0.8264418806092855 0.6831351375923207
483 0.8263580240073993 0.6829945965380176
482.5 0.8259194801642645 0.6822684612833982
482 0.8261562217960395 0.6826598095377729
481.5 0.8258804542945607 0.6822052562415445
481 0.8259336198838599 0.6822929273394063
480.5 0.8260107303827281 0.6824227770170853
480 0.8258845600052952 0.6822142998265495
479.5 0.8258051808080902 0.6820795640899713
479 0.8255982318396894 0.6817403759829298
478.5 0.8256116742987241 0.6817635812912782
478 0.8254304246478399 0.68145938349365
477.5 0.8254389212289925 0.6814741931393652
477 0.8253451778917263 0.6813218072883153
476.5 0.8255114594454294 0.6815958728404302
476 0.8250602682674093 0.6808497663274814
475.5 0.8252801822141805 0.6812145888496692
475 0.8253424748382525 0.6813176501336418
474.5 0.8253605341619307 0.6813470252435355
474 0.8251724836443186 0.6810392227841408
473.5 0.8252265903707877 0.6811218232808041
473 0.8248270390035979 0.6804663358470396
472.5 0.8252505774511508 0.681165134309528
472 0.8251220100500654 0.6809566885800897
471.5 0.8250224155463808 0.6807895869473841
471 0.8249467405828724 0.6806656271214958
470.5 0.8247298389021265 0.6803049324971494
470 0.824501777746126 0.6799316873394858
469.5 0.8246419846133991 0.6801611383361587
469 0.8246331296215874 0.6801433282978724
468.5 0.8245433883829334 0.6800026073272115
468 0.8245843662502124 0.6800656725176532
467.5 0.8244950927744733 0.679922762319804
467 0.8241944961994533 0.6794217699158375
466.5 0.8245536075247084 0.6800155858342013
466 0.8243875003351158 0.6797397985234326
465.5 0.8241345073539597 0.6793246285848508
465 0.8238715938371334 0.678891786339981
464.5 0.8239807876651609 0.679069699319036
464 0.8238983018584064 0.6789360595628566
463.5 0.8238591903447605 0.6788697852927409
463 0.8238717128805018 0.6788909411190693
462.5 0.8238855455517714 0.6789153192392366
462 0.8240410210705612 0.6791696136659788
461.5 0.8237420735990562 0.6786781166888101
461 0.8236552693873607 0.6785347382426191
460.5 0.823499337257545 0.6782792737997777
460 0.8235677335632549 0.6783892401624253
459.5 0.8234694607266269 0.6782280965059193
459 0.8234777208923679 0.6782409125204587
458.5 0.8233461543361558 0.6780274821596414
458 0.8231319158942614 0.6776700596318346
457.5 0.8233183168149896 0.6779799767262207
457 0.8230988325682014 0.6776215136451463
456.5 0.8233903619985478 0.6780984431143118
456 0.8232069170323649 0.6777972357317747
455.5 0.8227136587671502 0.6769850862643391
455 0.8231033185227673 0.6776256693284353
454.5 0.822535038802634 0.6766856973818319
454 0.8225499810341954 0.6767175417854382
453.5 0.8228237096336477 0.6771660148702318
453 0.822511954443055 0.6766527432691858
452.5 0.8226735469806138 0.6769207610605708
452 0.8222616702059544 0.6762430879591718
451.5 0.8225506228711336 0.6767144291280432
451 0.8226225468396317 0.6768378268073773
450.5 0.8227594681442536 0.6770614426339384
450 0.8221177496738212 0.6760072257475422
449.5 0.8222010803940495 0.6761438591144973
449 0.8223874593670064 0.6764468265508419
448.5 0.8221038457785808 0.6759808345640942
448 0.8223396828203102 0.6763691540802684
447.5 0.8219086547212394 0.6756626071630726
447 0.8219989860389028 0.6758077126820318
446.5 0.8218119507142393 0.6754983961002146
446 0.8218493891510577 0.6755606438417887
445.5 0.8219643800628273 0.6757572766075814
445 0.821381717690528 0.6747967313351267
444.5 0.8214055532619007 0.6748354247922965
444 0.8216978731125042 0.675312674346898
443.5 0.8212555626702198 0.6745895161466394
443 0.8212702575834869 0.6746143708227114
442.5 0.8213301666763109 0.6747105307710974
442 0.8211960632444496 0.6744924692620422
441.5 0.8211592689291844 0.6744284498623062
441 0.8211091510077961 0.6743489557652178
440.5 0.8207462847818497 0.673751955771968
440 0.8206377980246596 0.67357531112416
439.5 0.8207398321865226 0.6737437433349991
439 0.8207159079888368 0.6736996627217309
438.5 0.8207410595167454 0.6737439711634606
438 0.8208109513049039 0.6738563416881499
437.5 0.8205982179316229 0.6735126531510994
437 0.820801577676975 0.6738451434039603
436.5 0.820442489473345 0.6732538872350446
436 0.8203287224558496 0.6730650613345607
435.5 0.8205199133094525 0.6733795552694888
435 0.8205953758077318 0.6735050348783048
434.5 0.8202745964309018 0.672978099208417
434 0.8200733853440774 0.6726502068209906
433.5 0.8200879129358954 0.6726727550821978
433 0.8204687560717646 0.6732939289169972
432.5 0.8200129140980046 0.6725480521101322
432 0.8198912494612184 0.6723461351440493
431.5 0.8196971922253798 0.6720309135650236
431 0.8197570225167382 0.6721314504073116
430.5 0.819710214899705 0.6720567850421867
430 0.8195638114243118 0.6718110252090038
429.5 0.8194680893683886 0.6716516587080401
429 0.8193769453685525 0.6715074525015742
428.5 0.8196339047874543 0.6719291906163167
428 0.819563216139792 0.6718148406948766
427.5 0.8191840594453609 0.6711912600293319
427 0.8195573546853975 0.6718026879587191
426.5 0.819396263305874 0.6715385859707034
426 0.8193206186513543 0.6714145675020347
425.5 0.8189631939901101 0.6708290067677692
425 0.8192384622687524 0.6712795169874172
424.5 0.8189922300253754 0.6708809401602638
424 0.8186630642149682 0.6703382082614442
423.5 0.8186986295139053 0.6703924856651767
423 0.8184339360135687 0.6699652168860988
422.5 0.8186002412612177 0.6702334266651824
422 0.8184448827050904 0.6699850126511168
421.5 0.8182480970888164 0.6696539007960108
421 0.8185324968460728 0.6701231273445416
420.5 0.8183989339146717 0.6699029616098855
420 0.8183328695149784 0.6697953958751827
419.5 0.8182377072377701 0.6696401124560978
419 0.8182872068857637 0.6697226766482242
418.5 0.81811828530544 0.6694459908741631
418 0.8179811523685516 0.6692187949454451
417.5 0.8178519464036935 0.6690123164578419
417 0.8181353720612566 0.6694769189708906
416.5 0.8176610126748496 0.6686944981231583
416 0.8175303145443098 0.6684849131535608
415.5 0.8174880622976244 0.6684153831017603
415 0.8175653904080472 0.6685402633240499
414.5 0.8175445417980103 0.6685073490654915
414 0.8171036132559691 0.6677879250862732
413.5 0.8175189075637385 0.6684688320273032
413 0.817019445982698 0.6676482004828712
412.5 0.8172119762272216 0.6679614721117927
412 0.8173511245993739 0.6681896959207513
411.5 0.8171150602056572 0.6678044857191255
411 0.8167153942339156 0.6671529852921411
410.5 0.8168286932676864 0.6673365494182012
410 0.8165693525410983 0.6669144316329031
409.5 0.8168340903610082 0.6673470273981121
409 0.8167105594647157 0.667147652635986
408.5 0.81674086650829 0.6671943515502322
408 0.8162119343066438 0.6663358932531406
407.5 0.8163912691319779 0.6666263462771571
407 0.8164982873330537 0.6668003909829406
406.5 0.8161392346055724 0.666210227193599
406 0.8159792076055377 0.6659478754408449
405.5 0.8161604769045239 0.6662492891970365
405 0.8161490506009931 0.6662263016130264
404.5 0.8158479810104157 0.6657389599335941
404 0.8159694501230309 0.6659369306710932
403.5 0.8158693403538501 0.6657738416848159
403 0.8154872133642 0.6651463617062922
402.5 0.8154948132624806 0.6651594987080443
402 0.8153619423642613 0.6649466312222468
401.5 0.8151724111603523 0.6646350111724236
401 0.8152693603457302 0.664795934470025
400.5 0.8150395368739886 0.6644176045967347
400 0.8153907593257402 0.6649877516807355
399.5 0.815110504630778 0.6645331087184486
399 0.8148943429944671 0.664182080235765
398.5 0.8149848313377461 0.6643295362830232
398 0.814797575747336 0.6640226746115675
397.5 0.8148025914695358 0.6640339211242302
397 0.8146371460146845 0.6637609848499537
396.5 0.8144853306818818 0.6635176236942478
396 0.8144373910437372 0.6634338483758411
395.5 0.8143281289422175 0.6632561166783316
395 0.814458753743709 0.6634709846048724
394.5 0.8143826261117473 0.6633510778341999
394 0.8143050211895013 0.6632221247585047
393.5 0.8143304115507471 0.6632591791791548
393 0.8140079940053605 0.6627365618794125
392.5 0.8138550404505712 0.6624904442341819
392 0.8141066566963756 0.6629034310651274
391.5 0.8136918001846636 0.6622214086875966
391 0.8137653791592665 0.6623440316654883
390.5 0.8134535753675961 0.6618410442519569
390 0.813792427093226 0.6623866558173253
389.5 0.8133561737343806 0.6616776432611607
389 0.8135061341321314 0.6619238986982728
388.5 0.8135367917880801 0.6619699252798789
388 0.8128967967449109 0.6609295539843959
387.5 0.8130634727422893 0.6612053299859523
387 0.8131849571066161 0.6614048830357705
386.5 0.8128582790677087 0.6608677543189241
386 0.8126505624978021 0.6605337635942035
385.5 0.8127266045530591 0.6606582055709963
385 0.812685956443175 0.6605907154611619
384.5 0.8127358227329416 0.6606721452857234
384 0.8126032002115526 0.6604553124012417
383.5 0.81237851525226 0.6600889123947347
383 0.8121690064214733 0.6597491875094083
382.5 0.812287857162218 0.6599379420663406
382 0.8120144440733656 0.6594918836596879
381.5 0.8120039024642756 0.6594809333707222
381 0.8117985570851006 0.65914624868261
380.5 0.811854323799705 0.6592369273383265
380 0.8117452570905482 0.6590587801294573
379.5 0.8116615586552426 0.6589239739220877
379 0.8115389785054049 0.6587272375924024
378.5 0.8116658872249561 0.6589304999589156
378 0.811237294904815 0.6582382616086992
377.5 0.811414799043181 0.6585255658611014
377 0.8112034413166372 0.6581808345486754
376.5 0.8111951427913904 0.6581706979372693
376 0.8110035380536801 0.6578572188016913
375.5 0.8111149503239009 0.6580327722819568
375 0.8107406276655138 0.6574280222746326
374.5 0.810548388600318 0.6571156861564581
374 0.8106836205104585 0.6573364226213875
373.5 0.8104644666586126 0.6569845044105443
373 0.8102444551233636 0.6566272515178722
372.5 0.8102554512608261 0.6566448637719676
372 0.8104242044394172 0.6569162266425903
371.5 0.8101290795649171 0.6564377457322338
371 0.8101718230180965 0.6565102453210271
370.5 0.8099813234090939 0.6562034295114888
370 0.8097925643611812 0.6558985353775484
369.5 0.8099166310921705 0.6560968283807265
369 0.8098249081221612 0.655950200334526
368.5 0.8096115087458842 0.6556028209294551
368 0.8094656652478668 0.6553659311507501
367.5 0.8094242721874587 0.655301457225277
367 0.8095533168704727 0.655505540250194
366.5 0.809243366514181 0.6550029059883609
366 0.8092316960743402 0.6549853618653632
365.5 0.8087860043987557 0.6542667513944984
365 0.8088555280017558 0.6543791834035583
364.5 0.8087110978043449 0.6541460792366153
364 0.8088247489887006 0.6543306873879916
363.5 0.8087531421706096 0.65421072288463
363 0.8084875050128423 0.6537834119107491
362.5 0.8086247536125749 0.6540036279652011
362 0.808277543966436 0.6534418689668855
361.5 0.8083855040274579 0.6536212878642628
361 0.8082946041981044 0.6534709321593951
360.5 0.8081593941915909 0.6532495317171226
360 0.8077936705492252 0.6526633400793572
359.5 0.8078329405002832 0.6527265248194044
359 0.8078405829286813 0.6527364775737517
358.5 0.8079010820322168 0.652834744029138
358 0.8076327132862678 0.652400929445108
357.5 0.8075941903518409 0.6523392165357608
357 0.8069834151148556 0.6513516249475476
356.5 0.8071189634058679 0.6515712099049235
356 0.8072951105498203 0.6518581901771954
355.5 0.8071622171541649 0.651642639778314
355 0.8068832772418996 0.6511932522066651
354.5 0.8071113122964291 0.6515573100605915
354 0.8067854125428028 0.6510341320047424
353.5 0.8064420445111786 0.6504809291488964
353 0.8063848258094133 0.6503902384342243
352.5 0.8062746067239432 0.6502101474097403
352 0.8060907017485605 0.6499112555944171
351.5 0.8058809804721525 0.6495739285730252
351 0.8061623514281588 0.6500299020051015
350.5 0.806049107767714 0.649844638131405
350 0.8063094186598072 0.6502645842341701
349.5 0.8058647351955324 0.6495473457173988
349 0.8057576822344319 0.6493768794753394
348.5 0.805745982320473 0.6493590223414704
348 0.8052925156999357 0.6486285885686341
347.5 0.8052535353491076 0.6485630527788416
347 0.8054582735983138 0.6488965183013045
346.5 0.804960029023747 0.6480940303371031
346 0.8049089288793638 0.6480121271939993
345.5 0.8052072715253705 0.6484899613514559
345 0.8048118444276026 0.6478529985823168
344.5 0.8043345700569029 0.6470856414812819
344 0.8046460569533409 0.6475875411845547
343.5 0.804144061343302 0.6467761835119156
343 0.8045247018448624 0.6473911860328824
342.5 0.804346228423453 0.647103489553483
342 0.8043658643096863 0.6471342612251428
341.5 0.8038965871941486 0.6463808183610237
341 0.8039093633477817 0.6464005036863196
340.5 0.8036200205559495 0.6459361631256195
340 0.8036573689481203 0.6459988955751599
339.5 0.8033111064149998 0.6454404765473
339 0.8034005430644338 0.6455839011342072
338.5 0.8030452361195165 0.6450139598527687
338 0.8032419881191082 0.6453267992100096
337.5 0.8031543745885777 0.6451856983254205
337 0.8030083256359939 0.6449531811511122
336.5 0.8029066797023928 0.6447885786874237
336 0.8027848279054912 0.6445947293647933
335.5 0.8029553847387408 0.6448691321414025
335 0.802385119233518 0.6439541402755529
334.5 0.8024806779949237 0.6441087630709407
334 0.8020728676465452 0.6434515180119419
333.5 0.802102955866603 0.6435045099831201
333 0.8019886658393023 0.6433198303587621
332.5 0.8019506714925502 0.6432600547269295
332 0.8021574800746527 0.6435888686838993
331.5 0.8019575989477511 0.6432666875665026
331 0.8014980160122888 0.6425296905730399
330.5 0.8012420592755867 0.6421220975473151
330 0.8011195966761295 0.6419251186407439
329.5 0.8010086593467787 0.641747021243222
329 0.801008852667488 0.6417491846618638
328.5 0.8009303540121978 0.6416192590430521
328 0.800865044651724 0.6415201974461431
327.5 0.8007947848632061 0.6414065310671064
327 0.8008516157233508 0.6414944742909547
326.5 0.8004668466280208 0.6408795294155957
326 0.8000886363457725 0.6402762026047102
325.5 0.7999777217962727 0.6400997994090178
325 0.7999395172565272 0.6400369786558872
324.5 0.7998647143332782 0.6399167537801047
324 0.7998872445657724 0.639950393398207
323.5 0.7998433888058911 0.6398809813500782
323 0.799523267060214 0.6393722366019747
322.5 0.799217788824473 0.6388794760825007
322 0.7991042855788787 0.6387041433913505
321.5 0.79946434955007 0.6392781475123128
321 0.7992371438162398 0.6389138220818399
320.5 0.7989234289815855 0.6384104024962078
320 0.7987540976126777 0.6381387316845669
319.5 0.7985832936813283 0.637864597332653
319 0.7985994577960508 0.6378935277751233
318.5 0.7985030664536513 0.6377387180645294
318 0.7983481902229805 0.6374909224531213
317.5 0.7979511423487968 0.6368602837844642
317 0.7981120366706869 0.6371154400369571
316.5 0.7976797454239837 0.6364253852343428
316 0.7980516337391572 0.6370142248781202
315.5 0.7974597875429704 0.6360737358469729
315 0.7972631087161028 0.635760854826648
314.5 0.7975837907312292 0.6362729063209203
314 0.7970693973638062 0.6354530761881018
313.5 0.7970261352625814 0.6353860564298828
313 0.7969431698379182 0.6352493939381796
312.5 0.7968940255251882 0.6351736498037638
312 0.7968789251577145 0.6351482535487084
311.5 0.7965392061091976 0.6346106676312769
311 0.7964027498172079 0.6343911559499299
310.5 0.7964750495200836 0.6345040345404418
310 0.796353349626193 0.634314421346359
309.5 0.7960662131071395 0.6338541258062547
309 0.7955429155555184 0.6330201615183845
308.5 0.7953588365628925 0.632728963706171
308 0.795713411923055 0.633295122539294
307.5 0.795014333782771 0.6321799270912146
307 0.7954283211552874 0.6328410995167988
306.5 0.7951017334734333 0.6323206638625348
306 0.7946573092702115 0.6316179191257074
305.5 0.7947898412854375 0.631824839112368
305 0.794754199786472 0.6317653688937509
304.5 0.7943922054121699 0.6311970797665352
304 0.794571382321081 0.6314766100017727
303.5 0.7941124183007623 0.6307476674671278
303 0.7940971520855818 0.6307225552864623
302.5 0.7938792415728151 0.630377113086522
302 0.7938890526826545 0.6303930641852834
301.5 0.7939391692477735 0.6304716035915378
301 0.7935991333951085 0.6299347141747813
300.5 0.7934257910472073 0.6296592459335356
300 0.7931425472532736 0.629210647489003
299.5 0.793262521743348 0.6293989263730414
299 0.7932471485941838 0.6293778124590854
298.5 0.7928679119942621 0.6287733948407546
298 0.7922366883838133 0.6277707201249829
297.5 0.7922608351485078 0.6278143949774381
297 0.7923986790212766 0.6280311373179142
296.5 0.7922504045641989 0.6277945594427552
296 0.7920833728562373 0.627530640250033
295.5 0.7918851018698492 0.6272152025328546
295 0.7915012388211152 0.6266084574849594
294.5 0.7917206203805617 0.6269534392215
294 0.791356887637804 0.6263829430681308
293.5 0.7913805330643662 0.6264181905044011
293 0.7909219581896956 0.6256941631499052
292.5 0.7910182391796697 0.6258418218723404
292 0.7910551683134972 0.6259038268921592
291.5 0.7907507640130155 0.625423817475778
291 0.7903657381812353 0.624816736419403
290.5 0.7903912007789581 0.6248577911679647
290 0.7901952390683757 0.6245427573991043
289.5 0.7898345509633534 0.6239674074273965
289 0.7899045091393129 0.6240831086134407
288.5 0.7895838225122854 0.6235804763166662
288 0.7893224876912162 0.6231627687662857
287.5 0.7893632860057403 0.6232284299808842
287 0.7890157714139193 0.622684178279234
286.5 0.7887871078556863 0.6223167903117838
286 0.7891216109091695 0.6228473249010893
285.5 0.7882647455712991 0.6214973869024634
285 0.788240642713464 0.6214580026854899
284.5 0.7885117294948298 0.6218897052095205
284 0.788162238525896 0.6213354330264891
283.5 0.7880703640752669 0.6211858845682565
283 0.7877751917435625 0.6207238644354932
282.5 0.7875393116804368 0.6203548257379983
282 0.7874140052788763 0.6201584656104632
281.5 0.7871219844138015 0.6196939470670672
281 0.7876943818392066 0.6205969934463175
280.5 0.787200409610412 0.6198178653499801
280 0.786706923530145 0.6190451920062839
279.5 0.7869636492816614 0.6194472671833491
279 0.7863882354125993 0.6185424488849348
278.5 0.7864029791035009 0.6185636737276672
278 0.7862447942299243 0.6183151185386294
277.5 0.7860020926492318 0.6179368666486256
277 0.7859543348839465 0.6178587598612307
276.5 0.7854643684712805 0.6170935064565494
276 0.7855139519585738 0.617168241050939
275.5 0.7847578534913336 0.615979927921263
275 0.7848639329833085 0.6161433469037044
274.5 0.7850326981517983 0.6164063606782332
274 0.7847236037882863 0.6159304452376082
273.5 0.7844754050262388 0.615537873900897
273 0.7843982854823603 0.6154149268178243
272.5 0.7842243005955286 0.6151445812120386
272 0.7840778455938653 0.6149142266881085
271.5 0.7837116426429053 0.6143389837992381
271 0.7832374556190681 0.6135985458811812
270.5 0.7833567573093766 0.6137875649432372
270 0.7831743882698035 0.6135013614029006
269.5 0.7829994016434031 0.6132238584403525
269 0.7828768184392328 0.6130300911825753
268.5 0.7829700087349034 0.6131845580348368
268 0.7825329227372397 0.6124946028461469
267.5 0.7824090156413694 0.6122983805217106
267 0.782283361923282 0.6121000338718634
266.5 0.7823582575670135 0.6122209355559453
266 0.7815384129509759 0.6109361071772828
265.5 0.7816391904915739 0.6110981117404595
265 0.7814025844045562 0.6107229691681234
264.5 0.7811100208969953 0.6102695843932042
264 0.7807913048774071 0.6097719983394033
263.5 0.7806679811852297 0.6095841433857774
263 0.780311343977417 0.609019447480468
262.5 0.7804262501271332 0.6092058241870999
262 0.7802281255349507 0.6088930904199806
261.5 0.7799151479306679 0.6084066901603328
261 0.7799400992383165 0.608438606965682
260.5 0.7792263170947007 0.607333676690983
260 0.7792578492576933 0.6073780369300086
259.5 0.7791821828184382 0.6072615339802703
259 0.7788488440638485 0.6067419287271208
258.5 0.7790343993953276 0.6070345859050136
258 0.7785486068626075 0.6062734202629636
257.5 0.7783402953345394 0.6059474848387084
257 0.7780440541922935 0.6054903096757912
256.5 0.7777858275861897 0.6050871588485365
256 0.7777417020744581 0.6050169905868984
255.5 0.7776229167001747 0.6048333676076639
255 0.7777277113737682 0.6050022524071438
254.5 0.7770429076995907 0.6039307449801316
254 0.7769704788521525 0.6038224171391811
253.5 0.776565301300208 0.6031913658271008
253 0.776215021391496 0.6026448600113125
252.5 0.7764103458836713 0.6029554486205939
252 0.7757209278909906 0.6018804227235341
251.5 0.7758325465762623 0.6020534037314144
251 0.7760124481321843 0.6023281874186893
250.5 0.7751316287204455 0.6009636006631176
250 0.7753348852623131 0.6012798134415163
249.5 0.7750001062707318 0.6007671686861559
249 0.7746768768751885 0.6002649502778561
248.5 0.7743892326874783 0.5998161204516131
248 0.7746751978501734 0.6002620547691709
247.5 0.7741071510742942 0.5993797242023317
247 0.7741817702084002 0.5994938963453096
246.5 0.7733345474157554 0.5981852508439383
246 0.7731679645440389 0.5979268721371367
245.5 0.7728716402296818 0.5974652464659259
245 0.772900785515904 0.5975118346855617
244.5 0.7724126699358408 0.5967576387433676
244 0.7727481531243031 0.5972760175258266
243.5 0.7722664910261314 0.5965326245156456
243 0.7717599545202356 0.5957482956018986
242.5 0.7716011272837247 0.5955090653492318
242 0.7717380566646166 0.5957140721123942
241.5 0.7714975027887857 0.5953466473345277
241 0.7711290868961428 0.594783646098238
240.5 0.7708318522615994 0.594322265892325
240 0.7704338390415311 0.5937097180407258
239.5 0.7701086067519836 0.5932049147686314
239 0.7700455904034733 0.5931059984586028
238.5 0.7695995083936804 0.5924248236802536
238 0.7696768384232595 0.5925392453198697
237.5 0.7693926231175368 0.5921031674983194
237 0.7689068347496045 0.5913541696576589
236.5 0.7689205486109884 0.5913762296708962
236 0.7690273006748898 0.5915398499739296
235.5 0.7682001954579897 0.5902744191006817
235 0.7683684556966003 0.590527525872498
234.5 0.7679637218428826 0.5899062018136286
234 0.7677744339313478 0.5896123475369723
233.5 0.7675898298815188 0.5893334228979196
233 0.7672244321541162 0.5887715021872553
232.5 0.7669331374841334 0.5883237934499339
232 0.7668034480498149 0.5881271544018818
231.5 0.7662900660016024 0.5873360853444356
231 0.7661260409634213 0.5870858077760989
230.5 0.7659506564227333 0.5868189074184936
230 0.7652886339744401 0.5858104851734826
229.5 0.7654952455176024 0.5861200782400214
229 0.7649265470642307 0.5852502672236697
228.5 0.764855151765679 0.5851419828300943
228 0.7643031566707018 0.5842993967148306
227.5 0.7640461749091715 0.5839107224396368
227 0.7640796014694726 0.5839558341217731
226.5 0.763460566698684 0.5830108783822371
226 0.7635767007253984 0.5831866841521672
225.5 0.7629995373619599 0.582308247745014
225 0.76292661966359 0.5821941000605757
224.5 0.7623910207764497 0.5813772810308373
224 0.7624235643679939 0.5814319737233912
223.5 0.7617810578224343 0.5804458084309205
223 0.761978138334259 0.5807452040838644
222.5 0.761979516841886 0.580751791123174
222 0.7612659157912318 0.5796611547921817
221.5 0.7609753641169266 0.5792278768563535
221 0.7606519799076791 0.5787322255288684
220.5 0.7601428246481448 0.577954489755695
220 0.7600747612932499 0.5778518138194785
219.5 0.7596346540421434 0.5771855952920066
219 0.7594894971534322 0.5769613033191422
218.5 0.759082214330241 0.5763417147681652
218 0.7589947113249563 0.576212197173384
217.5 0.7584851073728139 0.5754424776786418
217 0.757997902565241 0.5747017706776687
216.5 0.7581725164819421 0.5749658454518956
216 0.7574091236889688 0.5738087102662657
215.5 0.7573537599737533 0.5737236552427186
215 0.7571379285577822 0.5733946002662759
214.5 0.7566409181368715 0.5726465388772682
214 0.7572661444855135 0.573596661359537
213.5 0.7559636871225017 0.5716222757274185
213 0.7556130097283299 0.571091074039602
212.5 0.7555593534782467 0.5710114936232669
212 0.7557891188457853 0.5713544456049539
211.5 0.7550735478930183 0.5702741852132531
211 0.7546434422758379 0.5696266129820958
210.5 0.7543099739325796 0.5691232290620732
210 0.753769412332776 0.5683027332770492
209.5 0.753471002376203 0.5678612640220037
209 0.7531221258457036 0.5673320961894954
208.5 0.7529062780665486 0.5670034452778023
208 0.7529686651207081 0.5671065753709502
207.5 0.7526504031258032 0.5666236587440168
207 0.7520716913480643 0.565750158018789
206.5 0.7519276655568552 0.5655308883268148
206 0.7517354782127665 0.565245603560383
205.5 0.7510900498414322 0.5642796240807058
205 0.7502162717984612 0.5629624994713641
204.5 0.7504009498845 0.5632479191638922
204 0.750120293663865 0.5628204404193066
203.5 0.7496875385353621 0.5621677599021265
203 0.7491006484868008 0.5612924927570049
202.5 0.7493253442023912 0.5616313646107981
202 0.7487320474045366 0.5607397313003315
201.5 0.7481612623593091 0.5598858786690452
201 0.7481692566593517 0.5598974470941933
200.5 0.7476412333225438 0.5591047080657157
200 0.7470416598994818 0.558216449711811
199.5 0.7472088698368367 0.5584609412815514
199 0.746486178354008 0.5573824738485319
198.5 0.7465230283798047 0.5574356935034818
198 0.7462686282724198 0.5570593770168454
197.5 0.7457501502131171 0.55628199105794
197 0.74507619178891 0.5552784383385317
196.5 0.74516082652132 0.5554063322072711
196 0.7440361287387415 0.5537340174273204
195.5 0.744264369647642 0.5540656587248018
195 0.7439881265524171 0.5536555584816069
194.5 0.7433779294835248 0.5527508081121257
194 0.7428728701942096 0.5520004631178357
193.5 0.7428973513259715 0.5520400222728609
193 0.742078684660249 0.5508224743022154
192.5 0.7421316050445984 0.5509003918036643
192 0.7416960917962474 0.5502516545115246
191.5 0.7406870575174785 0.5487588063005668
191 0.740807966751506 0.5489388788625085
190.5 0.7404174478354102 0.5483596639837586
190 0.739827073335454 0.5474866333360677
189.5 0.7398923655464134 0.547580099769308
189 0.7391366359987974 0.5464696477504165
188.5 0.73862531292065 0.5457113394141571
188 0.7385935187385719 0.5456665258078495
187.5 0.7377407861558907 0.544402870198217
187 0.737256637390783 0.5436916591153771
186.5 0.737560381168179 0.5441345290627592
186 0.7364147083872736 0.542450681976113
185.5 0.7364342107967402 0.542476388387672
185 0.7355070738637604 0.541116838063852
184.5 0.7358158053130607 0.5415615254441211
184 0.7353269254316493 0.5408466979548814
183.5 0.7349590019303132 0.5403046614860891
183 0.7342042895599957 0.539197568835634
182.5 0.7342890531419686 0.5393202920151764
182 0.7333378721587832 0.5379255668386917
181.5 0.7330256629945187 0.5374682127393269
181 0.7326862838642106 0.5369706846413783
180.5 0.7319298266901938 0.5358579499763778
180 0.731457467267484 0.5351772019973845
179.5 0.731606560780942 0.535384464915362
179 0.7309711132611785 0.5344627797648163
178.5 0.7304215259454083 0.5336530214069036
178 0.7298578752743481 0.5328341542692655
177.5 0.7294419943964509 0.5322250712710976
177 0.7289304382929527 0.5314792554336631
176.5 0.7287955719939149 0.5312905747279173
176 0.728431513926103 0.5307557821238571
175.5 0.7277526428060623 0.5297676012384784
175 0.7270132757428985 0.5286922936930257
174.5 0.7268018015807036 0.5283861567474116
174 0.7261284815364103 0.5274058509053099
173.5 0.7256242159719594 0.5266726349528834
173 0.725014628744031 0.5257844836285087
172.5 0.7244559826965904 0.5249847373975279
172 0.7242830896837998 0.5247273076472987
171.5 0.7240868995783644 0.5244409956434422
171 0.7234493781574003 0.523524490425543
170.5 0.7222443680230065 0.5217803451432387
170 0.7221992296301436 0.5217148829525468
169.5 0.7216405448023958 0.5209105060025365
169 0.721159563200042 0.5202166387613457
168.5 0.7210322277901343 0.5200326311328736
168 0.7207017115249857 0.5195536661842085
167.5 0.7202208999667293 0.5188593167881678
167 0.7189832586946451 0.5170814557855293
166.5 0.7188135207812864 0.5168264516822837
166 0.7180583194603051 0.5157475623178306
165.5 0.717994750781363 0.5156566910816617
165 0.7169631977507492 0.5141821203992398
164.5 0.7165824022263676 0.5136348234858309
164 0.7162337204989938 0.5131347169616493
163.5 0.7159607463023062 0.5127386141953716
163 0.7146932122887757 0.5109221067477809
162.5 0.7146178906595535 0.5108210518764739
162 0.7138400050013115 0.5097119767106767
161.5 0.7136073187959923 0.5093783407386296
161 0.7129510465019788 0.5084443372779877
160.5 0.7118673023152255 0.5068962548616311
160 0.7118029717485991 0.5068120068180707
159.5 0.711206721389024 0.5059549096758983
159 0.7110183032096618 0.505692877711436
158.5 0.7099463885276018 0.5041647411209796
158 0.7091224134351747 0.5029991278028545
157.5 0.7094140303606474 0.5034130599603905
157 0.7086772539233722 0.5023641272359097
156.5 0.7075986131032996 0.5008385795050405
156 0.7073642152072682 0.5005115223846717
155.5 0.7064036101511627 0.4991480143139172
155 0.7057650615661893 0.4982504512503381
154.5 0.7047698616467782 0.4968404075375181
154 0.7044194552873294 0.4963542883289661
153.5 0.704049100637874 0.495824717067206
153 0.7040239687573218 0.4957987482376315
152.5 0.702789891973942 0.49405475570870455
152 0.7024177645179202 0.4935325901212632
151.5 0.7019724967355168 0.4929087760340745
151 0.7012307895650112 0.49186794558214686
150.5 0.7004019821946784 0.4907045702444213
150 0.7003663853698776 0.4906518920092806
149.5 0.6993973082853998 0.48929643284440694
149 0.6987853555100872 0.48844159124645126
148.5 0.6981405122461005 0.48754032418232357
148 0.697058139167271 0.4860388955578219
147.5 0.696302576979206 0.48497948026751914
147 0.6958389564992875 0.4843359854030986
146.5 0.6953025493393439 0.48359166621497307
146 0.6946086398335659 0.4826243611343632
145.5 0.6941254339590727 0.4819456083995405
145 0.6927299411600264 0.48002038086461374
144.5 0.6927910116545969 0.48010316904647055
144 0.691868481644171 0.4788220623766465
143.5 0.691485531673121 0.4782931004059096
143 0.6903791549918997 0.4767582346961714
142.5 0.689610117310691 0.475705911386871
142 0.6888517660134161 0.47466278837646336
141.5 0.6886876719828859 0.47443415124260474
141 0.6880164264629051 0.4735105729482465
140.5 0.6870883737639498 0.47223286693455646
140 0.686365717163333 0.4712441839144452
139.5 0.6861416753882323 0.4709264868776352
139 0.6842664993619774 0.46836167068432055
138.5 0.6841921860152533 0.4682612771327151
138 0.6833310755997551 0.46708449567331717
137.5 0.6825237105896412 0.4659846428147758
137 0.6816529525563607 0.46479339309795575
136.5 0.680750107884135 0.4635606725351033
136 0.6803597272572219 0.46303433434760477
135.5 0.6795630390158498 0.4619479750293882
135 0.6782158487764114 0.4601139998371616
134.5 0.6779576205178788 0.4597705995096939
134 0.6770653171488734 0.4585536182567425
133.5 0.6760482292134334 0.45717999486946875
133 0.6750794531287744 0.4558681575542586
132.5 0.6750903835467214 0.45588224669198896
132 0.674053524070981 0.4544913119807479
131.5 0.6728528915631703 0.4528707106370907
131 0.6719709694565966 0.4516870781098514
130.5 0.671252813128549 0.45071974980505697
130 0.6708277338926133 0.45015005154951776
129.5 0.6688285900287515 0.44748136342993095
129 0.6685811067583102 0.4471457297562314
128.5 0.667684939511986 0.4459425212110649
128 0.6677438489925562 0.44601790453019813
127.5 0.6658965792072976 0.4435597266641064
127 0.6649423386874349 0.4422960539746172
126.5 0.6646905323760708 0.44194403930755594
126 0.6633101191244073 0.4401245999634725
125.5 0.6623658310840276 0.4388740360586953
125 0.6621972751057672 0.43864801775527756
124.5 0.6607956734550345 0.4367896832104982
124 0.6593912612471247 0.43494511814681525
123.5 0.6591497173177656 0.43461848790082225
123 0.6579747110673587 0.43307494397902585
122.5 0.6570136976021502 0.43180368476643166
122 0.6559648225258047 0.43043515621030526
121.5 0.6547252719517103 0.4288073957193922
121 0.6539849688109042 0.4278345365386179
120.5 0.6532051599922211 0.426820651385978
120 0.6525055026401915 0.4259116426539891
119.5 0.6513573814201471 0.4244100692766633
119 0.6507902259185494 0.4236689550583109
118.5 0.6494188193536858 0.4218824361892041
118 0.6480840920579735 0.42015044075250946
117.5 0.6474446472389096 0.41933121503096016
117 0.6464686789463546 0.4180624112996429
116.5 0.6458418617453432 0.41724983614889377
116 0.6446295202156416 0.4156881616637114
115.5 0.643418527530206 0.41412567751170354
115 0.6425935789790049 0.4130663145990833
114.5 0.640705253495806 0.4106391519858108
114 0.6401796429531199 0.40997149240270964
113.5 0.6388360056590451 0.40825119060216936
113 0.6378596080900343 0.4069998353102229
112.5 0.6364923206021939 0.40526135017088166
112 0.6357356111377519 0.40429727181880243
111.5 0.6347393822466183 0.4030324443069782
111 0.6337029997579399 0.4017301581492913
110.5 0.6320319641698396 0.3996059090341884
110 0.6309486242928901 0.39824403636828415
109.5 0.6300438012413629 0.39709132075168635
109 0.6286254027097322 0.39530313248791205
108.5 0.628563619858187 0.39522802172611166
108 0.6262057667516914 0.39227060888201454
107.5 0.6261375482540968 0.39218252156291267
107 0.624506310400009 0.39015172316442054
106.5 0.6234845011771359 0.38887129604324233
106 0.6208281845971115 0.38555391612632667
105.5 0.6204980702288074 0.3851497636595141
105 0.619415934331311 0.383807259385672
104.5 0.618557788138618 0.38274662510815327
104 0.6171626661479173 0.3810320676100186
103.5 0.6161293109791754 0.37974317751769116
103 0.6142463934848821 0.377423233793502
102.5 0.6128540196271172 0.37572800760435576
102 0.6122142907269642 0.37493826574922196
101.5 0.6102109369646628 0.37249472302839554
101 0.6091600643452576 0.37120715371901236
100.5 0.6078125290276856 0.3695854229836118
100 0.6063385578538923 0.367778085826304
99.5 0.6054262969996385 0.366671990871334
99 0.6046917391725385 0.36577872281055235
98.5 0.60237285406097 0.3629872796644418
98 0.6018732170369984 0.36238811091528345
97.5 0.5997060768368214 0.35977315073446353
97 0.5975048535130297 0.35713351714957875
96.5 0.5968351299487571 0.3563407208722851
96 0.5955184691822197 0.3547727036791625
95.5 0.5942689793356914 0.3532927864493652
95 0.5922241718602699 0.3508625191218424
94.5 0.5917564734269424 0.3503028632264386
94 0.5893874824665446 0.3475046271240684
93.5 0.5881227453931895 0.34601968706480585
93 0.587466637881655 0.34524558210193323
92.5 0.5854225876813913 0.3428400574916007
92 0.5833611645455592 0.3404415737756203
91.5 0.5831718458326065 0.34022257173220144
91 0.5809169155518914 0.3375866055924051
90.5 0.5795550831376639 0.33600558886035387
90 0.5773187188310072 0.33342345200073653
89.5 0.5770907064747233 0.3331601204368585
89 0.5748695641732431 0.3305946247224754
88.5 0.5728988253218605 0.32833867988125814
88 0.5718674081259495 0.3271541742594787
87.5 0.569215295910646 0.3241330439083481
87 0.5680015006753866 0.3227513051770028
86.5 0.5659374395540915 0.32041248295473107
86 0.5646811337541209 0.3189911754924531
85.5 0.5638175211135749 0.3180154756763352
85 0.5604231672799608 0.3141986294928043
84.5 0.5598316753108934 0.31352218864018183
84 0.557561107022564 0.3110033528770903
83.5 0.5564094189089165 0.30970726428365863
83 0.5551592336582288 0.3083168777246068
82.5 0.5538056784820538 0.3068182533323657
82 0.5520587804921397 0.3048894059276182
81.5 0.5488886488546842 0.30139365161736353
81 0.5476478307170867 0.3000348928038946
80.5 0.5462374119036919 0.2984958076454786
80 0.5445158398799966 0.29660835063452046
79.5 0.5418022589700768 0.29366484630000045
79 0.5412968507666689 0.29311549671572423
78.5 0.5400731575450408 0.29179671331164286
78 0.5356499703959846 0.2870276677203288
77.5 0.5350873836831983 0.28643562013043233
77 0.5333534928019692 0.2845684608275767
76.5 0.5310815597061702 0.28215383969675994
76 0.5290014358686658 0.2799550224871062
75.5 0.5282876795679629 0.2792000919001056
75 0.5242553822690147 0.2749485782889934
74.5 0.5231573289373291 0.2737994046588907
74 0.5215037996083289 0.27207662171842895
73.5 0.5196300977897446 0.2701184925702072
73 0.5178944716399466 0.2683216241850816
72.5 0.514891520309819 0.26521580777449133
72 0.5126507880765454 0.2629139889317002
71.5 0.5115050690142674 0.261740347547351
71 0.5097443792386765 0.2599324428610309
70.5 0.506898966756251 0.257048052326171
70 0.5058328000689679 0.2559638129614585
69.5 0.5028304117877873 0.25294342706828365
69 0.5005305504672464 0.25062687027166924
68.5 0.49929350930458055 0.24940184829738524
68 0.4964767015031071 0.24659198017945572
67.5 0.49437102724911663 0.24450163318463328
67 0.49256351225145967 0.24272196141974012
66.5 0.49058914240323126 0.24077505080734216
66 0.4891768162159353 0.23938857588093612
65.5 0.48617755476068064 0.23645598434088996
65 0.4841188347984339 0.2344551670313541
64.5 0.48113638923252294 0.2315822801767941
64 0.4796020451785737 0.2301100694636404
63.5 0.4768911365318744 0.22751417898750145
63 0.47483328707425265 0.2255565811805194
62.5 0.47230359704157926 0.22316170381606434
62 0.47105780325049085 0.22198651080839246
61.5 0.4681006765389575 0.21920799626689794
61 0.4660258008947547 0.2172623403713253
60.5 0.46482907425776 0.2161493548833077
60 0.4610502619712039 0.21264414416207825
59.5 0.4580010094936358 0.20984509547135613
59 0.4569674518731113 0.20889753036957553
58.5 0.4542266948650616 0.2063977037327625
58 0.4507733766249893 0.20327175090496893
57.5 0.45039046828528595 0.20292611340770986
57 0.44708635331230856 0.19997219285122556
56.5 0.44412796920764624 0.19732974709761134
56 0.4409253977591227 0.19448478006629097
55.5 0.4396744237131988 0.19338441090609937
55 0.4370556520203001 0.1910898155354342
54.5 0.43469468688616847 0.1890255559511965
54 0.4326177630675992 0.18722267422304428
53.5 0.4306940087727326 0.18557547619816836
53 0.4283661100391378 0.18357241581185696
52.5 0.4266544284995069 0.1821011016032385
52 0.422514939776329 0.17858536796303398
51.5 0.42108734689163446 0.17737018775284988
51 0.41702956395239094 0.17398008705591775
50.5 0.41434188169130787 0.17173705058493308
50 0.41211386394063465 0.16989796436674592
49.5 0.4125215429473273 0.1702460076877441
49 0.4083245259097163 0.16678524778157638
48.5 0.40569893401637963 0.16464745821290452
48 0.4027085407385287 0.16222009305198865
47.5 0.4000528018727185 0.16009450948722542
47 0.3979734493438228 0.15843091137602147
46.5 0.39629165031805313 0.1570958626647309
46 0.3937486494945339 0.1550964605127653
45.5 0.3913966828936553 0.15323928374245108
45 0.3868124745706965 0.14967075410782177
44.5 0.3863830855637166 0.1493357282079416
44 0.3844874155552206 0.14787793691526657
43.5 0.380160936117356 0.14456950713981637
43 0.3775052256029973 0.14255808920888835
42.5 0.3752811464920189 0.14087529898765416
42 0.3721683552839237 0.13854952916058472
41.5 0.36958402154821746 0.1366370655387779
41 0.3678302338037211 0.1353386039883785
40.5 0.3662909133900038 0.1342083513106176
40 0.36275181823402664 0.13163095161655514
39.5 0.360180561825243 0.12976931851911888
39 0.35731454097831017 0.12771275438559018
38.5 0.3561685614659648 0.12689543392048983
38 0.35152422597731176 0.12359872099403636
37.5 0.35006589428303536 0.12257723255026025
37 0.3475390824848342 0.12081908960603013
36.5 0.34440580048101194 0.11864683756800048
36 0.34441108801430365 0.11865261354350783
35.5 0.3409475585529818 0.11627342876525854
35 0.338117964318301 0.11435138052765827
34.5 0.3366546728420868 0.1133666711229477
34 0.3345890708338503 0.11197647127011592
33.5 0.33160562393289605 0.10998714953323074
33 0.3291330467087869 0.10834934067483622
32.5 0.3271374462334486 0.10703693677417998
32 0.32522428312989354 0.10580029435507074
31.5 0.3225945114001438 0.1040912765419813
31 0.3189796428755377 0.1017681183459297
30.5 0.3182661810935123 0.10131642783208208
30 0.3147779523404478 0.09910546710169917
29.5 0.31322631167317677 0.09812637239717606
29 0.31095277987819575 0.09670882639162053
28.5 0.3084760842818554 0.09517470030263975
28 0.3057351956452353 0.0934897083927064
27.5 0.30480230071250247 0.09291641490608692
27 0.3029021537699229 0.09176076440158507
26.5 0.3002501819846498 0.09016354737064404
26 0.2991662067232882 0.08951296841138744
25.5 0.29551317156096296 0.08734783271570246
25 0.29365589776251394 0.08624440881378716
24.5 0.291167169518407 0.08478724675531842
24 0.28987674579861916 0.08404062430590616
23.5 0.28962745656616784 0.0838920693073396
23 0.28850922863856054 0.08324486685506813
22.5 0.28595920413134535 0.08177894812278387
22 0.28379981900834583 0.08054797395978015
21.5 0.28397066059362275 0.08064591379752369
21 0.2813735281487067 0.07917833157956503
20.5 0.2795385602638172 0.07814628512069764
20 0.2770789280302897 0.07677759645327599
19.5 0.27678535936511117 0.07661778311866699
19 0.2743927780641724 0.0752933275386422
18.5 0.27370472261679685 0.07491842688886706
18 0.2732075770545569 0.07464585401951192
17.5 0.2711752751600033 0.07353849927040726
17 0.26915834391003934 0.072449084361854
16.5 0.2689902212659102 0.0723588286932697
16 0.2673121164077736 0.07145762729354763
15.5 0.2660555022550423 0.07078703306937213
15 0.26668352170883913 0.0711232100492482
14.5 0.26517762783252635 0.07032134139685436
14 0.26428456645707765 0.06984760724985466
13.5 0.26259941991530833 0.06895931078268391
13 0.2629604563169262 0.0691489256037013
12.5 0.2626915896750451 0.06900752419086886
12 0.26068922315915166 0.06795930953506149
11.5 0.2598291568348861 0.0675114961102601
11 0.2596559313256591 0.06742151658766883
10.5 0.25886493249298675 0.06701134728985758
10 0.2583877727014972 0.06676449190120122
9.5 0.25804407289670245 0.06658693228450335
9 0.2580666698914177 0.06659864331626203
8.5 0.2576696651263706 0.06639374758485632
8 0.25746410776946727 0.06628782951454455
7.5 0.25742302403366013 0.06626667102366775
7 0.2571802460134868 0.06614173161989098
6.5 0.2569905873358859 0.06604421405096468
6 0.2567095591470172 0.06589981866659995
5.5 0.256373396135794 0.06572735082300789
5 0.2562591223364042 0.06566875405693826
4.5 0.25621646634618167 0.06564689083428328
4 0.25617277667879806 0.06562449739696836
3.5 0.2561016291424106 0.06558804772083239
3 0.2560700209067182 0.06557185787787255
2.5 0.25605603208426686 0.06556469361309206
2 0.25603122970442566 0.0655519910330897
1.5 0.25601419279519866 0.06554326711191838
1 0.2560131574643851 0.06554273688872089
0.5 0.25600206656934205 0.0655370580981438
