1000 1.0242149790911352 1.049132664922682
999.5 1.0240932661891187 1.048883092339768
999 1.0241517482855973 1.0490047433692111
998.5 1.0240729813263607 1.0488430727327307
998 1.0239845601999775 1.0486568708215034
997.5 1.0241372271051803 1.0489726470477396
997 1.0239776361935395 1.0486459915920676
996.5 1.0241247601651002 1.0489464800669899
996 1.0238202621450128 1.048324163835664
995.5 1.0241182679831304 1.0489346034004048
995 1.0240182735504413 1.048727385946501
994.5 1.0239543718616555 1.0485993950694026
994 1.0240980564706519 1.048889966144075
993.5 1.023802528641083 1.0482854656900897
993 1.0239260739055167 1.0485390953580458
992.5 1.023737440946508 1.0481539827945272
992 1.0238843929197115 1.0484533752642597
991.5 1.0238421234074562 1.048365558826446
991 1.0240601917754868 1.048819289257838
990.5 1.0240471564613698 1.0487876991234595
990 1.0240010836896976 1.0486950579983063
989.5 1.023952145210149 1.048592508837793
989 1.0235915173118764 1.0478591222754514
988.5 1.0236785634151602 1.048034149970619
988 1.0239495370347025 1.0485883824447328
987.5 1.0237977109783885 1.0482777882358307
987 1.0240091591643552 1.0487109986713394
986.5 1.0239033236806956 1.0484920345505757
986 1.0240787756559562 1.0488502517977323
985.5 1.0235714434008698 1.047813224054657
985 1.0238267669916443 1.0483393888753596
984.5 1.0236384563218013 1.0479533543397448
984 1.0234124645487488 1.0474896349789593
983.5 1.0236968602814036 1.0480698993407245
983 1.0238408863692596 1.0483667764409874
982.5 1.0236571747458112 1.04798892511239
982 1.0235547318246538 1.0477770787458633
981.5 1.02338657237812 1.0474364248746288
981 1.023754286122929 1.0481886040284047
980.5 1.0237357339546778 1.0481511155433945
980 1.0237605925944935 1.04820054374211
979.5 1.0235303235767852 1.047732316104814
979 1.0236834016691931 1.0480449723530119
978.5 1.0233918899788317 1.0474512406573762
978 1.0233203128816755 1.047301734693701
977.5 1.0236379035863064 1.047951781388751
977 1.0235898615482961 1.0478542311716705
976.5 1.0235036727581968 1.0476744052941624
976 1.0236131070805898 1.047898020122484
975.5 1.0236266883839655 1.047928092719461
975 1.0234666692743812 1.0475992062325148
974.5 1.0234160348671253 1.0474982893435776
974 1.0235644567805433 1.0477975792531642
973.5 1.0236063422522457 1.047885755246156
973 1.0234755149547787 1.047612816000159
972.5 1.0236023208697076 1.0478764100837774
972 1.023459148278211 1.0475840580424602
971.5 1.0234427276466707 1.0475509674548464
971 1.0231857818982997 1.0470250634883944
970.5 1.0233603562449953 1.0473825475713685
970 1.0236523852757715 1.0479792504240262
969.5 1.0233929347584272 1.047448746010156
969 1.0234388876239715 1.0475426712028404
968.5 1.023069677968165 1.0467869901615545
968 1.0234661282666828 1.0475966116685012
967.5 1.0231352567269185 1.0469221384662832
967 1.0234974189992234 1.0476625931634487
966.5 1.0230313463664453 1.0467103735377474
966 1.0232783191114059 1.0472149257668497
965.5 1.0231720161596993 1.0469952052137257
965 1.0233617902697896 1.0473850153415771
964.5 1.0231902357480864 1.047033093120212
964 1.0230176279564542 1.0466810897620924
963.5 1.023295481536725 1.0472507902809645
963 1.0232885249464045 1.0472355352602765
962.5 1.0231446963346176 1.0469392851865018
962 1.023328234647091 1.0473163853642755
961.5 1.023190293218415 1.0470317375577445
961 1.0232999433337986 1.0472576338225912
960.5 1.0231538448603072 1.0469634828452021
960 1.022935585635233 1.0465144849485575
959.5 1.0230894419789331 1.04682758576119
959 1.0232599612853255 1.0471776083532172
958.5 1.0232098154652958 1.0470732668195426
958 1.023096505193524 1.0468433077934545
957.5 1.0231859265631287 1.0470241716715902
957 1.0229554108026957 1.0465534057156196
956.5 1.0229544863163942 1.046555087482852
956 1.023249119021532 1.047153255425078
955.5 1.0231244723055894 1.0469007515419255
955 1.0230224803032302 1.0466905412652996
954.5 1.0231867220096127 1.0470283449672053
954 1.0229182512109705 1.0464789381377482
953.5 1.0229611834660837 1.046564895667802
953 1.0227215453594627 1.0460764621659453
952.5 1.022961652075893 1.0465675338103804
952 1.0227319419858056 1.0460983145271499
951.5 1.022802427395352 1.0462395981180803
951 1.0227127484336942 1.046058377637529
950.5 1.0226976565125367 1.0460255819799866
950 1.0228313561478144 1.0463035265667235
949.5 1.0228520688608873 1.0463427057780104
949 1.0230402198496187 1.0467246674185287
948.5 1.0227903035260069 1.0462182966317226
948 1.0227811205746598 1.0461992364899548
947.5 1.0229715799580716 1.0465879335333992
947 1.022450115007286 1.0455217900941787
946.5 1.0227309216935547 1.0460987518538964
946 1.0226853450363402 1.0460014214071898
945.5 1.022850147967589 1.0463362535828302
945 1.022749217140276 1.0461327514103544
944.5 1.0226598131286726 1.0459494945367291
944 1.0226854015675166 1.046003437314175
943.5 1.0227310789347568 1.0460926531348604
943 1.0226295428983296 1.045885633943544
942.5 1.0226238956156928 1.0458748458064273
942 1.0225144173750864 1.045653019032555
941.5 1.022531558903717 1.0456891654365235
941 1.0227281126222127 1.0460877645624491
940.5 1.022569799469659 1.045764327081013
940 1.022594604502544 1.0458123051447747
939.5 1.022740327374488 1.0461132470198058
939 1.0225385318080746 1.0457011461124759
938.5 1.0225806858251496 1.0457858627534908
938 1.0226671380868748 1.0459637440280365
937.5 1.0226963991470497 1.046025050374035
937 1.0225334856311854 1.0456933678783866
936.5 1.0223650324883922 1.0453460899838445
936 1.022565650833464 1.0457555518367363
935.5 1.0223654984083705 1.0453479020759693
935 1.0225160404386646 1.0456588299095018
934.5 1.0224889033938844 1.0456030859047258
934 1.0223137950933017 1.0452399819375524
933.5 1.0225137577922807 1.0456530710104175
933 1.022394581402806 1.0454059410396115
932.5 1.022492861500118 1.0456074850897683
932 1.0225310244190233 1.0456881049872757
931.5 1.0223282493782033 1.0452706551882445
931 1.0226673298996445 1.0459638083820249
930.5 1.0224230756008277 1.0454669057472838
930 1.0222605152102373 1.045132996764161
929.5 1.0223007825044446 1.0452161078237465
929 1.0223646786444935 1.045347447266509
928.5 1.0223203851302112 1.0452535810033743
928 1.0222573398706183 1.045127075834849
927.5 1.0220104471477076 1.044618964440041
927 1.0223250657302414 1.0452624794733592
926.5 1.0220881645676891 1.0447769475076079
926 1.0222862134538309 1.0451849281977104
925.5 1.022098832438481 1.0448032333062505
925 1.0219793368557573 1.0445577414373028
924.5 1.0221013560762517 1.0448072501883174
924 1.022326164413453 1.045265662406777
923.5 1.022196413724719 1.0449983138588375
923 1.0222826605624529 1.0451804323805418
922.5 1.022199225158032 1.045007642353901
922 1.0220481966496342 1.0446981472851447
921.5 1.022357461190633 1.045328631027461
921 1.0220209813579055 1.0446447418828848
920.5 1.021876567067298 1.044348192256353
920 1.0219093417371827 1.0444170520203835
919.5 1.0220909346149285 1.0447835976077777
919 1.0221768155493527 1.0449633399101725
918.5 1.0220481232792165 1.0446965163660509
918 1.0218764304482664 1.0443469523763895
917.5 1.0219993870374027 1.0446003791750698
917 1.021973665582859 1.0445461434357217
916.5 1.0218717816865848 1.0443399207606463
916 1.0218561478372603 1.0443084244552119
915.5 1.0216881241302693 1.043959858196204
915 1.0219938724978186 1.0445893196081795
914.5 1.021878596300251 1.0443529309966255
914 1.0218815945527344 1.0443599304393665
913.5 1.0218148954753987 1.0442229581654838
913 1.021754831649042 1.0441013251687865
912.5 1.0216880991178674 1.0439624707038775
912 1.0219713443313232 1.0445415378719798
911.5 1.0215600012752073 1.0436973770176614
911 1.0217549578765295 1.044099515743661
910.5 1.0219996688089283 1.0445995541474173
910 1.0216792506371004 1.0439450235831798
909.5 1.021738824763805 1.0440650635117412
909 1.021696130860588 1.0439801063028704
908.5 1.0215702222505492 1.0437222044255152
908 1.0217395840084942 1.0440682269105674
907.5 1.0217549279281926 1.0440987502353365
907 1.0215524713619395 1.043689342328953
906.5 1.0216241130782078 1.0438329777862063
906 1.0218446348897086 1.044280543277334
905.5 1.0215203112798936 1.0436206720041208
905 1.0217437200145671 1.0440758216535058
904.5 1.0213277169346235 1.0432281865412787
904 1.021800581421515 1.04419421898282
903.5 1.0216596396957007 1.043903289950644
903 1.021592102760547 1.0437697718843995
902.5 1.0216504821619878 1.0438816320294046
902 1.0216515426585575 1.043887924315153
901.5 1.02150967086628 1.0435991075413036
901 1.0215821138510235 1.04374404202778
900.5 1.0217758889772734 1.0441449341421034
900 1.0215628123787825 1.043706671882222
899.5 1.0214270356403625 1.0434303909599323
899 1.0214533945156508 1.043486286270804
898.5 1.021480205664875 1.0435389855710804
898 1.02131653203906 1.0432018872456912
897.5 1.0212940628703644 1.0431602155059938
897 1.0213473034759866 1.0432629884269693
896.5 1.021332216148573 1.0432350624194853
896 1.0217055009999327 1.0439951366958742
895.5 1.0215771267194111 1.0437334805561271
895 1.0215636321817325 1.04371046519349
894.5 1.0213038359093145 1.0431743583952149
894 1.0214116599400025 1.0433986880689956
893.5 1.0213355193680003 1.0432428403739804
893 1.0214823665350252 1.0435438029642585
892.5 1.0215273970864363 1.0436331841188773
892 1.0213448839887904 1.0432630749349139
891.5 1.0210967511502596 1.0427537515586092
891 1.0212781294446067 1.043126860010832
890.5 1.02120084267624 1.0429666719180202
890 1.0214685192636888 1.0435127088122782
889.5 1.0210312364685288 1.0426201288086987
889 1.0211052380110608 1.042771594540256
888.5 1.021013055659759 1.0425843732997584
888 1.0212092196830551 1.0429865080759646
887.5 1.0210742722974953 1.042707750147302
887 1.0211864284720866 1.0429364795816543
886.5 1.0210347436319525 1.0426301392832789
886 1.020828010553473 1.0422068981643557
885.5 1.0211271276119016 1.0428173785895611
885 1.0210946334884936 1.042751490830203
884.5 1.0210802669129977 1.04271975338142
884 1.0208169106990013 1.0421842225694111
883.5 1.0208815693278623 1.0423136255648344
883 1.0210492316584798 1.0426581487566875
882.5 1.0209797843845732 1.0425174077351012
882 1.0209607105284348 1.0424757464678471
881.5 1.020973473839517 1.0425021855571925
881 1.0210570472622102 1.0426758985767184
880.5 1.0208063237894673 1.0421594639666234
880 1.0208997334998597 1.0423503168788264
879.5 1.0208724368060424 1.042293645927453
879 1.0209911726856367 1.0425377133277935
878.5 1.0208226988576592 1.042194371950297
878 1.020966338522345 1.0424919315343033
877.5 1.0209094623849586 1.0423758926101625
877 1.0208545677076046 1.0422602883917085
876.5 1.0208885911467154 1.0423316564815361
876 1.0207451016995277 1.0420368208219837
875.5 1.0207283413966206 1.0420058787429536
875 1.020687003030765 1.0419180620254958
874.5 1.020947138999417 1.0424516114546272
874 1.020620318515712 1.0417823881239248
873.5 1.0206385495639085 1.0418173842511038
873 1.0206069077186528 1.0417538689100079
872.5 1.0206620800664437 1.0418669238022873
872 1.0204756571669804 1.041487222445852
871.5 1.0207221746345823 1.0419901800625067
871 1.0203366906875264 1.0412014667269447
870.5 1.0205683258988159 1.0416748676137852
870 1.0206415769140924 1.0418287706462397
869.5 1.020467437528729 1.0414695464251915
869 1.020306023507729 1.0411402735375725
868.5 1.0206445700562796 1.041835584059082
868 1.0204278803701732 1.0413877053776681
867.5 1.020518233420958 1.041573890987562
867 1.0204145024090632 1.0413607385447583
866.5 1.020667848556347 1.041878741080053
866 1.0201509541790736 1.0408267297092677
865.5 1.0203565587900274 1.0412413972233119
865 1.0206979902926532 1.041941371451315
864.5 1.0203105060712783 1.0411476517556124
864 1.0204003294951292 1.0413337299299192
863.5 1.0204951268924674 1.041527301276316
863 1.02032159182987 1.0411729993832461
862.5 1.020331265927885 1.041193369607978
862 1.02040075413391 1.0413318707754726
861.5 1.0203161486904009 1.041160974267488
861 1.0203303482070016 1.041190561305087
860.5 1.020250441978623 1.0410250594609036
860 1.0203636317384668 1.0412607386412653
859.5 1.0204075915766115 1.0413444212021266
859 1.0203397939548624 1.0412081897733576
858.5 1.0203041204103036 1.041135990093959
858 1.0201357990738082 1.0407947760629415
857.5 1.0200620768900692 1.0406457427618259
857 1.0200600092056946 1.0406374369702625
856.5 1.0202104519287167 1.0409433024962427
856 1.0203901898996621 1.041313540188153
855.5 1.020322120445944 1.041172834403384
855 1.0200172806187913 1.0405530765573716
854.5 1.0201729322134965 1.0408707786321
854 1.0199937045251342 1.040504435765582
853.5 1.0199008368323406 1.040314253719486
853 1.0201084803944718 1.0407374707063874
852.5 1.0200499305628714 1.0406188753324197
852 1.0200543557338027 1.040627916219248
851.5 1.0199524908886248 1.040419464413486
851 1.0198316031356531 1.0401733059339464
850.5 1.0199011759267076 1.0403149843594388
850 1.020005120301201 1.0405268134576393
849.5 1.0202124614728243 1.0409513793732232
849 1.0201637957584857 1.0408527696303567
848.5 1.0198159662469233 1.0401391543340668
848 1.0196655636295446 1.0398382405147515
847.5 1.0200353126049502 1.0405910964783591
847 1.0199606422370076 1.0404364066285945
846.5 1.019600975738093 1.0397021514486156
846 1.0198761281727278 1.0402632036946804
845.5 1.0198385169275888 1.0401896773586932
845 1.0198990441985232 1.0403103706059078
844.5 1.0199616702292318 1.0404373765793966
844 1.0197567438144568 1.0400214061259438
843.5 1.0197823076166206 1.040075513866015
843 1.0195805521951606 1.0396603559237132
842.5 1.019761290487251 1.0400285897426536
842 1.019699910615113 1.0399046371807972
841.5 1.0194638280016948 1.0394212263946923
841 1.019842896512138 1.0401957128771957
840.5 1.0198172189397203 1.0401436444484968
840 1.0195603321763909 1.0396196449537032
839.5 1.019616307312488 1.0397371448452783
839 1.0196460714635585 1.0397956284690204
838.5 1.0196297533836602 1.039761887434302
838 1.0196735786068312 1.0398507274054005
837.5 1.0196510280408668 1.0398045700778744
837 1.0195499792470049 1.0395998291634923
836.5 1.019660256998617 1.039827302382456
836 1.0195103860752148 1.0395201628430568
835.5 1.0195731124314478 1.039644634714707
835 1.019577721365391 1.039655523000012
834.5 1.0194455499086108 1.0393849075302788
834 1.0193850691670463 1.0392614933821296
833.5 1.0195454493683798 1.0395894543317696
833 1.0194205200805604 1.039333304434446
832.5 1.0196357619797576 1.0397760885004592
832 1.0195065569190884 1.039512169373236
831.5 1.019693554116215 1.0398905046557254
831 1.0192346070883267 1.0389556076867694
830.5 1.0193605737130447 1.039209654015196
830 1.0193906285581253 1.0392764545322088
829.5 1.0191497812806327 1.0387798773127215
829 1.0193153165066255 1.0391212843892832
828.5 1.0192374497713863 1.038962106298811
828 1.019080010154383 1.0386393432922003
827.5 1.01928717491436 1.039061906947338
827 1.019222309275124 1.0389307366269644
826.5 1.0192565288342301 1.0390027644452606
826 1.0192052628838897 1.0388956109760639
825.5 1.0193571330643973 1.0392028078323168
825 1.0191049471234113 1.0386904524486928
824.5 1.0191742535021917 1.0388333198001891
824 1.0190259304746851 1.038530401823825
823.5 1.0192582528710943 1.0390024945503111
823 1.0189799086551097 1.0384366668623952
822.5 1.0190538338526265 1.0385881206241676
822 1.019103877724069 1.0386892406358654
821.5 1.0190517644415547 1.0385822622021268
821 1.0186475739494336 1.037759433431176
820.5 1.018915702553434 1.0383066010599746
820 1.019113324237831 1.0387092615887106
819.5 1.0188160569891167 1.0381022975405512
819 1.0190274904356595 1.038534230219659
818.5 1.018876696701802 1.0382284568810396
818 1.0188728375797478 1.0382200972848137
817.5 1.018985342846913 1.0384492467576192
817 1.018855553446508 1.038186003702714
816.5 1.0190854710833965 1.038653464401301
816 1.0188632732620098 1.0382008427969904
815.5 1.018894642794534 1.0382633124162313
815 1.0186765805959153 1.0378178783085223
814.5 1.0187136756300228 1.0378955637808887
814 1.0186146792156943 1.0376909901119635
813.5 1.0187997689041433 1.038069186504623
813 1.0185295035530042 1.0375186040394646
812.5 1.0186937860356313 1.037852396193126
812 1.0185608373441797 1.0375788195140705
811.5 1.0187997618694602 1.0380692735743742
811 1.0187784112851888 1.0380250285626407
810.5 1.018671890177212 1.0378084699713026
810 1.0185949228343407 1.0376529620385804
809.5 1.0185445754735591 1.0375495176300036
809 1.018591400504873 1.0376478487244392
808.5 1.0189232212721147 1.0383224019575152
808 1.0185802507213573 1.037623684023698
807.5 1.0185933094772734 1.0376505999589407
807 1.0186651754553588 1.0377970821580413
806.5 1.018581461562085 1.0376276041839692
806 1.0187176186967766 1.0379014497042112
805.5 1.0186532157171784 1.037772322849521
805 1.0184516665394276 1.0373619530851608
804.5 1.018393107821536 1.0372381433781372
804 1.0186455064941027 1.03775506257652
803.5 1.0184233182478424 1.0373050507161599
803 1.0185843457269783 1.0376291811528355
802.5 1.0184076533960744 1.037271377629587
802 1.0185616536289848 1.037583479782952
801.5 1.0183116727758463 1.0370749000190413
801 1.018068617481126 1.0365835298095996
800.5 1.01816503282005 1.0367780001945894
800 1.018247423586023 1.0369457295238504
799.5 1.0183411365821704 1.0371350402144506
799 1.0183293263736173 1.0371123649435368
798.5 1.017947648649412 1.036336904041485
798 1.01811120581095 1.0366691459490782
797.5 1.0179810503210962 1.0364064780268012
797 1.0181670808047565 1.036782748068136
796.5 1.0180851638048969 1.0366167056153046
796 1.0181611504483494 1.0367685574142027
795.5 1.0183094569567974 1.037074215650518
795 1.0180879230876885 1.0366206277465544
794.5 1.0178418369626985 1.0361172088916728
794 1.0181264510980028 1.0366996636299746
793.5 1.0180167317541404 1.036478440021093
793 1.018281392770846 1.037014466642246
792.5 1.018172477963871 1.0367905286159582
792 1.018041952103187 1.0365263567201133
791.5 1.0179160381528958 1.0362654393404949
791 1.0179028014124243 1.0362432063425562
790.5 1.0178348367572907 1.0361040603986789
790 1.0175977988929048 1.0356198016575546
789.5 1.0180937849565557 1.0366318738564477
789 1.0178297647078998 1.0360924644128156
788.5 1.017951902577238 1.0363456639848996
788 1.017770356370022 1.0359732830491826
787.5 1.0178566354752643 1.0361505354082448
787 1.017955712372413 1.0363518850756341
786.5 1.0176311829153424 1.0356903932570418
786 1.0179964778068549 1.0364362257144384
785.5 1.0177210794016813 1.0358732133305093
785 1.0178326492976375 1.036100397441416
784.5 1.017646632181609 1.0357201464493175
784 1.0176494136783476 1.035730120186655
783.5 1.0176568819334464 1.0357381956978868
783 1.0174568760468075 1.0353349051138818
782.5 1.0178009001480044 1.036034725126487
782 1.0178302148273508 1.0360980713564862
781.5 1.0175852362286417 1.0355995099500366
781 1.0173735194350786 1.0351697828473319
780.5 1.0177673326866066 1.0359651489884214
780 1.0174417467185457 1.035306100676994
779.5 1.0175504173836991 1.0355250993160265
779 1.0174758484550654 1.0353731831017234
778.5 1.0175189506670603 1.0354649087484118
778 1.0172756325796575 1.0349675502447784
777.5 1.0173161000662196 1.0350538932174433
777 1.0173765602245972 1.0351701439299177
776.5 1.017212067387669 1.0348386031639696
776 1.0171383363535562 1.0346882216493902
775.5 1.0174386442519523 1.0352975081506088
775 1.0173331943134056 1.03508300019155
774.5 1.017332938865011 1.0350837855239978
774 1.0173217115548614 1.0350610077118194
773.5 1.017236330562508 1.03488914332297
773 1.017072213710299 1.034555020324734
772.5 1.0172322450696687 1.0348800337575867
772 1.0173394723039877 1.0350969737727531
771.5 1.0172266179753555 1.03486771626412
771 1.0174837434761284 1.035389093091287
770.5 1.0171236589245607 1.034657359532132
770 1.0171482287816291 1.0347083354588824
769.5 1.0172255223915307 1.0348663606858357
769 1.017042340678071 1.0344904234336567
768.5 1.0169335350072066 1.0342734234422257
768 1.0169152381437763 1.034236125746198
767.5 1.0172229491807376 1.0348642264661831
767 1.0168635860934805 1.0341313300373032
766.5 1.0171658749748673 1.034743298073801
766 1.0168505576188003 1.034102561960997
765.5 1.017032207352281 1.034469722874502
765 1.0168744031426238 1.0341519134938795
764.5 1.0169055577577144 1.0342142392514082
764 1.0167303190747101 1.0338588523781882
763.5 1.0169953834161316 1.0344014847254785
763 1.0169459607488418 1.0342961741819587
762.5 1.0169674680543177 1.0343404931686042
762 1.0168458444950206 1.034091816215683
761.5 1.0166405333185855 1.0336785010462417
761 1.0170001079895432 1.0344089687239304
760.5 1.0167347060773426 1.0338681465692334
760 1.0165901785867935 1.0335727887708706
759.5 1.016895646811396 1.03419519662994
759 1.016846441878802 1.03409502524483
758.5 1.0167948940323306 1.033988588810432
758 1.016633713688256 1.0336646033627979
757.5 1.016479029101081 1.033350688007205
757 1.016716514840767 1.0338283068536789
756.5 1.0167209370588617 1.0338395260380162
756 1.0165799313983175 1.0335516676013536
755.5 1.0165525697387086 1.0334966386604885
755 1.0164822573581695 1.0333560402932476
754.5 1.0165714302553444 1.033536215843197
754 1.0164938516171447 1.0333779104739218
753.5 1.0166030688122933 1.0335991466353274
753 1.0165509241888773 1.0334979380876157
752.5 1.0161668409407671 1.0327130826617033
752 1.0164861984461646 1.03336384270349
751.5 1.0163965379802031 1.0331769491922662
751 1.0164025592407473 1.0331909016449903
750.5 1.0161120641190535 1.0325994261131923
750 1.0164508201620728 1.033293467452971
749.5 1.0162722978633894 1.032925114877807
749 1.0162557489083508 1.0328960901709945
748.5 1.0162826346403395 1.0329475496756753
748 1.0161744720545498 1.0327283700935797
747.5 1.0162523492587519 1.0328845861540887
747 1.0161586067749642 1.0326956984980238
746.5 1.01614530442696 1.032666884216161
746 1.0162269809306108 1.0328319156800858
745.5 1.016152161482023 1.0326839936555
745 1.0160236710536472 1.0324205382166038
744.5 1.0162900413422262 1.0329635593563753
744 1.016044375577144 1.0324632070818573
743.5 1.0161307679811065 1.0326446096345672
743 1.0159575883963254 1.0322856649723047
742.5 1.0158539085401637 1.0320758816288966
742 1.0160276387826623 1.032432306859851
741.5 1.0156504407944114 1.0316649991662155
741 1.0158831093576695 1.0321363143669473
740.5 1.0156955489004946 1.0317568129333334
740 1.0157853821217524 1.031937655507941
739.5 1.0159876717394676 1.03234816204038
739 1.015943334610514 1.0322600713412227
738.5 1.0159275379201966 1.0322260805457009
738 1.0156780167567292 1.0317184364307668
737.5 1.015728660090014 1.03182322322087
737 1.0158762133459878 1.0321207043147418
736.5 1.0158544446869437 1.032078288419253
736 1.0158318479394008 1.0320330500016388
735.5 1.015643877755759 1.0316497937884264
735 1.0155099304247164 1.031378444496207
734.5 1.0155497313237574 1.0314561431153635
734 1.015677869922566 1.031721420048512
733.5 1.0158137325294727 1.0319977875582689
733 1.0154870224637118 1.0313324207374763
732.5 1.0155883320502126 1.0315369943492674
732 1.0153814914543353 1.0311161749604838
731.5 1.0155715634961853 1.031504237650857
731 1.015378659935138 1.0311114901870972
730.5 1.0155611036089183 1.03148370038256
730 1.0153883050597479 1.0311305893676972
729.5 1.0156456543303185 1.0316563978069855
729 1.0153042547362805 1.030959314487492
728.5 1.0152252420420633 1.0308021871385398
728 1.0152918654453074 1.0309334873795344
727.5 1.015602367477797 1.0315647711232385
727 1.0151592149268294 1.0306701316851494
726.5 1.0153723751679438 1.0310959440720018
726 1.015062201899733 1.0304725841371376
725.5 1.015292567793587 1.0309368567064738
725 1.0153368827813234 1.0310240932589811
724.5 1.014797654840087 1.029933527893168
724 1.0151310820410007 1.0306119293580347
723.5 1.0149355001241438 1.0302118866343264
723 1.0154405729629346 1.031235474644117
722.5 1.015019060940494 1.0303814762800474
722 1.0151553717346935 1.0306544938027546
721.5 1.0150144418837108 1.0303717983222291
721 1.0149884693360365 1.0303183454109583
720.5 1.0151009818223995 1.0305481829563206
720 1.0150437131400845 1.0304311975482285
719.5 1.015018571126483 1.0303808368295857
719 1.0150990633923298 1.0305480846733357
718.5 1.0149259209407409 1.0301929546126127
718 1.014977577139448 1.0302974513501926
717.5 1.0150416308844208 1.0304278770761242
717 1.014714947909958 1.0297663902258363
716.5 1.0149465439335115 1.030233107735643
716 1.014735785610891 1.0298053708959438
715.5 1.0148775249552386 1.0300935761877579
715 1.014879551177511 1.0300994673365844
714.5 1.0148021464306618 1.0299401920916833
714 1.0145927536079713 1.0295159427153082
713.5 1.0146151775430123 1.0295637724938387
713 1.0147478185154104 1.0298323416154753
712.5 1.0142967525393767 1.0289162648366996
712 1.0146555723088626 1.0296449478542031
711.5 1.0145162169133533 1.029363402871979
711 1.0146742651764813 1.0296826988412595
710.5 1.014564078482098 1.029458926490299
710 1.0144377510075122 1.0292039970826943
709.5 1.0147016562176447 1.0297398312909731
709 1.0144814774997637 1.0292877525309145
708.5 1.014392552219567 1.029112062072369
708 1.0145854091118374 1.0295023757828554
707.5 1.014169437502081 1.0286556260147752
707 1.014504972104616 1.029336970988013
706.5 1.0142967308450621 1.0289159161420336
706 1.0142624692225084 1.0288473845163237
705.5 1.0143543378108586 1.0290329550503636
705 1.0143947295665188 1.0291126565495923
704.5 1.014558687142201 1.029446210364222
704 1.0140646317324349 1.0284491669173172
703.5 1.0141949141950506 1.0287116433739838
703 1.0143974703711265 1.0291210620326123
702.5 1.013875557955927 1.028062192645929
702 1.0142529808477392 1.0288272988532257
701.5 1.0139792261764147 1.0282732033237094
701 1.0141997122359583 1.0287226591415826
700.5 1.013938959944084 1.0281931158353432
700 1.0139290896182034 1.028170877217231
699.5 1.014141545568688 1.0286028918746208
699 1.0139210081133319 1.0281561267647916
698.5 1.0139725482143531 1.0282629513517956
698 1.0138269845679158 1.027964055820471
697.5 1.013950055709557 1.0282118921118615
697 1.0139346182081406 1.02818153930436
696.5 1.013571634232181 1.0274470807798621
696 1.0137915249027316 1.027893312241009
695.5 1.0138075802921307 1.0279256186692534
695 1.0139507798407312 1.0282140646538358
694.5 1.0137548449126457 1.0278216478479634
694 1.0136627389191741 1.0276319482260843
693.5 1.013516509139331 1.0273348801522446
693 1.0138315837026692 1.0279738093270279
692.5 1.0137361332423616 1.0277783573700219
692 1.0135364236241107 1.027375245794132
691.5 1.0136740238829935 1.0276537065812679
691 1.013643278139649 1.0275905787050459
690.5 1.0132896619131266 1.0268761662282255
690 1.0133291686321602 1.0269538836251395
689.5 1.0136020813563829 1.0275087158028877
689 1.0135791103265195 1.02746535738374
688.5 1.0136402908075417 1.0275835998350114
688 1.0135194054557655 1.027341018932722
687.5 1.0135475992805265 1.0273941138902427
687 1.013386628063298 1.0270727524921552
686.5 1.013398294923079 1.0270992497179123
686 1.0133678396038606 1.027036768304326
685.5 1.0134709829956303 1.0272417248296766
685 1.0135344257077632 1.0273714717474676
684.5 1.0132018724563476 1.0266971378640752
684 1.0131641226982684 1.02662085493729
683.5 1.0129338978330682 1.0261551096701318
683 1.0134037500060429 1.0271060292915677
682.5 1.01300218226699 1.0262904467103828
682 1.0131374693517787 1.026564340144503
681.5 1.012938995828517 1.0261640882656464
681 1.012810943090161 1.0259047289066996
680.5 1.0128595250705446 1.0260024340366318
680 1.0130780394707688 1.0264455177410337
679.5 1.0131690041141013 1.0266303280715707
679 1.0131843716276954 1.0266597727588676
678.5 1.0128552066420002 1.0259939038628592
678 1.0130669593891894 1.0264227060777928
677.5 1.012938477244306 1.0261605335693635
677 1.0129026606845708 1.0260900245640912
676.5 1.0128585128256966 1.0260007298805653
676 1.0129614597167265 1.0262115922749384
675.5 1.0127632026311715 1.0258086751053077
675 1.0129025116136898 1.0260906000674104
674.5 1.0126383528511218 1.0255555070418156
674 1.0128374191481122 1.0259593402408702
673.5 1.0126433874068994 1.0255670969625423
673 1.012714662277197 1.0257111103699184
672.5 1.0125454211307772 1.0253696748033372
672 1.0128209542416953 1.0259258651376004
671.5 1.0126004553971544 1.0254763153022093
671 1.012552518147186 1.025381000989087
670.5 1.012805459752356 1.0258939888160983
670 1.0125263929775952 1.0253311927591044
669.5 1.0124512493941278 1.025176394589053
669 1.0126732548465103 1.0256227674847909
668.5 1.0122355212746559 1.02474342008125
668 1.0124388393769084 1.025151634825656
667.5 1.012408866922412 1.0250917427356607
667 1.0125007419277872 1.025274251530746
666.5 1.0123977587603428 1.0250662843492568
666 1.0121203368102203 1.024509467572408
665.5 1.0124994275713528 1.0252747693663367
665 1.0122817683412622 1.0248333124816071
664.5 1.0121853574004904 1.024636858506028
664 1.0123242667883696 1.0249205143868436
663.5 1.0123290349977285 1.0249286994193298
663 1.0120056671859925 1.0242736079589667
662.5 1.012439009602311 1.0251529259903902
662 1.0120885536761037 1.0244436494855644
661.5 1.0120291930668264 1.0243212410953735
661 1.0122616603037073 1.024792162841182
660.5 1.0119641873529102 1.024187738840806
660 1.0120228132251512 1.0243091267043276
659.5 1.01203094305831 1.0243253883774235
659 1.0120335776710767 1.024331018555723
658.5 1.0121960587351477 1.024660237710605
658 1.0117157909196515 1.023689254387467
657.5 1.0116238783262395 1.0235029136953468
657 1.01170457774592 1.0236652889746727
656.5 1.011901547018378 1.024069141464728
656 1.011852039515536 1.0239642013007726
655.5 1.0118386867914573 1.0239350679673513
655 1.0117621803734589 1.023780920337461
654.5 1.011949284749446 1.0241598712597262
654 1.0119352871977858 1.0241274088161738
653.5 1.0115946357819694 1.0234437064960344
653 1.0118342284786461 1.0239281177274466
652.5 1.0114603086896714 1.0231707092369344
652 1.011310298298447 1.0228691382602815
651.5 1.0115919555661939 1.0234392972947406
651 1.0116038491163568 1.0234593591589822
650.5 1.0115848557124505 1.0234227213699556
650 1.0113949887834541 1.0230411849785142
649.5 1.0113997941753572 1.0230482949687452
649 1.0114062328490137 1.0230623687966163
648.5 1.0114800964340225 1.0232117366037976
648 1.0112328983204588 1.022710804283432
647.5 1.0112434586209218 1.0227312171045027
647 1.0113125580676556 1.0228761872841796
646.5 1.011401711230908 1.023054922523015
646 1.0111079593548697 1.0224556115684202
645.5 1.0109769220555815 1.0221924291081301
645 1.0111220361265418 1.0224873374337058
644.5 1.0112379573749333 1.0227198350482518
644 1.0110833595732316 1.0224068937007484
643.5 1.0109868704695721 1.022212317104884
643 1.0111971600245548 1.022638378013397
642.5 1.0110057538673516 1.0222528981812835
642 1.0109769131140014 1.0221969715135462
641.5 1.0111144444463054 1.0224715302112324
641 1.0109757211875912 1.0221895098511218
640.5 1.0109646285786993 1.0221714865328106
640 1.011046657099767 1.0223348940431332
639.5 1.0106759674946109 1.0215865578636119
639 1.0107960450920581 1.0218288760394139
638.5 1.0106429892284163 1.0215145558134309
638 1.0108695796424465 1.0219761445083761
637.5 1.0107466115426953 1.021728729023263
637 1.0107574921832148 1.0217494228320623
636.5 1.0104204750008203 1.0210656052323002
636 1.0106791913582716 1.02159010577026
635.5 1.0105436947803028 1.0213204187006615
635 1.0103758685286885 1.0209803848840378
634.5 1.0104635338050936 1.0211546359500963
634 1.0103912429958148 1.0210103580669116
633.5 1.0104851659798277 1.021200308357741
633 1.010571095811626 1.0213741048115146
632.5 1.0103445766599024 1.0209144480912808
632 1.0104488357068773 1.0211289743488237
631.5 1.0103953332188018 1.021018772175638
631 1.010133049927872 1.0204876253755568
630.5 1.0101229946397263 1.0204650823211088
630 1.0103523802808156 1.020928720491457
629.5 1.0102656183397247 1.0207590603463448
629 1.0100081683604498 1.0202378444426803
628.5 1.0104712323828124 1.0211731166966276
628 1.0102372370530102 1.0206949218854435
627.5 1.0099717624538762 1.0201605286846112
627 1.0099060813200345 1.020031045332546
626.5 1.0099223140385192 1.0200629512727055
626 1.0098064838758172 1.019826211887835
625.5 1.0101420071737168 1.0205048175431106
625 1.010063236889151 1.0203480547884836
624.5 1.009933582538455 1.0200854623378204
624 1.0097430794974707 1.0196984735003325
623.5 1.009543298462067 1.0192968919858427
623 1.0098064889874592 1.0198296353039338
622.5 1.0098416968801427 1.019900737758433
622 1.0100727555714253 1.0203664697690684
621.5 1.0098955527519866 1.0200094118573382
621 1.0098101304999496 1.0198359277732036
620.5 1.0095680234580517 1.0193440366905917
620 1.009698938414749 1.0196095460454035
619.5 1.0098871760110604 1.0199935340655288
619 1.0094664089145422 1.019143599277845
618.5 1.009545367211249 1.0193009848220496
618 1.009436449154953 1.0190825598122415
617.5 1.0096900635040864 1.0195934984112227
617 1.0093479277534576 1.0189054466032579
616.5 1.009456905686606 1.0191242739209407
616 1.0093518244669826 1.0189088974991232
615.5 1.0095514600717972 1.0193141035780497
615 1.0092550656108006 1.0187162628714392
614.5 1.0093213872123816 1.0188502827560098
614 1.0094780724864052 1.0191632744695056
613.5 1.009432360327005 1.0190713412763122
613 1.009480352094597 1.019170132723054
612.5 1.0090717700609044 1.0183455270943895
612 1.0090343922364742 1.0182699424216828
611.5 1.0092930837881513 1.0187920664921124
611 1.009159613864987 1.0185210251576347
610.5 1.008885682324765 1.0179690946514541
610 1.009000754811049 1.0182017603692568
609.5 1.0091279345684434 1.0184619199444513
609 1.009277841248988 1.0187601753067015
608.5 1.00919408030517 1.0185917391833423
608 1.008861733384381 1.0179223032746862
607.5 1.0089812651600774 1.0181632029375347
607 1.00891016215326 1.01801838490738
606.5 1.0088070006400085 1.0178125598829542
606 1.0087312911237714 1.0176573804548572
605.5 1.0087639688425645 1.0177257472526948
605 1.008600192926422 1.017392243893058
604.5 1.0085057568276643 1.0172036250763403
604 1.0086387336102192 1.0174733370521012
603.5 1.0086497994548163 1.0174960100974515
603 1.0086716411419414 1.0175388401689909
602.5 1.0084308730238005 1.0170526798280395
602 1.0084401818704072 1.0170706374395957
601.5 1.0085114515476674 1.0172162766687132
601 1.0082119431107308 1.0166104141157182
600.5 1.0084130200497718 1.017012912028838
600 1.0086981257599086 1.0175920535090763
599.5 1.0082460412728804 1.016678702273264
599 1.0083433987928585 1.016879304203668
598.5 1.0083383445854261 1.0168637685553832
598 1.00810434959165 1.0163935081440834
597.5 1.008105107118047 1.016394705607776
597 1.0082638220480593 1.0167134307349435
596.5 1.008176773262798 1.0165370288115545
596 1.0084737281134695 1.0171385836335192
595.5 1.0080460182660662 1.0162773195421404
595 1.0079092498946225 1.0160003638645534
594.5 1.0083371849617375 1.0168637316375242
594 1.008011202085068 1.0162064327416895
593.5 1.0079527692622747 1.0160918753357144
593 1.0079198499054969 1.0160233875868478
592.5 1.0080537721185578 1.0162927225139986
592 1.0078498717487496 1.0158816405693571
591.5 1.0078150775649481 1.0158134316736434
591 1.0077757218264043 1.0157328004325596
590.5 1.0076811891059323 1.0155401521388816
590 1.0076332858714545 1.0154442123341705
589.5 1.0077371355454805 1.0156554677050789
589 1.0075576722132875 1.0152921157936197
588.5 1.0076330042348263 1.0154468026129984
588 1.0075420835719462 1.015259579850164
587.5 1.0075993640364989 1.0153737687140472
587 1.0076661109525915 1.0155108720679604
586.5 1.0075026949251438 1.015179949409443
586 1.0071345999549368 1.014441760783516
585.5 1.0075722036826071 1.0153198806313557
585 1.0074782435131218 1.01513225099001
584.5 1.0074106751703769 1.014996838387918
584 1.0070342553874803 1.0142395322551805
583.5 1.0071306749762785 1.0144316518069818
583 1.0073786183282027 1.0149350180537033
582.5 1.0072190774389849 1.014610410732797
582 1.0070783586654795 1.014327878544279
581.5 1.0072733854086602 1.014721897883309
581 1.007054184115494 1.0142805367440078
580.5 1.007010071119308 1.0141882729118468
580 1.0071366640876664 1.014443932043086
579.5 1.007126511624548 1.0144255335168673
579 1.0071458093405827 1.014464379571519
578.5 1.0071344648805243 1.0144394970321406
578 1.0066816119141124 1.0135256580492766
577.5 1.00700833421756 1.014184478020275
577 1.0069223020645308 1.0140123696943564
576.5 1.0068835570193868 1.013936113723188
576 1.0067863489531066 1.013739438427518
575.5 1.0066855292548433 1.0135367291893747
575 1.006598389226716 1.0133594796127925
574.5 1.006719935505337 1.0136044729549751
574 1.0066300856237793 1.0134219607209896
573.5 1.0064076716533488 1.0129768760103612
573 1.0065736968668675 1.0133121458620198
572.5 1.006625206999387 1.0134157407313904
572 1.0060586805032006 1.012272542350849
571.5 1.006437478855172 1.013036471032012
571 1.0062207927849218 1.0125993311703294
570.5 1.0066077119937868 1.0133819389398988
570 1.0062487475937951 1.0126548938432565
569.5 1.0062614659566687 1.012676801153041
569 1.0060542479389243 1.0122623624280633
568.5 1.0063255576854717 1.0128103999109246
568 1.0060835297028787 1.0123241719395857
567.5 1.0063799846387296 1.0129217152625392
567 1.0060364136017115 1.0122272626990714
566.5 1.0059491092411235 1.0120525514320773
566 1.0058838389327578 1.0119261027519688
565.5 1.0060097951661815 1.0121749492118242
565 1.0057504235567711 1.0116549638732322
564.5 1.0058970835547203 1.0119468651186152
564 1.0060601294941478 1.0122784593019338
563.5 1.0058178144780854 1.011787744177536
563 1.005661805574027 1.0114732936584352
562.5 1.0055765804087153 1.0113039345414554
562 1.005567771411023 1.0112887951997347
561.5 1.0054336034919134 1.0110170497259716
561 1.0055474148547088 1.0112477817149816
560.5 1.0055489007367195 1.0112490714940094
560 1.005431910809167 1.0110119223829745
559.5 1.0052285838752804 1.0106041873628824
559 1.0054390122082268 1.011028976443993
558.5 1.0055419891192463 1.0112328326740778
558 1.0055304780921461 1.0112125827508875
557.5 1.005236385969447 1.0106238001798915
557 1.005314311812886 1.0107769494166268
556.5 1.0051066322030617 1.0103607847497758
556 1.0054105977805554 1.010971619627101
555.5 1.0050453115072988 1.0102354957887718
555 1.0053453449222294 1.0108423322934643
554.5 1.005284703225925 1.010717035745
554 1.0048193640921061 1.0097829997474648
553.5 1.005285072665017 1.0107186251831315
553 1.0051534059486344 1.0104540478568664
552.5 1.0048871101802308 1.009917500810157
552 1.0051589970467656 1.0104643759421534
551.5 1.0050426637566379 1.010231743752586
551 1.0050576294355074 1.010263764036714
550.5 1.005008232268108 1.0101640840634993
550 1.0049125496381148 1.0099700706489312
549.5 1.0047580096597348 1.0096582223396873
549 1.0048412149306882 1.0098277423653925
548.5 1.0047651849285149 1.0096729504453794
548 1.0046642579482095 1.0094694571004126
547.5 1.0046055093477275 1.0093551412170596
547 1.0045880594668162 1.00931853783807
546.5 1.0044824672671644 1.009106225049421
546 1.0043896863811577 1.008919711118303
545.5 1.0045072161036084 1.0091570112108605
545 1.0041785837676618 1.0084936949108998
544.5 1.0046344702605743 1.0094127652409992
544 1.0043150832394137 1.0087710702672747
543.5 1.0045792163430594 1.0092990593164268
543 1.0042753610122255 1.0086906971864351
542.5 1.0042948066187036 1.0087309560100262
542 1.0039269948484157 1.0079883513819805
541.5 1.00403268918014 1.0082035345382085
541 1.0040113370517132 1.008160121719551
540.5 1.0042116870893618 1.008559969306941
540 1.0040977731854703 1.0083318514364465
539.5 1.0038344983171281 1.0078020720929086
539 1.0035907791518919 1.007315453145834
538.5 1.0037428495260232 1.0076206161157417
538 1.0037989512585024 1.0077336714371317
537.5 1.0039110890413145 1.0079571547624566
537 1.003759656977363 1.0076540132516711
536.5 1.003860329269379 1.0078557760133613
536 1.00356888159787 1.0072742338492953
535.5 1.0036160869543085 1.0073682894693572
535 1.0034786077607123 1.0070908409939048
534.5 1.0034048065464412 1.0069446207070258
534 1.0032924077342873 1.0067175446424717
533.5 1.0030276948535088 1.0061872395363036
533 1.003295134319171 1.006719048718086
532.5 1.0031369958126815 1.0064071907536536
532 1.0032793662297728 1.0066909519923821
531.5 1.003100480405799 1.0063316178336716
531 1.0031656431610907 1.0064654137205762
530.5 1.0031964585599216 1.006525039933263
530 1.0029681674746131 1.0060648249982516
529.5 1.0030049830238383 1.0061382314439344
529 1.00303789958431 1.0062046894635728
528.5 1.0031707647323844 1.006471702664623
528 1.0029063712470452 1.005944473569057
527.5 1.0027967371316882 1.0057251358971393
527 1.0029226059591771 1.0059769569224128
526.5 1.0030046150939924 1.0061437559712987
526 1.0029311202822382 1.005991724881978
525.5 1.0028164536124207 1.005759284616194
525 1.0028109116844628 1.005749328319503
524.5 1.0028114844769058 1.005753719021235
524 1.0027501882099512 1.0056286141530235
523.5 1.0023146757942862 1.004754789166674
523 1.0026571567168192 1.005444435988
522.5 1.0023882483397464 1.0049021079636815
522 1.0024804423603122 1.0050884354481515
521.5 1.0023894756952876 1.0049056718466987
521 1.0022723980571777 1.0046720944805678
520.5 1.0020958747921702 1.004317380225367
520 1.0020094716030123 1.0041460345580426
519.5 1.0017947452993838 1.003710707207953
519 1.002040376077706 1.004207152859981
518.5 1.0017795235607851 1.0036852265164453
518 1.001882522721213 1.0038875536633365
517.5 1.002469113254585 1.0050660262014766
517 1.0020438602893516 1.0042116815514572
516.5 1.0017325117801181 1.003589331051994
516 1.0019259422058386 1.0039761354463745
515.5 1.0016748912526405 1.0034752192680547
515 1.00177205724651 1.0036707142469803
514.5 1.0018242218443212 1.0037751760658116
514 1.0016771408883325 1.003480351774405
513.5 1.00155851148876 1.0032375661871749
513 1.0015240492291784 1.0031710013392285
512.5 1.0016446429637602 1.0034119933396037
512 1.0016994602731732 1.003525709177498
511.5 1.0011678019583026 1.0024578239904725
511 1.0012532265273677 1.0026299228041393
510.5 1.001162534922824 1.0024509991827262
510 1.0013390046320805 1.0028010972342816
509.5 1.0009918971872973 1.0021074069064293
509 1.0012827316200412 1.002689101994478
508.5 1.0012145311921314 1.0025561049582612
508 1.001016061878345 1.002153956401772
507.5 1.001140518762657 1.0024035727344407
507 1.001027939838086 1.002178354202493
506.5 1.0008918709400179 1.0019068057471654
506 1.0010197540365044 1.0021640788357506
505.5 1.0006307081050274 1.0013828171092227
505 1.0009218381982397 1.0019655998166774
504.5 1.0007780255076502 1.0016814566917471
504 1.0006665582262229 1.0014529040243068
503.5 1.000643671399949 1.0014078857338369
503 1.0005023290623947 1.0011268490649265
502.5 1.000596539836364 1.0013160639961318
502 1.0006166003143928 1.001354379187048
501.5 1.0005006292277618 1.0011236132058705
501 1.0005068512264654 1.0011321420289696
500.5 1.0005143588360752 1.0011495371365544
500 1.0001287909415801 1.000378798597773
499.5 1.000400435355683 1.000924856219226
499 1.0002019359767123 1.0005273947539344
498.5 1.000209700023118 1.000542621273483
498 0.9998857077464666 0.9998926592887827
497.5 1.0001889295852662 1.0004988008107798
497 1.0003878469620968 1.0009003373438272
496.5 1.0001373069822974 1.0003971333266826
496 0.9997711544096886 0.9996639429570889
495.5 1.0000239364943848 1.0001678750901566
495 0.9995636487334598 0.9992441054504951
494.5 0.9998610201099879 0.999843162631491
494 0.9999940786732461 1.0001071578881007
493.5 0.999588391887097 0.999298154589721
493 0.999541893002021 0.9992030329967955
492.5 0.9995789643254414 0.9992781060470213
492 0.9998259042876981 0.9997700575846225
491.5 0.9996277727268913 0.9993786257384977
491 0.9993070132575657 0.9987367577745634
490.5 0.9996624677772228 0.9994470727058178
490 0.9992112512001319 0.9985436631413546
489.5 0.9991692597939837 0.9984592716023506
489 0.9989248980787049 0.9979730540207153
488.5 0.9994768841423964 0.9990747440403152
488 0.9990905323569621 0.9983056288337979
487.5 0.9988612092463021 0.9978468364800759
487 0.999047743046418 0.9982189246272167
486.5 0.9990705635038126 0.9982669567137353
486 0.9992419907079706 0.9986062493838718
485.5 0.9985694449801512 0.9972640702400333
485 0.9990689289101786 0.9982598579457691
484.5 0.9986321560621426 0.9973927943270569
484 0.9989057234405567 0.9979321988127391
483.5 0.998669104376207 0.9974633592498354
483 0.9987874968895221 0.9976985184070479
482.5 0.9987716465856132 0.9976628916188366
482 0.998324939458664 0.9967743147656877
481.5 0.9984065015011375 0.9969334344307085
481 0.9982973400918315 0.9967207481771897
480.5 0.9984634195944472 0.9970515111954042
480 0.9984675534632069 0.9970619837382019
479.5 0.9983873956614961 0.9969002600373861
479 0.9980740358969358 0.9962726792715793
478.5 0.998095244320401 0.9963155635936439
478 0.9979960888862937 0.9961191195503366
477.5 0.9981062153249344 0.9963377796611673
477 0.9977355131456697 0.9955986569275723
476.5 0.9977712004897198 0.9956681140156424
476 0.9980260697507498 0.9961759078516511
475.5 0.9978390405885154 0.9958023300753419
475 0.9977489029383145 0.9956251100893929
474.5 0.997939495498698 0.9960037042615819
474 0.997736377189008 0.9956048087446782
473.5 0.9975608340958354 0.9952492450976417
473 0.9977025665249671 0.9955359888978839
472.5 0.9973790108849999 0.9948886029799978
472 0.9973146129944306 0.9947567963017505
471.5 0.9971748912777942 0.994476345103047
471 0.9974465570684647 0.9950231511441419
470.5 0.9969810993060431 0.9940960013213419
470 0.997431387232135 0.9949923614725956
469.5 0.9973293182393431 0.994789479084605
469 0.9970618764940351 0.9942572724588625
468.5 0.9970864458101103 0.9943030547997784
468 0.9968677671862838 0.9938659190259911
467.5 0.9970279530493609 0.9941865097109286
467 0.9967503365900077 0.9936308161890047
466.5 0.9968317747114629 0.9937968009027922
466 0.9968437002295608 0.9938195797966753
465.5 0.9970591129750789 0.9942508829316702
465 0.9967105676582162 0.9935536151114892
464.5 0.9967664371015492 0.9936652767006426
464 0.9966315394463285 0.9933976963201367
463.5 0.9962033782845328 0.9925410187554898
463 0.9967237293999485 0.9935837790368564
462.5 0.9961958973627116 0.9925328592253245
462 0.9962755544099675 0.9926828863074378
461.5 0.996367128717298 0.992866248143668
461 0.9959162551665843 0.9919740996849576
460.5 0.995797524570621 0.9917353799326498
460 0.9958800670000366 0.9918985822400879
459.5 0.9961941351567435 0.9925268916357015
459 0.9957773060096416 0.9916956046218397
458.5 0.9957939675041089 0.9917292074228626
458 0.9958101334776382 0.9917588899388575
457.5 0.9958355587429201 0.9918094951777143
457 0.9954679165641928 0.9910780485515942
456.5 0.9954969733829774 0.991137194256749
456 0.9956168866336647 0.9913776771556928
455.5 0.9955323765631373 0.9912092520877894
455 0.9954421420003687 0.9910299622737452
454.5 0.9951726764346254 0.9904915942766317
454 0.9952230527363662 0.9905860552862695
453.5 0.9954203035470892 0.9909819400300559
453 0.9953608593344465 0.9908655577030513
452.5 0.9953296846516839 0.9908044967187587
452 0.9950302531619105 0.9902059420162899
451.5 0.9951351912455861 0.9904165898571318
451 0.9948086382184552 0.989765499823158
450.5 0.9948089775704463 0.9897657784843127
450 0.9951455834241218 0.9904394332609514
449.5 0.9947816138018886 0.9897125663594168
449 0.994566149373805 0.9892844919473994
448.5 0.9946051920972474 0.9893593294915225
448 0.9944137489976539 0.9889825063753604
447.5 0.9946692458503272 0.9894896629274166
447 0.9944821251070474 0.9891165742751061
446.5 0.9942964267784927 0.9887476983983117
446 0.9941815098325142 0.9885205039773195
445.5 0.9941569643890107 0.9884707819818983
445 0.994250542362045 0.9886592046657948
444.5 0.994552567887318 0.9892632656429586
444 0.9942274749514779 0.9886081383200044
443.5 0.9942221210872354 0.9886052513561607
443 0.9937275665912148 0.9876142820079403
442.5 0.994014144480691 0.9881882696342744
442 0.9939984627684066 0.9881558328609746
441.5 0.9939622967222265 0.988082700193098
441 0.9936462345362118 0.9874518064585895
440.5 0.9933611531537806 0.9868926164431172
440 0.9935927609848916 0.9873505107116709
439.5 0.9936090202083223 0.9873820596985476
439 0.9937468867424283 0.9876592713306828
438.5 0.9934583534303023 0.9870810569648586
438 0.9932639411105427 0.9866968614543997
437.5 0.9932773133019268 0.9867219800901764
437 0.9933744475290218 0.9869170353442842
436.5 0.993077270909243 0.9863265917546997
436 0.9930967427772606 0.9863631030157417
435.5 0.9931334353928999 0.9864403508561618
435 0.9930374819154671 0.9862478930194519
434.5 0.9928266045162273 0.9858279543017987
434 0.9928598260626696 0.98589541728515
433.5 0.9928213292821885 0.9858159943103433
433 0.9924215139455788 0.9850239610394217
432.5 0.9926661230827349 0.9855092548437039
432 0.9926691551042852 0.985515139680506
431.5 0.9924939239870755 0.9851705709583478
431 0.9926262842692261 0.9854294862233428
430.5 0.992244832337246 0.9846751704849745
430 0.9922696815464134 0.9847228794086562
429.5 0.9923277070197016 0.984835019156098
429 0.9921695198520766 0.9845223249813057
428.5 0.9921166471134262 0.9844173798480559
428 0.9918029281776934 0.9837958662850651
427.5 0.9919249116423885 0.9840398543811034
427 0.9919329246864758 0.9840521966712386
426.5 0.9916771226818748 0.9835497073396761
426 0.9918799379142463 0.9839438169231831
425.5 0.9917012292879152 0.983596669519145
425 0.9915700145220039 0.9833353137318024
424.5 0.9915878131339966 0.9833687605233135
424 0.9914121909110865 0.9830238057712638
423.5 0.9913879768277181 0.9829729678854019
423 0.9915875577805527 0.9833709931682416
422.5 0.9911254527088178 0.9824496569937291
422 0.9911645874628031 0.9825308171679257
421.5 0.9914102415136585 0.9830183052768461
421 0.9912984181803356 0.9827982921486493
420.5 0.9910935011100536 0.982392248906275
420 0.991013622775529 0.9822293809193986
419.5 0.9907899660350358 0.9817888080695859
419 0.9908952348246061 0.9819986459060503
418.5 0.9905587264346968 0.9813294853967803
418 0.9907991415920249 0.9818066336803282
417.5 0.9909441837854182 0.9820927131454736
417 0.9903585643657628 0.9809343603336256
416.5 0.9905339792152709 0.9812775076204203
416 0.9904006970619283 0.9810185574930551
415.5 0.9902677387230607 0.9807560156337157
415 0.9901014872926827 0.9804257268110531
414.5 0.9903898880485785 0.9809963766638731
414 0.9902490901512869 0.9807145558240539
413.5 0.9899468546357807 0.9801201850309497
413 0.9898523786840577 0.9799334421022
412.5 0.9900535044447436 0.9803290393401145
412 0.9898926561113696 0.980010523226809
411.5 0.9894745757805309 0.9791849617888927
411 0.9898208199183176 0.9798679973978669
410.5 0.9893061757935444 0.9788492372035699
410 0.9894624312144356 0.9791627381159749
409.5 0.9892622600211146 0.9787627978408836
409 0.9892703379577449 0.9787815557823113
408.5 0.9890595650275298 0.9783655523926148
408 0.9896460892115775 0.9795223037069912
407.5 0.9890722826418314 0.9783880058259558
407 0.9892727061098574 0.9787846048151916
406.5 0.9888799779048909 0.9780067768625389
406 0.9888861438393383 0.9780163818292491
405.5 0.989157237488097 0.9785584267483524
405 0.9889095664746753 0.9780673440649055
404.5 0.9885102082237439 0.97727595975944
404 0.9887399890441666 0.9777310935920285
403.5 0.9883583748161027 0.9769764905835526
403 0.988601143646994 0.9774582287608353
402.5 0.9881564523732662 0.9765781509423634
402 0.9880684315361588 0.9764048832582402
401.5 0.988261237273063 0.9767838356410761
401 0.9883105145802978 0.9768826150899066
400.5 0.9883721611668462 0.9770026744274525
400 0.9878876109708535 0.9760474322825154
399.5 0.9879301259058734 0.9761310329916797
399 0.9879699628315911 0.9762120941176284
398.5 0.987778267158898 0.9758273551536247
398 0.9877957952041347 0.9758615912008516
397.5 0.9875021431262108 0.9752859728544524
397 0.9871888074455996 0.974667233047914
396.5 0.9875735652694057 0.9754267303032633
396 0.9874262112426101 0.9751360655096133
395.5 0.987304010049577 0.9748964139801294
395 0.9871439485986233 0.9745800988670612
394.5 0.9872232039372754 0.9747331567008632
394 0.9872030167561918 0.9746954646766174
393.5 0.9869745126058997 0.9742443077824053
393 0.9870341188617621 0.9743614877121276
392.5 0.9866985600175024 0.9736978945499882
392 0.9870475146207682 0.9743877305761964
391.5 0.9865924759078383 0.9734888712517081
391 0.9866717732308438 0.9736438001844913
390.5 0.9867090781964624 0.9737169817968111
390 0.9865008878800811 0.973310905178586
389.5 0.9863380955489308 0.972988786988251
389 0.9861858713611621 0.9726879909233971
388.5 0.9862109438478547 0.9727373653798554
388 0.9861986994959172 0.9727136932224326
387.5 0.9858290556480002 0.971981656305253
387 0.9859927810327515 0.972312303777338
386.5 0.9862363605147783 0.97279045059502
386 0.9854324419750107 0.9712042514848709
385.5 0.9855683560710856 0.9714695170641311
385 0.9851008074620983 0.9705505359949733
384.5 0.9855135136539067 0.9713627219936524
384 0.9854739084828019 0.9712834492663348
383.5 0.9854818004701432 0.9713004757495236
383 0.985082443083114 0.970511274488023
382.5 0.9849478912010509 0.9702475474011064
382 0.985070828073393 0.9704881046431489
381.5 0.985082073823717 0.9705138976852699
381 0.9846843134709949 0.96973007217163
380.5 0.9848582755238139 0.9700719231787807
380 0.9845909346905348 0.9695432257467489
379.5 0.9846453473145022 0.9696527183218319
379 0.984710743985491 0.9697797917244134
378.5 0.9843688627872366 0.9691085257494065
378 0.984332748433931 0.9690368847591861
377.5 0.9845064264946009 0.9693772127460198
377 0.9842721321965339 0.9689170065613083
376.5 0.9839917836923572 0.9683657986367075
376 0.9842280690126376 0.9688305481380742
375.5 0.9838080017701822 0.9680032839984694
375 0.9840811061570386 0.9685425416629708
374.5 0.9839925791871291 0.9683659598076547
374 0.9836372196783312 0.9676679678325874
373.5 0.9836415754349954 0.9676774928352272
373 0.9835024810484738 0.9674036263146029
372.5 0.9835293825365025 0.9674543297515251
372 0.9835622332787967 0.9675167869914183
371.5 0.9832215876222253 0.9668521730716062
371 0.9830361538446134 0.9664841504261322
370.5 0.9832680181678373 0.9669432865181117
370 0.982796166122637 0.9660121547668059
369.5 0.9827500813525569 0.9659246431564097
369 0.9829131710400649 0.9662470989821196
368.5 0.982652244210849 0.9657309939289659
368 0.9827312191367813 0.9658844435520728
367.5 0.9825777065764307 0.9655816214649732
367 0.9824658779445269 0.9653629844119894
366.5 0.9823323351003511 0.9650998211291416
366 0.9821165045381812 0.9646815353756985
365.5 0.981887772905654 0.9642274271446356
365 0.9819681254936998 0.9643861546472128
364.5 0.9822349599689831 0.9649113741187263
364 0.981823195916984 0.9641040564958053
363.5 0.9818050155388834 0.9640686016207577
363 0.9815638384075841 0.9635952215594422
362.5 0.981442810364839 0.9633583889199239
362 0.9812520584639389 0.962981322091237
361.5 0.9813584146715418 0.9631869646205581
361 0.9812653112895595 0.9630112661527828
360.5 0.9810103672208239 0.9625064049526367
360 0.9808838620663715 0.9622586635213242
359.5 0.981092415310565 0.962666224191145
359 0.980888731425543 0.9622687682330856
358.5 0.9807904063175801 0.9620758346668177
358 0.9808431427380401 0.9621806871281338
357.5 0.980241777205095 0.9609990177406305
357 0.9804167965292631 0.9613405100449116
356.5 0.9801916282803101 0.9608996759155773
356 0.9804743253293999 0.961456357550738
355.5 0.9801226269385562 0.9607677884479315
355 0.9800795751592773 0.9606815805367083
354.5 0.9799456939890299 0.9604192810605439
354 0.9797970204350684 0.9601304115010328
353.5 0.9797516302019625 0.9600368984545815
353 0.9794772950086905 0.9595005994459301
352.5 0.9794860366808629 0.9595165218080285
352 0.9795969393080954 0.9597360414473636
351.5 0.9794386213701912 0.9594269661009213
351 0.9792633861281097 0.95908468272539
350.5 0.9792280807909907 0.9590144226886681
350 0.9793544883224703 0.9592621254142505
349.5 0.9790625552067623 0.9586887936826055
349 0.9790099217673961 0.9585865627493961
348.5 0.9786458662870036 0.957872435423124
348 0.9785059866409536 0.9576034172753145
347.5 0.978347519675993 0.9572915771218427
347 0.9784647034752015 0.9575230911419638
346.5 0.9783839079553459 0.9573614035757411
346 0.978162138259659 0.9569285643700005
345.5 0.9781662267389358 0.9569326185340591
345 0.9780129462598537 0.9566368130679566
344.5 0.9778647398818092 0.9563467494432661
344 0.9779879016704071 0.956586958667931
343.5 0.9779172317841289 0.9564523185011311
343 0.9778718296588489 0.9563612192393833
342.5 0.9774270586342124 0.9554923244397109
342 0.977395597725855 0.9554294310692985
341.5 0.9771263728578548 0.9549060001830179
341 0.977296400886488 0.9552331686336129
340.5 0.9771360735614588 0.9549222460784366
340 0.9768129497225071 0.9542919875307541
339.5 0.9765766199212118 0.9538286688609064
339 0.9772175387524838 0.9550798181558556
338.5 0.9763827276826872 0.9534514878321506
338 0.976823593796855 0.954310686038371
337.5 0.976254345035294 0.9531995256500881
337 0.9761392703508573 0.9529711912787128
336.5 0.9758273292015592 0.952364888882827
336 0.975906973915546 0.9525203406325441
335.5 0.9756140577583609 0.9519521136032433
335 0.9756826423547401 0.9520810102895645
334.5 0.9756574204339509 0.952035739661999
334 0.9754580301876417 0.9516449241811131
333.5 0.9753751528173231 0.9514842365243603
333 0.9756841149630026 0.9520862450006242
332.5 0.9753310971467034 0.9513930440730314
332 0.9749711018466907 0.9506956628590392
331.5 0.9749991473617885 0.9507513451382902
331 0.9748589609843241 0.9504775231090828
330.5 0.9746481953193308 0.9500671841762657
330 0.9743139675001675 0.9494203306638889
329.5 0.9746846689728106 0.9501386334775564
329 0.9745576678871097 0.9498927873637605
328.5 0.9743722698373256 0.9495287612614167
328 0.9739706238746334 0.9487453520043851
327.5 0.9739614210954332 0.9487263527180574
327 0.9740400764224793 0.9488837380450588
326.5 0.974137310541482 0.9490714387467917
326 0.9735429551409432 0.9479116803863314
325.5 0.9738351038921429 0.9484817357623928
325 0.9733236785712239 0.9474811079101727
324.5 0.9732845945150959 0.9474118434375369
324 0.9730302180740839 0.9469165793375791
323.5 0.9732072534287004 0.9472613849064828
323 0.9726971652138943 0.946267326061953
322.5 0.9731257248504904 0.9471009477446916
322 0.9726453515627248 0.9461696066981581
321.5 0.9725505339797559 0.945985308203542
321 0.9725431144116886 0.945968804040511
320.5 0.9722197380037612 0.9453398707572764
320 0.9721947688404217 0.9452910782341214
319.5 0.9721429634287003 0.9451890239558433
319 0.9719273860390023 0.9447707521410615
318.5 0.9718726295160056 0.9446649869743141
318 0.9716681993607176 0.9442642481667681
317.5 0.9718443976368007 0.9446088400921578
317 0.9716378829571416 0.9442059618526493
316.5 0.9711353958343977 0.9432324017869083
316 0.970979706497315 0.9429306129201895
315.5 0.9708441420320467 0.9426650084415936
315 0.9712498682032504 0.9434568087525635
314.5 0.9708789832437301 0.9427357063437904
314 0.9707479573132364 0.9424811030266984
313.5 0.9706149892999018 0.942225505830779
313 0.9703636126908213 0.941735242275642
312.5 0.9703377922017143 0.94168187072948
312 0.9702552679162716 0.9415204405136801
311.5 0.9701589726462773 0.9413368356048242
311 0.9699924992833799 0.9410139395356988
310.5 0.9697964430710507 0.9406327954997016
310 0.9695092808813665 0.9400760479607874
309.5 0.9692273286121189 0.939529883276161
309 0.9695671173657965 0.9401884933894926
308.5 0.9690412257921771 0.9391730490103182
308 0.9690101507638442 0.9391114666786488
307.5 0.9689446886061326 0.9389820165198324
307 0.9686083773424781 0.938334666039503
306.5 0.9687204765506221 0.9385449830311158
306 0.968357396014344 0.9378425198027178
305.5 0.9686036209423505 0.9383208723874389
305 0.9681331719758136 0.937407448039845
304.5 0.968145592001806 0.9374338423752626
304 0.9676691637464047 0.9365143016197444
303.5 0.967952821103024 0.9370600240334722
303 0.9676363498705529 0.9364507469791169
302.5 0.9675510938321034 0.9362854196571886
302 0.9674782674478675 0.9361422860414408
301.5 0.9671027400705641 0.9354176062168197
301 0.9671000574577548 0.9354123025131829
300.5 0.9670355243068237 0.9352892714579655
300 0.9668214010564308 0.9348731368447881
299.5 0.9668053088898364 0.9348385891605225
299 0.9667352326379643 0.9347084779043177
298.5 0.9662866428466177 0.9338399110577869
298 0.966407187539651 0.9340698086783945
297.5 0.9662861998820248 0.9338403703724514
297 0.9655302490163199 0.9323749987236352
296.5 0.9657819412549872 0.9328642881968717
296 0.9660183669913509 0.9333204528322425
295.5 0.9655606286033644 0.9324335383864548
295 0.9651664573727096 0.9316763541085292
294.5 0.9651630576916437 0.9316660738597947
294 0.9651809220094406 0.9317040037236501
293.5 0.9649379642247 0.931234309013632
293 0.9649365891189963 0.9312363864167652
292.5 0.9648995472277139 0.9311607065020449
292 0.9644451610642247 0.9302829184956884
291.5 0.9644689961427332 0.9303281064565897
291 0.9641223459012587 0.9296649687893567
290.5 0.9639973732965667 0.9294199011212084
290 0.963883493536023 0.9292029388460366
289.5 0.9635539676875068 0.928565395654966
289 0.9636414323023995 0.9287359581867579
288.5 0.963368774386369 0.9282131160291456
288 0.9632646808932832 0.9280080112968886
287.5 0.9630020780980133 0.9275033651357371
287 0.962950786611623 0.9274057044519574
286.5 0.9627045169074607 0.9269310878231432
286 0.9628882791291622 0.9272857930194086
285.5 0.9622716561536597 0.9260988525982948
285 0.9622394113186467 0.9260344804497952
284.5 0.9622733670928543 0.9260971272895311
284 0.962123549315623 0.9258107268872678
283.5 0.9616333261652004 0.9248664448463023
283 0.9616095681407437 0.9248252961535343
282.5 0.9613021764728451 0.9242300974365809
282 0.9616493859842966 0.9249022819042245
281.5 0.9611424562633146 0.923926812973582
281 0.9609344986713964 0.9235262930112507
280.5 0.9607773146512433 0.9232238500264827
280 0.9603811050689421 0.9224591776256196
279.5 0.9605264384093113 0.9227434630857252
279 0.9606325401635487 0.9229440093301445
278.5 0.9602484399660873 0.9222084905770958
278 0.9600823642511611 0.9218860715121953
277.5 0.9599875747766962 0.9217058516817834
277 0.9599026465450641 0.9215444714048648
276.5 0.9590640327265637 0.9199360350078533
276 0.9593097861114197 0.9204061761889187
275.5 0.9590873805585659 0.9199793550495929
275 0.959071473914808 0.9199461439705066
274.5 0.9583361097232859 0.9185392888467515
274 0.9585426248211172 0.9189335160850562
273.5 0.9583420156109046 0.9185516504782846
273 0.957972505510181 0.9178448164512405
272.5 0.9582529737217438 0.9183813650471125
272 0.9575534347246615 0.9170442880802439
271.5 0.9576754832883607 0.9172710303783749
271 0.9578376210937309 0.917583443101656
270.5 0.9573690012086764 0.9166875079418545
270 0.9571960364900278 0.9163525584187594
269.5 0.956974623813499 0.9159288411690466
269 0.956999590041637 0.9159792519747203
268.5 0.95681845136352 0.9156336048851255
268 0.9566231903547598 0.9152576719243394
267.5 0.9564315222226569 0.9148888266220848
267 0.9559086221236314 0.9138924792891768
266.5 0.9559135992964469 0.9139003977187771
266 0.9557953972990059 0.9136761274099168
265.5 0.9557920866982503 0.9136718481658567
265 0.9551938948348064 0.9125255999827045
264.5 0.9550020218705987 0.912161019039564
264 0.9552905668923225 0.9127102501714928
263.5 0.9547343794747173 0.9116473801959782
263 0.9546835109930649 0.9115546436634869
262.5 0.9545765103464554 0.9113504227421955
262 0.9540996862305183 0.9104368058158794
261.5 0.9542089455788875 0.9106487187477733
261 0.9542962769888853 0.910814238685856
260.5 0.9535683247165692 0.9094233861709352
260 0.9536125467216261 0.9095059579890883
259.5 0.9534133279289341 0.9091312285618854
259 0.9531402488031157 0.9086121092542555
258.5 0.9531224364226251 0.9085738193936094
258 0.9523571774648292 0.9071129673325203
257.5 0.9522012379379532 0.9068191475977528
257 0.9521514168054669 0.9067257976067208
256.5 0.9522506665376794 0.906911015410807
256 0.951830051011938 0.9061111093874165
255.5 0.9516999109398463 0.9058635532592894
255 0.9515121503310289 0.9055061886569153
254.5 0.95144640844892 0.9053858348260985
254 0.9508801630452093 0.9043070067270017
253.5 0.9510539980872164 0.9046356295664778
253 0.9506783236544273 0.903915746383807
252.5 0.9502917004082801 0.9031900666538268
252 0.9502076513914944 0.9030276425332531
251.5 0.9496680122646308 0.9020032613178767
251 0.9499052606679732 0.902454411969226
250.5 0.9495390423933857 0.9017598863035868
250 0.9495116931944858 0.9017065114131856
249.5 0.949454643124298 0.9015988523315511
249 0.9487965453759157 0.9003485933674175
248.5 0.948484417883646 0.8997543059287347
248 0.9485366550790372 0.8998512305526475
247.5 0.9482136506807919 0.8992432122467537
247 0.9478519020815132 0.8985567030960256
246.5 0.9476409410462151 0.8981566982798125
246 0.9474726879354868 0.8978365702039646
245.5 0.9473712501446032 0.897644842253862
245 0.9470045343956008 0.896951327615859
244.5 0.9469775574703302 0.8969018743422361
244 0.9468975329646896 0.8967467557327408
243.5 0.946293240207527 0.8956009492550363
243 0.9464548335279092 0.8959115223682815
242.5 0.9459268382701034 0.894907416859128
242 0.9458906980672708 0.8948409809064103
241.5 0.9454793207106886 0.8940646698705286
241 0.9452942000171034 0.8937207560777635
240.5 0.9446192075399069 0.8924374521708759
240 0.945012564177038 0.8931828330736166
239.5 0.9448930432405903 0.8929553311482059
239 0.9444987480691098 0.8922099672067041
238.5 0.9443344653937183 0.8919039051837906
238 0.9441808404910497 0.8916098130972689
237.5 0.9440528555700726 0.891369112765749
237 0.9435278189967499 0.8903781871395936
236.5 0.9434280546505971 0.8901890994109659
236 0.942855924582582 0.8891110972036553
235.5 0.9431156353936636 0.889600919809265
235 0.9424372676715098 0.888323296281004
234.5 0.9424995442660323 0.8884401404096961
234 0.9422164999323105 0.887903945834074
233.5 0.9419846057752533 0.8874687122618246
233 0.9417660732722232 0.8870577838293678
232.5 0.9415111158272631 0.8865807851386515
232 0.9412003444730453 0.8859927664040189
231.5 0.9410166500069929 0.8856480296473986
231 0.9406550554804834 0.8849728845580144
230.5 0.940374891935758 0.88443680237351
230 0.9402293050940783 0.8841609199065564
229.5 0.9398103095750108 0.8833783094196725
229 0.9394422839621648 0.882684694515448
228.5 0.9389416361944725 0.881745518611622
228 0.9390839167820415 0.8820198223291857
227.5 0.938748917507202 0.8813859203340307
227 0.9383525121451353 0.8806396049670396
226.5 0.9383806722640241 0.8806962227288448
226 0.9377769078450934 0.8795609990011536
225.5 0.9379641257484239 0.8799114435872839
225 0.9376264663213878 0.8792772240083904
224.5 0.9374425284440681 0.8789328110199253
224 0.936915642095193 0.8779461323165471
223.5 0.9368326850694603 0.8777890324208336
223 0.9364885150515793 0.8771476105352659
222.5 0.9362569915159875 0.8767148566934423
222 0.9359859150302603 0.8762048026776779
221.5 0.935690190039823 0.8756502855097742
221 0.9351604112361834 0.8746657325653164
220.5 0.9353846916769313 0.8750785727504039
220 0.9345848111392698 0.8735794485165085
219.5 0.9345555698577506 0.8735288129518991
219 0.9343294160806366 0.8731084530089056
218.5 0.9338429293902061 0.8721960798383136
218 0.9338527920791502 0.8722167075177866
217.5 0.9334865825278857 0.871531360223567
217 0.9332575149260047 0.8711039204270612
216.5 0.9330189336768206 0.87065943983279
216 0.9328688729405034 0.8703782069021112
215.5 0.9321460863217548 0.8690312377883465
215 0.9321815160375224 0.8690987911342519
214.5 0.9318550883614377 0.8684872662843239
214 0.931453488008754 0.8677400774714822
213.5 0.9310766507076252 0.8670415229538864
213 0.9305212629895442 0.8660052004754263
212.5 0.9303037755137814 0.8656003580744371
212 0.9299372888131346 0.8649167916851693
211.5 0.9300579520004841 0.8651442173735434
211 0.9295675994504907 0.864234323219981
210.5 0.9292895259385878 0.8637115784212503
210 0.9289934854283158 0.8631680901243727
209.5 0.9283291286578703 0.8619219475036443
209 0.9283807461689627 0.8620265786263283
208.5 0.9277741739302957 0.860898037307313
208 0.9279362906314174 0.8612043854739628
207.5 0.9275674264864399 0.8605185838497833
207 0.927211613884198 0.859858167573085
206.5 0.9268018178650456 0.8591027573696742
206 0.9265763821235758 0.8586766989749514
205.5 0.9258647988051585 0.8573640204555794
205 0.9260563276365066 0.8577204078718094
204.5 0.9254161944763356 0.8565331420212433
204 0.9246407059675692 0.8550937803902586
203.5 0.925119937458731 0.8559827321210739
203 0.9247531850482639 0.8553028290207426
202.5 0.923859348554329 0.853650049819318
202 0.9235379024809441 0.853061353776142
201.5 0.9235780119549302 0.8531329797112182
201 0.923145087864243 0.8523324902668106
200.5 0.9229928504973756 0.8520527619713893
200 0.9222841874391031 0.850743789130675
199.5 0.922242796906607 0.8506681891391273
199 0.9216067947327771 0.8494944564452103
198.5 0.9212120774785798 0.8487700949096775
198 0.9210695418778025 0.8485097013579599
197.5 0.9208173825291196 0.8480398075936136
197 0.9203510935993952 0.8471794519853384
196.5 0.920292324628185 0.8470730118180044
196 0.9194629454030384 0.845554193819416
195.5 0.9196430242781544 0.8458822961305686
195 0.9187917141919095 0.8443157155305908
194.5 0.9184021212345592 0.8436046898075769
194 0.91773521963938 0.8423757011530445
193.5 0.9176304172463118 0.8421805392807737
193 0.9172452435440802 0.8414725163144469
192.5 0.9170762182548866 0.8411670100111117
192 0.9164897152296998 0.8400919727450714
191.5 0.9161637305174356 0.8394972942008453
191 0.9163937484438988 0.8399165612753088
190.5 0.915547807343434 0.8383652942782764
190 0.9153483410439319 0.838001142263017
189.5 0.9151250257235318 0.8375925444657084
189 0.9143909642373662 0.8362459524476222
188.5 0.9145190269330081 0.8364826959826458
188 0.9137039950598426 0.8349902921722565
187.5 0.9133684698901892 0.8343806758712223
187 0.9125443382569327 0.8328778447984703
186.5 0.9126767923653839 0.8331179958487043
186 0.9120255231494812 0.8319320275609552
185.5 0.9117617548270505 0.8314477477730069
185 0.9111408175461889 0.8303184011483105
184.5 0.9109054142312772 0.8298904626648216
184 0.9100972639579615 0.8284120785768275
183.5 0.9102417120376217 0.8286796289811378
183 0.9098556017929682 0.8279787082872978
182.5 0.9093083664456298 0.8269764874011313
182 0.9087047599037488 0.8258847169881361
181.5 0.9085309154080872 0.8255661037593564
181 0.9078869714503672 0.8243984217014239
180.5 0.9073836970010329 0.8234837131531602
180 0.9072708968778236 0.8232805943886742
179.5 0.9064027995316283 0.8217054852902235
179 0.9059523838650421 0.8208863344125247
178.5 0.9055582189577754 0.8201789849475297
178 0.9056165278720341 0.820278522488213
177.5 0.905336223237574 0.8197671011394376
177 0.9048000516678485 0.8188007060892245
176.5 0.9046208187096313 0.8184752268945148
176 0.9039577546204502 0.8172776316166263
175.5 0.9032952803843607 0.8160834420310575
175 0.9026102865801868 0.8148472590718162
174.5 0.9023185501423691 0.8143170140747512
174 0.9018025459151954 0.8133871478110015
173.5 0.9013598881515005 0.8125924691900822
173 0.9009817756756376 0.8119069417875908
172.5 0.9001679263151166 0.8104427703114683
172 0.8997984750297079 0.8097812713485347
171.5 0.8996249423571344 0.8094688623892644
171 0.8987857650885286 0.8079533350981487
170.5 0.89829936076172 0.8070781523320598
170 0.8981975627192091 0.8068963092793122
169.5 0.8978494973563589 0.8062768945216193
169 0.8970315087118175 0.8048025411271441
168.5 0.8966638641601377 0.8041459953167643
168 0.8958329273602527 0.8026587270013261
167.5 0.8953102260373228 0.8017189094579577
167 0.895161384463682 0.8014578876871795
166.5 0.8942501953337827 0.799827607027161
166 0.894175597710597 0.7996896284851681
165.5 0.8935434988378403 0.798560358979317
165 0.8931552041697923 0.7978697668960848
164.5 0.8927455806820506 0.7971343438684904
164 0.8921808427056415 0.796126564545968
163.5 0.8918028351497576 0.7954496765931474
163 0.8905256977551882 0.7931760063354685
162.5 0.8903791050143535 0.7929190433146976
162 0.8896993051332399 0.7917128511434575
161.5 0.8893151882054035 0.7910213068452556
161 0.8892084915726763 0.7908296794474075
160.5 0.8882181994419736 0.7890687906438425
160 0.887614730068881 0.7879971775443494
159.5 0.8873391169617582 0.7875146908240026
159 0.8862812166282985 0.7856357955849915
158.5 0.8859387864106203 0.7850319296633401
158 0.8847372408044566 0.78290225142769
157.5 0.8844792211366423 0.7824464273987353
157 0.8836358403833865 0.7809587566140757
156.5 0.8839307475450374 0.7814725898704825
156 0.8831966709982325 0.7801810575681736
155.5 0.8823366139894547 0.7786598217191781
155 0.8817412049791074 0.7776127459638466
154.5 0.881402336886311 0.7770131563926792
154 0.8807931214377877 0.7759384099217027
153.5 0.8801829659484846 0.7748628627339496
153 0.8795799439975316 0.7737985591693118
152.5 0.8788103748298176 0.7724468923034293
152 0.8780501621473484 0.7711188769557878
151.5 0.8778528913550112 0.7707651955917242
151 0.877377820942822 0.7699366092803459
150.5 0.8767853334665486 0.7688934067132926
150 0.8757401583335694 0.7670611505012742
149.5 0.8747866036704136 0.7653934569986834
149 0.874706062173804 0.7652550413661111
148.5 0.8739126166373383 0.7638627330282927
148 0.8733611245459988 0.7629051035585493
147.5 0.872851675192681 0.7620137462019397
147 0.8718830634960101 0.7603178473930678
146.5 0.8718157437762234 0.7602054896687911
146 0.8701223690008162 0.7572547363397379
145.5 0.8701394293102418 0.7572840914405699
145 0.869538685781328 0.7562387976878112
144.5 0.8684976603659423 0.754423884624063
144 0.867768548636303 0.7531680698033058
143.5 0.8671426646349948 0.7520788190306156
143 0.8659929751943929 0.7500857299090924
142.5 0.8659501620480093 0.7500063997478142
142 0.8643047667184189 0.7471643274603301
141.5 0.8641838393273511 0.7469570468743155
141 0.8637795700009568 0.7462531387478811
140.5 0.8627730332215394 0.7445203920701453
140 0.8625232784084577 0.7440878198359716
139.5 0.8611789786649893 0.7417749423854011
139 0.8608859141954015 0.7412681837916982
138.5 0.8604917475640129 0.7405942017158024
138 0.8590359285276961 0.7380827106743045
137.5 0.8587289298936714 0.7375604003646942
137 0.857430801773671 0.7353349260197236
136.5 0.8570590164046609 0.7346861942349387
136 0.8559498585120611 0.7327903847757038
135.5 0.8557879533800935 0.7325138108099416
135 0.855138624575425 0.7314027717794083
134.5 0.8535584480462083 0.7287038538801994
134 0.8530967167485798 0.727920814643131
133.5 0.8524324527295987 0.7267889064205157
133 0.8519461439043798 0.7259506990020764
132.5 0.850428370812255 0.7233745473431578
132 0.8504943537657044 0.7234865821099805
131.5 0.8489009366869833 0.7207780509356917
131 0.8486769340359968 0.7203996820616797
130.5 0.8477948705431264 0.7189030472465
130 0.8458618039067729 0.7156283503279873
129.5 0.8459286019261193 0.7157343215647084
129 0.8454018501478988 0.7148451790179361
128.5 0.8435721844115074 0.7117584486320064
128 0.8430978430450142 0.7109509381479017
127.5 0.842041839803891 0.7091794061462362
127 0.8415892944632404 0.7084180652804224
126.5 0.8399377538779158 0.7056431525501468
126 0.8392817447383889 0.7045373637158521
125.5 0.8385165299660369 0.7032511529634834
125 0.8376287336882855 0.701766476633641
124.5 0.8370823667052752 0.7008496813011
124 0.8363105359451992 0.699553969954948
123.5 0.8348688385183537 0.6971494958808444
123 0.8342598065947855 0.6961307253556669
122.5 0.8333354698121846 0.694592258690899
122 0.8321250681957044 0.6925769667877106
121.5 0.8308895497516385 0.6905227231523159
121 0.8302010881892404 0.6893776286717989
120.5 0.8288669543775563 0.6871648559205178
120 0.8283408477752381 0.6862975248533048
119.5 0.827223256603751 0.684443453161476
119 0.8258620613387287 0.6821928504143567
118.5 0.825104608985905 0.6809351934476894
118 0.823775347788249 0.6787486887399428
117.5 0.8230645685462485 0.6775778827082107
117 0.8214248473792117 0.6748947805250443
116.5 0.820981705537399 0.6741553488680654
116 0.8190584274826841 0.6709966369448738
115.5 0.8190817345971518 0.67103272941366
115 0.8172167333114784 0.6679881312747794
114.5 0.8165717222994119 0.6669276339837201
114 0.8152224026937892 0.6647337990046751
113.5 0.8142717994858897 0.6631782605824816
113 0.8127415073264006 0.6606917585884161
112.5 0.8124881814249888 0.6602826695804791
112 0.8109605771152001 0.657803354654359
111.5 0.8096706392027463 0.6557105075871745
111 0.8089392247679269 0.6545276358542973
110.5 0.8074596273796655 0.6521248639228743
110 0.8068749476185934 0.6511901654313021
109.5 0.8055176382898568 0.649004835486315
109 0.8044344904826125 0.6472564505845193
108.5 0.8025065058888278 0.6441546154118084
108 0.8018214548122415 0.6430569893068573
107.5 0.8007281759549028 0.6413099717228992
107 0.7987214974354736 0.6380948547333118
106.5 0.7985938361638629 0.6378937813833091
106 0.7972430273229766 0.6357387111553051
105.5 0.7952834405551124 0.6326215741388445
105 0.7945438272006239 0.6314391759837947
104.5 0.7927967753609981 0.6286679033505372
104 0.7918358644615499 0.6271489264142244
103.5 0.790713913639753 0.6253710455235422
103 0.7885975342215662 0.6220194905220621
102.5 0.7879594414356681 0.6210128500934046
102 0.785210557424359 0.6166951045062581
101.5 0.7848147670235773 0.616073555397315
101 0.7837315624171999 0.6143807666414618
100.5 0.782920104925201 0.6131030340743191
100 0.7803662755100161 0.6091067632589525
99.5 0.7801301784909259 0.6087381239306032
99 0.7777331349659502 0.6050097478155951
98.5 0.7761089141561307 0.6024874239036611
98 0.7749051914152588 0.6006211437373369
97.5 0.7737877472062713 0.5988884836802286
97 0.7716387894062752 0.5955574820758893
96.5 0.7706175993456366 0.5939836319950529
96 0.76937860050122 0.5920749622274217
95.5 0.7682070413145836 0.5902732127686557
95 0.7663701235248016 0.5874781615021608
94.5 0.7643761926808602 0.584404284262208
94 0.7638488194811859 0.5836017441622209
93.5 0.761972798857735 0.5807418134378507
93 0.7593544525929561 0.5767461537734254
92.5 0.7583777013668874 0.5752691191887306
92 0.7569459116328966 0.5731026195253331
91.5 0.755208243922136 0.5704765080134419
91 0.7538614863325643 0.568441058930378
90.5 0.7523800515354626 0.5662060809591993
90 0.7511360437273454 0.5643285406526013
89.5 0.7484357830253413 0.560291437228085
89 0.7465113680663159 0.5574141742641795
88.5 0.7449376716269541 0.5550627533251393
88 0.7436273130632032 0.5531162979381262
87.5 0.7409236875384059 0.5491092194309151
87 0.7409357731697166 0.5491212906377395
86.5 0.7382871758565349 0.5452091775201064
86 0.7368985142754894 0.5431567953992626
85.5 0.7356814465135711 0.5413614748866181
85 0.7319991450181906 0.5359450271873375
84.5 0.7305755448252526 0.5338759250599985
84 0.7291367710849862 0.5317618242913876
83.5 0.7272948629464661 0.5290903461871814
83 0.7260348040752115 0.5272656083720684
82.5 0.7238077557267035 0.5240259087674425
82 0.7221048195719382 0.5215758963243644
81.5 0.7195911752209411 0.5179308102936191
81 0.7184833077393665 0.5163537945439732
80.5 0.7162044085580745 0.5130740270832296
80 0.7135149393379074 0.5092397166466945
79.5 0.7117845966119583 0.5067603006424022
79 0.7100842946906127 0.504331238388742
78.5 0.7081223497055168 0.5015608632563668
78 0.7056885526554244 0.498119996989735
77.5 0.7045181771187622 0.49646494655092643
77 0.7013388288676241 0.4919918487578636
76.5 0.6993211283719964 0.489164105622986
76 0.6970391464502591 0.48597703846019547
75.5 0.6944839141634451 0.4824280423878043
75 0.6922535202489534 0.4793455110302779
74.5 0.6910444100407217 0.4776571718167233
74 0.6878161875028553 0.47322153491608765
73.5 0.687489196766896 0.47275030675698726
73 0.6850743820116586 0.46944753791148836
72.5 0.682910795305523 0.4664778462885216
72 0.6795082220522515 0.4618512538895702
71.5 0.6777592139926473 0.4594825082737069
71 0.6762902966128121 0.4574838651175343
70.5 0.67240833206247 0.4522531329619516
70 0.6708157881906139 0.45010973102325974
69.5 0.667825278701623 0.4461032307892478
69 0.665710283724664 0.443286619565796
68.5 0.6647237403399688 0.4419531916670266
68 0.6613316470506149 0.4374645797313396
67.5 0.660518761829267 0.4363874961880059
67 0.6565355824588448 0.4311474476240517
66.5 0.6544847748494033 0.4284513458660921
66 0.6530952397685895 0.42663997522218366
65.5 0.6499303293077284 0.42251404217574084
65 0.6470905034327128 0.41882384730569083
64.5 0.6447605392082079 0.41581782338847306
64 0.6417429126289029 0.4119243294821288
63.5 0.6394643300772103 0.40901156871961086
63 0.6380892211225916 0.4072556312841647
62.5 0.6346270645845172 0.40285031683478556
62 0.6314959994694834 0.3988894048776587
61.5 0.6286801272588702 0.3953362037856592
61 0.6277631094585022 0.39417366108141344
60.5 0.6243026289172554 0.3898475630014826
60 0.6204112445481683 0.38502136910705126
59.5 0.618566222986096 0.38272353594554076
59 0.6161649709241076 0.37974730976063686
58.5 0.6141905187509091 0.3773249146213339
58 0.611346454731181 0.3738357111749044
57.5 0.60946605962838 0.37153217367810354
57 0.6059699926542113 0.367279303437718
56.5 0.6029041243237668 0.36357971580200976
56 0.600571840303678 0.3607731456743427
55.5 0.5970252977629146 0.3565189571452228
55 0.5953694788627476 0.35454074388532314
54.5 0.5935521161051017 0.3523877389870866
54 0.5902067776073465 0.34842338918436927
53.5 0.5886313580097908 0.34656101419875335
53 0.5854751635883256 0.342855648635139
52.5 0.5823082644922253 0.33915640952405696
52 0.5796876883685196 0.3361178932196371
51.5 0.5753734994563494 0.3311278402224465
51 0.5737476598443452 0.32924944148211627
50.5 0.5721493220756322 0.3274262562982311
50 0.5672521951208477 0.32186105497789746
49.5 0.5652856195216033 0.31959820452982685
49 0.5641992857420858 0.31839057917143365
48.5 0.5605740288638882 0.3142936856075738
48 0.555147228013569 0.30824877634119185
47.5 0.5537785253010223 0.30672228494653
47 0.5519444706315054 0.3047066208932333
46.5 0.5498402528980112 0.3023790987265435
46 0.5446297905322395 0.2966771024575902
45.5 0.5435110466193965 0.29547809068872677
45 0.5394353248902741 0.29105124633081586
44.5 0.5364387110071662 0.2878096822588883
44 0.5356814676424366 0.2869992979580177
43.5 0.5326838255296995 0.28380783375553825
43 0.5296379153894154 0.28056997081031726
42.5 0.5286275735677918 0.27950303802559257
42 0.5234508720227911 0.2740499591193959
41.5 0.521807862339041 0.2723259218253193
41 0.5184251606715689 0.26880954173995353
40.5 0.516479990797822 0.2667924153820515
40 0.5134000389158664 0.2636164088665817
39.5 0.5115453888570176 0.26171384802376824
39 0.5100398255317611 0.2601774467579457
38.5 0.508259450517259 0.2583622492183418
38 0.50340819660091 0.25345591495179093
37.5 0.5012627817913947 0.25130116355877186
37 0.4969004864996937 0.24694123712462152
36.5 0.4948909943290819 0.24494391792026984
36 0.4930870364698092 0.24316980469529428
35.5 0.4903205865190982 0.24044425932193206
35 0.48863113572103345 0.23878922405193265
34.5 0.4864201880506431 0.236631623305204
34 0.4835315792586855 0.23383146030898636
33.5 0.48271334929996934 0.23304017366541555
33 0.48008710854052944 0.23050801647006813
32.5 0.4766009790211542 0.22716421916539234
32 0.47547782466544003 0.2261086322189311
31.5 0.4709074588759469 0.2217737589026499
31 0.47002709399833215 0.22094926833385997
30.5 0.46909301388909064 0.220063344851454
30 0.4665095444719369 0.21765491979762458
29.5 0.4649622025297505 0.21621585460541534
29 0.4621331758967984 0.21358330397107989
28.5 0.4585417539657712 0.210279587500674
28 0.45785372485391074 0.20964201912808653
27.5 0.45513471344862244 0.20715772780108965
27 0.4527609180799318 0.20500464439737712
26.5 0.45104827650656165 0.20345772799734638
26 0.4492683854458009 0.20185359756556082
25.5 0.44875886052411673 0.20139586939654586
25 0.446427834157431 0.19930708587891804
24.5 0.44497341988165184 0.19801215582765586
24 0.4433764359541763 0.19658973972192778
23.5 0.442506295162104 0.19581908069023796
23 0.43967021052102745 0.19331385887941346
22.5 0.4386531058675492 0.19241972698294488
22 0.43630984597430994 0.19037192065483657
21.5 0.43406872619337866 0.18841982404453078
21 0.43283982462113685 0.18735344329565323
20.5 0.4332807977809507 0.18773881559676722
20 0.43265386671881434 0.1871953965698955
19.5 0.4290982136333418 0.18412953298162624
19 0.4294169640844817 0.1844011658549389
18.5 0.4277525423576124 0.1829767238469727
18 0.42614554235092106 0.18160297079996734
17.5 0.42582982498473315 0.18133361778833734
17 0.4228968661263183 0.17884340216337907
16.5 0.42425868349316703 0.17999640808105974
16 0.4222943718163856 0.17833390922153905
15.5 0.42045970446842656 0.17678748731558402
15 0.42010775922248406 0.17649125575408214
14.5 0.41948497092727244 0.17596886504330753
14 0.41915413625917025 0.17569077133972108
13.5 0.4177814353928219 0.1745416023916038
13 0.4175204179920263 0.17432352444867036
12.5 0.4173494195545318 0.17418097529970794
12 0.41662175968537885 0.17357411783451626
11.5 0.41588174947323203 0.17295797589398815
11 0.41597480964010985 0.17303535715589266
10.5 0.4150370202247275 0.17225597162109846
10 0.41472356455594633 0.17199584552561697
9.5 0.41412314910901815 0.17149819614067563
9 0.4138473365124542 0.1712697067263922
8.5 0.4133186805084606 0.17083236602193597
8 0.4133178551053131 0.1708316718686664
7.5 0.413342957431877 0.17085244302282968
7 0.4132843281997827 0.17080397148196425
6.5 0.4131486858000044 0.170691853936022
6 0.41309196663491954 0.1706449818817523
5.5 0.4131040872271333 0.170654995733946
5 0.4130488517863256 0.17060935976981895
4.5 0.4130168394057142 0.1705829139756028
4 0.41298469251277964 0.17055635895178842
3.5 0.4129729703802159 0.1705466757210068
3 0.41296055040924623 0.1705364170598636
2.5 0.412948149558716 0.170526174947293
2 0.412946818500086 0.17052507528047608
1.5 0.41293332934825755 0.1705139345563578
1 0.4129313530484828 0.170512302385387
0.5 0.41292703489069177 0.170508736146683
