1000 0.4814734346347055 0.23193137031825906
999.5 0.48145947413622614 0.23192107565647402
999 0.4812432554176191 0.23171325150737007
998.5 0.4813804776722638 0.23184405434019004
998 0.4815069118272894 0.23196413806825547
997.5 0.4813824125621041 0.23184697565274678
997 0.4815732820817749 0.23202468565723675
996.5 0.48134886197850835 0.23181083214785478
996 0.48121387253867126 0.23168083650915047
995.5 0.48121338002954805 0.23168185455634047
995 0.48140733472760805 0.23186309415697723
994.5 0.48119711817567734 0.23166604802947102
994 0.4810614654628177 0.23153620586021473
993.5 0.48140148588280124 0.23186133796608144
993 0.48108974178940805 0.23156305837653265
992.5 0.4815549727735518 0.23200987035342488
992 0.481256122242059 0.23172208156896196
991.5 0.48139745419619445 0.23186033261947317
991 0.48135453975567566 0.2318187374463293
990.5 0.48128207033744874 0.23174761403983626
990 0.48117181203194 0.23164220105234276
989.5 0.4813105025217419 0.23177532727008782
989 0.481112838379465 0.23158773739165833
988.5 0.48130356583920686 0.23177064596527133
988 0.4810462694109602 0.2315200724008927
987.5 0.4811199680457465 0.23159080508592317
987 0.4812401124196681 0.23170986922165007
986.5 0.48113114127206635 0.23160537381932692
986 0.48108744580884283 0.23155844822158483
985.5 0.4813481748550254 0.23181678070435063
985 0.48092962599324235 0.231406978679975
984.5 0.48072600670678906 0.23121571149372527
984 0.4812256944617483 0.231694526834412
983.5 0.48086139597228744 0.23134216881811778
983 0.4810899336624609 0.23156263784942824
982.5 0.48102721720160807 0.2315023710810232
982 0.4813083369427952 0.23177626977011054
981.5 0.4809301787971412 0.231410803556396
981 0.48068205666193076 0.23117109849817044
980.5 0.48116312225469676 0.231634490672427
980 0.48111515787533854 0.23158730807797942
979.5 0.4809332705203511 0.23141282247669404
979 0.4809272713462796 0.23140513319210254
978.5 0.4808610137815428 0.23134340989823987
978 0.48081976222766326 0.23130173285590527
977.5 0.4808335498001868 0.23131375674989035
977 0.48090317658094967 0.23138433828829433
976.5 0.4808756301549087 0.23135926757828063
976 0.4810277942405747 0.23150452394948712
975.5 0.480671859902151 0.23116244132577876
975 0.4810894128206226 0.23156439472336005
974.5 0.48086557554583254 0.23134762260822136
974 0.4808281653565881 0.23131156004909897
973.5 0.4810083942887907 0.2314856749723227
973 0.4807907023530088 0.2312751295699481
972.5 0.48076693868086606 0.2312521518149112
972 0.48077014019998926 0.23125912716311978
971.5 0.4808791051000927 0.23136117764449526
971 0.48078820903287567 0.2312728432816723
970.5 0.4807846435519703 0.23127204904861356
970 0.48084312710944493 0.23132650360170312
969.5 0.48076863730051506 0.23125343957097508
969 0.4807239551504229 0.2312120894701558
968.5 0.48070654181210154 0.23119134225090437
968 0.48069963660932036 0.2311887086761989
967.5 0.4809079671015146 0.23138892327728822
967 0.4806926025864149 0.23118373240230602
966.5 0.48060042667931646 0.23109307517483024
966 0.480787803283523 0.23127063610045404
965.5 0.4805411281265274 0.23103890219135165
965 0.4805796321481807 0.23107355658517473
964.5 0.48047875832754283 0.23097391966756192
964 0.4805706463844667 0.23106367923345164
963.5 0.48044669015420816 0.2309439165696434
963 0.4805099415399205 0.23100750603920758
962.5 0.48059955782242225 0.23109382517028207
962 0.4805406742597998 0.2310329236322315
961.5 0.4804629532608849 0.23095984135382563
961 0.48049076955243825 0.23098796996573137
960.5 0.4804418184012154 0.23093678383654231
960 0.48053478178183834 0.23102959617838192
959.5 0.48042695886036685 0.23092540495422845
959 0.4805105977019061 0.23100809990548457
958.5 0.48044644697834404 0.23094728461845992
958 0.4801905689484114 0.23069987572956974
957.5 0.4804923828292409 0.23098953047108137
957 0.48041191550967216 0.23091102266085586
956.5 0.480377536748682 0.230879914205558
956 0.4804320601749525 0.2309297088967029
955.5 0.4803734052156666 0.2308727202147852
955 0.4801454151804808 0.23065665916706465
954.5 0.4803167446064428 0.23081920760576977
954 0.4804411581581964 0.23093872019336661
953.5 0.48037367716295476 0.23087572905681
953 0.48029985060314107 0.23080216528534878
952.5 0.4805975556839568 0.2310885928315532
952 0.48030823471008566 0.2308147916765986
951.5 0.48016118150857723 0.23066826648163427
951 0.4799026227480621 0.23042444435225903
950.5 0.48027092932605864 0.23077373926185046
950 0.4801880090116129 0.23069511157819625
949.5 0.4803656960538601 0.2308637056140782
949 0.48010285115836676 0.2306158685985883
948.5 0.4801499843311963 0.2306608553306873
948 0.4800788621864994 0.23059258703770716
947.5 0.4801046396457858 0.2306163630716599
947 0.48007025782303264 0.23058428669937397
946.5 0.47994820958572965 0.23046673994481667
946 0.48046467803624227 0.2309628549428624
945.5 0.4800683205205749 0.2305823906244453
945 0.48012208105750154 0.23063374237548168
944.5 0.4800651608816639 0.23057955903846195
944 0.48026432090573834 0.23076785329685887
943.5 0.4799982266547942 0.23051372298408015
943 0.4799153724541838 0.2304349044610245
942.5 0.4800480964102622 0.2305601027209688
942 0.4800350931900153 0.23054888379511246
941.5 0.4801545340322188 0.23066717226069325
941 0.47998995634984976 0.2305082826251777
940.5 0.4801302488210067 0.2306429226675956
940 0.4798150186652487 0.230337888098778
939.5 0.4799604955742779 0.2304768632348485
939 0.48000352878754426 0.23051951273297444
938.5 0.4799701570002092 0.23049062728333164
938 0.47992120266311195 0.23043914825299114
937.5 0.4799410377793957 0.2304575185025758
937 0.479820933077578 0.23034314445339824
936.5 0.4799712609464962 0.23048862246970925
936 0.47986589802168167 0.23038740718355663
935.5 0.47994031025236966 0.2304602008106422
935 0.4797756683475145 0.2303027908504752
934.5 0.4799202271568835 0.2304378711484722
934 0.4794512995401263 0.22998868943282524
933.5 0.47994125454959335 0.23046034600426307
933 0.4797102969197283 0.23024051610582172
932.5 0.4796948517855752 0.23022403774230782
932 0.4796607428482293 0.2301942191740617
931.5 0.4798680341082416 0.2303875696618186
931 0.4796815055624274 0.23021145007458116
930.5 0.47950187313244175 0.230038559850127
930 0.47979867932480647 0.23032188460848105
929.5 0.4797260210583745 0.230257096709027
929 0.4797475615206928 0.23027329647413003
928.5 0.4795010452597509 0.23004207364583062
928 0.47938613121413487 0.2299256314073804
927.5 0.4796828476533502 0.23021393891598038
927 0.47972882911547715 0.23025554440632012
926.5 0.4795701755346034 0.23010373701798406
926 0.4795783257101344 0.23011179486322558
925.5 0.47977789124446785 0.23030249658263102
925 0.4793932223369412 0.22993327952118234
924.5 0.4796974664521178 0.23022216716298707
924 0.47938005447991233 0.22992077825315335
923.5 0.4794319083879357 0.22997340169816083
923 0.47957495118013194 0.23011055935808464
922.5 0.4794377042683979 0.2299779547251506
922 0.4795410894521991 0.2300780868626146
921.5 0.4796148709207508 0.2301468363855786
921 0.4796143238177752 0.23014650131931624
920.5 0.4794020668597188 0.22994097776775388
920 0.47913833335927203 0.2296885904413804
919.5 0.4795288058108626 0.23006193162390887
919 0.47945211494666545 0.22998818323555656
918.5 0.4792176304977582 0.22976969318430482
918 0.47959170771495657 0.23012595131295427
917.5 0.4791109807659888 0.2296599105957424
917 0.479315193529643 0.22985861330158153
916.5 0.47936169834215214 0.22990552843657022
916 0.47930931875966437 0.2298547956498255
915.5 0.4792893531630478 0.22983634268015857
915 0.47932026715219805 0.22986476898758085
914.5 0.47944776096496533 0.22998578953821852
914 0.479387562269397 0.22993031090767685
913.5 0.4790852072988178 0.22963910647576488
913 0.47947330044453057 0.2300106347019345
912.5 0.4793730575220104 0.22991667009886613
912 0.47921824542547853 0.2297658386339963
911.5 0.4789799831267493 0.22953838794925782
911 0.478979696465511 0.22953762394874114
910.5 0.479319313958544 0.22986359952060395
910 0.4793009859785004 0.22984666808704504
909.5 0.47907918891526474 0.229634569801961
909 0.479187663577848 0.22974082283930358
908.5 0.4791114034454101 0.22966266800026194
908 0.47901976518740563 0.2295787697082041
907.5 0.4790366207674004 0.2295924493313156
907 0.4790984069818527 0.22964903449168964
906.5 0.47888749593162483 0.22945071810209036
906 0.478862163304936 0.22942643856625192
905.5 0.4791415527092059 0.22969371616368492
905 0.4789467933260257 0.22950727180107208
904.5 0.47917909000985875 0.22973067497711602
904 0.47899539261047647 0.2295550127748054
903.5 0.4789465245092309 0.22950752847361172
903 0.4791723855410163 0.22972271861893548
902.5 0.47891592040298075 0.22947496499459843
902 0.47890978948854923 0.22947097807616493
901.5 0.47861761856316637 0.22919043370074446
901 0.4789350087516398 0.22949452178745391
900.5 0.4789275871753483 0.22948891343258762
900 0.47873065048656804 0.2292993365966203
899.5 0.478840472299491 0.2294040863061895
899 0.47871161247751143 0.22928072093987176
898.5 0.4789435470136271 0.22950474045416808
898 0.4790156381212487 0.2295709240445141
897.5 0.4789244280843966 0.22948568623225227
897 0.47904884035663886 0.22960482663881426
896.5 0.4788020662081994 0.2293651172868611
896 0.47868425699906697 0.22925631933766638
895.5 0.478763997823901 0.22933332120494246
895 0.4788978661618903 0.2294590670985734
894.5 0.47883314247165804 0.2293968925629804
894 0.47868555609757135 0.2292571574318334
893.5 0.4787555182188801 0.2293226848291144
893 0.47863396786664064 0.22920322591003042
892.5 0.4789300353345786 0.22949253876690212
892 0.4785959702838343 0.2291672159773241
891.5 0.478576975723673 0.22915123319889946
891 0.4784767781755825 0.22905458364867592
890.5 0.4785266311377628 0.2291048030038176
890 0.47868536272485673 0.22925508739676054
889.5 0.47842197884476495 0.22900558793329812
889 0.47837810279266485 0.22896113534706655
888.5 0.47846389243179094 0.2290435494592949
888 0.47855874483233196 0.22913288490841993
887.5 0.47872215996941064 0.22928985108844238
887 0.4784835547182391 0.2290603712020456
886.5 0.47837487737645146 0.2289585951040627
886 0.47837887402102425 0.2289605999954253
885.5 0.47828267124005275 0.2288732104007395
885 0.47844952246278094 0.22902924572558866
884.5 0.47843435831448894 0.22901408824346317
884 0.47842859326098014 0.22900972415776796
883.5 0.4783907545106621 0.2289739935383464
883 0.4783968952940223 0.22897967685851633
882.5 0.47821785686217994 0.22880840068521302
882 0.47848520220384 0.22906663773922673
881.5 0.4781874265250272 0.22878165397783246
881 0.47820404536193306 0.22879569419317694
880.5 0.4785566714005686 0.22913036021664215
880 0.4785455304481926 0.22912574588789042
879.5 0.47864456760124335 0.2292182008827012
879 0.4781821311853807 0.2287769694612578
878.5 0.4782963566195786 0.22888352303388568
878 0.47843295029592053 0.22901970254966522
877.5 0.47843652096322387 0.22901869175976108
877 0.47812673256858707 0.22872215303560253
876.5 0.47809058004571786 0.22868741868093598
876 0.47809421470992924 0.22869126880779184
875.5 0.4781274807350894 0.22872348597051032
875 0.47826514063088627 0.22885139539760782
874.5 0.47808466146538053 0.22868092077790636
874 0.4781314527080214 0.22872576148837884
873.5 0.4781812481759924 0.22877435696015055
873 0.4782427564089971 0.22883077093421958
872.5 0.47810820172858254 0.22870328568144083
872 0.4781377403700354 0.22873029615452797
871.5 0.4780308095669864 0.2286334484514868
871 0.4780574171872747 0.2286529502372683
870.5 0.4780467779290325 0.2286431415017849
870 0.478121229200643 0.2287169552996777
869.5 0.4781629470851068 0.22875651305559278
869 0.4780041283331727 0.22860252164148262
868.5 0.4780424488751635 0.22864220625931395
868 0.4779089759687749 0.22851216515299277
867.5 0.4778107085428265 0.22841932449574046
867 0.4778186535154268 0.22842844480755567
866.5 0.4776432451569624 0.22825782099131503
866 0.47761744438345743 0.22823472153852903
865.5 0.47785854185248017 0.2284669071508683
865 0.47793504313312535 0.2285364561783751
864.5 0.4777100326039339 0.22832696028205113
864 0.47791707660856797 0.22852061064904183
863.5 0.4778166951765256 0.22842913069402637
863 0.47783640523952675 0.22844573887410785
862.5 0.4778197370841067 0.228429380738486
862 0.4777988541479393 0.22840550305521934
861.5 0.4776242487452876 0.22824063640575706
861 0.4775750029392793 0.22819423950437773
860.5 0.47733168970585166 0.2279611481317824
860 0.47762911501819705 0.22824453079251775
859.5 0.477480745605428 0.22810441932649805
859 0.4777106717883241 0.2283219880212598
858.5 0.4776524779545687 0.22826589078307796
858 0.47782846903894244 0.22843840132105003
857.5 0.47762501208381547 0.22823954525595527
857 0.4774684638779309 0.22809481005947016
856.5 0.4774879837494511 0.22811062953741099
856 0.47749716269563913 0.22812054758505224
855.5 0.47742744441036084 0.2280525011624875
855 0.47771481994098797 0.22833099973472867
854.5 0.47768580952715806 0.22829991109691722
854 0.47750412599988706 0.22812512892184153
853.5 0.4772989429670307 0.22793272713423718
853 0.4774653978265051 0.22808986939879775
852.5 0.4776873836337213 0.2282976516465803
852 0.47744238278228285 0.22806908391915465
851.5 0.47740123930163486 0.22802846199626403
851 0.4776404176114479 0.22825568331066715
850.5 0.4771303128640111 0.2277711148739184
850 0.47731599553375587 0.227947036970805
849.5 0.4772940250439284 0.22792684382326392
849 0.4772821232514978 0.22791644408772255
848.5 0.47726660546170735 0.22790332982067962
848 0.47731401045662375 0.2279438206457386
847.5 0.4773768179360081 0.22800545208553222
847 0.47712813534222714 0.22776637829766508
846.5 0.4771935283973024 0.22782827497851738
846 0.4772266960342514 0.22786552323996453
845.5 0.47722077959816783 0.22785711410297121
845 0.477235435728866 0.22786789166940336
844.5 0.4773129936305197 0.22794697563216726
844 0.4772693063775327 0.22790270121230302
843.5 0.4772572235422199 0.2278900506033923
843 0.4770202060416543 0.2276657446305371
842.5 0.4771013989526082 0.2277433093326623
842 0.47717884510201597 0.22781529442162332
841.5 0.47729079900043164 0.22792254981750482
841 0.47717657497510324 0.2278141286215391
840.5 0.4770362751191927 0.22768007632368556
840 0.47712028654599614 0.22776311113057993
839.5 0.4768625073273171 0.22751134728380798
839 0.47703022811730517 0.22767383264787946
838.5 0.4770696980521125 0.22771360597167747
838 0.4769956486228594 0.22763986528546548
837.5 0.47689947565033086 0.22755067523205788
837 0.4770177032038981 0.22766062050071328
836.5 0.4772808133241923 0.2279189787893165
836 0.4767646043127375 0.22741873083554648
835.5 0.4768749971998607 0.22752806693185265
835 0.4770121828905917 0.2276585496115777
834.5 0.47710645395274454 0.22774721343874543
834 0.4770366518109801 0.22767907378782026
833.5 0.47701540275462223 0.22766148833744837
833 0.4768047333158263 0.22745910100815886
832.5 0.47694144574122266 0.22759256304795167
832 0.47677884721446656 0.2274341863587395
831.5 0.4769085033397367 0.22755553602774461
831 0.4768074983068633 0.22746070590507866
830.5 0.4769125996962207 0.2275615841885779
830 0.4765856066623679 0.22725116576736237
829.5 0.47668733314558515 0.22734629519404886
829 0.47674531612711624 0.22740465419113914
828.5 0.47679414462660313 0.22745048870138226
828 0.4768086787242976 0.22746452794904554
827.5 0.4767200257774902 0.22737957720404922
827 0.4764066474677526 0.22707715587862226
826.5 0.4767261812282135 0.22738406632725824
826 0.4767381088700002 0.22739657944492941
825.5 0.4766616580059693 0.2273247523662968
825 0.47651145057033145 0.22718119185380004
824.5 0.47635561808032223 0.22703343981263605
824 0.4766729594197315 0.22733229417880188
823.5 0.4764236456419864 0.2270951194838012
823 0.4765801382890019 0.22724608858655007
822.5 0.47630545606869396 0.22698347595307422
822 0.4762799863961355 0.22695745160987368
821.5 0.47639043540758796 0.2270651812968093
821 0.47620731091171214 0.2268906393485546
820.5 0.4763463926931173 0.22702452907872556
820 0.47648599593975216 0.22715374660912696
819.5 0.4764645464661963 0.22713553701557637
819 0.4761996642733027 0.22688363845114257
818.5 0.47628430094587443 0.22696294969685488
818 0.4763194281792224 0.22699549590023527
817.5 0.4763765082767577 0.22705209655618075
817 0.4760335012906346 0.22672666581231393
816.5 0.47598629548218013 0.22667671289666605
816 0.47643531301414566 0.22710284061824257
815.5 0.4762168004020248 0.22690226536721933
815 0.4760578163211759 0.22674751812720048
814.5 0.4762261318950694 0.22690951012442329
814 0.47618609000806766 0.22686966622339383
813.5 0.4761915676147444 0.22687410403078512
813 0.476105602725935 0.226792999588374
812.5 0.4757146693389431 0.22641986611872586
812 0.47593585923861337 0.22663517450992493
811.5 0.47619953853617053 0.2268814078226955
811 0.4761456954850624 0.22682917666815183
810.5 0.4759910268203107 0.226685043181427
810 0.47611831933080984 0.22680709498870075
809.5 0.4760007446164374 0.2266925876361877
809 0.47608393321261433 0.2267724739509541
808.5 0.4759057037836827 0.22660096331661445
808 0.4758031243044553 0.2265033224603341
807.5 0.47603099825435397 0.22672256239773192
807 0.4759621367236992 0.2266567593818929
806.5 0.4759329495336589 0.22662735685435445
806 0.4758410735473808 0.22654167200762507
805.5 0.47582105239081973 0.22652040579376503
805 0.47603143162357253 0.22672356100957314
804.5 0.47597725233285365 0.22667407754058508
804 0.47556341456654383 0.22627692118099696
803.5 0.4758171601492149 0.226519922281377
803 0.47597990146561786 0.22667127199021223
802.5 0.4758211837330126 0.22652211673119907
802 0.47571654192895485 0.22641999422988554
801.5 0.47576581261613266 0.22646764766774702
801 0.47554689341153616 0.2262647682615277
800.5 0.4756232482445129 0.22633564411869195
800 0.475851011571758 0.2265530919046069
799.5 0.47592194351811123 0.22661933584188784
799 0.475720945094538 0.2264263509315972
798.5 0.47557415405351017 0.22628500726185102
798 0.4756590305870569 0.22636788387422407
797.5 0.47564856766436386 0.22636176207845665
797 0.475536593288016 0.22625589773541926
796.5 0.4754480353525191 0.2261669290318375
796 0.4754581300406938 0.22617721979394625
795.5 0.47544557586428354 0.22616307754183215
795 0.4754157037549658 0.22613822007568485
794.5 0.4752852897247141 0.22601271778404433
794 0.4753275317061977 0.22605673486275388
793.5 0.47549342476642936 0.22620953072340438
793 0.47537558656735074 0.22609943653023823
792.5 0.4755565259741246 0.22627095893562427
792 0.4753851599213871 0.22610610159363828
791.5 0.475319755614193 0.22604553927592563
791 0.475524196110676 0.22623919623286914
790.5 0.47516164737445243 0.22589659295471157
790 0.47541751333447463 0.22613889504287646
789.5 0.4750655152762813 0.22580356865315895
789 0.47549043537581254 0.22620778878043551
788.5 0.47518610418106255 0.2259232493068782
788 0.4754321203420572 0.22615083922811965
787.5 0.4753243149991197 0.22605212822844828
787 0.47488789114689123 0.22563707349033887
786.5 0.4751837261558283 0.22591597549021156
786 0.47508282293812965 0.22581801575138546
785.5 0.4750820108022933 0.22582118112248575
785 0.474990039648732 0.22572933541598839
784.5 0.47524177698285736 0.22597063172776352
784 0.4751165479031037 0.22585556326579068
783.5 0.4752648763882643 0.2259937287603596
783 0.47505758456103947 0.22579824676398677
782.5 0.4749313180984999 0.22567866270294265
782 0.47513816270386755 0.22587243729231812
781.5 0.4750084901835721 0.2257497072159785
781 0.4750378068698893 0.22577668970206452
780.5 0.47479081557969266 0.22554070826930364
780 0.4748791329444016 0.2256251226297695
779.5 0.47481473373933275 0.2255613856359027
779 0.47493656400994033 0.22568001115996372
778.5 0.4745676593898126 0.22533187649025152
778 0.47479166938389306 0.22554414697485833
777.5 0.47489665180159885 0.22564535032639754
777 0.47481794740314126 0.22556875852802194
776.5 0.4746684048589508 0.22542731086272805
776 0.4748056098912383 0.2255583626672459
775.5 0.4748061261559776 0.22555556689284134
775 0.4747317140784688 0.2254890385296145
774.5 0.47453295462455386 0.22530026115690716
774 0.4748051270684225 0.22555668165386766
773.5 0.4745155137929149 0.22528282837312424
773 0.4747345092613358 0.2254895800039504
772.5 0.47473818747077806 0.2254948819269064
772 0.47451348359055123 0.22528075864585087
771.5 0.4745902693474738 0.2253537196096525
771 0.4746954241123092 0.2254521407740794
770.5 0.47429314229304465 0.22507126025709384
770 0.4746317742887343 0.22539066859607887
769.5 0.4746531916332355 0.22541285766654415
769 0.4748811349839892 0.22562847087637844
768.5 0.4744540392930023 0.22522312739440067
768 0.4741610762560412 0.2249449415630579
767.5 0.47437040052596324 0.2251453877173507
767 0.4741972421740485 0.22498142552421457
766.5 0.47422875711488605 0.22501597561766445
766 0.4745842978931511 0.22534683258876825
765.5 0.4746497798639296 0.22540934456556505
765 0.4744058074932243 0.22518088328198327
764.5 0.47409136882247216 0.22487869822617035
764 0.47422504470412885 0.22500543365774234
763.5 0.4744407207121151 0.22520957753107743
763 0.4743641958782847 0.2251390430816257
762.5 0.4743933767896103 0.22516564406814632
762 0.47412126535076177 0.2249070031137591
761.5 0.4743041070786674 0.22508025651135471
761 0.4740474489078578 0.22483904473146474
760.5 0.47443528062262363 0.22520591254446398
760 0.47403116060987877 0.22482229454528324
759.5 0.4741514731182667 0.22493680278081124
759 0.4741166908242127 0.22490321096612953
758.5 0.4740981384926651 0.22488915048598632
758 0.4741334041502954 0.22492185556280414
757.5 0.47392349009126716 0.2247207046406747
757 0.4741695731851854 0.22495671219241475
756.5 0.474026841323091 0.2248195834497273
756 0.47392721356452483 0.2247244654215878
755.5 0.4739806199800726 0.224776073957347
755 0.47389217851776994 0.2246914272980899
754.5 0.47405977544499434 0.2248471911278336
754 0.47419709084670436 0.22498085365853343
753.5 0.4737913708048061 0.224596834208651
753 0.47372452494872125 0.22452954655955837
752.5 0.4738870740918989 0.2246846205839762
752 0.47367482742062483 0.22448407077060598
751.5 0.47398656972653663 0.22478159167527872
751 0.47384791191968734 0.22464911991107306
750.5 0.4737453801471215 0.22455184246168253
750 0.4737961037470401 0.22459903062698097
749.5 0.47369500606916576 0.22450572978487837
749 0.4738127723228929 0.2246153841762192
748.5 0.4736264431128855 0.22443834859559603
748 0.4735635639204411 0.22437767991325433
747.5 0.47372473544326166 0.22453516855548872
747 0.4738465788224094 0.22465006918046773
746.5 0.47354438329149734 0.2243602075655062
746 0.47319002776391234 0.2240260131100776
745.5 0.47360121728826693 0.22441712598070235
745 0.47338990217307425 0.22421563148866433
744.5 0.4732712999843429 0.2241013879029246
744 0.47348063283074976 0.224300135975643
743.5 0.4735787820973522 0.224392332249752
743 0.4734210702017822 0.22424568032448167
742.5 0.4735083822805495 0.22432545163350232
742 0.47319086100077085 0.2240248984414135
741.5 0.4734315598054303 0.22425307152373103
741 0.47332658536396055 0.2241570505678753
740.5 0.4732821008468494 0.2241135780936659
740 0.4733813009740988 0.224206800973422
739.5 0.47318958032304337 0.22402212862897775
739 0.4730064777972684 0.22384872259437055
738.5 0.47315847253692295 0.2239955786674527
738 0.4732860398021317 0.22411926646892086
737.5 0.4732086882075179 0.22404309528222993
737 0.47330265935562577 0.22413346199725606
736.5 0.4731774436048004 0.2240123667025645
736 0.4730120055401501 0.22385795586145182
735.5 0.47342102611087866 0.2242448685993497
735 0.473146070132509 0.22398125416173176
734.5 0.47293320639284037 0.22378324407901234
734 0.47282117478093283 0.22367922835815301
733.5 0.47268579537096883 0.22354934478300176
733 0.4730904369539217 0.22393305261386204
732.5 0.47311570455870805 0.22395348595253806
732 0.47288415467486267 0.223739383385723
731.5 0.4731174127541529 0.2239552936940375
731 0.47285115521548404 0.22370445629990296
730.5 0.4728069216520591 0.22366296881268977
730 0.47305090525394905 0.22389668420493147
729.5 0.47299786001899236 0.22384366336972192
729 0.47277391339417707 0.22363060633385898
728.5 0.4729791119954626 0.2238240080412637
728 0.47248205175112956 0.22335731264707653
727.5 0.47303533575751566 0.2238823164135242
727 0.4726328827280125 0.22350000988031776
726.5 0.47283156106906493 0.22368896499607324
726 0.47288097506339005 0.2237348257080296
725.5 0.47255618089110474 0.22342584104138577
725 0.4725425694865651 0.2234133965225611
724.5 0.47245505268922233 0.22333196489742652
724 0.47254861145989785 0.22341925729466755
723.5 0.47262233413904037 0.22349293817385066
723 0.47251737020651957 0.22338801683437312
722.5 0.4725671053866042 0.22343720143600487
722 0.47246293023508185 0.22333620820728786
721.5 0.47224840145595776 0.22313474478086068
721 0.4724270860524693 0.22330659479717835
720.5 0.4723666896318191 0.22325005835494072
720 0.4722701417502881 0.22315595608012204
719.5 0.47233945431736263 0.2232208326892683
719 0.4719903591140857 0.2228926346996226
718.5 0.4723243586373935 0.2232049580918577
718 0.4721954639047213 0.22308557497796683
717.5 0.4720697847898424 0.22296544342653188
717 0.47217509742017966 0.22306782246529233
716.5 0.47234838790347516 0.22322854822204172
716 0.4722217842069319 0.2231096869837343
715.5 0.47197726135686774 0.22288133163074078
715 0.47181930871746025 0.222730929137188
714.5 0.4720157615280658 0.2229138045950298
714 0.4719789763720662 0.2228811889382961
713.5 0.47229074505966745 0.22317824943029813
713 0.47222781099868194 0.22311695487060224
712.5 0.472120671206608 0.22301314155997015
712 0.47174714059053524 0.2226628499196839
711.5 0.471822334180007 0.2227330880862226
711 0.471934104599117 0.2228389018654962
710.5 0.4721115843091394 0.22300856336035177
710 0.47214141843904417 0.22303528128509004
709.5 0.4720173603441141 0.2229180458335535
709 0.47180550022895085 0.22271474007529093
708.5 0.47206751283949877 0.22296704855257374
708 0.4718127691679562 0.2227230502066835
707.5 0.47172974174742194 0.22264596174630188
707 0.47191863118754956 0.22282187766920108
706.5 0.4715855947167767 0.2225076623680625
706 0.4717261459089955 0.22264369942989956
705.5 0.47159786144997684 0.22252107740667257
705 0.47159827382603525 0.2225260402276866
704.5 0.47185282476306406 0.22276140693458216
704 0.4717341865121084 0.22265226186652168
703.5 0.4715715051859157 0.22249582878041663
703 0.4716382094051442 0.22255942687689176
702.5 0.4715383548827624 0.22246754072077124
702 0.4718817383229867 0.22279063052533438
701.5 0.4714788834220638 0.22241024631581255
701 0.4715774643337508 0.22250334073397457
700.5 0.4714934958753804 0.22242502066016442
700 0.4715010433224042 0.22243097036244253
699.5 0.47126060596410396 0.222204053692587
699 0.47144160231026716 0.2223719268934468
698.5 0.4713571435781101 0.2222942351940532
698 0.4712801804448907 0.2222219313213627
697.5 0.4713717832852621 0.22230809230178655
697 0.4712920976776328 0.22223654998737585
696.5 0.47110971614272695 0.22206074934092473
696 0.4710307864561303 0.22198769258597179
695.5 0.47121183191444704 0.2221580608710843
695 0.47133866639506333 0.22228137301488793
694.5 0.4710237500540714 0.22197998362392765
694 0.47104015228403034 0.22199532279153056
693.5 0.47123942630060955 0.22218406237595767
693 0.4710156545903506 0.22197235973304286
692.5 0.4710285619055503 0.22199015448328466
692 0.471058504938614 0.22201500165183183
691.5 0.4707543480686081 0.2217258231047924
691 0.47119932180171037 0.22214914633195368
690.5 0.4709731847195545 0.2219331808213068
690 0.4707503705812375 0.22172372175822586
689.5 0.4711065866908293 0.22205899245985122
689 0.47071244117978583 0.22168821269715402
688.5 0.4709366634116544 0.2218981175793468
688 0.47108884877001844 0.22204078517930068
687.5 0.4708636631729039 0.22183193235533663
687 0.4708033606415262 0.22177344493921491
686.5 0.47063000669723765 0.22160982320143321
686 0.4707795169208411 0.22175002559522453
685.5 0.470842866885281 0.22180777119868547
685 0.47068504039880765 0.22166016603258745
684.5 0.4707424785955253 0.22171779208019415
684 0.4706225541548347 0.22160395272870054
683.5 0.4707814990915618 0.22174866608642024
683 0.4707789502799675 0.22174871341011995
682.5 0.47077084078256054 0.22174015166653407
682 0.4704079542545188 0.22140209058406263
681.5 0.4705522797796986 0.22153526391081113
681 0.4705260311461091 0.22151056669805433
680.5 0.47062941476747394 0.22161041001532386
680 0.4706211079268438 0.22160468464264305
679.5 0.4703487911224246 0.22134336639070962
679 0.47049298107476517 0.22148194852191044
678.5 0.47025910413983524 0.2212626211770899
678 0.470391115221947 0.22138639101843816
677.5 0.47044458716708054 0.22143953132536348
677 0.4704773754263132 0.22146484444412856
676.5 0.4701045351704358 0.22111508182857367
676 0.4703832798394206 0.221378981722244
675.5 0.47034474964787576 0.22134274517479333
675 0.4702996023279091 0.22129834792242303
674.5 0.470138496739988 0.2211463660702353
674 0.4702550571788892 0.2212600408807006
673.5 0.46991899034161005 0.22093812099759735
673 0.47032564433303825 0.22132358494448895
672.5 0.470280481810092 0.2212798420705067
672 0.47004837794995713 0.2210638842843289
671.5 0.470099457277124 0.22111285774046247
671 0.46994977141627037 0.22097434774931718
670.5 0.46999171993166344 0.22101264132852141
670 0.4699293704221399 0.22095513432682265
669.5 0.46985306414040645 0.22087783805367606
669 0.46988688985471494 0.22091369183986548
668.5 0.4698159401186392 0.22084441172098784
668 0.46972681929566645 0.2207627203001934
667.5 0.4698664725820182 0.2208921048266124
667 0.4696828650370354 0.2207197841148586
666.5 0.469790706476934 0.22082100120322704
666 0.46997369045609255 0.22099333215191988
665.5 0.4697198434891417 0.22075338678273956
665 0.4697526624119657 0.22078498192214296
664.5 0.4696507094533047 0.2206865269230141
664 0.4695277280766462 0.22057535657327448
663.5 0.46936561688672135 0.22042396857435156
663 0.469607512795896 0.22065226948967298
662.5 0.46934213150956877 0.22040259614230404
662 0.46949424286847186 0.22054087366953312
661.5 0.46934621105783997 0.2204013312035057
661 0.46927969979291717 0.22034123521883606
660.5 0.4692265847674375 0.2202916479467169
660 0.4694507173365558 0.22050374003310827
659.5 0.46933432578160045 0.22039192944104652
659 0.46921358269444324 0.22028074023757874
658.5 0.4694124470021676 0.22046583551501808
658 0.4690958724625658 0.2201722374213664
657.5 0.4694197839493026 0.22047277636305726
657 0.4693061712580731 0.22036797820211018
656.5 0.46901003937962293 0.22008635327640952
656 0.4690463637646594 0.22012293417645856
655.5 0.4690190728054678 0.22009573566278676
655 0.46916128927544565 0.2202307771651817
654.5 0.4692545213929755 0.22031904415682352
654 0.46929622051189634 0.22035629099398496
653.5 0.46899861712809343 0.22007534145900504
653 0.4692016623055167 0.22026469354566125
652.5 0.4691718981265749 0.22024134350246802
652 0.46903298471521615 0.2201099555086484
651.5 0.46880131380697787 0.21989437568231485
651 0.46885861001461154 0.21994649567835875
650.5 0.46885803809377136 0.21994536752656044
650 0.4691261246317239 0.22019476643476457
649.5 0.46921491809446086 0.22027733146076622
649 0.468928165625813 0.22001119686341988
648.5 0.4689012108598413 0.21998964004089405
648 0.4686420870028392 0.21974196011225336
647.5 0.46880267356944344 0.2198951523854774
647 0.4685471992544979 0.21965400767793464
646.5 0.4684938712394554 0.21960830017026356
646 0.468710711758425 0.2198093220302686
645.5 0.468721450863466 0.21981806588035305
645 0.46853360430881336 0.21964224243514063
644.5 0.46855616297369823 0.2196626574986896
644 0.46872039485603006 0.21981421240689267
643.5 0.4685044570644604 0.21961550914549097
643 0.46867867964205456 0.21977506787602188
642.5 0.46863090220143677 0.21973106918144766
642 0.46801825733182834 0.21916122351128337
641.5 0.4681837262242323 0.2193159499055452
641 0.4683611571552791 0.2194796103892272
640.5 0.4682669260529033 0.21939426131624262
640 0.4683546831559784 0.21947414473870425
639.5 0.4681715876659155 0.21930519226460313
639 0.4683965135908784 0.2195133174707032
638.5 0.4684354760341942 0.21955274756841292
638 0.468201161951282 0.21932968047293042
637.5 0.4678644398815529 0.21901435237436195
637 0.46809949433780385 0.21923412425636887
636.5 0.4682016776893401 0.21932581357340925
636 0.46797778020534353 0.2191209346223727
635.5 0.4681489493432597 0.21928084358089753
635 0.4681420415610747 0.21927307538328775
634.5 0.46811024539379215 0.21924432786250098
634 0.46791721031211475 0.21906600913781277
633.5 0.46820216052774555 0.21933290051671522
633 0.4680527857021926 0.21919410645188075
632.5 0.4680370087613189 0.21917707768652794
632 0.46792700899002293 0.21907289673430722
631.5 0.46752789146068013 0.2186990614546551
631 0.46782933846515856 0.21898301529968636
630.5 0.4675703679090943 0.2187397294586894
630 0.46779799297552377 0.21895366477553355
629.5 0.4678352067713182 0.21899002400131098
629 0.4678250756218523 0.21897637255220562
628.5 0.4678172701881994 0.21897146878112023
628 0.4676912732194376 0.21885249264954446
627.5 0.46766142669386207 0.21882617749867625
627 0.46749474645292893 0.21866705458624203
626.5 0.4674565780774823 0.21863810713379875
626 0.4675880177200129 0.2187562377316024
625.5 0.4670865031762467 0.21828872865855664
625 0.46759380968850944 0.21875901202329665
624.5 0.46726003382915454 0.21845115039416985
624 0.46726145147631987 0.21845316915511742
623.5 0.4674270458490602 0.218605253442946
623 0.46749216321169124 0.21866936358020145
622.5 0.46731405018827094 0.21849896640070646
622 0.46713071193959693 0.21832987764919357
621.5 0.46713894981303083 0.21833735979408234
621 0.46723062397460247 0.21842274472060288
620.5 0.46708140486310823 0.21828436805045034
620 0.4670970783612992 0.2183015208556473
619.5 0.46712920238234323 0.21832653978822988
619 0.4669915436353778 0.2181994448149285
618.5 0.4670322617947588 0.2182350524925834
618 0.4669630019398882 0.21817085887653145
617.5 0.46691062488698815 0.2181244575770439
617 0.4669341188376427 0.21814402530460597
616.5 0.4666255359519466 0.21785615465133695
616 0.4670536819168633 0.21825672757169884
615.5 0.46689520250441374 0.21810959630251806
615 0.4670576891980737 0.21826061374476535
614.5 0.46674463045920284 0.21796903169101703
614 0.46679230699298524 0.2180110207857582
613.5 0.4667047100925653 0.21793153648385086
613 0.466610479942286 0.2178456015939845
612.5 0.4667471602781591 0.21796763432855867
612 0.46679458534290313 0.2180144415297503
611.5 0.4665731757637859 0.21781143269540926
611 0.46671232883088565 0.21793877760314898
610.5 0.4664633052888982 0.2177082604807608
610 0.46647654489795054 0.21771887863682732
609.5 0.46650320146171537 0.2177418938892385
609 0.46652721738965947 0.2177651669823332
608.5 0.4664104234660502 0.21765395803693852
608 0.4664431025560662 0.2176883060242561
607.5 0.46661915063917764 0.2178512581311866
607 0.4663227894945271 0.21757581662809233
606.5 0.46645850206235084 0.21769965409660855
606 0.4662537760052733 0.21751253700947965
605.5 0.4662860279741989 0.21754309566370153
605 0.4662015540121219 0.217463588442247
604.5 0.4663028319336168 0.21755501993797566
604 0.46607644992225605 0.21734861406632228
603.5 0.46594846912916404 0.21722679538495196
603 0.46611834613992137 0.21738704848301144
602.5 0.46618551803008457 0.21744433381065664
602 0.46611694515222446 0.21738548222319992
601.5 0.46592984938214455 0.21720782030178648
601 0.4659885526542728 0.21726317211316507
600.5 0.46573847767536675 0.21702708337883742
600 0.4659369550836339 0.21721543229420062
599.5 0.4658163189093633 0.21710304088534327
599 0.46587128168586533 0.21715731874806485
598.5 0.4658833163078347 0.21716473934347882
598 0.46591667050783847 0.21719621245153806
597.5 0.4656758690040796 0.21697325663105813
597 0.46584223203162467 0.21712691107436452
596.5 0.465588884026166 0.21689075731016202
596 0.4657990092820183 0.2170870603338388
595.5 0.46565048978855833 0.2169507956185716
595 0.4653982714477167 0.21671474660885234
594.5 0.46539909419007947 0.21671546865662875
594 0.46531399340582336 0.21663714263501183
593.5 0.4654996037168522 0.21680926816433282
593 0.4654726835688748 0.21678313152163345
592.5 0.4652625273462245 0.2165887725618652
592 0.46512533980855464 0.21645934528909636
591.5 0.4652692500340463 0.2165961206932682
591 0.4650466303273177 0.21638722075182243
590.5 0.46529553766055193 0.21662007587255086
590 0.46516732467463706 0.21649876770775187
589.5 0.4651282616997597 0.21646271579645343
589 0.4653024834556644 0.21662451311738676
588.5 0.46511520399608464 0.2164505094975865
588 0.46519581861626613 0.21652375924906117
587.5 0.46487985474177973 0.2162330941608603
587 0.46500617690716384 0.21634848456618336
586.5 0.4649650588576876 0.2163119753240422
586 0.46485073727660053 0.21620883275669914
585.5 0.464946935886189 0.21629436125586138
585 0.46488787457969555 0.21623832418155325
584.5 0.4647546016939257 0.21611597785221298
584 0.46470984433738954 0.21607301561463935
583.5 0.4647874080106392 0.21614740678363695
583 0.46451194347791414 0.2158911422425359
582.5 0.4648889168184269 0.21624284282790715
582 0.4645966824443459 0.2159684514510791
581.5 0.46450064034036337 0.21588043744808447
581 0.4647463963056082 0.21610346128748206
580.5 0.46466110756563245 0.21602957430678305
580 0.4645185770277556 0.21589707245168566
579.5 0.464421406323534 0.21580605904979833
579 0.46443686896323944 0.21582226856655132
578.5 0.4645470912760324 0.21592448600818484
578 0.46410236458546916 0.21550841329753448
577.5 0.4644311883531833 0.21581337187876476
577 0.4641777390435344 0.2155809097784612
576.5 0.4642781826584078 0.21567229776077781
576 0.46440410802520266 0.2157899193207988
575.5 0.4640831429970854 0.2154932407930902
575 0.46405721043411663 0.2154696792628629
574.5 0.4640017606364315 0.21541567009611245
574 0.4637301504459859 0.21516446074438628
573.5 0.46439713958181766 0.21578596540296083
573 0.46370425859370296 0.21514317455288715
572.5 0.464228456232785 0.21562515870829072
572 0.4638974908741288 0.21531780501624867
571.5 0.4639511161106224 0.21537262998618936
571 0.46380492640921656 0.2152335799639722
570.5 0.463872571623063 0.21529848185248898
570 0.46383638715638137 0.21526405227488388
569.5 0.46360834797375683 0.21505301229259546
569 0.46389334354980155 0.21531557646770344
568.5 0.4638675551995245 0.21529164515261562
568 0.463740461549329 0.21517460411715078
567.5 0.46374162128055346 0.21517615102735355
567 0.4635532194964015 0.21500019119408936
566.5 0.4635643920524634 0.21501121374265192
566 0.4634988872515326 0.21495240511094138
565.5 0.4635672316672571 0.21501461784747164
565 0.46342102202668994 0.21488039844847218
564.5 0.4632829948054916 0.2147496676279955
564 0.46343043804067974 0.21488726111391793
563.5 0.46338361346792273 0.21484320137815582
563 0.46322091316419084 0.21469353595882332
562.5 0.46308776588601847 0.21457033635621034
562 0.4632322576957323 0.21470271849291875
561.5 0.4634187969752614 0.2148782243252949
561 0.46294602942542634 0.21443796813017968
560.5 0.46299475487420144 0.21448111062883815
560 0.46304210043564614 0.21452681787600272
559.5 0.4630228199129537 0.214511407475248
559 0.4628971398066082 0.21439265344608954
558.5 0.46317843346313003 0.21465270758611352
558 0.46304718509020626 0.2145310119229042
557.5 0.462717412699276 0.21422764230910057
557 0.462943482768879 0.21443639776494156
556.5 0.46280222767196894 0.21430316765159835
556 0.4627097294875791 0.21422077339939774
555.5 0.4630182763130326 0.21450200436548206
555 0.4624915327591135 0.21401822167775883
554.5 0.4626023850294479 0.21412065168274055
554 0.46276051433077214 0.21426670412019258
553.5 0.4626341083405013 0.21414841351861336
553 0.46263468291995685 0.21415037585883712
552.5 0.46233656343291524 0.21387253562601974
552 0.4620544169989343 0.2136123224174679
551.5 0.4623770214782433 0.2139104941687568
551 0.4626604316031274 0.2141758518640116
550.5 0.462279406961098 0.21382298582068
550 0.46209115995197964 0.21364337785983922
549.5 0.4621970870476846 0.21374463059700508
549 0.46217805321513095 0.21372685885370574
548.5 0.462040249087301 0.21360016779333507
548 0.46212114843979984 0.21367423086248918
547.5 0.4621905916634391 0.21373982267915617
547 0.4620420015630268 0.2136035766037743
546.5 0.4619958179394163 0.21355890888254528
546 0.4620003398380084 0.21356169371429062
545.5 0.46179048753886426 0.21337014222677114
545 0.4614812284623231 0.2130865732993888
544.5 0.461636764432369 0.2132254071559083
544 0.46196310711032756 0.21353009463096187
543.5 0.46152155875574746 0.21312078986358468
543 0.46168102811999157 0.21327129568656358
542.5 0.46145157224694405 0.21305727984828038
542 0.4615994125707113 0.2131944336772877
541.5 0.4614805033116479 0.21308002873026374
541 0.46125793518899105 0.21287697444297707
540.5 0.46143212802525824 0.21303601525419394
540 0.461652032230209 0.21324154543447996
539.5 0.461475045609567 0.2130768403931787
539 0.4613457099134527 0.21296223984063753
538.5 0.4613878208638669 0.21299781972555573
538 0.46132429145811715 0.21293889660347934
537.5 0.46140543412349766 0.21301530048213474
537 0.46112291352927043 0.21275321489993063
536.5 0.4609541716515901 0.21260088794655355
536 0.46091389159255186 0.21255795334437735
535.5 0.4611878421635523 0.21281378013493563
535 0.4610282847580107 0.21266593486126825
534.5 0.46111114408271203 0.21274147332273738
534 0.4608690114717481 0.21252018305882156
533.5 0.46066914890232824 0.21233656474837895
533 0.4608811677568259 0.2125347662942827
532.5 0.4611347540601144 0.21276353340484463
532 0.46056270221796103 0.21223796991929364
531.5 0.4608461625803933 0.21249746819003223
531 0.4604574094049277 0.21213921169887812
530.5 0.4606384010707003 0.21230460926269593
530 0.46078135743835674 0.2124397557584824
529.5 0.46034363662913913 0.21203359564048316
529 0.4606327298174543 0.21230159819709726
528.5 0.4605232001028874 0.21220035830394354
528 0.46036810490558516 0.212056562365092
527.5 0.4603092190729811 0.21200583316348903
527 0.4601258552389291 0.2118380094213037
526.5 0.4603638345489497 0.21205522044583489
526 0.4602746596647456 0.21196960604646675
525.5 0.46024936993946486 0.2119500376602036
525 0.4600209459936678 0.2117363044186343
524.5 0.4601169814109261 0.21182748074467522
524 0.4601886162478685 0.21189556262076897
523.5 0.4599487655805884 0.21167207106963107
523 0.4602887433018727 0.21198593086498457
522.5 0.4602553297355778 0.2119520795121833
522 0.4597740091392339 0.2115104299222474
521.5 0.4598885699301642 0.21161489499738562
521 0.4598060117003739 0.21153985140265505
520.5 0.459770029737249 0.2115074166773941
520 0.45972767194264336 0.21147000277025144
519.5 0.45956324964864453 0.21131767125910844
519 0.45979943253527045 0.21153258193236094
518.5 0.45976229933999996 0.21150321061143504
518 0.4593876976315142 0.2111550913473456
517.5 0.45943884368372967 0.2112029387271046
517 0.45927170041670734 0.21105007245302837
516.5 0.45963867079413445 0.21138441410063902
516 0.4595072651091602 0.21126310545347102
515.5 0.4593010445123259 0.21107721218095563
515 0.45932436809664046 0.21109783556146694
514.5 0.4591900098618215 0.2109769330809921
514 0.45924517977404544 0.2110259342353133
513.5 0.45929447435098847 0.21107231786275457
513 0.4589489108192908 0.2107537596698175
512.5 0.45891922047868006 0.21072215208782574
512 0.4587648280880932 0.21058309706020864
511.5 0.45896901904254583 0.21077020044900072
511 0.4588413281427878 0.21065382359388204
510.5 0.45896264394380243 0.21076268222161926
510 0.45894390433424337 0.21074582969929193
509.5 0.45864292886848745 0.21047199056087593
509 0.4588486706466027 0.21066130932778235
508.5 0.4587770753444886 0.21059893000950425
508 0.45860512546096766 0.21043960242466014
507.5 0.45855500991113884 0.21039390780365155
507 0.45878054791533207 0.2105985581160467
506.5 0.45867024904129944 0.21049740271107004
506 0.45824917280587585 0.2101120147068468
505.5 0.45840063386146923 0.21024958759267687
505 0.4583824721603989 0.21023140937866094
504.5 0.45846191934994196 0.21030712263074774
504 0.45829578533999965 0.21015429615947906
503.5 0.458080586141294 0.20995692878600214
503 0.4581276152941558 0.21000074924651452
502.5 0.4581285269323825 0.2100021492790404
502 0.4584452281296945 0.21029088944542187
501.5 0.45820546493769115 0.21006973139874216
501 0.45817431678124215 0.21004315138179908
500.5 0.4579525090156801 0.20984303124757503
500 0.45765783440448543 0.20956874848797163
499.5 0.45784935532655635 0.2097463704127933
499 0.4578288853649529 0.20972374708944386
498.5 0.45789921880591955 0.20979129874337824
498 0.457808590052749 0.2097098822690908
497.5 0.457542505434512 0.20946423684606258
497 0.4575037671358018 0.20943284826202668
496.5 0.4577151155048624 0.20961912455835707
496 0.45757643118239827 0.20949214457365734
495.5 0.45747200265919 0.2093988475903759
495 0.4572925955662796 0.2092354332635991
494.5 0.4573415390219964 0.20928089408271358
494 0.4574027475506065 0.20933719414730245
493.5 0.45728152154431395 0.20922608696009923
493 0.457489084410048 0.20941440557810348
492.5 0.4572280638521507 0.2091751764843773
492 0.45714400107771896 0.20910221063669696
491.5 0.4570871859709528 0.20905026923079773
491 0.4567908045851717 0.20877761387296376
490.5 0.4568068137689603 0.20879239457337223
490 0.45708481928445693 0.20904938040728
489.5 0.4567815601214328 0.2087711874740629
489 0.4566314710026261 0.20863027820697927
488.5 0.4565154904415079 0.20852778050668871
488 0.4568721100437103 0.20885224244424697
487.5 0.456723808153635 0.20871707768659997
487 0.45677730867567445 0.20876484548726684
486.5 0.4566455883984992 0.2086473413335066
486 0.45638521000538373 0.20840291579097858
485.5 0.4566704562844454 0.2086706241275409
485 0.45637801598085326 0.20840275390499663
484.5 0.45645605127602856 0.20847238240933763
484 0.4564867370322253 0.20850078405609285
483.5 0.45634569926779134 0.20837060030776644
483 0.4562935014617495 0.20832253077224755
482.5 0.45619114702505015 0.20823148039381667
482 0.45608063963047923 0.2081273316833972
481.5 0.45593498078235617 0.20799512655879943
481 0.45595757253909486 0.2080198174255866
480.5 0.4558709998956716 0.20793765681781606
480 0.45582585749804155 0.20789839529179527
479.5 0.45560864205225243 0.20770023429882198
479 0.456059392540479 0.20811157807458852
478.5 0.4556753406065213 0.20775613776084753
478 0.45556490147400175 0.2076592521305599
477.5 0.455827059285346 0.20789868349252194
477 0.4557025915835937 0.2077843420202442
476.5 0.45550336181365136 0.20760304495072343
476 0.4555570492956977 0.20765214374897212
475.5 0.4556117395149138 0.20770365495910112
475 0.4553231912766887 0.20744155746825071
474.5 0.4553886859441589 0.20749995872562144
474 0.45523516970824096 0.20735876138024675
473.5 0.4554897033711506 0.20758741191590604
473 0.45518889668042894 0.2073172890578518
472.5 0.45511221903836424 0.20724926003801625
472 0.45501327494643534 0.2071603976107429
471.5 0.4548241186585039 0.20698663006890664
471 0.45498315910455384 0.20712916736807388
470.5 0.45476889895133865 0.20693268275480622
470 0.4547442567188124 0.20690937939625242
469.5 0.45486844604743 0.20702435100709085
469 0.4546738009878335 0.20684852754440894
468.5 0.454903375778 0.20705627459183654
468 0.4544869430033357 0.20667736958524255
467.5 0.45435415086242914 0.20655726057632667
467 0.45458778943297395 0.20676806724025446
466.5 0.4543851585866337 0.20658371224127706
466 0.4540647831729842 0.20629666532180474
465.5 0.45423926882516863 0.20645309152579164
465 0.4540666335795258 0.20629361056064718
464.5 0.4543213161988516 0.20652688235819847
464 0.45397649580306526 0.20621492303927827
463.5 0.45399068594691294 0.20622575794213954
463 0.45424583432511284 0.20646021915430351
462.5 0.45429647070668433 0.2065050778168645
462 0.4541036270894164 0.2063302058280296
461.5 0.45385638546418533 0.20610487914417
461 0.45371604097353596 0.20597831083476137
460.5 0.45374133067320116 0.20600106471137866
460 0.45376104297312725 0.20601792553499715
459.5 0.4536061529803149 0.20587660231955196
459 0.45377329666130917 0.20603020877514275
458.5 0.45328509002819 0.2055904073563994
458 0.4534219996631302 0.20571401836801895
457.5 0.4534177229893122 0.20570917119354723
457 0.45353031882675426 0.20580705838191543
456.5 0.45339250042575413 0.2056849777149957
456 0.45313542390360717 0.20545646837375503
455.5 0.4531418690442255 0.20545399415173243
455 0.4530549202465155 0.2053782763192393
454.5 0.45337683100825876 0.20567043096525905
454 0.45302293715692415 0.20535298722612783
453.5 0.4528195386994503 0.20516710856022669
453 0.45296926868906184 0.20530327072921614
452.5 0.4528162540655129 0.2051595731009026
452 0.4525731383224172 0.204941223748163
451.5 0.4528570087627386 0.2051973715093965
451 0.452741298692473 0.20509238302631808
450.5 0.452462893380441 0.2048438368902925
450 0.4523746513391764 0.20475993912248902
449.5 0.4523900097238436 0.2047764783852203
449 0.45248813189525233 0.20486307694900743
448.5 0.4523280886183183 0.20472155050821317
448 0.4523123156773892 0.2047091833274807
447.5 0.45209803321255193 0.2045124098026305
447 0.45220076405875925 0.20460477972383528
446.5 0.4523303743003055 0.2047233676886133
446 0.4520695594402902 0.2044881902970464
445.5 0.4520696444021397 0.20448663942601317
445 0.45206824344905133 0.20448649328834265
444.5 0.4517005024075052 0.20415418396843915
444 0.4518987353327549 0.20433527508213029
443.5 0.45179033501502974 0.20423567958713024
443 0.45183209078237896 0.20427765922012792
442.5 0.45182721199896514 0.20426501836245134
442 0.45166956689379467 0.2041259545940875
441.5 0.4515210751281372 0.20398935547427882
441 0.4513448369303537 0.20383271061942276
440.5 0.45119936244851033 0.20369983875738742
440 0.45141038362535535 0.203889767604762
439.5 0.45148302392964307 0.20395582772134688
439 0.45133469986188746 0.20382367162207718
438.5 0.4510781473226749 0.2035913647374052
438 0.45116831410095093 0.20367407874183802
437.5 0.4511028237303669 0.20361278011141654
437 0.4507895482235936 0.2033332007744847
436.5 0.45094980720003064 0.20347499657670112
436 0.4508513620952033 0.20338456831442162
435.5 0.4508690144052968 0.20340165559027593
435 0.4507057308578945 0.2032581199346947
434.5 0.45066364751377974 0.20321527998293887
434 0.45033634511641174 0.20292272597391792
433.5 0.45049461053769274 0.20306346477769202
433 0.45064932156021276 0.20320299591609245
432.5 0.4508745803382873 0.2034097975247993
432 0.45051454154994064 0.20308427207388882
431.5 0.45012719836576137 0.20273682759627304
431 0.45027899052863046 0.2028706624573587
430.5 0.45015314208753654 0.20275575979813415
430 0.45001394956832336 0.20263033445475298
429.5 0.44988237198478276 0.2025155908879904
429 0.44974637377873816 0.20238964294266928
428.5 0.44990875724363577 0.20253868466318206
428 0.4497831655571618 0.2024241336639652
427.5 0.4497356164208289 0.20238526598795856
427 0.44959898462496806 0.20226053564800126
426.5 0.44939947635011857 0.20208041413269925
426 0.44964027654358585 0.20229531097830497
425.5 0.44952680358136604 0.20219612798638614
425 0.44991425935867674 0.20254471199742555
424.5 0.4494511187389338 0.20212706511857567
424 0.44916713641659056 0.201871002782214
423.5 0.4491301385101458 0.20183541291134136
423 0.4489739053187865 0.20169654470362613
422.5 0.44907747002087683 0.2017937966890718
422 0.4492133906648209 0.20191555450924134
421.5 0.4488494651749359 0.2015829752408454
421 0.44912256779030324 0.201834078410672
420.5 0.448922506933385 0.20165204935057848
420 0.448529346881511 0.20130130652303685
419.5 0.4486128842404109 0.20137498500709017
419 0.44868830329187526 0.20143974083258329
418.5 0.4486153602594305 0.20137741224500466
418 0.44839847916850073 0.20118301245736825
417.5 0.4483336061733122 0.20112535177347812
417 0.4484363698178111 0.20121809319471962
416.5 0.4482321741732701 0.20103448870598586
416 0.44821698230954854 0.20101882018374137
415.5 0.4481501382379042 0.2009575575104172
415 0.44793673058388894 0.20076980233725594
414.5 0.4479342838715606 0.20076495753643728
414 0.4478273182683171 0.20067128663560113
413.5 0.4480332743948531 0.20085235607856933
413 0.4476903934289419 0.20054899174072058
412.5 0.4478335591113716 0.20067418813314306
412 0.44764480039989407 0.20050585633364976
411.5 0.44735342437147213 0.20024848661030809
411 0.4471161707670317 0.20003302412308413
410.5 0.44727051277819035 0.2001705229543507
410 0.44742789665119825 0.20031287221545888
409.5 0.4472404471402426 0.20014534456281285
409 0.44747251423974477 0.20035113266252919
408.5 0.4471072841642365 0.20002440024187218
408 0.4474993444166637 0.20037219716614585
407.5 0.44697970325378755 0.19991009921059644
407 0.4470980970121795 0.20001699188397531
406.5 0.44675057146201874 0.19970969855629062
406 0.4467304885257126 0.19968868922809505
405.5 0.4464531242308203 0.19944147397658935
405 0.44654168646188025 0.1995226244418268
404.5 0.4467078976160905 0.19966678638446594
404 0.446322944883976 0.19932886750858866
403.5 0.44647580254390296 0.19946059550030196
403 0.4462101853669661 0.19922367008419137
402.5 0.4462447082845685 0.19925685824659414
402 0.4462879681535058 0.19929130071060175
401.5 0.4458994782979057 0.19894518730259309
401 0.4459247592406666 0.19896915865159387
400.5 0.4459074557048457 0.1989537286977735
400 0.44586558002789833 0.19891572846478925
399.5 0.4457674410359205 0.19882530128129478
399 0.44555772324022136 0.19864149758393138
398.5 0.4457711546145771 0.1988311367174989
398 0.4455253677509116 0.19861136885262784
397.5 0.445509896433874 0.19859852935389893
397 0.4456498525542434 0.19872454158568484
396.5 0.44523138206410257 0.1983518999234366
396 0.4450701685553471 0.19820698533557735
395.5 0.4453909430595107 0.1984963311226938
395 0.44505762662878 0.1981955557268151
394.5 0.445230143534503 0.19835245448138708
394 0.4448972021694514 0.19805571073793457
393.5 0.44512329442758625 0.19825610235006336
393 0.4450124209193361 0.19815636306558754
392.5 0.4446959849594847 0.1978733466059219
392 0.4444829522632456 0.1976868085870836
391.5 0.4443790592135428 0.1975934378031509
391 0.44459791544668537 0.19778667439070927
390.5 0.4443542572927136 0.19757232377445258
390 0.4445469820891305 0.19774196278324735
389.5 0.44417287181071186 0.1974109679926318
389 0.4443459500688064 0.19756707697370113
388.5 0.4441231227744101 0.19736763021975542
388 0.44399962993607334 0.19725377869258137
387.5 0.4440427611099991 0.19729513935361426
387 0.44388687655235126 0.1971582216123196
386.5 0.4438818582538167 0.1971519464859266
386 0.4438291516555766 0.19710621628886466
385.5 0.4436643526045558 0.19696254199043156
385 0.4436443295665974 0.19694097321593673
384.5 0.4433029712442741 0.19663823258825153
384 0.44338853597956573 0.19671390552973952
383.5 0.443411484614894 0.19673530181724722
383 0.44343850972407467 0.19675654727912328
382.5 0.4429659812245688 0.19634111379473188
382 0.44327934736154284 0.1966204276578442
381.5 0.4427701252245804 0.19616662017583644
381 0.44280240867656334 0.19619340540727812
380.5 0.442691753336458 0.19609249382589272
380 0.44277477569569507 0.1961675625150513
379.5 0.4424074230829504 0.19584916867037536
379 0.44251954099325513 0.1959424830502285
378.5 0.4422415144869029 0.19569784392783887
378 0.4424574898654496 0.19589160744925604
377.5 0.4423553650434561 0.1958012072593917
377 0.441921940296503 0.19541896058228259
376.5 0.44184403929573046 0.19534720983217116
376 0.44200341183617564 0.19549111753316714
375.5 0.4422085080337308 0.1956687139850197
375 0.4419623441079534 0.19545331469374422
374.5 0.4417349576424221 0.19525127842245216
374 0.4417427302023971 0.19525510589752512
373.5 0.4416007396490684 0.19513198891689926
373 0.4415374969064569 0.19507764164607938
372.5 0.44158747656131686 0.19511939475117487
372 0.4412217796112932 0.19479610357853985
371.5 0.4413243169241845 0.19488923843684688
371 0.4412985966674534 0.1948627300795836
370.5 0.44124918318513817 0.19482079947600392
370 0.4409926905131706 0.19459658186852594
369.5 0.44089412494360475 0.19451036468944102
369 0.4409809392836277 0.19458533870299488
368.5 0.44085888788740335 0.194480846524085
368 0.4404937697166998 0.1941535325970086
367.5 0.44061821156216124 0.1942650980596418
367 0.44045171235526814 0.19411916777582575
366.5 0.44029334475256693 0.19397739914467074
366 0.44021680649128697 0.19391016436643574
365.5 0.4400006910610506 0.19371711932788474
365 0.4403231302661044 0.19400689823314937
364.5 0.43987168622548567 0.1936095095271114
364 0.4402329155279264 0.1939249706984213
363.5 0.439610221045158 0.19337711908536312
363 0.4401177256554716 0.19382586431676754
362.5 0.4397099667098172 0.19346332505457348
362 0.4395887968180814 0.19335851224560183
361.5 0.43936551722703093 0.19316566440314223
361 0.43960653956214835 0.193371268372167
360.5 0.43921973238078243 0.19303861475678258
360 0.43944708988668285 0.19323769779618888
359.5 0.4391134212596473 0.19294052822681462
359 0.4390780380990371 0.19290993729753636
358.5 0.4387223441627139 0.192597867369615
358 0.43869969636252026 0.1925805718222687
357.5 0.4391298552035515 0.1929551490781347
357 0.43852377273859006 0.19242397193779204
356.5 0.43847443171827494 0.1923767578612864
356 0.4384778041696717 0.19238075982523387
355.5 0.43833146659131894 0.1922574685635656
355 0.4381025180502996 0.19205418447925637
354.5 0.4381033778921004 0.19205434459354723
354 0.4380331463015661 0.19199358913460335
353.5 0.43765349581019597 0.19166443599954766
353 0.43779866320555494 0.19178889990190648
352.5 0.4376081716074852 0.19161915392623852
352 0.43768592639137105 0.1916881983133565
351.5 0.43731900595755324 0.19136736874916677
351 0.4372376915727042 0.19129587316925437
350.5 0.4373916989217052 0.1914309066302835
350 0.4371249209731313 0.19119839356266485
349.5 0.4371402931142789 0.1912159662737695
349 0.4369879387442621 0.19107792991302353
348.5 0.4369560971601283 0.19105383297943887
348 0.4367423819643639 0.1908642190718644
347.5 0.43667258715363755 0.1908052360291579
347 0.43668545093081357 0.1908152027620474
346.5 0.4366545175564688 0.1907885729275157
346 0.4364344070188641 0.19059290009794636
345.5 0.43631918138957737 0.19049909055469258
345 0.4364563826475535 0.19061504202389368
344.5 0.43618282992071605 0.19037396934331977
344 0.43591379031475186 0.19014079702883363
343.5 0.43606356411376607 0.19027183655145355
343 0.4357389171078519 0.18998900561091972
342.5 0.43561256614768906 0.1898790067159209
342 0.4355404853614296 0.18981890436229215
341.5 0.43542170238675426 0.1897094127149572
341 0.4354328331437155 0.18972580983103626
340.5 0.4354372461877704 0.18972546485679692
340 0.43521364639047816 0.18953181219529702
339.5 0.4350955604770494 0.1894307097097931
339 0.4351841706046425 0.1895064482888616
338.5 0.43497805523094435 0.18932707888651804
338 0.43498931587368195 0.1893370112430743
337.5 0.4346897391717025 0.18907442707949101
337 0.43458584597733746 0.18898437211501132
336.5 0.43468828387910996 0.1890752436405598
336 0.4344267613177887 0.18884545573487785
335.5 0.434185403158248 0.18863948720040113
335 0.4340900889493768 0.18855933492058682
334.5 0.43410859428188686 0.18856995947261027
334 0.43390057944602806 0.1883900192952223
333.5 0.4342140203203219 0.18866560859865192
333 0.43352185628985124 0.1880592803233741
332.5 0.4335674630906232 0.18810160755325603
332 0.43371440179820137 0.1882299276284647
331.5 0.4333019397832423 0.18787585142305038
331 0.43326262318092557 0.18784004872195675
330.5 0.4329707377044982 0.18758764577031753
330 0.4330542379884431 0.18765940410316753
329.5 0.4331919224741886 0.18777874124174102
329 0.4329399713668267 0.1875597401794553
328.5 0.43271756914123605 0.18736505163357925
328 0.43256785533804964 0.18723752639599364
327.5 0.43245953772899387 0.18713946799229508
327 0.4323024997410837 0.18700623082452292
326.5 0.432109818649541 0.1868401105511902
326 0.4320822132733078 0.1868147211264272
325.5 0.4321831872343718 0.18690134637721859
325 0.4319969493986395 0.18674194916805317
324.5 0.43176965716914995 0.1865454009343698
324 0.4314792631666828 0.18629648617659578
323.5 0.43170526488056715 0.1864935344898479
323 0.4317893499452856 0.18656114916778602
322.5 0.4313910415308423 0.18621856800689332
322 0.4312588977798972 0.18610371572971315
321.5 0.43111403623881184 0.1859794154362956
321 0.43133540622627464 0.1861716793813916
320.5 0.4308810494087508 0.1857803602639273
320 0.4308371567213793 0.18574375762625453
319.5 0.43045814322594633 0.18541475274250344
319 0.4302976466214708 0.18527295487578763
318.5 0.4302698091419723 0.18525152485442462
318 0.43014009064373226 0.18514021074591605
317.5 0.42997620541620746 0.18499981876059632
317 0.4301089584302344 0.18511636284610167
316.5 0.42988288028266414 0.18491856367112575
316 0.4296438311252236 0.18471424281832757
315.5 0.4297644049476386 0.18481665235992567
315 0.4294989039368351 0.18458943748169188
314.5 0.42931894761481393 0.18443463537017774
314 0.42933125530290156 0.18444304593002417
313.5 0.42944845268416143 0.18454915885711168
313 0.42893346991740944 0.1841078635156018
312.5 0.42869332137034605 0.18389620851922694
312 0.42852926492885823 0.18375971157402132
311.5 0.4289447662523372 0.18411509998911196
311 0.42849129965627625 0.1837238899407827
310.5 0.42843974789686556 0.18368095781637991
310 0.4284174971370523 0.1836648730598543
309.5 0.42795856399174786 0.18326849231323597
309 0.4280174689694476 0.18332298542178024
308.5 0.42757621932886597 0.18293973268711483
308 0.4280918228483085 0.18338509940603906
307.5 0.4277171635492134 0.1830643466382522
307 0.4275698429446432 0.18293891790512146
306.5 0.4276936316418738 0.18304372332181865
306 0.42743195692446173 0.18281714551095138
305.5 0.4276083193694489 0.1829701865436041
305 0.4270242682376325 0.18247187868892872
304.5 0.4270183564222802 0.18247023583175148
304 0.42653261626273886 0.1820519748739448
303.5 0.4265500323435348 0.18206813942248004
303 0.4265814845723636 0.1820944583291822
302.5 0.4264154780475868 0.18194972989282981
302 0.4262800181546264 0.1818368825164422
301.5 0.42600189194456994 0.18159715054351938
301 0.42586854230419197 0.18148666839273733
300.5 0.42573935204858265 0.18137571131557662
300 0.42563021468011697 0.18128523469253724
299.5 0.42551727195033223 0.1811838265261639
299 0.4254381141134395 0.18111847793012856
298.5 0.4252376815383681 0.18094855777629698
298 0.4251479823281202 0.18087046213790547
297.5 0.42496156504141763 0.1807128562650092
297 0.42499024002915065 0.18073290749174345
296.5 0.4247853978571019 0.1805616527057806
296 0.42456724709333465 0.18037868706831367
295.5 0.4245733319332177 0.18038389402943827
295 0.42436766208471843 0.1802094668861658
294.5 0.4242853005569546 0.18013867997965136
294 0.424145564156611 0.18002147914553715
293.5 0.42415660252419274 0.1800320486229314
293 0.4235660083185456 0.17952977849747073
292.5 0.42352752374500124 0.17949837144049446
292 0.42314878871928757 0.1791755941639807
291.5 0.4228786791131947 0.17894350026367845
291 0.4231602615589448 0.17918855248669419
290.5 0.4228504642433893 0.1789234621363098
290 0.4231567265683566 0.17918326857151923
289.5 0.42272401182307806 0.17881502135590793
289 0.42260468005028523 0.17871228886077667
288.5 0.4227006221668049 0.17879686205641943
288 0.42269073722184675 0.1787852280578163
287.5 0.4220175582869867 0.17821613494831937
287 0.4219957413047929 0.17820082410202215
286.5 0.4215793763368883 0.17785172648703085
286 0.42189480629028653 0.17811868977587117
285.5 0.4216567741043794 0.17791787365600767
285 0.42125314711540873 0.17757468003142268
284.5 0.4214238677802811 0.17771787154078422
284 0.42141887403156825 0.17771353238773743
283.5 0.42082766345748096 0.1772148801280114
283 0.42091587219608145 0.1772898353387655
282.5 0.42056248109046884 0.17699194138736618
282 0.42054312637675423 0.17697899661249308
281.5 0.4202734235582552 0.17674981855997926
281 0.42002115244947674 0.17653706998714852
280.5 0.4203051588556972 0.17677949469479715
280 0.42002100508373025 0.17653819744475216
279.5 0.41972765656723987 0.1762921886056755
279 0.4196472315318168 0.17622654053802117
278.5 0.4195792816990752 0.17616640008470405
278 0.4195855686748002 0.17617330755016583
277.5 0.4193131719196025 0.17594649076740534
277 0.4189654132851589 0.17565062268756976
276.5 0.4188524170387099 0.17555336628302476
276 0.41856860699645737 0.17531868941212944
275.5 0.4188647180717809 0.17556711151182325
275 0.41803705161625393 0.17487675776239436
274.5 0.41819398612106484 0.17500542043429604
274 0.4184902463337529 0.17525477902747716
273.5 0.4177848755647361 0.17466104092221507
273 0.4176403257947863 0.1745476073592342
272.5 0.41776141254711535 0.1746449357335294
272 0.41749014203694246 0.17441547856306636
271.5 0.4174440188167516 0.17437949491156374
271 0.41721248876246636 0.17418183773677515
270.5 0.4169160446490568 0.17394311103677657
270 0.41669277700129587 0.17375395195222276
269.5 0.4168839892343104 0.17391361033203817
269 0.41661787949174295 0.17369556055452645
268.5 0.41632160576249855 0.17344421015662903
268 0.4160628876340006 0.17322885334725108
267.5 0.4158643251507278 0.17306288656708163
267 0.41576382602011575 0.17297859675254337
266.5 0.41552757621267505 0.1727847144642025
266 0.41525326856271605 0.17255792770197362
265.5 0.4153752712618729 0.17265803298785762
265 0.4152696681926958 0.17257172421929
264.5 0.41506372190733604 0.17239668068897257
264 0.414889426929964 0.17225889873295028
263.5 0.4147091598041582 0.172100427778892
263 0.4143314501620607 0.1717907138021256
262.5 0.4145263786346264 0.17195285550722128
262 0.4139675328172133 0.17149028100990413
261.5 0.4142848861177296 0.17175213433633896
261 0.41367089763791187 0.17124043884728374
260.5 0.4137492275317293 0.17130842213097996
260 0.41338068602062494 0.17100764565098162
259.5 0.4129830981422906 0.1706799510802838
259 0.4132570106890333 0.17090266323632822
258.5 0.4129808858725295 0.17067140039030027
258 0.4126608242666343 0.17040996591538984
257.5 0.4124710003313641 0.17025172320413712
257 0.4123149265857221 0.1701234181320537
256.5 0.4123011543256166 0.17011178004363842
256 0.4124146813714429 0.17020531176577094
255.5 0.4118743859095402 0.16975798356331087
255 0.41156858741619157 0.16950676852302698
254.5 0.4110272522154935 0.1690653684173001
254 0.41153142104562523 0.16947629709531298
253.5 0.41107842735896344 0.1691034202562708
253 0.41085057877885495 0.16891622245620222
252.5 0.4102810042185812 0.16844627619358993
252 0.4102144514599384 0.16839538348766217
251.5 0.4102686268258844 0.16843923073863773
251 0.4099611031686748 0.1681877268223579
250.5 0.4095115447579834 0.16781857439054879
250 0.4096714280872284 0.16794911344238628
249.5 0.4091157137103241 0.1674966071815734
249 0.4094056358684249 0.16772893346008808
248.5 0.4091089101719103 0.16748519169010426
248 0.40880580096471913 0.16724231981292428
247.5 0.4088600798279024 0.16728424312022877
247 0.4086781931954235 0.1671367764702641
246.5 0.4082323150085478 0.16677391416789933
246 0.4081850744980841 0.16673540171206697
245.5 0.4075266613313158 0.1661962661544833
245 0.407670148250736 0.1663152123320035
244.5 0.4076074807477878 0.16626337638827463
244 0.40751630015146284 0.16618862965833434
243.5 0.40737756425228083 0.16607771225216536
243 0.40720481343864284 0.16593445041395868
242.5 0.406960955807718 0.16573567271854198
242 0.4065262272360081 0.16538374736759567
241.5 0.40634030283772493 0.16523069654434486
241 0.4061530778641427 0.16507903592598439
240.5 0.40592370824014895 0.16489424197574018
240 0.4055856042792821 0.16462152679209205
239.5 0.405193804304719 0.16430170777493555
239 0.4051526468548382 0.16427094966746655
238.5 0.4050395230633598 0.16417567846453807
238 0.40494921557783864 0.16410630878354165
237.5 0.4046003487730142 0.16381860754801728
237 0.4043237617613409 0.16359777637698372
236.5 0.40424057902050725 0.16353184526374928
236 0.4040058706831998 0.1633421201699822
235.5 0.40373972877241526 0.1631239224769693
235 0.403757911538856 0.16313721287157767
234.5 0.4034643381395983 0.1629042186617882
234 0.40324262866532923 0.1627248816251245
233.5 0.40278312924495663 0.1623531597001428
233 0.40257941241919254 0.16218659519862838
232.5 0.40218015198738516 0.16186885693615277
232 0.4023840042475443 0.16203077345068037
231.5 0.40228782609220665 0.16195379470434956
231 0.4017007803042489 0.1614799928047172
230.5 0.40145403700735943 0.16128606233949164
230 0.40147746726006456 0.16130188459053968
229.5 0.40125163093459737 0.16111861648381737
229 0.4010766233244793 0.1609827847339238
228.5 0.40066550700166276 0.16064866395040958
228 0.4003499316385931 0.16039907110515894
227.5 0.4001186107425008 0.1602145774156808
227 0.39992403704230467 0.16005953351379304
226.5 0.3998341469464724 0.15998546223423138
226 0.3992596600177501 0.15952610580389745
225.5 0.3993526351257262 0.15960010606165734
225 0.39907025381243244 0.15937696791692768
224.5 0.3989393515460137 0.15927121415714962
224 0.3982871004006994 0.15875558753365027
223.5 0.3982923923285097 0.158754202092168
223 0.3984855419870888 0.15890807874491966
222.5 0.3980807127175201 0.1585854911451789
222 0.3975507875674463 0.15816570680443695
221.5 0.3973604792626888 0.15801355057302
221 0.39719964186930945 0.1578830797225734
220.5 0.39693320955329753 0.1576740360128993
220 0.3965291234037505 0.15736071405043417
219.5 0.3961720772234287 0.15707262233055208
219 0.39575876372622015 0.1567446365126151
218.5 0.3958681528638051 0.1568262714334618
218 0.39547275287935574 0.15652068817255926
217.5 0.39543980023122804 0.15648820779667325
217 0.39514514650639726 0.15625807301193526
216.5 0.3949776004721303 0.1561234011406682
216 0.39467195774172487 0.15588211574244165
215.5 0.3946139525113723 0.1558374884508459
215 0.39416222280774665 0.1554822551143484
214.5 0.39381810418807905 0.15521125484707815
214 0.39381553728756197 0.15520980320488212
213.5 0.3932294803261026 0.15475157714352641
213 0.39318653505265067 0.15471151397896132
212.5 0.3929744656244393 0.15454582670383393
212 0.3924496297680234 0.15413434809080515
211.5 0.3926645995521634 0.15430289630145946
211 0.3917835856464015 0.15361253830589852
210.5 0.39220846545838667 0.15394828368603275
210 0.39169063338820326 0.153537910110765
209.5 0.3916072134016853 0.15347389184443658
209 0.3908766923958879 0.15290225351503284
208.5 0.39073761073983376 0.15279145395596247
208 0.38990669260157595 0.15214266142059496
207.5 0.3901707322198021 0.15235038487442673
207 0.3898557441949076 0.15210383124815838
206.5 0.3895629442504102 0.151876373114355
206 0.38923392404896234 0.1516182436114258
205.5 0.3894388704164755 0.15178076439703556
205 0.38900649509800156 0.15144404607096615
204.5 0.38879572222233927 0.15127531415734038
204 0.38839051886292664 0.15096551686040321
203.5 0.3880187571898799 0.15068081448832038
203 0.38771267715627544 0.15044138828033468
202.5 0.3874838939043458 0.1502627548914148
202 0.38726677035779156 0.15009082971468968
201.5 0.38672757511301564 0.14967468080051788
201 0.38644591518629734 0.14946301802542172
200.5 0.38647448294026615 0.14947809477533852
200 0.38577411811909934 0.14894026873893973
199.5 0.38559255526564074 0.14879522337015136
199 0.38551165842364804 0.14874129967146693
198.5 0.3850329711209278 0.1483719433988191
198 0.3847336514740642 0.1481337194767382
197.5 0.3846175828066187 0.1480496646554796
197 0.3842858137049714 0.14779148621341198
196.5 0.38410647459486413 0.14765635932905094
196 0.3836051211205415 0.1472708005713989
195.5 0.38309027234121185 0.14687115185036728
195 0.3831504386156864 0.1469187533450649
194.5 0.3824003551299244 0.14634884528090314
194 0.3825797634233546 0.14648468687747418
193.5 0.38218296304391974 0.1461825593593119
193 0.382171482491015 0.14617098757330216
192.5 0.3816765510361619 0.1457887899360281
192 0.38118623733431223 0.1454192391720673
191.5 0.3806876494891286 0.14503845312460614
191 0.3805643626446399 0.1449450102513139
190.5 0.3799373549482809 0.14446652666115115
190 0.37992232869217807 0.14445826961425523
189.5 0.3799330479181178 0.1444687933166762
189 0.3791748275435699 0.14388469284841357
188.5 0.3787645892614934 0.14357643135959097
188 0.37811704341379904 0.14308660986612723
187.5 0.3781273408536863 0.1430945919067559
187 0.37782430005952206 0.1428667710839295
186.5 0.377856062898297 0.14289073353142928
186 0.3771172121046855 0.14233574066608143
185.5 0.3772344980186473 0.14242188601404474
185 0.3766753397537311 0.1420025740623369
184.5 0.3761610702522356 0.14161555281173882
184 0.3755320964910676 0.1411360131596434
183.5 0.37536156227646483 0.14101291439425773
183 0.3751377836803136 0.14084084769542676
182.5 0.3748459759813294 0.1406244307811539
182 0.3747904880082359 0.14058103529008087
181.5 0.37418109801211646 0.14012829418899445
181 0.3737015297783154 0.13976475625773604
180.5 0.3741032873103974 0.1400682216754135
180 0.3729801098416109 0.13922351803820263
179.5 0.3727190563149489 0.1390339628727171
179 0.3719375084382395 0.13845478125190436
178.5 0.37175447446846716 0.1383148535151571
178 0.37124142068008337 0.13793583102676177
177.5 0.37164410877199494 0.1382298657257043
177 0.37114529036462396 0.13786006289751612
176.5 0.37062858080938094 0.13748283413256632
176 0.37044934554670955 0.13734423582199137
175.5 0.37004649712177806 0.1370479763704912
175 0.36949511902462084 0.13664079201602686
174.5 0.369001535526229 0.13627720456726836
174 0.36873019017147063 0.1360717465770059
173.5 0.36825449798247833 0.13572867596070162
173 0.3680169334074862 0.13555020211967253
172.5 0.36766588035223363 0.13528781857912822
172 0.3674618935542293 0.1351402541080727
171.5 0.36691863642142386 0.13474309357013042
171 0.36670112110637415 0.1345787272207528
170.5 0.36605271551687835 0.13410716431911487
170 0.36547730721246285 0.13368599917350837
169.5 0.36547344036536933 0.13368251977521017
169 0.36517437126975855 0.13346471162016374
168.5 0.36496884368459676 0.13331658527256016
168 0.3642632310500613 0.13279804345241614
167.5 0.3635434277317125 0.1322747397400525
167 0.36331283373787804 0.13210509808903573
166.5 0.3630926091454872 0.13195060611698378
166 0.36263409972805105 0.13161876487991742
165.5 0.3622421919679824 0.13133213779691702
165 0.3619506643660535 0.13111801873603124
164.5 0.36144916575331265 0.13075614017442916
164 0.3609084930650099 0.1303702616784973
163.5 0.36056629042695076 0.1301169619032402
163 0.3599946708985683 0.12970916573812613
162.5 0.3597356831829936 0.12952173853373486
162 0.3592762693303063 0.1291900499345773
161.5 0.3588238344978438 0.12886343859392652
161 0.35827669839987997 0.12847122581204887
160.5 0.3580152916840758 0.1282835313605019
160 0.3573821722710462 0.1278321135198497
159.5 0.3574369266007205 0.12786908902966493
159 0.3565155039536891 0.12720992714635856
158.5 0.3564662549920876 0.1271793546917233
158 0.3556514485374445 0.12659348232204629
157.5 0.35566265430124394 0.1266074631036063
157 0.35516863499841916 0.12625483874701388
156.5 0.35447342400082665 0.12575771017836015
156 0.353714018266081 0.12522142903255462
155.5 0.35355393809469643 0.12510621913956407
155 0.35322566931539134 0.12487723495352472
154.5 0.3527522292613226 0.1245414370360364
154 0.3522636173676131 0.12419722891852904
153.5 0.351634108031013 0.1237547004089401
153 0.3509873317961469 0.12329727903451908
152.5 0.3510932722324139 0.12337487237584455
152 0.3505725891947814 0.12300973727291188
151.5 0.3499069046787717 0.12254168793690537
151 0.3493316242912173 0.1221404114120834
150.5 0.3489478965428056 0.12187525566105455
150 0.3485146722169092 0.12156761411377766
149.5 0.3477397069245826 0.1210312377624482
149 0.347448142579649 0.12082767991212266
148.5 0.3470641248321683 0.12055805976888764
148 0.34674482290617753 0.12034018475922224
147.5 0.34584548001870263 0.11971652147118539
147 0.34597598421165526 0.11980827109091224
146.5 0.345123661941737 0.11921549316623387
146 0.3448564311885521 0.11903198169936262
145.5 0.34404334672928244 0.11847156370974907
145 0.34372045258009126 0.11825364772866905
144.5 0.3429532323262083 0.11772156858293947
144 0.3425782139541843 0.11747182385875289
143.5 0.3418369030807635 0.11695878028390493
143 0.34175677782875347 0.11690651403726067
142.5 0.3409742142848136 0.11636911953255517
142 0.3407898403965079 0.11624486274078172
141.5 0.34026313238482386 0.1158832381894443
141 0.3395351434252127 0.11538804694875456
140.5 0.33913405309733896 0.11511641513245316
140 0.3386274826833744 0.1147752280743361
139.5 0.3377592237678906 0.11418102775908101
139 0.33750518252230444 0.1140112372179257
138.5 0.33690256271870944 0.11360969777482273
138 0.3361363012196172 0.11309728450297328
137.5 0.3357192339274731 0.11280800668068407
137 0.33527459330106113 0.1125116143361062
136.5 0.3343827198156952 0.11191546366134966
136 0.3337106805763122 0.1114684895687235
135.5 0.33350797286734507 0.11132764060461373
135 0.33287227676356806 0.11090782615213773
134.5 0.33250216810560373 0.11065430478171602
134 0.3317781403715202 0.11018027929973395
133.5 0.3310773391961269 0.10971633945419552
133 0.33048831880177454 0.1093214096627796
132.5 0.3299164280608907 0.10894981536933321
132 0.32977031901640813 0.10884948906214684
131.5 0.3290883265169335 0.10840117641712224
131 0.3283428996584421 0.10790840472442928
130.5 0.3279645447356976 0.10766356721174207
130 0.3276934764658565 0.1074836591979967
129.5 0.3264206086459087 0.10665190859455796
129 0.3260709322760613 0.10642376307463262
128.5 0.3253076643416503 0.10592570116336077
128 0.32479207328603404 0.10558893609585102
127.5 0.3245656009190176 0.10544550154984818
127 0.3234602659473649 0.10472796837515934
126.5 0.3229874470474773 0.10442174835632051
126 0.3222906379274208 0.10396905651731218
125.5 0.321624624314416 0.10353919928038194
125 0.32084261896851274 0.10303941356765359
124.5 0.3205401888236271 0.10284479724458177
124 0.3201477522037641 0.10259537642574752
123.5 0.31925293946812167 0.10202082719294127
123 0.31864167968843377 0.10162684558369485
122.5 0.317865897983518 0.10113347605587715
122 0.3169645467458232 0.10055772108859484
121.5 0.3165807704860749 0.10031908153633615
121 0.3159738353446661 0.09994128644616135
120.5 0.31542036657079997 0.09958762189112594
120 0.31451274856767014 0.09901171839787848
119.5 0.31398950806627435 0.09868567533505265
119 0.312983877446229 0.09805492509235686
118.5 0.3127557441731683 0.097911959836789
118 0.31178706443506654 0.0973029305472247
117.5 0.31125616245070364 0.09697793325027325
117 0.3101847913406566 0.09630898153830666
116.5 0.309868394202755 0.09611221552713056
116 0.30922794518433316 0.09571747767578659
115.5 0.3088638527214064 0.09549231081383576
115 0.3076043469206349 0.09471605475457619
114.5 0.3073505237939503 0.0945549394356854
114 0.3062004213593486 0.09385489503913953
113.5 0.3057771070300404 0.09359081680474439
113 0.3048807362540553 0.09304420388429378
112.5 0.304662026596832 0.09290999098082899
112 0.30302301814938315 0.09191640548343732
111.5 0.302534452411613 0.09161960309935951
111 0.3021008039959074 0.09135403060160481
110.5 0.3009554160642665 0.09065932550699456
110 0.30078499824313437 0.09056105523676623
109.5 0.30004852264448867 0.0901185127759344
109 0.2989989268911654 0.08949033012639597
108.5 0.2982988169835854 0.0890728161878361
108 0.29744694848188136 0.08856399200540768
107.5 0.2971658924950189 0.08839498818121172
107 0.29631021315302736 0.08788591115604687
106.5 0.2950145759804126 0.08712371946251814
106 0.2944548520135654 0.0867911850154121
105.5 0.2943640038315228 0.08673803467992483
105 0.29334644313742547 0.08613765927367806
104.5 0.2924171455970801 0.08559181689902538
104 0.2910762204928779 0.08481278764395883
103.5 0.29075541921165876 0.08462703728480256
103 0.2898888004942193 0.0841213416823076
102.5 0.28871863565840317 0.08344143022537359
102 0.2879269396878767 0.08298802613110448
101.5 0.28724561169866686 0.08259598452378591
101 0.28639725310883907 0.0821027892350656
100.5 0.2859519412508792 0.08185392764862034
100 0.28478598567742175 0.0811857151254787
99.5 0.2838422446877103 0.08065076819241004
99 0.28331431312136857 0.08035358385624618
98.5 0.2828409023141386 0.08008243485253355
98 0.28171953648216363 0.07945013459860224
97.5 0.2805884740920266 0.07880951577153315
97 0.2795651204453641 0.07823559374277267
96.5 0.2786102215312274 0.07769763726293374
96 0.27798736454125245 0.0773561148174054
95.5 0.27694779781685197 0.07678220771564163
95 0.2759295592821057 0.0762119823958272
94.5 0.2753567096749707 0.07590066761829872
94 0.27383991576826167 0.07506575627275616
93.5 0.273649471357516 0.07496571734186507
93 0.2730566512134507 0.07463408595643078
92.5 0.2717215150028591 0.07391027522766459
92 0.2710045357109815 0.07352299662331793
91.5 0.27021326844972043 0.07309471010731307
91 0.26901375162438657 0.0724412393581146
90.5 0.2681595641314311 0.0719828228092302
90 0.267416404831636 0.0715874344857253
89.5 0.26648501849806905 0.0710908467934463
89 0.2656408430571829 0.07063995285783807
88.5 0.2643552553842708 0.06995825687740792
88 0.2636450895443642 0.06958345851457994
87.5 0.26291731444085126 0.06919732425283252
87 0.2619788364947851 0.06870372706706042
86.5 0.2608230011526698 0.06810333921283716
86 0.25984468372455194 0.0675876864720355
85.5 0.25913481993384574 0.06722332326746165
85 0.25778395130517906 0.06652518962988896
84.5 0.2572427129595275 0.06624497461225623
84 0.25572645313810877 0.0654618555479365
83.5 0.2545894036288736 0.06487990193601216
83 0.25405239181864786 0.06461115751124871
82.5 0.2527492935869671 0.06395480275847791
82 0.25221548896274754 0.06368437528940295
81.5 0.2508788060234589 0.06301152431473077
81 0.249877223854665 0.06250542828709715
80.5 0.24832129313897194 0.06172718284285838
80 0.2477921156191221 0.06146505196621367
79.5 0.2463808806189158 0.06077207997753009
79 0.24641169079559033 0.06078329113521344
78.5 0.24415843280062266 0.059676853502859006
78 0.24347251194808653 0.059340776815484386
77.5 0.24216972282510021 0.058711242901307324
77 0.24131914881713792 0.05830149181701497
76.5 0.24029693635874755 0.057804941590371584
76 0.23952672139922404 0.057436682583668464
75.5 0.2379569063037296 0.05668477271470775
75 0.236732682841573 0.05609731767926522
74.5 0.2361277711660556 0.05581677674613934
74 0.23498528475807956 0.055279426244114374
73.5 0.23350593088547497 0.05458511291295502
73 0.23255281864287264 0.0541381078098029
72.5 0.23107218250745815 0.05345772715457582
72 0.2304174112801918 0.05314931106046262
71.5 0.22919899533566984 0.05259038051061311
71 0.22764893153519977 0.05188196677630458
70.5 0.22697605654057387 0.05157340008461549
70 0.22594621880179924 0.05110735042283797
69.5 0.22443755158174392 0.05042429163042684
69 0.22324974285827742 0.04989971835462152
68.5 0.2219607572973529 0.049321208508938556
68 0.22083075121485307 0.048818410677505246
67.5 0.22007337175973468 0.048487074245315794
67 0.21894917610795211 0.04799254096934891
66.5 0.21720535858325848 0.04722968474600802
66 0.21697778848819665 0.04713192357454377
65.5 0.21542504489297187 0.046461461317378897
65 0.21401042525487426 0.045852563254715616
64.5 0.2129960018036254 0.04542080197011282
64 0.212182603488916 0.04507291632235944
63.5 0.21032466371032832 0.04428572313004797
63 0.20881528702714933 0.04365607882470203
62.5 0.20768422453314067 0.04318001926786453
62 0.2067623656726076 0.04279629611550444
61.5 0.20570214266566422 0.04236324298535401
61 0.2041025666125791 0.04170315558984263
60.5 0.2030800320818164 0.04128744998701362
60 0.20135617463169772 0.04059192807245352
59.5 0.2007376948047353 0.040339874841962615
59 0.19962908622213651 0.03989600869938525
58.5 0.19758720271536942 0.039080843696744284
58 0.1964387752850702 0.03862901532674499
57.5 0.19538494831028924 0.03822003295879053
57 0.19341452443520707 0.03745009439731664
56.5 0.1925694536749138 0.03712515290701025
56 0.19179351705530803 0.036825050180383366
55.5 0.19013678440155998 0.036191875769035424
55 0.18851128495644584 0.035574581251806674
54.5 0.187504976362288 0.035200650701480235
54 0.18591454690616988 0.03460077476956946
53.5 0.1848262561145899 0.03419698673164448
53 0.1835955810231192 0.03374680461101313
52.5 0.1820494240344085 0.033179459792798675
52 0.18047821224770957 0.03260791597161561
51.5 0.1794031878977431 0.03222024411304198
51 0.17785576795507083 0.03166811954896777
50.5 0.17701850103524516 0.03137301927748875
50 0.17513304474748043 0.030704556756926422
49.5 0.17327060714969497 0.03005781919625497
49 0.17288696702179185 0.02992447116993548
48.5 0.17094552614286151 0.029253124926343976
48 0.16978623119959474 0.02885827053679464
47.5 0.1678336271112169 0.028199639990132398
47 0.16702747041153398 0.027931304726455275
46.5 0.16508606919514132 0.027283092954513262
46 0.16422783814166092 0.027000994314504357
45.5 0.16243655601087767 0.02641637964908727
45 0.1610934885248339 0.025980053221394017
44.5 0.1595035133697827 0.02546833001234789
44 0.1579427993209801 0.02497454917392646
43.5 0.1566609480122005 0.024570024690421147
43 0.15473202232477282 0.023970777964413086
42.5 0.15364657055272823 0.02363508403630903
42 0.15193770822268085 0.023110817273042858
41.5 0.15054269149961846 0.02268893111272974
41 0.14999780483848038 0.022522992235451397
40.5 0.1479563870031567 0.02191639549363896
40 0.14671980668020845 0.02154773861599096
39.5 0.14479489863398318 0.02098773278038003
39 0.14320374346461637 0.020528726838574738
38.5 0.14238594790825385 0.020296684023226062
38 0.14090672738240603 0.01987714022603316
37.5 0.13883757752512643 0.019297038891231594
37 0.13708187050587145 0.018811538614369887
36.5 0.13574061438585683 0.018445325931031945
36 0.13441378570789964 0.018086112556850383
35.5 0.1325222777772026 0.01758159283552433
35 0.13120713779770993 0.01723234213683124
34.5 0.12872288705899215 0.01658756344594842
34 0.12814198408440877 0.016438863502590686
33.5 0.1264708404021267 0.016011323773184767
33 0.1252670752064102 0.01570848308809952
32.5 0.123030600558614 0.015151605869413496
32 0.12148109823294796 0.014775170455112634
31.5 0.12022156480244227 0.01447032954204532
31 0.11897133915282668 0.01416899653572743
30.5 0.11708937813623757 0.013723305495193414
30 0.11542482810648289 0.013336710078035137
29.5 0.11349797398080072 0.01289666544662483
29 0.11238381301102605 0.012644471927407707
28.5 0.11078807249331468 0.01228681944576121
28 0.10896185452266743 0.011886148700447956
27.5 0.10732323406286437 0.011530619206117525
27 0.10554620032768013 0.011152791880674215
26.5 0.10410197155609893 0.010848140434532883
26 0.10212956592914484 0.010440295222711716
25.5 0.10069451648516693 0.010149819946224293
25 0.09955999458740125 0.009921196189903185
24.5 0.0982198872837294 0.009656777618753215
24 0.09592464682362112 0.00921159390002111
23.5 0.09488957914371236 0.009012403955253967
23 0.09248756592955297 0.008562789321587118
22.5 0.09115793653366891 0.00831812672995364
22 0.08969731467868135 0.008053315644332162
21.5 0.08779113232367287 0.00771639518339859
21 0.08625036634067805 0.00744841343574127
20.5 0.08498936717761944 0.007230471408930673
20 0.08291070678602877 0.006880285153973235
19.5 0.08142280857950562 0.006634986895753794
19 0.08008607293530666 0.006420428606039188
18.5 0.07827589897374154 0.0061326473517686435
18 0.07651818107521621 0.005860654248626408
17.5 0.0750351027309871 0.0056349682011416005
17 0.07273388592131984 0.005294526674855182
16.5 0.07131300338848617 0.0050900392695311
16 0.06956248781630145 0.004842695658367285
15.5 0.06918923854018341 0.004791338526907203
15 0.06624661867312759 0.004391434796647474
14.5 0.06515303862751078 0.0042478769392970146
14 0.06364665197056733 0.004054317404906735
13.5 0.062361169588989615 0.003891680435837924
13 0.060561348815626095 0.0036707838526319255
12.5 0.05908752390641195 0.0034937632765691005
12 0.05757876992542586 0.0033169084618489635
11.5 0.05632071048074246 0.003173813959045047
11 0.055015590880497664 0.0030282489152065302
10.5 0.053423532965852394 0.002855688293191947
10 0.05185919582732208 0.0026911734861511626
9.5 0.05062597653674903 0.002564285010746203
9 0.04944491271893891 0.0024457832465134472
8.5 0.047911291575500066 0.002296422587185675
8 0.04677204096774084 0.002188514268828406
7.5 0.04532408803650622 0.002054713757089165
7 0.04468718001488163 0.001997432695123033
6.5 0.0438272842559123 0.0019211873718580764
6 0.04251675401396 0.0018078719027191889
5.5 0.041672412845090684 0.0017368851655889088
5 0.04076309709764754 0.0016617417842536423
4.5 0.04028871287353296 0.0016232727503683177
4 0.03987270370476357 0.0015899230163231375
3.5 0.03935743089874712 0.0015490353296468906
3 0.0391649659660222 0.001533916876130446
2.5 0.03880126324134571 0.0015055435521362354
2 0.03874042111682602 0.0015008233070230893
1.5 0.03865285476816536 0.0014940459296302578
1 0.038589297482931106 0.0014891343122940533
0.5 0.03855568502569247 0.0014865408833070965
