1000 0.9458059341733337 0.8946650649783797
999.5 0.9460140675567301 0.895064162635496
999 0.9459414234308073 0.8949221779161355
998.5 0.9456754885779474 0.8944218390151958
998 0.9458076943181024 0.8946701158407583
997.5 0.9457822748596288 0.8946226276666164
997 0.9458881827064544 0.8948235543285286
996.5 0.945960978120254 0.8949614558670836
996 0.945655425912653 0.8943785299045831
995.5 0.9458222971813147 0.8946938913660973
995 0.9458673052301008 0.8947832640887254
994.5 0.9459502297954535 0.8949371997650617
994 0.9459014465681262 0.8948476009048153
993.5 0.9457002609919375 0.8944662757905839
993 0.9456962611145945 0.8944570816554228
992.5 0.9456236891696299 0.8943230697674072
992 0.9457661165931289 0.8945915347225616
991.5 0.9455799767452417 0.8942393083891396
991 0.9458599866191102 0.8947678147473026
990.5 0.9456385266915095 0.8943501895778708
990 0.9454987651779713 0.8940896214813338
989.5 0.945427163603673 0.8939500675760846
989 0.9455802850367304 0.8942384017487244
988.5 0.9457522763443252 0.8945648715165686
988 0.9458075604928755 0.8946699753317492
987.5 0.9457277600282727 0.8945173621411648
987 0.9456836251843967 0.894431836546268
986.5 0.9454888226733477 0.8940682737149159
986 0.9454991605510771 0.8940865120685629
985.5 0.9456748991139231 0.894417472494162
985 0.9454141150028104 0.8939261742631279
984.5 0.9456944963928898 0.8944562345624861
984 0.9455646220512745 0.8942071222117378
983.5 0.9454127547967598 0.8939233090056626
983 0.9454533897186114 0.894000432673794
982.5 0.9454129151455971 0.8939234964247628
982 0.9453014751068763 0.8937137652943611
981.5 0.9454466041130566 0.8939888614681831
981 0.9453101170672495 0.8937296430221774
980.5 0.9455511312234589 0.8941853499657986
980 0.9453581471652686 0.8938214955318702
979.5 0.945479620974773 0.8940464793873186
979 0.9458324284262088 0.8947152750625781
978.5 0.9453559592339512 0.8938164167154706
978 0.9455005807113841 0.8940861635344164
977.5 0.9453185351500774 0.8937435991956856
977 0.9454752814601863 0.8940418979989018
976.5 0.9455286545232099 0.8941415853035294
976 0.9452559128306056 0.8936236161353727
975.5 0.9455379471513833 0.8941598573780152
975 0.9453384925973745 0.8937833820784199
974.5 0.9453499213734754 0.893801074847302
974 0.9451040009639495 0.8933390451333819
973.5 0.9451664355415866 0.8934534787716535
973 0.9451676556290202 0.8934599871228727
972.5 0.9452431607080524 0.893604386062234
972 0.9453387178477738 0.8937829613830762
971.5 0.9451758830456679 0.893475136155306
971 0.9451554229364382 0.8934365472836678
970.5 0.9452281358676461 0.8935744434848716
970 0.944949565146555 0.89304837812128
969.5 0.9450473310064984 0.8932350770186227
969 0.9451252316519285 0.893379409798583
968.5 0.944934702473121 0.893022641030429
968 0.9450954219740728 0.8933246407774926
967.5 0.9450434731644363 0.893224138292545
967 0.9450100833203888 0.8931615283215912
966.5 0.9450363010623352 0.8932111511310028
966 0.945018488290002 0.8931793896351687
965.5 0.9450357629320321 0.8932112795291732
965 0.9451455469343967 0.8934182817943949
964.5 0.9449868051460223 0.8931155194193181
964 0.9453385508655698 0.8937840505435536
963.5 0.9450748724700612 0.893284456066
963 0.9449858259410482 0.8931140084514383
962.5 0.945042395441193 0.8932237798404106
962 0.9453219668066096 0.8937477721784015
961.5 0.9447301637799318 0.892631669058064
961 0.9448764843382822 0.8929082349882465
960.5 0.9447480845313309 0.8926678125313724
960 0.944876717730765 0.8929082747467736
959.5 0.9450077576706769 0.8931597295645978
959 0.9448118318804322 0.8927864621581914
958.5 0.9451768238064747 0.8934781779712153
958 0.9445274745268899 0.8922486288824537
957.5 0.9449494148535329 0.8930473492375272
957 0.9448507041108636 0.8928626123520386
956.5 0.944567416726165 0.8923252659374883
956 0.9448537124606059 0.8928641534355919
955.5 0.9448973440810688 0.8929474416544003
955 0.9447033205536102 0.8925790229001013
954.5 0.944617725266343 0.8924206856320076
954 0.9448389961266411 0.8928408847401331
953.5 0.944744324196938 0.8926600256936681
953 0.9446555680636376 0.8924915623850297
952.5 0.94453905030924 0.8922718982395098
952 0.944566764689504 0.892324934648985
951.5 0.9444189555155017 0.8920483498545917
951 0.9446914956253706 0.892558020245915
950.5 0.9448239669360398 0.8928091723307134
950 0.9445308830600625 0.8922567441738972
949.5 0.9446213367222766 0.8924255058778339
949 0.9447624468850837 0.8926952433775616
948.5 0.9443686638078235 0.8919483827177819
948 0.944759750074358 0.8926880256415524
947.5 0.944325521263112 0.8918686318439616
947 0.9446210938766281 0.892428333053797
946.5 0.9444501269175813 0.8921030128257569
946 0.9444277216648866 0.8920614859348233
945.5 0.944398973592446 0.892006962793016
945 0.9447181824288617 0.892608647786896
944.5 0.9445428179372432 0.8922788710253909
944 0.9445623577636655 0.892318758709738
943.5 0.944291960502137 0.8918042812633769
943 0.9445376564378455 0.8922713378754391
942.5 0.9445631533934755 0.8923168709533197
942 0.9441758869132031 0.8915860342412317
941.5 0.9446573540929384 0.8924930596560073
941 0.9445744458079964 0.8923412656812422
940.5 0.9444139148727251 0.8920311582435361
940 0.9444281417365247 0.8920609427295624
939.5 0.9444543758017081 0.892113761319311
939 0.9441880909831086 0.8916092231643963
938.5 0.9444235616832761 0.8920498433170337
938 0.9443639115631391 0.8919420713270656
937.5 0.9442596378055509 0.8917432546482269
937 0.9441504706856392 0.8915401623724422
936.5 0.9441714019154407 0.8915809476625113
936 0.9445216408798864 0.8922389136967028
935.5 0.944263952075887 0.8917518544468
935 0.9443207662542921 0.8918604907204897
934.5 0.9441386874094168 0.8915134677470199
934 0.9440199190936726 0.8912948466238544
933.5 0.9440183641258749 0.8912878758378542
933 0.9443926076959186 0.8919937044355535
932.5 0.9439574322639147 0.8911726437366456
932 0.9441789479082883 0.891594897774066
931.5 0.9444786416665409 0.8921562596020739
931 0.9439819460224387 0.8912207214259565
930.5 0.9442403929943698 0.8917058797620433
930 0.9442849150888998 0.8917909639725381
929.5 0.9440818998111127 0.8914063653939632
929 0.9443020101250269 0.8918254891649061
928.5 0.9441744062742652 0.8915852843793063
928 0.9438822553675918 0.89103064674099
927.5 0.9439077759515115 0.8910761019821123
927 0.9439544198421053 0.8911701245782725
926.5 0.9439106050604331 0.8910844700962888
926 0.9441040708022055 0.8914496449060073
925.5 0.9439304291652628 0.8911231664010969
925 0.9439477651689382 0.8911565512080823
924.5 0.9440949684687051 0.8914342094081492
924 0.9440299267856036 0.891309317679888
923.5 0.9439774552047713 0.8912106946320966
923 0.9438674404223255 0.8910039682094213
922.5 0.943943624553069 0.8911477588555765
922 0.9437875150814667 0.8908521453766071
921.5 0.9439935335831318 0.8912454888060106
921 0.9437610434228726 0.8908015074843797
920.5 0.9437928672599305 0.8908613990526624
920 0.9438486619387783 0.8909681112932215
919.5 0.9438602344934077 0.8909903535616116
919 0.9436980794932257 0.8906858419981825
918.5 0.9436595300355182 0.8906116128329075
918 0.9438383432943308 0.8909482990972405
917.5 0.944017105026715 0.8912863506776121
917 0.9436330458463082 0.8905605194441307
916.5 0.94382848589339 0.8909270880753627
916 0.9434166607866024 0.8901501862134583
915.5 0.9439142530321574 0.8910925649411886
915 0.9437844271332206 0.8908463956099021
914.5 0.943823200100344 0.8909190473187061
914 0.9435255625808041 0.8903590697729955
913.5 0.9436686224908384 0.8906279336103315
913 0.9435520409861992 0.8904108902696536
912.5 0.9438786379480395 0.8910242788162024
912 0.9438800529684434 0.8910304949190672
911.5 0.9435339208974188 0.8903767969407645
911 0.9438593540650595 0.8909883506642469
910.5 0.9437926112240903 0.890861960710175
910 0.9435092842870247 0.8903294626837677
909.5 0.9435264295238234 0.8903616870845881
909 0.9437113200026912 0.8907105025128347
908.5 0.9435932025343291 0.8904879214714885
908 0.9437036475109499 0.8906966761245927
907.5 0.943482465307992 0.890277860727346
907 0.9433251400005316 0.889982477889395
906.5 0.9433810080820366 0.8900835659151547
906 0.9435481739546405 0.8904030855500258
905.5 0.9433121905666753 0.889955019224756
905 0.9436072310231504 0.890513700385225
904.5 0.9434152120230299 0.8901514637610531
904 0.9433930006515185 0.8901077144181758
903.5 0.9433280704485786 0.889981393559031
903 0.9435055507364964 0.8903237653336823
902.5 0.943447530693649 0.8902119529947233
902 0.9432967621589841 0.8899295533969358
901.5 0.9433707173116749 0.8900666133277906
901 0.9432515349874673 0.8898421918747499
900.5 0.9432048354869808 0.8897555803030041
900 0.9432961803292748 0.8899249840102336
899.5 0.9432760579820338 0.8898866595658845
899 0.9433242408032773 0.8899761790410258
898.5 0.9432898375093182 0.8899162776995402
898 0.9432524233254928 0.8898451658421934
897.5 0.9433540092232222 0.8900347900683314
897 0.9433993290461866 0.8901263017703743
896.5 0.9429819525595906 0.8893320191601988
896 0.9432715065103642 0.8898788775469627
895.5 0.9430997260356604 0.8895558029013801
895 0.9430791183714481 0.8895142623928217
894.5 0.9431065667217731 0.8895681904076159
894 0.9429502177916107 0.8892774043870164
893.5 0.9429527271116567 0.8892788183616939
893 0.9432823185438561 0.8898986400101392
892.5 0.9428504804146444 0.8890847320573054
892 0.9431677327820613 0.8896837988868754
891.5 0.9429540731236489 0.8892791456136848
891 0.9427538432054455 0.888901991014458
890.5 0.9429915323165249 0.8893522616604826
890 0.9429002512425574 0.8891813780662284
889.5 0.9430249746648909 0.8894119489799354
889 0.9428021729298057 0.8889937099964738
888.5 0.9428156123503061 0.8890212902747885
888 0.9430391362641758 0.8894423265315012
887.5 0.9427704455631932 0.8889337121903852
887 0.9429993171610245 0.8893690478206647
886.5 0.9427459073690183 0.8888871316627727
886 0.9427605680435085 0.8889135327013882
885.5 0.9429714417574684 0.8893121270928412
885 0.9423962029204085 0.8882279679014997
884.5 0.9426975003543001 0.8887983935260954
884 0.9428218842197665 0.8890326508682723
883.5 0.9427665726058042 0.8889267937629824
883 0.9424963606256554 0.8884192460673412
882.5 0.942554368232648 0.8885297218421522
882 0.9426247435864968 0.8886612156559657
881.5 0.9427215700099347 0.8888447900131811
881 0.9429102916346624 0.8891972730986997
880.5 0.9427721179864439 0.8889397907510258
880 0.9425480293852885 0.8885185147482271
879.5 0.9427881329603832 0.8889666201659961
879 0.9424294624289871 0.8882958359378536
878.5 0.9426432993212663 0.8886911793376556
878 0.9425018472038508 0.8884267453357112
877.5 0.94265707040429 0.8887183364434834
877 0.9428377142913557 0.8890605419379106
876.5 0.9427119756139296 0.8888250382750656
876 0.9426375267518298 0.888682675461524
875.5 0.9425378419082601 0.888494597364834
875 0.9424622746481583 0.8883556867723194
874.5 0.9426043895302276 0.8886214500858445
874 0.9424946552972506 0.8884135911416766
873.5 0.9423942935940302 0.8882230958368031
873 0.94245680592975 0.8883433395927648
872.5 0.9423578094842032 0.8881567417540248
872 0.9425805991337024 0.888576416141774
871.5 0.9423920637094062 0.8882202245451686
871 0.942676416965697 0.8887568640917933
870.5 0.9422499702314563 0.8879534011774947
870 0.9424231381440162 0.8882762525490157
869.5 0.9424061731632786 0.8882467091774265
869 0.9420591874712696 0.8875949438607106
868.5 0.9424796031615381 0.8883885218704822
868 0.9424986609002846 0.8884212255759679
867.5 0.9424923744136893 0.8884091913966288
867 0.9421564767551052 0.8877794943976034
866.5 0.9422203246660373 0.8878974922295456
866 0.9421395055282143 0.8877463432247401
865.5 0.9423978085913258 0.888233111927043
865 0.9422578685567967 0.8879680745647884
864.5 0.9423467604313825 0.888134878336978
864 0.9422116488988598 0.887879962863143
863.5 0.9422955395542006 0.8880381560508995
863 0.9419887260451821 0.8874639613715047
862.5 0.9420785978792747 0.8876323122155932
862 0.9421919298092706 0.8878444893261013
861.5 0.941929355688934 0.8873507352155664
861 0.9420108986246131 0.887503075288303
860.5 0.941964264155611 0.8874134481374683
860 0.9423987063660328 0.8882329382582128
859.5 0.9420305225304242 0.8875398368080295
859 0.9418771855105141 0.8872503168036099
858.5 0.9420936720699807 0.8876579062851822
858 0.9419572807544128 0.8874038927714598
857.5 0.9418971562255307 0.8872911146601984
857 0.9422350656094473 0.887921910210273
856.5 0.9419557116731092 0.887397606693386
856 0.9420412538791039 0.8875617450238723
855.5 0.9421365238495929 0.8877407382721916
855 0.9421641454835419 0.8877944542622891
854.5 0.9417846207967261 0.8870774144591475
854 0.9417361633389504 0.8869896393493683
853.5 0.9417316400139365 0.8869777138579952
853 0.9417644662028939 0.88703996730845
852.5 0.9417682915135003 0.8870422641265837
852 0.9415767088810204 0.8866852451396664
851.5 0.9417678017200425 0.8870453569551645
851 0.9416096622030676 0.8867455954676757
850.5 0.9418791185339167 0.8872551844935194
850 0.9415506351825783 0.8866326816389746
849.5 0.9417703823368022 0.8870497601160151
849 0.9416376762227838 0.8868018679722575
848.5 0.9415293896327884 0.886592608263293
848 0.9415467712395497 0.8866267670928901
847.5 0.9415805919377029 0.8866926318598228
847 0.9415112644572293 0.8865591600791639
846.5 0.9417133156215504 0.8869428877674883
846 0.9414079927470416 0.8863677482666198
845.5 0.9415737452359656 0.8866795826348359
845 0.9416576086124752 0.8868386893521788
844.5 0.9414140852639176 0.8863794627940719
844 0.9416472534847539 0.886820647672983
843.5 0.9414833728938471 0.8865113923455955
843 0.9414983181681217 0.8865406188087167
842.5 0.9415922412229563 0.8867154835917875
842 0.9414698934271747 0.8864814596005505
841.5 0.9414080034969261 0.88636933345662
841 0.9414073188433484 0.8863668459590385
840.5 0.9416032033706966 0.8867311541840575
840 0.9415050952018249 0.8865502494066518
839.5 0.9412228887171031 0.8860174921697321
839 0.9413679219360356 0.8862914838158334
838.5 0.9414796148786918 0.886502129622852
838 0.9413722910498252 0.8863011066012378
837.5 0.9416039278877139 0.8867363483899694
837 0.9411214801693641 0.8858260934231631
836.5 0.9411626000382702 0.8859086836828646
836 0.9412324802263687 0.886038252447757
835.5 0.9412111891148329 0.8859985990154445
835 0.9412583811860248 0.8860869524989268
834.5 0.9410610035536687 0.885713425903805
834 0.9411996065042458 0.8859749642640339
833.5 0.9415114576864984 0.8865630552577738
833 0.9410271736647496 0.88565077918272
832.5 0.941150504109592 0.8858851935024749
832 0.9411406909463319 0.8858619514109517
831.5 0.9409156398453873 0.8854411712081658
831 0.9410347373702557 0.8856650863642278
830.5 0.9409115152167413 0.8854320892277253
830 0.9408636647105489 0.8853406568129086
829.5 0.9408217337243062 0.8852654656390406
829 0.9410043618220313 0.8856071364834819
828.5 0.9411088842634092 0.8858047829132579
828 0.9410295691234404 0.8856541710412652
827.5 0.9409892488344933 0.885577553359137
827 0.9409022821923412 0.8854157608550128
826.5 0.9409269202667582 0.885463015304721
826 0.9410428294519984 0.8856797377720728
825.5 0.9409345670090541 0.8854757566801256
825 0.9410177773619053 0.8856358902209175
824.5 0.9406668124420029 0.8849721588839196
824 0.940780219797846 0.8851884947878516
823.5 0.9408776674631242 0.8853713353045045
823 0.9405465020986827 0.8847455395713936
822.5 0.9405817068394877 0.8848141384001889
822 0.9410556910609704 0.8857036027636446
821.5 0.9404217118209964 0.8845128060031057
821 0.9407910515935494 0.8852044462968843
820.5 0.9404119006355844 0.8844942745869441
820 0.9406515256135884 0.8849458554715233
819.5 0.9406076100868501 0.8848627645222278
819 0.9406673673744369 0.8849754424585629
818.5 0.94085451068907 0.8853259799774083
818 0.9405358343999022 0.8847257387948518
817.5 0.9404827878769253 0.884625133065866
817 0.9406064517715671 0.8848574363863793
816.5 0.9406193019302659 0.884884194077763
816 0.9404900127210494 0.884639239617138
815.5 0.9402521153512203 0.8841915010736123
815 0.9406168195660289 0.8848815445341037
814.5 0.9404426331424346 0.8845503992184596
814 0.9404161755790851 0.8845017114570435
813.5 0.9404527505008209 0.8845690013330422
813 0.9400950829451385 0.8838990411689109
812.5 0.940562474911145 0.8847774692922304
812 0.9404225131885459 0.8845148637109597
811.5 0.9404370356851732 0.8845404229354418
811 0.9404953193521656 0.8846500841817234
810.5 0.9403317421121842 0.8843413755711911
810 0.9403022323531454 0.884285527405853
809.5 0.9406106860357326 0.8848690148460072
809 0.9401651657807824 0.8840299765464688
808.5 0.9401492559739404 0.8839983720609425
808 0.9404130971912485 0.8844948761984984
807.5 0.9402396118609241 0.8841727477576188
807 0.9403533382841874 0.884381008330181
806.5 0.9401234065971389 0.8839514106188411
806 0.9400963568437758 0.8838998664370143
805.5 0.9405120311967811 0.8846784890663184
805 0.9403651994863818 0.8844054578791148
804.5 0.9401165800756555 0.8839401243083335
804 0.9401833619499724 0.8840621718808562
803.5 0.9400630893751266 0.883834896155296
803 0.9399236743928383 0.8835765943371479
802.5 0.9402023214507564 0.8840955589854002
802 0.9400384382287463 0.8837902004132231
801.5 0.9399783228815073 0.8836805572219306
801 0.9400001121976898 0.8837164922925286
800.5 0.9399601246090795 0.8836446161515222
800 0.9400394922486041 0.8837925641554012
799.5 0.9402878257447524 0.8842594902462152
799 0.9397432697757313 0.8832370576723584
798.5 0.9398800391891251 0.883493099704463
798 0.939736693960441 0.8832216618700282
797.5 0.9398782641783414 0.8834892283289785
797 0.9399888633712673 0.8837006262424152
796.5 0.9397875186956229 0.8833199183911316
796 0.9396923114654515 0.8831405090689669
795.5 0.9398229338645173 0.8833840245916066
795 0.9395534660419725 0.8828808557529686
794.5 0.9398127485564226 0.8833669201566782
794 0.9397460307760529 0.8832451083826328
793.5 0.9397983322281965 0.8833432420125921
793 0.9399467418785926 0.8836171640064621
792.5 0.9395656761799982 0.882903709937063
792 0.9397707501366164 0.8832898641021611
791.5 0.9397841681899425 0.8833125706076256
791 0.9398825121075128 0.8834992448180178
790.5 0.9395118347898428 0.8828012063739064
790 0.939573016699373 0.8829155119010826
789.5 0.9397614323470412 0.883270516438607
789 0.9396097435166054 0.8829847936721533
788.5 0.9394861687670549 0.882752736094652
788 0.9398553151383392 0.8834470517263064
787.5 0.93977259874693 0.8832927218072923
787 0.9397307092649934 0.8832127276938632
786.5 0.9394350324215662 0.8826554386782801
786 0.9393484936776346 0.8824987929864752
785.5 0.9393474377182031 0.8824914954344816
785 0.9395175331775703 0.8828129427493073
784.5 0.9395492552067225 0.8828732759265728
784 0.9390343536397224 0.8819053378966586
783.5 0.9395529917023797 0.8828796280123276
783 0.9390391432052996 0.881915630074385
782.5 0.93934648898253 0.8824898423885044
782 0.938996143474936 0.8818345361590858
781.5 0.9392351767315662 0.8822836579269169
781 0.9391870302177588 0.8821941204406931
780.5 0.9393637582647947 0.8825224754633053
780 0.939436054105579 0.8826563808304766
779.5 0.939376467300672 0.8825476100387996
779 0.9390461464986628 0.8819265684614818
778.5 0.939158990847402 0.8821378529818696
778 0.9390453282420205 0.8819262615534514
777.5 0.9390420475033099 0.8819189071497521
777 0.9390372323797515 0.881911645432516
776.5 0.9390900482707736 0.8820126259113972
776 0.9392205978553878 0.882251770591978
775.5 0.9389565417544165 0.8817608523425924
775 0.9388867077035882 0.8816265822208603
774.5 0.9388730365335813 0.8816011337018119
774 0.9390645871383781 0.8819622314026653
773.5 0.93880272721407 0.8814681313818611
773 0.939020955454406 0.8818837857896293
772.5 0.9388605451770414 0.8815781375282418
772 0.939035323642857 0.8819072734523932
771.5 0.9388673339579199 0.881589535059821
771 0.9389355010431109 0.8817192785031515
770.5 0.9390096639178371 0.8818573500435128
770 0.9387510864625104 0.8813723485375411
769.5 0.9386841493687739 0.8812477770180708
769 0.9388364406951597 0.8815340124971247
768.5 0.9387138450531357 0.8813022911958477
768 0.9387883997076584 0.8814445304844678
767.5 0.9389467024435879 0.8817376432286351
767 0.9385835933822736 0.8810592053953507
766.5 0.9385562601150512 0.8810062724666154
766 0.9387299967622317 0.8813318531184648
765.5 0.9386658480947413 0.8812111004560925
765 0.9386218503691511 0.8811289467527708
764.5 0.9386151762432321 0.8811156942510895
764 0.9385732064910361 0.8810400508998644
763.5 0.9386961579622367 0.8812712813410637
763 0.9385944509182877 0.8810785170571386
762.5 0.9385737491458298 0.8810379626938487
762 0.9385984297036064 0.8810887961853353
761.5 0.9382114841178236 0.8803604224305152
761 0.9386302968987934 0.8811468898893902
760.5 0.9382482283701042 0.8804288940330994
760 0.9385002126416366 0.8809012093082728
759.5 0.9383179398329399 0.8805608350414961
759 0.9385744531650239 0.8810440601505739
758.5 0.9383238095638192 0.8805708583912426
758 0.9381754171954877 0.8802939169746035
757.5 0.9380327496251504 0.8800248612393575
757 0.9383920188033367 0.8806966308407072
756.5 0.9382374555988174 0.8804050798492008
756 0.9384886217007762 0.8808817384289412
755.5 0.9382281776965153 0.8803879289709469
755 0.9380650496142904 0.8800847640053774
754.5 0.9382773371184048 0.8804841352406229
754 0.9381412417059851 0.8802310444196701
753.5 0.9382367902721096 0.880405935583841
753 0.9381782797526159 0.8802989327949982
752.5 0.9380433340782868 0.8800453184353495
752 0.938010372458844 0.8799845154601162
751.5 0.9380274991614217 0.8800184751003897
751 0.9380493098193835 0.8800533498207394
750.5 0.9379280631278051 0.879829903615635
750 0.9379327418201527 0.8798352200066919
749.5 0.9378483874597309 0.8796768811141193
749 0.9379993297761678 0.8799632947786042
748.5 0.9376531848547839 0.8793117689424261
748 0.9378944656602765 0.8797664935688452
747.5 0.9378502682057783 0.8796810830368277
747 0.9376921340524655 0.879386907755059
746.5 0.9378768748066574 0.879729342208025
746 0.9378209100838403 0.8796294231903089
745.5 0.9378073275894929 0.8796010726236115
745 0.9377539535692251 0.879501981587639
744.5 0.9375832281294965 0.8791820665326103
744 0.9373429584631446 0.8787315923196807
743.5 0.937668700045238 0.8793431854627073
743 0.9377342864768021 0.8794638715041284
742.5 0.9377721106328908 0.8795407907044014
742 0.9376026423243313 0.8792226471336196
741.5 0.9376878920504694 0.8793773819603511
741 0.9376317851486691 0.8792719212925685
740.5 0.9375069305719952 0.8790352582346886
740 0.9375726827947044 0.8791637762125155
739.5 0.9372829264314194 0.8786194087871463
739 0.9373819560043972 0.8788050604325847
738.5 0.9374788058026089 0.8789862309675589
738 0.9375134054058845 0.8790535305043312
737.5 0.9376559734527693 0.8793203404172192
737 0.9377392252509841 0.8794732240254064
736.5 0.9378293825770594 0.8796444403435368
736 0.9373864572341521 0.8788151477049434
735.5 0.9372715107992702 0.8785978954478888
735 0.9374896892639749 0.8790068793527753
734.5 0.9375319778015618 0.8790833101171628
734 0.9373447664500913 0.8787344896505356
733.5 0.9371613054259175 0.8783893642227332
733 0.9372421754470127 0.8785440226049569
732.5 0.9372936775267473 0.8786399950135771
732 0.9373241012609527 0.87869577843865
731.5 0.9369291069141579 0.8779556403690821
731 0.9371641853411343 0.8783949060870768
730.5 0.937307574132435 0.8786648312112962
730 0.9372142975998142 0.8784931325410867
729.5 0.9371997883411544 0.8784632569254766
729 0.9372508791266028 0.8785580985797641
728.5 0.9369138049976756 0.8779310863932293
728 0.9368851626598744 0.877873429977313
727.5 0.9367530006682999 0.8776238084536426
727 0.9369792341679303 0.8780500761576072
726.5 0.9370851449564008 0.8782482637556109
726 0.9371512033630401 0.878371304008651
725.5 0.9369512422139527 0.8779967904215331
725 0.9370450494916761 0.878171557004775
724.5 0.9367621298976122 0.877645085454123
724 0.9367798654475522 0.8776749055237579
723.5 0.9368530927466632 0.8778122601880556
723 0.9368720524973961 0.8778511327197233
722.5 0.9368939418110516 0.8778888970021758
722 0.9368088006893595 0.8777333199436085
721.5 0.9366720369306075 0.8774737528549814
721 0.9367083122878069 0.877542762430488
720.5 0.9367610913834851 0.8776424291663117
720 0.9369049100285817 0.8779124623974853
719.5 0.9366993910514293 0.8775257429402696
719 0.9367649663523863 0.8776482595532656
718.5 0.9366722437672043 0.877474359715747
718 0.9367165318973135 0.8775557850383542
717.5 0.9363317005179023 0.8768377212827028
717 0.9364537960604593 0.8770695561939852
716.5 0.9364950024267793 0.8771403614104809
716 0.9363407214578257 0.8768553967025783
715.5 0.9363381940781783 0.8768506436878502
715 0.9365197577142952 0.8771872548450019
714.5 0.9362297093483101 0.8766443182219311
714 0.9364214371048083 0.8770060142591884
713.5 0.9363342073039613 0.8768416201271076
713 0.9363848923375038 0.8769361803006362
712.5 0.9363280328444363 0.8768278378425208
712 0.9363862164589564 0.876938835070142
711.5 0.9362193874769217 0.8766285861128451
711 0.9364163716337289 0.8769972762350285
710.5 0.9362776596809158 0.8767369982001506
710 0.936303355164146 0.8767817286293894
709.5 0.9362346269126793 0.8766555167217677
709 0.936309648433634 0.8767940679980798
708.5 0.9362842067588556 0.8767466682736051
708 0.9361209556246978 0.876441438977707
707.5 0.9360342382108813 0.876279733192083
707 0.9359261397865619 0.8760797195708767
706.5 0.9361839870740869 0.8765582946137639
706 0.9357956175241768 0.875832993210619
705.5 0.9357962850712244 0.8758371050029764
705 0.9361043227014042 0.8764136712250048
704.5 0.935966709877949 0.8761562134848122
704 0.9358525125547466 0.8759372010258163
703.5 0.9357855716056696 0.8758152757282865
703 0.9360219363265869 0.8762541332920228
702.5 0.9356593924127483 0.8755780988259398
702 0.9358490838119111 0.8759346578669172
701.5 0.9355376071359248 0.8753503212048689
701 0.9358638717023713 0.8759637009590479
700.5 0.9356777074957883 0.8756112061889039
700 0.9358060581682003 0.8758525724929432
699.5 0.9355990388399376 0.8754646237436323
699 0.9356717457278769 0.8755994987142166
698.5 0.9356855310912645 0.875629617034741
698 0.935427028423432 0.8751437072368164
697.5 0.935373282088139 0.8750450210624726
697 0.9354782980731011 0.8752413593756397
696.5 0.9355830736786919 0.8754335115869042
696 0.9353233428286146 0.8749516648617156
695.5 0.9353109756637582 0.8749305721975468
695 0.9354583659731989 0.8752021436301107
694.5 0.9355233278925842 0.8753246616385226
694 0.9354487647676065 0.8751846022317725
693.5 0.9356035212539515 0.8754725109589411
693 0.9352759673075254 0.8748602958120625
692.5 0.9351762857471467 0.8746763196266029
692 0.9354812871821474 0.8752446848714264
691.5 0.9351698797110524 0.8746652031137233
691 0.9350738119318298 0.8744814467048397
690.5 0.93521754458637 0.8747524586597559
690 0.9353391347079201 0.8749764631470153
689.5 0.9353008459194913 0.8749115942443287
689 0.9350580886175043 0.8744537249047042
688.5 0.9350280012396363 0.8743994584611791
688 0.9350401616542626 0.8744195770619778
687.5 0.9352128814899756 0.8747427341196238
687 0.9349567228280117 0.8742625784781849
686.5 0.9349253418630092 0.8742024221472549
686 0.9349875714159094 0.874324217026849
685.5 0.9348183086344176 0.8740052722380964
685 0.9347155423820335 0.8738189558197517
684.5 0.9350589733440793 0.8744554614779303
684 0.9347137255109963 0.8738097301837022
683.5 0.9347301817488844 0.8738422019709433
683 0.9348441774662222 0.8740542801463799
682.5 0.9348226690433543 0.8740152477597674
682 0.9348451768774723 0.8740538156450302
681.5 0.9346014918681044 0.8736003325091211
681 0.9347495615013472 0.8738720691743045
680.5 0.9347778265186111 0.8739298689261944
680 0.934533712775085 0.8734770119520195
679.5 0.9349704988134045 0.8742887110256186
679 0.9345091781402489 0.8734279097205379
678.5 0.9346192550397782 0.8736322705249473
678 0.9345044202286001 0.8734201394911506
677.5 0.93439225583443 0.873207424131459
677 0.9343442009215236 0.8731211793737056
676.5 0.93455728100358 0.8735142398557658
676 0.9347166585643996 0.8738156490871234
675.5 0.9346691480822482 0.8737267894915496
675 0.9344367887336066 0.8732914276387101
674.5 0.9341830176383037 0.8728196518719159
674 0.9344316221972894 0.8732843066119944
673.5 0.9345056924971494 0.8734237109846485
673 0.9344569058844154 0.8733307147447297
672.5 0.9343453591188029 0.8731240242674173
672 0.9342274826802346 0.8728989111782275
671.5 0.9340534109977056 0.8725774260081045
671 0.9343491587441114 0.8731324709355114
670.5 0.9343111484926033 0.8730617778870025
670 0.934109692167253 0.8726876319428785
669.5 0.9341432356775566 0.8727409531714603
669 0.9340335104203928 0.872537515909163
668.5 0.9342346535914393 0.8729137375732597
668 0.9339421388940936 0.8723693896103742
667.5 0.9340127087463598 0.8725011050438025
667 0.9339223795189476 0.8723311295448666
666.5 0.9340716169794623 0.8726086002905511
666 0.9339632852678894 0.8724087849199205
665.5 0.9338030152769345 0.8721077538165275
665 0.9335732084794489 0.8716789346457715
664.5 0.9338134487792318 0.8721270222124876
664 0.9338634425157258 0.8722203834649109
663.5 0.9336138239852899 0.8717536214371835
663 0.9339502325872948 0.8723822848931199
662.5 0.9337941571756564 0.8720906734866463
662 0.9337595617620242 0.8720294887706304
661.5 0.933690818794182 0.8718988821381293
661 0.9334621468715878 0.8714737789422644
660.5 0.9335275537417742 0.871593448143021
660 0.9335490790799382 0.8716365324968953
659.5 0.933538705010991 0.8716149567942805
659 0.9336416743260986 0.8718084582850029
658.5 0.933711664617269 0.8719385105342868
658 0.9334819585961353 0.8715098718568064
657.5 0.9335232406873921 0.8715885924584317
657 0.9336633540183211 0.8718503592965522
656.5 0.9331330150890768 0.8708574878453899
656 0.9334396290010923 0.8714291801834171
655.5 0.9333433670888175 0.8712518284049963
655 0.932989367207178 0.8705938626975236
654.5 0.933054865056928 0.8707133748156928
654 0.9332734500371186 0.8711207371253383
653.5 0.9332219780670872 0.87102387357264
653 0.9332549822216112 0.8710856380912921
652.5 0.9333277062390618 0.8712193650422179
652 0.9330556516259328 0.8707130736416175
651.5 0.9332728482992764 0.8711217622570564
651 0.9330773250972487 0.8707553260061862
650.5 0.9327588005805291 0.8701593010991181
650 0.933111247116791 0.8708173241534416
649.5 0.9330793572516625 0.8707595468412351
649 0.9328464662986076 0.8703222929840532
648.5 0.932836222881031 0.870307585407201
648 0.9331756067184928 0.8709397049189728
647.5 0.9329842820137757 0.870577707227628
647 0.9327381869027098 0.8701204596932807
646.5 0.9331499210060542 0.8708896449998628
646 0.9328229054505829 0.8702777657339317
645.5 0.9326967031693344 0.8700431769604798
645 0.9324045598552955 0.8695000547751461
644.5 0.9323960272876358 0.8694846872450807
644 0.9327609830535329 0.8701659002489586
643.5 0.9328174783796304 0.8702693126425126
643 0.9328938120842032 0.8704125976437631
642.5 0.9324658797026711 0.869617899556604
642 0.9325734402107286 0.8698167021456069
641.5 0.9327395213970672 0.8701230631283952
641 0.9324327909343715 0.8695527459775333
640.5 0.932438402668284 0.8695647434325775
640 0.9325253217838974 0.8697234278301728
639.5 0.9324369665997323 0.8695603873898549
639 0.9325766959177711 0.8698216353562862
638.5 0.9324449541460338 0.8695723395291689
638 0.9324985469537709 0.8696731366600913
637.5 0.932149303498765 0.8690273396972572
637 0.9323142490916497 0.8693314449227532
636.5 0.9324423862494304 0.8695703806919433
636 0.9323436759481547 0.8693873566447481
635.5 0.9323794887548819 0.8694533446143132
635 0.9319247535949424 0.8686048451863158
634.5 0.9319446524328606 0.8686439479063981
634 0.9320200725149819 0.8687843296558108
633.5 0.9320958071182661 0.868927288573335
633 0.9320419607830022 0.8688273333954595
632.5 0.9320441671833585 0.8688279079655166
632 0.9319017583956402 0.8685636722388125
631.5 0.9319198270592539 0.868595758439266
631 0.9318008288251226 0.8683749689616127
630.5 0.9320777991680452 0.8688890802413614
630 0.931924201447532 0.8686021478003394
629.5 0.9316645087045681 0.8681168926541725
629 0.9316504458496686 0.8680942817583605
628.5 0.9317128425441598 0.8682103801780481
628 0.931751978016515 0.8682846576686731
627.5 0.9317767766827499 0.8683289227798814
627 0.9315721812293617 0.8679493763435353
626.5 0.9317145407933357 0.8682136640156385
626 0.931775069901207 0.8683267912178959
625.5 0.9314702693365341 0.8677571500642877
625 0.9314422218458482 0.8677052498488995
624.5 0.9314114864825614 0.8676482378261718
624 0.9314130159885292 0.8676508179565761
623.5 0.931565653412126 0.8679373309529803
623 0.9311868267037821 0.8672288551047678
622.5 0.9314532278390922 0.867723670968162
622 0.9312051899264476 0.8672642785561123
621.5 0.9312599894586304 0.8673689655444558
621 0.9313471585735893 0.8675296577425476
620.5 0.9315015215724057 0.8678136307572094
620 0.9312835612173015 0.8674105003723958
619.5 0.9313440482156476 0.8675217298225383
619 0.9312665379418745 0.8673779770755453
618.5 0.9312111207370724 0.8672750399099078
618 0.9310479481518701 0.8669729476046738
617.5 0.9310245090774775 0.8669245366875266
617 0.9311011070705293 0.8670702018054217
616.5 0.9309089186474753 0.8667130326848549
616 0.9307929539873288 0.866499294887207
615.5 0.9309518738069906 0.8667927781222692
615 0.9308727283016889 0.8666437616378487
614.5 0.9307545504708867 0.8664264088710728
614 0.9309815132422513 0.8668495005811149
613.5 0.9308785296416341 0.866656587656729
613 0.9308528620427079 0.8666065519974676
612.5 0.9307484891758305 0.8664153603791707
612 0.9307285885095857 0.8663761952000746
611.5 0.9309478539901903 0.8667844145531057
611 0.9306184612277236 0.8661725849597456
610.5 0.9308293946802432 0.866565851999233
610 0.9306038861395867 0.8661433796129354
609.5 0.9305146525610261 0.8659816235664278
609 0.9305019119778033 0.8659540870327708
608.5 0.9305538540891881 0.8660510546390824
608 0.9303351084097917 0.8656450831137247
607.5 0.930427869343223 0.8658166887676663
607 0.9304309700104669 0.8658263733878383
606.5 0.9303843152816968 0.8657356857944287
606 0.9302006992350893 0.865396256252132
605.5 0.9304122473318964 0.8657906510636054
605 0.9300917405805205 0.8651938548889304
604.5 0.9302238604659524 0.8654386904910938
604 0.9299972504369773 0.8650188949755288
603.5 0.9303171865391946 0.8656115385950477
603 0.9301210732230542 0.8652462583993441
602.5 0.9301548343468234 0.8653099418892874
602 0.9299080866165896 0.8648527502545389
601.5 0.9300668765353992 0.8651465645485971
601 0.9302148877456002 0.8654224156287466
600.5 0.9298650398711293 0.8647686904382067
600 0.9301037429037718 0.8652120688592383
599.5 0.929779498974167 0.8646117150595597
599 0.9299984032382784 0.8650207748789553
598.5 0.9296423164063841 0.8643549975362608
598 0.9299412492775205 0.8649130434055886
597.5 0.9298411374017745 0.8647274365923304
597 0.92952291287837 0.8641360130696719
596.5 0.9295550854205342 0.8641936489482325
596 0.9295316044415541 0.864151544112417
595.5 0.9294794506114327 0.8640547038366729
595 0.9291402402435458 0.8634274441697255
594.5 0.9295603332944328 0.8642007255655372
594 0.9296417219817302 0.8643528222663386
593.5 0.9297838322767283 0.864620333813648
593 0.929405886310658 0.8639185409778453
592.5 0.9294668547278128 0.8640321603073131
592 0.9293259614442358 0.8637676434061039
591.5 0.9292679581195397 0.8636573453478879
591 0.9292806218758035 0.8636850018495588
590.5 0.9292099725338985 0.8635522268595911
590 0.9290409707585412 0.86323654679237
589.5 0.929295194485175 0.8637113541921133
589 0.9291328658644367 0.8634097315308618
588.5 0.929282508360911 0.8636892292788171
588 0.9288866171549421 0.8629505657489501
587.5 0.929049071380867 0.8632505233251215
587 0.9290675702058088 0.8632861553956904
586.5 0.9291065702057278 0.863357604594828
586 0.929105343006484 0.8633577216117028
585.5 0.9289681303530215 0.8631023191098725
585 0.9291757284048596 0.8634914824070667
584.5 0.9289541384542429 0.863079737779567
584 0.9289442530083295 0.8630633870943587
583.5 0.9288910051354218 0.8629613818954592
583 0.9285358663419346 0.8622999415842371
582.5 0.9288866460034767 0.8629528511876396
582 0.9287112392304652 0.8626279889369409
581.5 0.9286904603539252 0.8625846334783143
581 0.9286534705115751 0.8625200794534036
580.5 0.9283435451745607 0.8619461832392092
580 0.9287443506066916 0.8626880295540564
579.5 0.9283365542857719 0.8619335967655019
579 0.9286405967066421 0.8624972161845417
578.5 0.9283344477730177 0.8619340768092029
578 0.9286500043664307 0.8625108466790311
577.5 0.9282693585428154 0.8618052563485614
577 0.9280938078116009 0.8614823669299383
576.5 0.9283253146464645 0.8619084195649857
576 0.9283228803598245 0.8619065873468746
575.5 0.9283165963206037 0.8618947345353126
575 0.9282859870975679 0.8618364126243289
574.5 0.9282372031564827 0.8617462723471405
574 0.9284069954426613 0.8620614176801311
573.5 0.9282758809110208 0.8618193138050892
573 0.9279128867353746 0.8611459007212406
572.5 0.9282132924935906 0.8617010009993166
572 0.9277952073619068 0.8609230118549939
571.5 0.9278915419641759 0.8611069669277717
571 0.9277821617762299 0.8608995875468021
570.5 0.9281086934317551 0.8615123519636406
570 0.9277925636996728 0.860920124367208
569.5 0.9279584507885045 0.8612316945452628
569 0.9278100789522159 0.8609524752675121
568.5 0.9276106655033102 0.8605851292307632
568 0.9273529889764116 0.8601074331216186
567.5 0.9277010638507044 0.8607496824275519
567 0.9274494922822384 0.8602862692800226
566.5 0.9276758593904357 0.8607012945489525
566 0.9275466402105583 0.8604668798331709
565.5 0.9273798520699132 0.8601569374202936
565 0.9274673920597485 0.8603179932158826
564.5 0.9271161292839812 0.8596660653215189
564 0.9272740262663144 0.8599599968202585
563.5 0.9272478424854124 0.8599101623458785
563 0.9273025264693642 0.8600129939195079
562.5 0.9270588193102701 0.859560784256148
562 0.9270847076485502 0.8596078554625306
561.5 0.9271072173068756 0.8596499422151224
561 0.927119704387569 0.8596743380084896
560.5 0.927039163931004 0.859525440630613
560 0.9273533409308217 0.8601057252886021
559.5 0.9270165301293416 0.859483240630203
559 0.9267820078176867 0.8590485914832752
558.5 0.9270713484548433 0.8595852961915399
558 0.9269425513712073 0.8593428604150408
557.5 0.9267742197647365 0.8590319908155701
557 0.9268280917340815 0.859135501648944
556.5 0.9269387125104701 0.8593386568798465
556 0.9268816382268931 0.859232515108252
555.5 0.9263828015453303 0.8583101360149672
555 0.9265456888279264 0.8586106066595235
554.5 0.9266906234797212 0.858875432150619
554 0.9266052480161798 0.8587192967242353
553.5 0.9265279749969229 0.8585765346288241
553 0.9263102259876911 0.8581744232699066
552.5 0.9261274364039435 0.8578364530671134
552 0.9264560611621236 0.8584450872717821
551.5 0.9262445867256418 0.8580519200244741
551 0.9261919447821735 0.857951563014539
550.5 0.926215302365115 0.8579979016480536
550 0.9262414146227869 0.8580424965892957
549.5 0.9262082498004772 0.8579854472337972
549 0.9263358443827613 0.8582225153936781
548.5 0.9260759486771236 0.8577399429352006
548 0.9258595325717195 0.8573361344393245
547.5 0.9260147314590635 0.857626299111046
547 0.9259971247997919 0.8575899791614648
546.5 0.9259108522504925 0.8574341283852405
546 0.9259588655189971 0.8575217347153142
545.5 0.9261682129495434 0.8579075641363245
545 0.9257895057602051 0.8572073427965036
544.5 0.9255152366483668 0.8566996433239539
544 0.9256886182796734 0.8570219700660853
543.5 0.9258695154590223 0.8573597070414912
543 0.9257206840590091 0.8570775467350262
542.5 0.9257538421705404 0.8571429699017262
542 0.9252801836609957 0.8562666082154514
541.5 0.9258319724978971 0.8572856133326711
541 0.9255737139032377 0.8568080985078002
540.5 0.9251458668702861 0.8560163018027915
540 0.9250708362858087 0.8558821562427374
539.5 0.92550404418732 0.8566801601639729
539 0.9254803677216126 0.856637301587485
538.5 0.9253037188842348 0.8563110359674755
538 0.9253275296821855 0.8563536256092031
537.5 0.9253286434274189 0.8563515600484036
537 0.9252203431929436 0.856154231745065
536.5 0.9253624771544408 0.8564203015697722
536 0.9252072229528481 0.8561301474096991
535.5 0.9251597739979841 0.8560421775240286
535 0.925040010374899 0.8558231858571322
534.5 0.925018264744998 0.855784236053499
534 0.9249957033630759 0.8557421547272984
533.5 0.9249130799372163 0.855589732005771
533 0.9245514157324461 0.8549167879506528
532.5 0.9249250936094826 0.8556084611838847
532 0.9245376091391035 0.8548993801066282
531.5 0.9244581791790105 0.8547468961371908
531 0.9245427305759486 0.854903777715859
530.5 0.9246442351826205 0.8550866294811096
530 0.9248366039380793 0.8554457724592305
529.5 0.9244102763227177 0.854656230494243
529 0.9243100995689614 0.8544710651090202
528.5 0.9245085078881743 0.8548378900538459
528 0.9244535309729083 0.8547343606700424
527.5 0.9244073331868227 0.8546510304766748
527 0.9240223302975038 0.8539436732527583
526.5 0.9238747757086954 0.8536666244743882
526 0.9244843706343153 0.8547971638667581
525.5 0.9241839583127492 0.8542417235401639
525 0.9242779621905403 0.8544151668351808
524.5 0.9240478941850553 0.8539870139995765
524 0.9239541449198475 0.8538149426571285
523.5 0.9243516862153774 0.8545473191091403
523 0.9237985767441055 0.8535292892630197
522.5 0.9239456403035201 0.8537982841082603
522 0.9240043221348523 0.853906850800053
521.5 0.9238393326303588 0.8536018197295027
521 0.9236728148551322 0.8532941197639553
520.5 0.9235605766281163 0.8530851844025923
520 0.9237843410686071 0.8534985458949703
519.5 0.9234943604356871 0.8529695803687183
519 0.92338257239592 0.8527584275939274
518.5 0.9233103470896384 0.8526226357624592
518 0.9236735685764513 0.8532934251652575
517.5 0.9233269623647796 0.8526565005157889
517 0.923488565472677 0.8529546688396293
516.5 0.9233697946012476 0.852736166465419
516 0.9232210275527781 0.8524604489428838
515.5 0.923288176450622 0.8525858562383194
515 0.9232469122123242 0.8525081828425578
514.5 0.9231861948596125 0.8523945113009789
514 0.9230845887064364 0.8522103008823378
513.5 0.9230021147786897 0.8520577057373444
513 0.9227330642566316 0.8515609017022852
512.5 0.922897593817586 0.8518647777698672
512 0.9227981922154471 0.8516776402412483
511.5 0.9228420556048306 0.8517624178034908
511 0.9225848461496272 0.8512883021947931
510.5 0.9225520047360158 0.8512235803436925
510 0.9227899040000547 0.8516629943133321
509.5 0.9225595187346136 0.8512405314276891
509 0.9227776168268527 0.851639123736136
508.5 0.9224014384919481 0.8509483005328631
508 0.9224961716112817 0.8511215502670144
507.5 0.922229651167966 0.8506316725744719
507 0.9221840475197134 0.8505454712355
506.5 0.9225206433967227 0.8511670253340399
506 0.9224563694347869 0.8510488354698813
505.5 0.9218301373205559 0.8498962258044133
505 0.9222755301251235 0.8507157265457872
504.5 0.9221577620308163 0.8505003987803815
504 0.9220325319237783 0.8502685277328788
503.5 0.9223479126788398 0.8508498350765397
503 0.9221381897522112 0.8504615560621185
502.5 0.9218824159057675 0.8499913427358023
502 0.9217935524708358 0.8498277901525794
501.5 0.9219532043030916 0.8501237367440405
501 0.9219497185881486 0.8501152365735122
500.5 0.9214991600173591 0.8492833738535139
500 0.9216575655247051 0.8495752465619234
499.5 0.9217275848098533 0.8497074073186759
499 0.921880400677244 0.8499869784523851
498.5 0.921586840841091 0.8494393816708333
498 0.921499614435398 0.8492837584974947
497.5 0.9216542850935442 0.8495705964406236
497 0.9211909530633062 0.8487180828725033
496.5 0.9214348293420926 0.8491674529116403
496 0.9213227550034299 0.8489577624735007
495.5 0.9214225096047888 0.8491377989872593
495 0.921272738862537 0.8488655269371288
494.5 0.921320426437946 0.8489560191017449
494 0.9209316082403896 0.8482397974838025
493.5 0.921372307238609 0.8490469791741394
493 0.920860651164516 0.8481078201021064
492.5 0.921089847873384 0.8485322394932618
492 0.9210203950437579 0.8484030208843751
491.5 0.9208804587990753 0.8481446709088548
491 0.9209431328371724 0.848260395243371
490.5 0.920755342194802 0.8479163781297624
490 0.9209923059824019 0.8483542772018675
489.5 0.9205719187184144 0.8475779282158642
489 0.9206445648221879 0.8477111225735567
488.5 0.9206679841568063 0.8477529830358428
488 0.920583111080397 0.8475974755521141
487.5 0.9204734651011809 0.8473971017111803
487 0.9201836105584972 0.8468615980196288
486.5 0.9203489088207184 0.8471659989807772
486 0.9202748860131529 0.8470294610352213
485.5 0.9204013666014417 0.8472657889414139
485 0.9200545532342821 0.846624184938097
484.5 0.9199694721845224 0.8464680116871168
484 0.9203339992812489 0.8471382434822932
483.5 0.9199723180375976 0.8464718925680952
483 0.9201223445367624 0.8467497462881841
482.5 0.9200446151035826 0.8466063554199987
482 0.9198771278673591 0.8462963042311117
481.5 0.9198796825714741 0.846302343153567
481 0.9196021143210937 0.8457904130035684
480.5 0.9197625015908035 0.8460828904143496
480 0.919634684327905 0.8458536329007676
479.5 0.9198048553432377 0.8461651062186683
479 0.9193127963528982 0.8452607917133745
478.5 0.9196959655405292 0.8459637042873562
478 0.9192973591406678 0.8452329133223291
477.5 0.9195312107278985 0.8456607530792738
477 0.9194762937143337 0.8455597022988715
476.5 0.9193371159591731 0.8453043175509194
476 0.9192187899997581 0.8450894839946583
475.5 0.9192313644007407 0.8451094754507414
475 0.9189841776217931 0.8446581492655568
474.5 0.9191076154440867 0.8448834065422666
474 0.9188588906767116 0.8444241667274682
473.5 0.9187232703066626 0.84417652719793
473 0.9188152186096434 0.8443459947833624
472.5 0.9187516521480499 0.8442308518681028
472 0.9190501530369233 0.8447765234080011
471.5 0.9186216489294264 0.8439924360611432
471 0.9187538505769468 0.84423508498755
470.5 0.9187993245644154 0.8443186561552053
470 0.9186295103564811 0.8440061175820303
469.5 0.9185965641606457 0.8439426464030478
469 0.9184782961453627 0.8437272562001604
468.5 0.9185371162236956 0.8438326831405272
468 0.9183230237436896 0.8434430515557018
467.5 0.9182726451198181 0.8433492328912154
467 0.9181288132785268 0.8430847889457588
466.5 0.9180790938787876 0.8429963746059013
466 0.9181713288706386 0.8431662911253628
465.5 0.9179107836621839 0.8426853069365959
465 0.917923588162871 0.8427062596864963
464.5 0.9179179301955621 0.8426983650064221
464 0.917844265126883 0.842564173195417
463.5 0.9179347963634716 0.842733173379685
463 0.9177596914969594 0.8424066330083313
462.5 0.917569903002138 0.842059598141892
462 0.917648541210904 0.8422056609841078
461.5 0.9177126182686894 0.8423219384789496
461 0.9176424080203763 0.8421893016245388
460.5 0.9175813505594754 0.8420816888760371
460 0.9172726936977328 0.8415143698481741
459.5 0.9175553997065113 0.8420301724995816
459 0.9173938081563832 0.8417359452508015
458.5 0.9172236204558887 0.8414229075905466
458 0.9171915162711647 0.841365571056322
457.5 0.9171118212661353 0.8412186562639541
457 0.9169208529580664 0.8408670499511899
456.5 0.9170069316336944 0.8410263044343825
456 0.9168722806341902 0.840780199594676
455.5 0.9171481733521482 0.8412845859442475
455 0.9168093944682896 0.8406676071792719
454.5 0.9169799957295496 0.8409758400294758
454 0.9167530139846831 0.8405640098265897
453.5 0.9161703398329601 0.8394893305582535
453 0.9165469436400482 0.8401862600300226
452.5 0.9164476525768814 0.8400030574756702
452 0.9166221533759737 0.8403230375228442
451.5 0.9161734061985248 0.8394977215912724
451 0.9163409899043603 0.8398026161340395
450.5 0.9165883840503888 0.8402585726323366
450 0.9160953097086559 0.8393565075953755
449.5 0.9161313330798344 0.8394220898533753
449 0.9160722222640315 0.8393194861586053
448.5 0.9158491423343492 0.8389028906744209
448 0.9160598680075068 0.8392889074920236
447.5 0.9159038031797917 0.8390054796688906
447 0.9155442815524149 0.8383438460398102
446.5 0.9158274377893038 0.8388650624954879
446 0.9157520496263639 0.838728474893372
445.5 0.9154382683780256 0.8381516891417652
445 0.9156558286031585 0.8385487622329503
444.5 0.915403183567372 0.838090902011483
444 0.9154266707990193 0.8381304662296225
443.5 0.9153078066375817 0.8379146685299129
443 0.9153848393709663 0.8380533301306375
442.5 0.9152521364669716 0.8378100828381256
442 0.9152526209054291 0.8378099095330636
441.5 0.9148216741387151 0.8370256240266194
441 0.9148439959200714 0.8370654679761075
440.5 0.914960916782742 0.8372765378663352
440 0.9151612685863206 0.8376464526399471
439.5 0.9146945456547095 0.8367913697642708
439 0.9149319579917676 0.8372229159373644
438.5 0.9147167210471222 0.8368311935567859
438 0.9146556628225408 0.8367213014637028
437.5 0.9146593248008128 0.8367248935977225
437 0.9145110530525755 0.8364561937725636
436.5 0.9145644905438242 0.8365507309856625
436 0.914232939666769 0.8359473634560659
435.5 0.9142506667634891 0.8359763635403047
435 0.9141513224753237 0.8357998872565201
434.5 0.914107208195439 0.835718488933658
434 0.9139835043060375 0.8354902323042442
433.5 0.9139414394186532 0.8354168000328666
433 0.9141618530137059 0.8358204582271704
432.5 0.9141067186796781 0.8357121197625113
432 0.9139983060511657 0.8355157054538768
431.5 0.9139403288312881 0.8354154387573705
431 0.9136153729144452 0.8348198633180282
430.5 0.913405026487227 0.834433840931212
430 0.9135941806090447 0.8347794048689814
429.5 0.9134360764543412 0.834491212219881
429 0.9134654506296314 0.8345447366340917
428.5 0.9133674754301995 0.8343707417107861
428 0.9131783464412404 0.834025376138133
427.5 0.9132634584158441 0.8341776991257501
427 0.9133109158630296 0.8342611834948068
426.5 0.9130081634063302 0.8337141800452581
426 0.9132230054439175 0.8341030190560309
425.5 0.9128280314386633 0.8333813715803794
425 0.9127851208165855 0.8333020790542013
424.5 0.9126447284776354 0.8330455979307534
424 0.9127936895904014 0.833321408482057
423.5 0.9127554232330413 0.8332498970917209
423 0.9125401145563297 0.8328524286388868
422.5 0.9126378546661411 0.8330324232925503
422 0.9124958873322371 0.8327759390436978
421.5 0.9125193680282147 0.8328162831892096
421 0.911838916557107 0.8315773908913776
420.5 0.9121343317606749 0.8321119171172222
420 0.9121735418424884 0.8321877435303505
419.5 0.9117670238683586 0.8314446899647786
419 0.9120580190440553 0.8319795855010712
418.5 0.9121095796974835 0.832070702709647
418 0.9117612379892078 0.8314317461293896
417.5 0.9115694669384221 0.8310855583676656
417 0.9117599548476414 0.8314359600868956
416.5 0.9116382098775174 0.8312091291812407
416 0.9118583989413783 0.8316137451665184
415.5 0.9117769532653442 0.8314631609350808
415 0.911530107371105 0.8310109399888458
414.5 0.9113566679676388 0.8306956619235117
414 0.9112544550778492 0.8305085767318017
413.5 0.9116157280209715 0.8311693677781897
413 0.911216677095387 0.8304417941971366
412.5 0.9109863677527689 0.8300206857649083
412 0.9109272579253237 0.829910338866526
411.5 0.9111185109404011 0.8302642392482986
411 0.911014555730205 0.8300721909646628
410.5 0.9105881054864039 0.8292966078634701
410 0.9107777875354398 0.8296448644436957
409.5 0.9105799795065049 0.8292792301079758
409 0.9107406604276255 0.8295767014699795
408.5 0.9103222183157746 0.8288126433413798
408 0.9103211223094865 0.8288089922637123
407.5 0.9103973604722363 0.8289470940961007
407 0.9105745496399608 0.8292722273540953
406.5 0.9101473908644593 0.8284938376490448
406 0.9101023294967234 0.8284121099239932
405.5 0.9099131963189033 0.8280686532771375
405 0.9099469536070174 0.8281272793175022
404.5 0.9102354093680846 0.8286548948964556
404 0.9096555045694524 0.8276004643632303
403.5 0.9097972795361507 0.8278606954953448
403 0.9096754256072368 0.8276376539499521
402.5 0.9095534788950159 0.8274145024412237
402 0.9094403084908522 0.8272072291747166
401.5 0.9093806720886367 0.8270971658575063
401 0.9093626830126242 0.8270685759280587
400.5 0.9091820786774608 0.8267393063935554
400 0.9093679631945795 0.827077611870984
399.5 0.9093225572111039 0.82699226096727
399 0.9090867199994369 0.8265672613313992
398.5 0.9087957537992634 0.8260344850540752
398 0.9089374501734352 0.8262941188186493
397.5 0.9088353326093183 0.8261112607518284
397 0.9087921660068529 0.8260311518043535
396.5 0.9090003313350243 0.8264086735589022
396 0.9084850631538086 0.8254692305511616
395.5 0.9085679387281594 0.8256200571194626
395 0.9082890357088722 0.8251134168266
394.5 0.908251384033163 0.8250478226082502
394 0.9082408710267236 0.8250276394305021
393.5 0.9081902485210789 0.8249382746124522
393 0.9081736788925129 0.8249084227611179
392.5 0.9078443064868259 0.8243115673915742
392 0.9075820133461802 0.8238346890161953
391.5 0.9079814671463748 0.8245589635093408
391 0.9075209719587783 0.8237186242627434
390.5 0.9074314115277611 0.8235608251702085
390 0.9076477828044323 0.8239557215480047
389.5 0.9075234065384059 0.8237265313422536
389 0.9073411473837254 0.8233923036831312
388.5 0.9069764451506455 0.8227334556720666
388 0.9074320128342633 0.8235581341555608
387.5 0.9071410815265546 0.8230291125432583
387 0.9072720766886455 0.8232675839487511
386.5 0.9068280945229336 0.8224671845694056
386 0.9071092151303286 0.8229722520128561
385.5 0.9067798941329058 0.8223713204270423
385 0.9067653736439651 0.8223542144308217
384.5 0.9065291925030984 0.8219236592670194
384 0.9065578977950649 0.8219754999923742
383.5 0.9061856617210521 0.8213004667827187
383 0.9062409471752386 0.8213996169544514
382.5 0.9058819991625623 0.8207462125811397
382 0.9059037313230798 0.8207862440313701
381.5 0.9061768548174359 0.8212873017298273
381 0.9058665886336745 0.8207198886267872
380.5 0.9058895831943595 0.8207663277408573
380 0.9060112468979575 0.8209828129706328
379.5 0.9061399115974671 0.82121593769574
379 0.9058088417282336 0.8206211796307847
378.5 0.9053095430574325 0.8197101270303361
378 0.9055267945181313 0.8201060826892903
377.5 0.9055307556457395 0.8201142957312502
377 0.9052716367398402 0.8196459526145713
376.5 0.9052362897365199 0.8195815823201819
376 0.905277903348493 0.8196545099686979
375.5 0.9049092185801744 0.8189899076638988
375 0.9051629624368918 0.8194492215802263
374.5 0.9046328474598548 0.8184899227001561
374 0.9050703180623321 0.8192842698251324
373.5 0.904678878397516 0.8185727660300651
373 0.9045315686256475 0.8183048388784755
372.5 0.9045123383184125 0.8182717254573096
372 0.904224508913798 0.8177455614758453
371.5 0.9043214389959886 0.8179240175553535
371 0.9041042551384407 0.81753591974528
370.5 0.9040975263818372 0.8175205948196048
370 0.9038519588897465 0.8170773515733974
369.5 0.9038345019826008 0.8170442577110342
369 0.9041832250961043 0.8176735138363567
368.5 0.9038469290603686 0.8170690628679596
368 0.9036156913550694 0.8166472914710587
367.5 0.9034344979331445 0.8163224070411063
367 0.9033886169319233 0.8162380287493628
366.5 0.9031672915312458 0.8158373698912518
366 0.9031525376588452 0.8158137152480459
365.5 0.9032999696417362 0.8160789686552078
365 0.9033249238591827 0.8161227667911192
364.5 0.9027972001460494 0.8151663574826994
364 0.9027207132151905 0.8150290922110243
363.5 0.9025825630740033 0.8147861098951357
363 0.9029166724378799 0.8153821960241987
362.5 0.9025049089761858 0.8146434293613635
362 0.9024872352970076 0.8146092204480686
361.5 0.902274492362085 0.8142308201439968
361 0.9024669419212648 0.8145764226279766
360.5 0.9023143616810692 0.8142990127496875
360 0.9019414324149484 0.8136263022619452
359.5 0.902013201052775 0.8137539708159448
359 0.9019792728349483 0.8136953769055176
358.5 0.9016683375096991 0.8131348402236543
358 0.901794620697973 0.8133616514282929
357.5 0.9013425058130771 0.8125453393495253
357 0.9015432645050783 0.8129079434099945
356.5 0.9013751016067777 0.8126058904438481
356 0.901427949834849 0.8127001650454194
355.5 0.9009570622848764 0.8118529495810909
355 0.9010193920906194 0.8119646356902822
354.5 0.9010173714922668 0.8119591564587444
354 0.9006534405128152 0.8113032466927945
353.5 0.9006003129460948 0.8112102218755842
353 0.9003597836308712 0.8107761326632599
352.5 0.9006305602007455 0.8112628658971565
352 0.9004660795400293 0.8109688507206769
351.5 0.8999871320325891 0.8101053158832116
351 0.9001978465321033 0.8104809644932828
350.5 0.9002396808203347 0.8105616630145261
350 0.899897758967848 0.8099417060660806
349.5 0.8999184571527234 0.8099825889436894
349 0.9001864136330193 0.8104610570031336
348.5 0.8996049167825715 0.8094212785083703
348 0.8995790564896845 0.8093686754218737
347.5 0.8992477959478212 0.8087776115872789
347 0.8994846237327434 0.8092042867678187
346.5 0.899025760385929 0.808377503921063
346 0.8991510096185467 0.8086002227274738
345.5 0.8991496312689615 0.8085998685297417
345 0.8992252006271133 0.8087393181887929
344.5 0.8990065951104528 0.8083421339952636
344 0.8987339180199354 0.8078542461338019
343.5 0.8986557123221453 0.8077081279120962
343 0.8985879111870334 0.8075886597376133
342.5 0.8984256585484534 0.8072964320333936
342 0.8983477121198993 0.8071586944597458
341.5 0.8980446513798006 0.8066174251607025
341 0.8978512885567084 0.8062638931222208
340.5 0.8979250698357262 0.8064003824365441
340 0.8979708807455563 0.8064778872210855
339.5 0.8979699598339055 0.8064803380902189
339 0.8976936235003941 0.8059838728530985
338.5 0.8976309726636342 0.8058708840970384
338 0.8973212954235258 0.8053150280143381
337.5 0.8970947015323394 0.8049108485294966
337 0.8972346013997237 0.8051627556298296
336.5 0.8970005266973852 0.8047416612651745
336 0.8967007701066563 0.8041983393271187
335.5 0.8968039372654835 0.8043866583106812
335 0.8967088014827923 0.8042181269571992
334.5 0.8966810954926964 0.8041669944373383
334 0.8964484169422474 0.8037499170443495
333.5 0.8961921159574663 0.8032907958222953
333 0.8961891089656859 0.803282559342736
332.5 0.8962370783542963 0.8033739585621008
332 0.8958106072424766 0.802607604616652
331.5 0.8958062807203053 0.8026017153268322
331 0.8957343645026596 0.8024704876129253
330.5 0.8956024112443898 0.8022309163961469
330 0.8958438800826554 0.8026647245789662
329.5 0.8953169359638014 0.801723328052672
329 0.8951340545341646 0.8013966300892585
328.5 0.89544899493434 0.8019581365419194
328 0.8949581613213433 0.8010765364569457
327.5 0.8948010651837737 0.8008011509766653
327 0.8945183026811759 0.800290580110566
326.5 0.8947293537502108 0.8006685669391704
326 0.8943122618529789 0.7999282398154686
325.5 0.89451643450391 0.8002886741385072
325 0.8947160563835753 0.8006472111138498
324.5 0.8942004480150759 0.7997280267785924
324 0.8941385134648192 0.7996182912707198
323.5 0.8938393108031059 0.7990775605277928
323 0.8941069532447844 0.7995564739742262
322.5 0.8936641093581419 0.7987676080715749
322 0.893152276887923 0.7978524609643425
321.5 0.8934201252879154 0.7983333408892043
321 0.8931778329919194 0.7978973468729392
320.5 0.8929585398348252 0.7975062342752272
320 0.8933032493842744 0.7981219165412242
319.5 0.8930428948488236 0.7976536162584612
319 0.892782026282157 0.7971935998751475
318.5 0.8925511320386881 0.7967788838514053
318 0.8927384418831104 0.7971140242039536
317.5 0.8922929209284899 0.7963166299650805
317 0.8926821507883808 0.7970161557578626
316.5 0.8920509792500244 0.7958835853030581
316 0.8920371886012973 0.7958615581184094
315.5 0.8919323043506754 0.7956729774413825
315 0.8919386281852326 0.7956838285553166
314.5 0.8914625047279168 0.7948374138526537
314 0.8915774756818294 0.7950445882080033
313.5 0.8914213685314527 0.7947638626086111
313 0.8908649818265286 0.7937727434485262
312.5 0.8914645216859002 0.7948392296164923
312 0.8912735321806616 0.7945008466101349
311.5 0.8907890708648061 0.793636999419547
311 0.8906775565503238 0.7934436938684633
310.5 0.8906709778688725 0.7934264233737972
310 0.8903804562897025 0.7929112718854741
309.5 0.8902331701266208 0.7926465927428249
309 0.8900049794903311 0.7922377650169814
308.5 0.8898985308832019 0.7920526546318384
308 0.8897468012925979 0.7917822548950785
307.5 0.8897004072085237 0.7916944563815536
307 0.8894470381752758 0.7912480062555063
306.5 0.8893587139403921 0.7910929136016704
306 0.8890549039268271 0.7905501490902908
305.5 0.8891749675266438 0.7907645199054578
305 0.8892351310140176 0.7908710197618866
304.5 0.8889778859904933 0.7904133950620266
304 0.8888047140088332 0.7901049734225586
303.5 0.8886248822333439 0.7897856645396586
303 0.8882682129776922 0.7891533824874992
302.5 0.8881235795938226 0.7888936171498214
302 0.8882805495913491 0.7891724860062684
301.5 0.8877404883977245 0.78821504257949
301 0.8878395054470045 0.7883921350691716
300.5 0.8876535264939398 0.7880544295531644
300 0.8875056468459642 0.7878012111365369
299.5 0.88731600492487 0.7874615162178166
299 0.8873421741220104 0.7875038925304307
298.5 0.8873142444745051 0.7874581289804197
298 0.8867468857918307 0.7864555143969489
297.5 0.8869172123864416 0.7867537624680112
297 0.887037522382882 0.7869668928684628
296.5 0.8866998932901817 0.7863709774653884
296 0.8863947628740642 0.7858300724130302
295.5 0.8864732783017054 0.7859705278478136
295 0.8862763049374774 0.7856190432412874
294.5 0.8857240813654694 0.7846382341624714
294 0.8857825122738193 0.784743650541198
293.5 0.8853487027526626 0.7839723338921297
293 0.885376763577616 0.7840265545871414
292.5 0.8853261842892044 0.7839329211731709
292 0.8852471189426366 0.7837946823409181
291.5 0.8850625024551521 0.7834670530851192
291 0.8849708882054337 0.7833083806320665
290.5 0.8848026156809726 0.7830064531391929
290 0.8845459546372946 0.7825531243038096
289.5 0.8842983386023456 0.7821200127885596
289 0.8843119150692011 0.7821395502277969
288.5 0.8842670460037222 0.7820666306730514
288 0.8842346604390443 0.7820027479174787
287.5 0.8840357011521263 0.7816499463893429
287 0.8835993402434965 0.7808799736314113
286.5 0.8835103174313002 0.7807237241718308
286 0.8834446531118672 0.7806054620731636
285.5 0.8833893452636659 0.7805075593999863
285 0.883076574203959 0.7799555753484753
284.5 0.8827695545113893 0.7794120827184757
284 0.8826534625930638 0.7792113534640375
283.5 0.8825775921927946 0.7790745365752407
283 0.8822228748756151 0.7784448478302559
282.5 0.8820272060739827 0.7781038798026921
282 0.8821423649680552 0.7783085528050147
281.5 0.8820080788802248 0.7780690094663195
281 0.8816511661997681 0.7774409398725245
280.5 0.8812988760960089 0.7768186072222603
280 0.8810635313041745 0.7764045998900334
279.5 0.881157926616042 0.7765701040353254
279 0.8810947367725503 0.7764637408754527
278.5 0.8806819822029539 0.7757360984322348
278 0.8805456955220334 0.7754911980624435
277.5 0.88051867500286 0.775445443268597
277 0.8802637336422906 0.7749981276602819
276.5 0.8801979423006119 0.7748787314897267
276 0.8799274952764381 0.7744068366748154
275.5 0.8798224311839726 0.7742236293184704
275 0.8796362027988773 0.7738962893044192
274.5 0.8793449404278426 0.7733848468558758
274 0.8793087836240008 0.7733190568313656
273.5 0.8791643502047853 0.7730629515302988
273 0.87872795897286 0.7722937408013284
272.5 0.8789424878484474 0.7726706274925467
272 0.8786284749940567 0.772116851435724
271.5 0.8783095287649686 0.7715600285294414
271 0.8777882127961183 0.7706475310964747
270.5 0.87785103490921 0.7707568897813751
270 0.8776484034920398 0.7704000956066892
269.5 0.8774546056920558 0.7700559723908562
269 0.8778359345293909 0.7707310587783808
268.5 0.8774283468897092 0.770013828476536
268 0.8767621486083137 0.7688455787480394
267.5 0.8769370219214798 0.769153817021401
267 0.8769616475098228 0.7691955733484803
266.5 0.8763615284810421 0.7681416819081458
266 0.8762066190912844 0.767868854279932
265.5 0.8759255951571617 0.7673809241850132
265 0.8762599962872353 0.7679658943924792
264.5 0.8756377176335056 0.7668762874555669
264 0.8757519559404066 0.7670730178594882
263.5 0.875612726835972 0.7668309984564623
263 0.8750930073015042 0.7659236804776108
262.5 0.8749086958366227 0.7655962525238377
262 0.8748225036903031 0.765448624291705
261.5 0.8743329650992111 0.76459312676877
261 0.8740941871827625 0.7641740332938086
260.5 0.8741755494078892 0.7643164209328611
260 0.8740470552972246 0.7640945242341532
259.5 0.8735616452657737 0.7632431783487148
259 0.8733777142029883 0.7629249102928901
258.5 0.873511059063777 0.763159731431122
258 0.8730645440423345 0.7623772814595228
257.5 0.8729494899201681 0.7621732129135481
257 0.8729790115080098 0.7622274238517512
256.5 0.8728473683665326 0.7619946459499172
256 0.8725431235935123 0.761467090606979
255.5 0.8721235619898938 0.7607368241468978
255 0.871915377391847 0.7603668579770816
254.5 0.8712138699688545 0.7591481385860996
254 0.8714459335131303 0.7595548677468639
253.5 0.8709182926795883 0.7586315037384439
253 0.8713136408469293 0.7593242353646775
252.5 0.8707587879459151 0.7583560986045309
252 0.8707900463002352 0.7584112529069585
251.5 0.8706704911297273 0.7582023372283273
251 0.8705051332124804 0.7579123588482006
250.5 0.86993693157216 0.7569226883307836
250 0.8698360404916301 0.756749395912255
249.5 0.8697676785660349 0.7566272193621298
249 0.869365411438197 0.7559286269351747
248.5 0.8693294143293917 0.7558694061135374
248 0.8688345851473033 0.7550070394067043
247.5 0.8685763438774174 0.7545569941887903
247 0.8686411935352397 0.754670206243855
246.5 0.8684395271955744 0.7543217092678345
246 0.8679096975730386 0.7534018947778183
245.5 0.8677504935029827 0.7531263073282431
245 0.8675489116496069 0.7527775387784627
244.5 0.867697661921959 0.7530348270269961
244 0.8670401844522153 0.7518998910757516
243.5 0.8664522712860606 0.7508731059291367
243 0.8665664326377359 0.7510747319954827
242.5 0.8663009641474204 0.7506178263461332
242 0.866400053297773 0.7507857320476625
241.5 0.8659225150287518 0.7499592884389309
241 0.8661043900584204 0.7502728871392338
240.5 0.8656321757463578 0.7494518236749735
240 0.8654684532950656 0.7491754458792826
239.5 0.8648017142850127 0.7480156948050355
239 0.8649704221574295 0.7483078790549412
238.5 0.8643757332886375 0.7472803945772875
238 0.8646272793033669 0.7477188730950878
237.5 0.8638817850458199 0.7464249127094839
237 0.863938364332581 0.7465286287022403
236.5 0.8632715098201418 0.7453730668793873
236 0.8632020838731854 0.7452545928244716
235.5 0.8631314811623145 0.7451326656402667
235 0.8626299090230058 0.7442701812161853
234.5 0.8628713669312386 0.7446834457690427
234 0.8622005165538134 0.7435266618870587
233.5 0.8625299215768197 0.7440945793160407
233 0.8620400289279714 0.7432483961732014
232.5 0.8617328191234438 0.7427190891250581
232 0.8614458725034967 0.7422231731963639
231.5 0.8613395635032454 0.7420380384045705
231 0.8609439545479332 0.7413609136432924
230.5 0.8609874404461592 0.7414354313467315
230 0.860533824147832 0.7406554306828881
229.5 0.8599591509714661 0.7396755781706756
229 0.8601182999502061 0.73994062108034
228.5 0.8595348407041347 0.7389370333229872
228 0.8594312241665311 0.7387534296559519
227.5 0.8590688005347926 0.7381338918299964
227 0.8586530856868381 0.7374223031856526
226.5 0.8588736789872692 0.7377971031988286
226 0.8582796756748203 0.7367809152142086
225.5 0.8582074051756341 0.7366546130902762
225 0.8576950939938531 0.7357757499951851
224.5 0.8572645959352801 0.735034503389635
224 0.8576372734764538 0.7356762883975644
223.5 0.8567633113392561 0.7341761687658247
223 0.8566326027190468 0.7339565784212913
222.5 0.8565585125088108 0.7338262227475129
222 0.8561929983609772 0.7332019746005036
221.5 0.8558060315546898 0.7325420957766605
221 0.8555051930437427 0.7320268734393413
220.5 0.854953420205107 0.7310826745473211
220 0.8548073218178455 0.7308328747771798
219.5 0.854448909017673 0.7302177718642404
219 0.8543493380635522 0.7300487017947008
218.5 0.8540623341771423 0.7295588098336779
218 0.8535845974674855 0.728745737034564
217.5 0.8537673642388338 0.7290536139538629
217 0.853222537878288 0.7281298881823858
216.5 0.8532050695972695 0.7280975035756879
216 0.8525496600788997 0.7269784967080647
215.5 0.8524747540791546 0.726849430238682
215 0.852369676900269 0.7266705861186855
214.5 0.8516883725351952 0.7255104558937143
214 0.8516274584178627 0.7254110412988057
213.5 0.8512991699055719 0.7248522668560136
213 0.850699574731225 0.7238254109068083
212.5 0.8507450820412257 0.7239010653632705
212 0.8503983757136365 0.7233154566169371
211.5 0.8498676320490458 0.7224119033641687
211 0.8494791231336184 0.7217546173385088
210.5 0.8493601153767583 0.7215489601467547
210 0.8491229946008655 0.7211496320773643
209.5 0.8485476203695732 0.720167093164309
209 0.8478644630181158 0.7190125499150885
208.5 0.848153963448715 0.7195014571143077
208 0.8475049847283053 0.7184027522553807
207.5 0.8472751852423371 0.7180140229355847
207 0.847062094054192 0.7176547162017041
206.5 0.8465364036224695 0.716765657121067
206 0.8462212388863166 0.7162298446549773
205.5 0.8461418937983841 0.7160921850997839
205 0.845756623220511 0.7154400448222658
204.5 0.845352194004197 0.7147603104708916
204 0.8448670333582138 0.7139387647862045
203.5 0.8446675115463818 0.71360232748295
203 0.8449221741416412 0.7140345613489633
202.5 0.8441587072027836 0.7127415385427965
202 0.8436451649036344 0.7118741342985211
201.5 0.8435010436967726 0.71163523025581
201 0.8430787966219024 0.7109191097421873
200.5 0.8425910534473415 0.7101003996450364
200 0.8424103203846683 0.709792771822613
199.5 0.8419996802043695 0.7091005742023183
199 0.8414945672329481 0.7082553429037226
198.5 0.841618581588712 0.7084582614112245
198 0.8405903549989241 0.706729800139484
197.5 0.8404208506000905 0.7064470250189299
197 0.8400439214229836 0.7058123481786738
196.5 0.8399700484495722 0.7056859091585169
196 0.8396463005644226 0.7051415067160983
195.5 0.8392183561298981 0.7044262479573644
195 0.8388782910551638 0.7038589611917736
194.5 0.8383795187917455 0.7030148876568797
194 0.8377422698438125 0.7019548006380207
193.5 0.837277586306094 0.7011694274955051
193 0.837095863266515 0.7008674283319468
192.5 0.8366688938171046 0.700153453248744
192 0.8365091552560951 0.6998908673763158
191.5 0.8361283020409975 0.6992482944751354
191 0.8355870560301972 0.6983445322946963
190.5 0.8354088210418402 0.6980498147154075
190 0.8348107162655487 0.6970514887028194
189.5 0.8345394997435226 0.6966008280807083
189 0.8342429503031551 0.6961059214177152
188.5 0.8338413808430689 0.6954323976569744
188 0.8332946435218932 0.6945185329243174
187.5 0.8330413687044143 0.6940982163256032
187 0.8325421880539315 0.6932640145577779
186.5 0.8320337136307326 0.6924221227861979
186 0.832058153819445 0.6924547307919
185.5 0.831514176055152 0.6915615211458971
185 0.8308960552915546 0.6905302841033282
184.5 0.8301577310600438 0.689301126950946
184 0.8298604506307058 0.6888114924319848
183.5 0.8295239129049466 0.6882507865304688
183 0.8292269777919722 0.6877576676658849
182.5 0.8284358411744637 0.6864496215939442
182 0.8282204604305806 0.6860907261363304
181.5 0.8282080415166586 0.6860701490179669
181 0.8277422352716438 0.6853007188173494
180.5 0.8272061568483189 0.6844151616992199
180 0.8264694690772486 0.6831943898464663
179.5 0.8262365451427123 0.6828083086642183
179 0.8256686154065602 0.6818706434404649
178.5 0.8255817448430522 0.6817286368674962
178 0.8249576576699823 0.6806966948089881
177.5 0.824630488188098 0.6801555320296593
177 0.8236061401434377 0.6784736536809042
176.5 0.8236033615565125 0.6784678458529858
176 0.8232653971077433 0.6779059944329059
175.5 0.8228270622112637 0.6771891912922248
175 0.8224983774466855 0.6766410810768642
174.5 0.8218048078928634 0.6755041973825602
174 0.8216086202023296 0.6751859252418764
173.5 0.820734969157815 0.6737474874304925
173 0.8204494894240267 0.673280988543797
172.5 0.8197258441116735 0.6720930845262688
172 0.8194286599241667 0.6716102168286274
171.5 0.8190781488116421 0.6710270118981085
171 0.8184582849407214 0.6700163113737326
170.5 0.8173600919221818 0.6682155613577138
170 0.8171273866463187 0.6678357996524809
169.5 0.8170873488443114 0.6677726224052266
169 0.8161595462547476 0.6662591329244258
168.5 0.8161631259350706 0.666265537897865
168 0.8153202696350391 0.6648889367695202
167.5 0.815004005406243 0.6643783208346175
167 0.8141441393502371 0.6629703317276133
166.5 0.8139769964362065 0.6627038451686049
166 0.8133322441238557 0.6616479033207512
165.5 0.8131603069244747 0.6613710136267233
165 0.8125651835927582 0.66040261518438
164.5 0.8117865767796739 0.6591424845085053
164 0.811461181255121 0.6586080871528706
163.5 0.8104048567677321 0.6568993804288381
163 0.8099695304641823 0.6561936739380125
162.5 0.8095709700097743 0.6555440837895735
162 0.8087191106654088 0.6541693867192979
161.5 0.8090047588986171 0.6546308891017418
161 0.808095854374017 0.6531589442901488
160.5 0.8073616300825298 0.6519820567381825
160 0.8071305313386862 0.6516020867388918
159.5 0.806279427693661 0.650232161474257
159 0.8054844811383631 0.6489517222531813
158.5 0.8051924613582508 0.6484787371918165
158 0.8052306317226346 0.6485365261785611
157.5 0.8046115024362179 0.6475418804930919
157 0.8038685473847973 0.6463489614999725
156.5 0.8032339213594641 0.6453281756797014
156 0.8022816617967022 0.6438019073723504
155.5 0.8023710889740303 0.6439506072840898
155 0.8009812400514852 0.6417120799330217
154.5 0.801103844565585 0.64191058152844
154 0.799741324922453 0.6397275411518086
153.5 0.7988923251955201 0.6383734149757498
153 0.7986336791443446 0.6379498309436752
152.5 0.7978113725327876 0.6366488203468421
152 0.7972868137550551 0.6358038282594368
151.5 0.7970354576600209 0.6354078705979338
151 0.7964906537756581 0.6345374298234994
150.5 0.7952249547326221 0.6325284179494258
150 0.794974543138129 0.6321317121341541
149.5 0.7940828003211347 0.6307148013420821
149 0.794006760968988 0.6305882936716767
148.5 0.7932961410558207 0.6294654512128948
148 0.7925602591632055 0.6282960807631021
147.5 0.7919079806792756 0.6272606403524703
147 0.7911204138888209 0.6260193303220308
146.5 0.7909225837522935 0.625700670726301
146 0.789736082978498 0.6238263784962178
145.5 0.7891034040662633 0.622824837010032
145 0.7883256575698606 0.6216043610188912
144.5 0.7871821154851497 0.6198010259695946
144 0.7869759351547262 0.6194808722777592
143.5 0.7864725151609036 0.6186810949990517
143 0.7851243234408674 0.6165686081530007
142.5 0.7849950487488911 0.6163644775192614
142 0.7842488886321528 0.6151909523642181
141.5 0.7836271047006443 0.6142140609876999
141 0.7829375548570716 0.613141188483206
140.5 0.7821193824839429 0.6118547225230482
140 0.7815943287323525 0.6110330853057709
139.5 0.7807061970483087 0.6096482221613384
139 0.7794646300359996 0.6077157521755336
138.5 0.7792178990251593 0.6073197111948916
138 0.7779779036199004 0.6053912193107693
137.5 0.7771103308381656 0.6040470315574492
137 0.7765329023581977 0.6031529223757717
136.5 0.7760295589445737 0.6023609923017937
136 0.7756838302811007 0.6018303743747802
135.5 0.7740161791561541 0.599246411398348
135 0.7732908123585374 0.5981187009222828
134.5 0.7728437725260969 0.59743375324976
134 0.7719852133407173 0.5960978702862892
133.5 0.771809562999055 0.5958333871256315
133 0.7701529321227522 0.5932811339020377
132.5 0.7696204277322974 0.59246958833429
132 0.768728818422464 0.5910902075401918
131.5 0.7676307951561823 0.5893984187536674
131 0.7662473055644422 0.5872773240026069
130.5 0.7660866497428782 0.587035530906688
130 0.7652423242226478 0.585735176742969
129.5 0.7646974560596437 0.5849045303971818
129 0.7636275004673816 0.583275548713404
128.5 0.7629382408757013 0.5822140361801391
128 0.7617129637388624 0.5803534394826183
127.5 0.7608128842383781 0.5789796862937855
127 0.7600857175874038 0.5778686384705168
126.5 0.7590680050423769 0.5763291149099915
126 0.7579041756395735 0.5745541069337645
125.5 0.7572985704844736 0.5736430206228945
125 0.7571849826156244 0.5734827020819484
124.5 0.7562550140299034 0.5720672714237678
124 0.7544443603793377 0.5693353199064761
123.5 0.7536953539977963 0.5681976246612633
123 0.7535903151393344 0.5680385059453589
122.5 0.7518306065025652 0.5653919956975451
122 0.7507111159260206 0.5637131905842168
121.5 0.749239473682715 0.5615048598153498
121 0.7496003903716578 0.5620441883758337
120.5 0.7490940683965739 0.561288692542185
120 0.746623249569047 0.5575816087891302
119.5 0.7464594072376471 0.5573456329318561
119 0.7450045031504894 0.5551803570182945
118.5 0.7436061083857156 0.5530912370403726
118 0.7433303645257907 0.5526872475141098
117.5 0.7410220476623826 0.5492614102087816
117 0.7408537296836054 0.549001894005855
116.5 0.7397961214967836 0.5474378368267041
116 0.7381867593043508 0.5450605108818825
115.5 0.7374847228913857 0.5440214960926397
115 0.7368282751920743 0.5430570957489755
114.5 0.7356108417923516 0.5412738722023899
114 0.7346719871599335 0.5398902726781408
113.5 0.7333562643767836 0.537960576984326
113 0.7320226500520405 0.5360072435851988
112.5 0.7319784585667457 0.5359325450745532
112 0.729995900579182 0.5330379759543915
111.5 0.7290563000774807 0.5316685530439302
111 0.7275447950155243 0.5294586174701359
110.5 0.7262789100561071 0.5276267321889916
110 0.7252761671456076 0.5261747897285237
109.5 0.7245152446425785 0.5250719904181066
109 0.7233309778942636 0.5233565546825171
108.5 0.7222710990288759 0.5218101313814838
108 0.7209238694397351 0.5198716024114355
107.5 0.7194999181165236 0.5178259360264491
107 0.7178598976127987 0.5154623162663919
106.5 0.7169086060885344 0.5141050888042109
106 0.7159810638644972 0.5127641316614189
105.5 0.7144204907267226 0.510537708319028
105 0.7121323378572411 0.507268944740644
104.5 0.7113285959679139 0.5061304848073711
104 0.7104697475615519 0.5049073368698823
103.5 0.7091433518713732 0.5030267522790154
103 0.7080685740130237 0.5014992515156421
102.5 0.7067216441271663 0.4996002259160228
102 0.7060735608478337 0.49867583033904467
101.5 0.7045347948899421 0.4965061286625496
101 0.7029286566362646 0.49424717170935967
100.5 0.7016206235358189 0.4924130005643635
100 0.7000752917361099 0.4902482926520976
99.5 0.6986148145139783 0.4881956602749977
99 0.6968885817709084 0.4857771243593138
98.5 0.6961711273286724 0.4847885953790661
98 0.6944305251766778 0.48237067614220985
97.5 0.6922098676836034 0.47927961756029336
97 0.6910339914407478 0.47765890263955557
96.5 0.689707370182897 0.47583563954801367
96 0.6889674120938548 0.47480845770667196
95.5 0.6872538210626552 0.47245441048293985
95 0.6853656789214684 0.46985908460305625
94.5 0.6836280256526367 0.46748347715358873
94 0.6817328478165834 0.46490293659040727
93.5 0.6817919085985533 0.4649729423551716
93 0.6793836359001275 0.4616996629329335
92.5 0.6783747694813682 0.4603264753905718
92 0.676906934469027 0.45834463519978647
91.5 0.6745200130772215 0.4551064913418829
91 0.6728185896448446 0.45281628102240046
90.5 0.671774128242503 0.4514034473680986
90 0.6698767624777924 0.448866032085828
89.5 0.6679540855846801 0.44628832563449555
89 0.667089467811785 0.44514678796217383
88.5 0.6653545855927097 0.4428267907099436
88 0.6634178652941104 0.44025371713357936
87.5 0.6615934634848788 0.4378368129385916
87 0.6603082778065258 0.4361321552225807
86.5 0.6580822970361628 0.4331981548587836
86 0.6566445280578986 0.4313171990933528
85.5 0.6546181059285683 0.42864785139235095
85 0.6532020836039352 0.4268021131952232
84.5 0.6513181283585033 0.4243347363198482
84 0.6491475856162485 0.4215194474424304
83.5 0.6476197825308433 0.4195427820669492
83 0.6457961522817562 0.41717331000653396
82.5 0.644403019815276 0.4153921159025035
82 0.6410565664530485 0.41107388729245936
81.5 0.6393366624620216 0.4088778629568361
81 0.6391794613303271 0.40866627495508123
80.5 0.6365638392183804 0.40534475866973485
80 0.6351548975295043 0.40354172722390713
79.5 0.6315324791786443 0.3989654027122399
79 0.630056652400356 0.39709645979808444
78.5 0.6292900008946655 0.39613014345721204
78 0.6255633647921596 0.39144851586128
77.5 0.6242388359361033 0.3897924639030375
77 0.622779052823117 0.38797495483010846
76.5 0.6205091085081803 0.3851473262010493
76 0.6182461942163971 0.3823356071088832
75.5 0.6159040592838306 0.3794550070458892
75 0.614077282686221 0.3772207413258218
74.5 0.6127915126017718 0.3756277217179939
74 0.6106473472387502 0.37300356705776455
73.5 0.6075051066309227 0.3691790039823256
73 0.6065672028832567 0.36804494418417155
72.5 0.6036313982993924 0.36447916348931303
72 0.6024333829373664 0.3630503774782091
71.5 0.5988096416787874 0.3586695640943827
71 0.5970228379332736 0.3565538841864966
70.5 0.5949981308544309 0.35413130557323186
70 0.5930914723866012 0.3518647156730254
69.5 0.5904383503313462 0.3487213992743583
69 0.5873540676774668 0.3451068368320341
68.5 0.5854693163938367 0.342881717613791
68 0.5832006599532458 0.34023789075100175
67.5 0.5817087810339926 0.3384853207779392
67 0.5790089459036607 0.33535420850773345
66.5 0.5769470330827746 0.3329723677643521
66 0.5745960115818066 0.3302656239061514
65.5 0.571659072793215 0.3268974372505775
65 0.5696397942866789 0.32458732339554874
64.5 0.5674663598749403 0.32210885868918326
64 0.5650792137948843 0.3194056436011726
63.5 0.561291938558608 0.3151454791678327
63 0.5607447723328792 0.31453007557217005
62.5 0.5570283033190295 0.310376187116962
62 0.554214800219872 0.30724337072093455
61.5 0.5523341560048394 0.3051664187110409
61 0.5512966212361063 0.3040176212711112
60.5 0.5471087483055648 0.29943137379040563
60 0.5444239354481464 0.2964959367801516
59.5 0.5432336757963089 0.2951959304907547
59 0.5397039819630409 0.2913716161540066
58.5 0.5381928468132922 0.289736732385468
58 0.5340759314758153 0.28532384026309465
57.5 0.5318312159989927 0.2829382341641828
57 0.5297054725319892 0.2806730767409594
56.5 0.5259850558864444 0.27673907695958877
56 0.5249167644164244 0.2756212571350102
55.5 0.5225973055692968 0.2731885091090081
55 0.5188817034809604 0.26932017383172047
54.5 0.51613359569997 0.266470489651167
54 0.5134989805380071 0.26375310847874583
53.5 0.5102766534443792 0.2604602367484195
53 0.5082231602178875 0.25836365503639586
52.5 0.5058300641327024 0.25594290694130484
52 0.5022029844436428 0.25227542321011215
51.5 0.5002986429497224 0.2503618998712137
51 0.497211321000813 0.24729406046451113
50.5 0.49542579692881056 0.2455200837439887
50 0.49157541646914876 0.24172250221430125
49.5 0.48763001850414217 0.2378410011336873
49 0.48759244438114663 0.23782122632334765
48.5 0.48412547463680305 0.23444028239377493
48 0.48120106436300353 0.23161912497916207
47.5 0.47578784655102974 0.22644159504365954
47 0.4762659529157553 0.22688028987910372
46.5 0.4747386730922347 0.2254285113737355
46 0.4703621032812769 0.22129395253474243
45.5 0.4683261471795795 0.2193764335989222
45 0.465385835682479 0.2166422115947311
44.5 0.46381751453234465 0.2151754008310564
44 0.461452262951542 0.21299337117064082
43.5 0.45676305209684664 0.20868951932407528
43 0.4523416135196311 0.20466195334007434
42.5 0.4522022378490824 0.20453164943325794
42 0.4510764039908973 0.20351073294322644
41.5 0.4463804133441389 0.19929536691655425
41 0.44313771190551565 0.1964265134601893
40.5 0.43992357064953336 0.1935772201018595
40 0.43878348678821527 0.19256300889436664
39.5 0.43554745822450247 0.18974174282240064
39 0.4319864993706779 0.18665515435861343
38.5 0.4301418247999661 0.18506181530803192
38 0.4282650680881178 0.18345381358335527
37.5 0.42702941079877516 0.1823986961523658
37 0.42393968360977563 0.1797581345098808
36.5 0.4189841752664321 0.17558305726146978
36 0.41680770359128433 0.1737684484829045
35.5 0.4144515162698704 0.1717960215810946
35 0.41369952940594895 0.1711766709768382
34.5 0.4098157964023644 0.1679695575883677
34 0.4062032606506064 0.16503083771690227
33.5 0.4058982064019452 0.16477683153550526
33 0.4030145736484025 0.16244129710037597
32.5 0.4013368762436546 0.16109671518776816
32 0.3988687172568185 0.15911488423143388
31.5 0.39644050390516683 0.157185526005595
31 0.3929115039745656 0.15440421480006578
30.5 0.3931939945311083 0.15461531631036574
30 0.3893933976717254 0.15164251954221195
29.5 0.3863623280585623 0.14929441667029694
29 0.3861234337985113 0.14910864010746683
28.5 0.3827623225288174 0.14652374639849744
28 0.3800429081258566 0.14445364060026164
27.5 0.37850914787165396 0.14328413414451746
27 0.37695812374425264 0.14211546010686796
26.5 0.3748749684508084 0.14054803866784527
26 0.37254814669665526 0.13880337224745976
25.5 0.37230252167762273 0.13862148381820766
25 0.36864538955708076 0.13591405937554651
24.5 0.36889300034604805 0.13608847267467278
24 0.3639756534864631 0.13248728063513612
23.5 0.36419930822844865 0.13265200225848528
23 0.36254219061101806 0.1314477804933734
22.5 0.36099884444224556 0.13032974686326773
22 0.3601136788769827 0.1296857665679559
21.5 0.3594713044412689 0.12922487169623398
21 0.3555750321229947 0.12644006885074144
20.5 0.3570078675521486 0.12746280548242372
20 0.35272026045490035 0.1244160627623149
19.5 0.3518654165568449 0.12381340125451648
19 0.3512955045174795 0.12341074941859242
18.5 0.35000436295525655 0.12250549709926332
18 0.3490239383053873 0.1218207328912601
17.5 0.3466863291183853 0.1201947436051006
17 0.3459468300655154 0.1196810468967976
16.5 0.34388186156213535 0.11825581361602858
16 0.34359875355552544 0.11806180777670301
15.5 0.3449568727193143 0.11899614892766537
15 0.3443159795002495 0.11855465435308192
14.5 0.3417908084801374 0.1168237637434504
14 0.3414640386061027 0.1165988624495771
13.5 0.3408844361237314 0.11620265451229846
13 0.34005685240754324 0.11563924129688072
12.5 0.3396125559818439 0.11533715106672322
12 0.34038623513152066 0.11586340067225905
11.5 0.3405164321279248 0.11595169092463636
11 0.3394475049070362 0.1152247556857691
10.5 0.33914299736078857 0.1150182341278167
10 0.338588830826846 0.11464273364393304
9.5 0.3376567731652196 0.11401223579493917
9 0.3372672849988725 0.11374930514483336
8.5 0.3373649250038082 0.11381517737671466
8 0.3371887617209303 0.1136963226256771
7.5 0.33691641236239733 0.11351270486707446
7 0.3367044920710823 0.11336994543538839
6.5 0.3367756581188359 0.11341787571265596
6 0.3367477319979484 0.11339906137877229
5.5 0.3366141211342495 0.11330908819198682
5 0.3365256391656353 0.11324951302406064
4.5 0.33650714731990383 0.11323706745834426
4 0.3365276940220763 0.11325089338914822
3.5 0.33648113353243153 0.113219556476025
3 0.3364579481233571 0.11320395204506083
2.5 0.3364406517911588 0.11319231302729044
2 0.3363944101477881 0.11316119933932027
1.5 0.3363956009903138 0.11316200057046866
1 0.3363911523611042 0.11315900745083209
0.5 0.33638933666772425 0.11315778583616704
