1000 0.7479159872693855 0.5595003685141094
999.5 0.7478642222052102 0.5594174041900775
999 0.7480177273811565 0.5596522919039125
998.5 0.7479073836190109 0.5594853718283793
998 0.7482066896970858 0.5599336209600083
997.5 0.7478547582723545 0.5594087734009449
997 0.7477375601409788 0.5592333521877118
996.5 0.7476953872263409 0.5591672994340874
996 0.7480122876150495 0.559642954742969
995.5 0.747935309893279 0.5595277762097118
995 0.7477140670491448 0.5591971566910857
994.5 0.747969867768396 0.559575984415897
994 0.747905158015781 0.5594835053676134
993.5 0.7476794868330084 0.5591463639299326
993 0.7477597812831744 0.5592654387061148
992.5 0.7477440749707213 0.5592423425378781
992 0.7476653325549489 0.5591223946355885
991.5 0.7478226817782314 0.559361945771796
991 0.747742360447287 0.559240693430989
990.5 0.7475104093303606 0.5588935476107669
990 0.7477841596452399 0.5593012197128274
989.5 0.7477419832255068 0.5592385363590091
989 0.7478387584095132 0.5593848133965318
988.5 0.7475651436335465 0.5589754908708803
988 0.7476298809271752 0.559072801341702
987.5 0.747913843658397 0.5594957273780011
987 0.7477433569538651 0.5592438928946326
986.5 0.7479778694466187 0.559592595132211
986 0.7474584852466127 0.5588142960750168
985.5 0.747495178588059 0.558868962876277
985 0.7476594903525542 0.5591138731821247
984.5 0.7474924662584832 0.5588645646099261
984 0.7473020559735749 0.5585816991099533
983.5 0.7477712847502216 0.5592812380327861
983 0.7475534856820124 0.55895732729315
982.5 0.7473142972243622 0.5586012977884037
982 0.7477597965137265 0.5592637776745627
981.5 0.7473975807508393 0.5587242652000277
981 0.7474448747110165 0.558793528177432
980.5 0.7474224035609652 0.5587602430030824
980 0.7474642896343853 0.5588254714288318
979.5 0.7475756253843686 0.558988059859987
979 0.7476229752897507 0.5590606423570138
978.5 0.7474864343653229 0.5588546896329856
978 0.74764659839931 0.5590969637324676
977.5 0.7473785393006096 0.5586960731245492
977 0.7473064323273273 0.5585864979092436
976.5 0.7470952834639837 0.5582724016382006
976 0.7472966021831102 0.5585746679504884
975.5 0.7473677900327524 0.5586819097534435
975 0.7472533130187903 0.5585107773118606
974.5 0.7473317856746525 0.5586264591148025
974 0.7472325054205663 0.5584793039693235
973.5 0.7474175453743612 0.5587558088614172
973 0.7471627936615889 0.5583733460609106
972.5 0.7474772149676684 0.5588455547837567
972 0.7473086333653491 0.5585915370941705
971.5 0.7472667460682642 0.5585279069154672
971 0.7470583825035246 0.5582184153960871
970.5 0.7473408743480642 0.5586425354354538
970 0.7470611195678213 0.5582215989557098
969.5 0.7473053992174414 0.5585839985184227
969 0.7470555747495722 0.5582129133898814
968.5 0.7470519849309083 0.5582091212443588
968 0.7472321992494243 0.5584776975991955
967.5 0.7470646280948009 0.5582246654115977
967 0.7470433189374411 0.5581965121904667
966.5 0.7471350137934042 0.5583343605351638
966 0.747106439500837 0.5582881145202457
965.5 0.7471315751698279 0.5583279411147819
965 0.747125531878731 0.5583189080520892
964.5 0.7472325187826544 0.5584782902332182
964 0.7468810634266174 0.5579556969751703
963.5 0.7469053205031194 0.5579875593112398
963 0.7467992220017876 0.5578307541142238
962.5 0.746865083608929 0.5579289983439516
962 0.7470558039531193 0.5582167933899472
961.5 0.7472214822223336 0.5584577048719229
961 0.7470927110217959 0.5582687409518635
960.5 0.7471291990868333 0.5583243069011253
960 0.7469106204254425 0.5579992991009068
959.5 0.7468818614592357 0.5579502237180719
959 0.74659249998236 0.5575211361410364
958.5 0.7470655050475291 0.5582285298890198
958 0.7468971014337595 0.5579759397939236
957.5 0.7468279957883187 0.557868944928503
957 0.7467485351242997 0.557756027935726
956.5 0.7467387454132123 0.5577390136057597
956 0.747046036229648 0.5581988363982939
955.5 0.7470002463527071 0.5581324410555479
955 0.7466612194057954 0.5576235426525599
954.5 0.7466704569972356 0.5576373361601841
954 0.7468477882906049 0.5579023113557655
953.5 0.7469388725042626 0.5580392032150946
953 0.7468099509773752 0.5578480227223102
952.5 0.7466741515128793 0.5576462407733058
952 0.7469751534200344 0.5580931068566118
951.5 0.7466113932058616 0.5575497984492235
951 0.7467450584868401 0.5577531355771777
950.5 0.7466649918513343 0.5576321753111637
950 0.7464924587596455 0.5573754621054201
949.5 0.7466073539853552 0.557542821115132
949 0.7467532335796938 0.5577615295192535
948.5 0.7469514522533205 0.558056106072371
948 0.7465776785081591 0.5574981610757983
947.5 0.7465519321696947 0.5574618605440897
947 0.7466289129613893 0.5575745822642623
946.5 0.7466256869614141 0.5575691772931861
946 0.7466695882962636 0.55763418148977
945.5 0.7465582330379394 0.5574710823974945
945 0.7464981705277626 0.5573797109947685
944.5 0.7467696293189371 0.5577850752655781
944 0.7466373964873007 0.5575864098558793
943.5 0.7462549102083352 0.5570185057305281
943 0.7466563239514017 0.557616871536721
942.5 0.7463446692517272 0.5571523196374962
942 0.7465140412273862 0.5574074207618808
941.5 0.7464256558821903 0.5572700720243732
941 0.7464698266348775 0.5573382323224556
940.5 0.7464396418812127 0.5572931255926216
940 0.7466173995420481 0.5575565947138107
939.5 0.7464456298464517 0.5573036156225121
939 0.7465562487024545 0.5574665964384614
938.5 0.7461973261530511 0.556931650717391
938 0.7463577856485395 0.5571718847512921
937.5 0.746455964126234 0.5573175422655271
937 0.7462816075420063 0.5570598544372714
936.5 0.7463170187563538 0.5571111251874004
936 0.7464591097079323 0.5573221987112017
935.5 0.7462345842163256 0.5569881465893093
935 0.7463909303941056 0.5572210007368555
934.5 0.7461477783023155 0.5568613315321489
934 0.7462948529500419 0.5570805256441652
933.5 0.7463705345129762 0.5571875822123763
933 0.7462784071455826 0.5570550199291845
932.5 0.746192954196641 0.5569282590494027
932 0.7463342540865878 0.5571342467638667
931.5 0.7461781446270505 0.5569058583371318
931 0.7463007324073645 0.557087052772861
930.5 0.7460368297934024 0.5566935970376602
930 0.7463437803505688 0.5571501647186933
929.5 0.7461512494005941 0.556867269010585
929 0.7466033607658605 0.5575370090723072
928.5 0.7460481442312836 0.5567101423361656
928 0.7459834039902186 0.5566119375746897
927.5 0.7462297593120746 0.5569827651121896
927 0.7462157505949036 0.5569594143320966
926.5 0.7458590766601939 0.5564300660047128
926 0.7460469435556505 0.556709939552873
925.5 0.7459247066672836 0.5565246636347754
925 0.7462076810367023 0.5569491125747457
924.5 0.7459058956206601 0.5564983575464073
924 0.7461609885821325 0.5568797639836353
923.5 0.7460322755126797 0.556685536767885
923 0.7459454953943493 0.5565577205647035
922.5 0.74589397325524 0.556477227745619
922 0.7460516435171761 0.5567120581168177
921.5 0.7460549146620963 0.5567224566166838
921 0.7460709173124938 0.5567435266080157
920.5 0.7459090148899764 0.5565051092823581
920 0.7459125262489574 0.5565038322101549
919.5 0.7459564710775975 0.5565713365857795
919 0.7458405152867337 0.5563978490318868
918.5 0.7457532814300714 0.5562700529226015
918 0.7458477264058723 0.556409877664111
917.5 0.7457875581986991 0.5563250433269413
917 0.7457303528016974 0.5562384695469669
916.5 0.7457136302268876 0.5562086936758245
916 0.7453955964642617 0.5557334279208465
915.5 0.7457591297037687 0.5562792271285076
915 0.745682762032354 0.5561654523697274
914.5 0.7458674161718493 0.5564386367782427
914 0.7458207438640665 0.5563673008088474
913.5 0.7456901480869893 0.556180649776867
913 0.7457396813363834 0.5562491584216499
912.5 0.7456064539665983 0.5560516692125835
912 0.7456331432028958 0.5560904825918008
911.5 0.7456314104995139 0.5560863010971637
911 0.7457687810007728 0.5562925357847662
910.5 0.7453709263871113 0.5556977736469996
910 0.7456887508935284 0.5561739427049844
909.5 0.7455755954102169 0.5560044242846842
909 0.7454895454271128 0.5558763746205416
908.5 0.7454445832626011 0.5558081326124014
908 0.7455534469255175 0.5559671356444553
907.5 0.7455205639849033 0.555922510501097
907 0.7453304505197879 0.5556405749267886
906.5 0.7451168295539706 0.5553197255571233
906 0.7454162827143326 0.5557635921912759
905.5 0.7454503433269047 0.5558185501375612
905 0.7455093140692288 0.5559084394873482
904.5 0.745587833676825 0.5560266989293908
904 0.7455006222455466 0.5558923476933788
903.5 0.7453809042753587 0.5557145606574033
903 0.7450378095118245 0.5552039955558199
902.5 0.7454771131018135 0.5558598135229628
902 0.7453524885041026 0.5556688245100597
901.5 0.7453215724953828 0.5556293051492588
901 0.745078315309658 0.5552661017171009
900.5 0.7454733338098483 0.5558529736916169
900 0.7454090302618185 0.555759914333622
899.5 0.7451814631967087 0.5554154596842984
899 0.7456393237892758 0.5560977825704128
898.5 0.7452434518648399 0.5555066589262465
898 0.7453180774416835 0.5556187561975147
897.5 0.74528478335551 0.5555742937317185
897 0.7452700178248446 0.5555457622664353
896.5 0.7452720889796192 0.5555531461064231
896 0.745264889624131 0.5555420997562833
895.5 0.7449833041666609 0.555122899758928
895 0.7451226738953403 0.555327787978429
894.5 0.7450796861170786 0.5552648902848372
894 0.7447674449231668 0.5548009575937496
893.5 0.7452392269015221 0.5555037987363285
893 0.744890318775738 0.5549809304941303
892.5 0.7453189363371072 0.5556221546467095
892 0.7449890387213923 0.5551285767125853
891.5 0.7450102767197567 0.555158865825289
891 0.7451070278982033 0.5553059067605145
890.5 0.7448191382030028 0.5548787963851342
890 0.7449090936917918 0.5550085715948518
889.5 0.7449723134926759 0.5551064039749068
889 0.7446445728333996 0.5546209670977635
888.5 0.7448152375372296 0.55486768103254
888 0.7447261301044822 0.5547427678481167
887.5 0.7447130908462618 0.5547189251832102
887 0.7449602686521684 0.555087473258601
886.5 0.7447299150101432 0.5547429286327518
886 0.7448372188167878 0.5549061487560011
885.5 0.7446662081337072 0.5546520424276771
885 0.7449058425902769 0.5550064033484466
884.5 0.7446363085606399 0.5546075291217087
884 0.7446814739585815 0.5546760317132087
883.5 0.7448092539830007 0.5548653498346842
883 0.744913555107477 0.5550181436030546
882.5 0.7447209314756209 0.5547325408543228
882 0.7447010226960974 0.5547018122154062
881.5 0.7446908113980429 0.554686513621475
881 0.7449902636113892 0.555131876504782
880.5 0.7445688380669602 0.5545051410445528
880 0.7445126547971596 0.5544206704426318
879.5 0.7446839301047695 0.5546777702244581
879 0.7447274004729327 0.5547408105484632
878.5 0.7443587591088996 0.5541935584137756
878 0.7446923708854479 0.5546892946331973
877.5 0.7448255641668468 0.5548859167541697
877 0.7446605672185628 0.554641380837539
876.5 0.7446813500275097 0.5546701548695299
876 0.74468271933263 0.5546714634454363
875.5 0.7442473511558252 0.554026113586055
875 0.7445299141459158 0.5544436106875463
874.5 0.7443424407363177 0.5541705607796765
874 0.7443902974236178 0.5542376929355679
873.5 0.7444545901234392 0.5543332279174072
873 0.7445675852211181 0.5545025212997728
872.5 0.7445091930460908 0.5544172771049992
872 0.7446447964797249 0.5546151198789436
871.5 0.7444171694234242 0.5542760472273172
871 0.7441833299310955 0.5539301671779233
870.5 0.7443373441880634 0.5541586114339776
870 0.744223944450211 0.5539922099424343
869.5 0.7445179802598437 0.5544285477190014
869 0.7445031534529161 0.5544087665325008
868.5 0.7443149002932327 0.5541252950390405
868 0.7441452331294043 0.5538758086294321
867.5 0.7446088926858216 0.5545673861521127
867 0.744287787432132 0.5540865957515801
866.5 0.7441146485275927 0.5538273593822648
866 0.7443171131647518 0.5541276835430615
865.5 0.7443988361871863 0.5542520336177776
865 0.7442198748267682 0.5539842930697841
864.5 0.7442335253585577 0.5540076472041391
864 0.744183886643596 0.5539298030926711
863.5 0.7441309670199266 0.5538540036358788
863 0.7441593887454193 0.5538945839826092
862.5 0.7440317732859034 0.5537056372868903
862 0.744056046575663 0.5537380132005775
861.5 0.7440572597734856 0.5537484274795174
861 0.7441957232816778 0.5539469894608813
860.5 0.7439103693349609 0.5535251783040438
860 0.7440953626544295 0.5538016018872285
859.5 0.7438899144100097 0.553493918197325
859 0.7443482996204506 0.5541797068663286
858.5 0.7439278666731511 0.5535513739919032
858 0.7437573478956953 0.5532987484502353
857.5 0.7438411564621047 0.5534191826705093
857 0.7440551263984977 0.5537412175437202
856.5 0.743889176910619 0.5534906381188448
856 0.7437344935817148 0.5532650948482375
855.5 0.7439383893851507 0.5535650797043309
855 0.7438728579581613 0.5534675142212334
854.5 0.7438417194152652 0.5534226114717792
854 0.7439487052587375 0.553580259643474
853.5 0.7439627790325994 0.5536023652897533
853 0.7437504439977868 0.553288666169794
852.5 0.743715128941665 0.5532338516472716
852 0.7438880257477072 0.5534915056689426
851.5 0.7437490854947552 0.5532870896153071
851 0.7434940776062974 0.5529040622636205
850.5 0.7436956788275512 0.5532021702960453
850 0.7438787497871557 0.5534772841726175
849.5 0.7437600118964245 0.55329991568709
849 0.7435939249063708 0.5530542107432886
848.5 0.7436053832430636 0.5530663451502361
848 0.7436140620619508 0.5530869097034272
847.5 0.7436431212757879 0.5531275268017406
847 0.7433929552373854 0.5527553917433068
846.5 0.7436048540673034 0.5530699625257295
846 0.7435341880372383 0.5529640395688746
845.5 0.7433398382401438 0.5526739042461983
845 0.7435989376446308 0.5530597221457781
844.5 0.7435548615804374 0.5529941795058593
844 0.7435614760890008 0.5530086524646332
843.5 0.7435057707067122 0.5529232866739624
843 0.7434895489465748 0.5528991496725044
842.5 0.7432238023629781 0.5525057650322475
842 0.7434833609374651 0.5528898505568537
841.5 0.7433993426165367 0.5527616351378771
841 0.743260938036852 0.5525576170268213
840.5 0.7434845710316609 0.5528943175431317
840 0.7435464154061691 0.5529834208720386
839.5 0.7433120818077037 0.5526357163372725
839 0.7436610170298195 0.5531548223619664
838.5 0.7430753669775972 0.55228031046448
838 0.743391000884792 0.5527534000730657
837.5 0.7431980515237003 0.5524669370441053
837 0.7431268553362202 0.5523597728323495
836.5 0.7433912135153924 0.552754364978948
836 0.7431292909948294 0.5523631900601964
835.5 0.7430544087556269 0.5522531493696268
835 0.743243310702341 0.5525328323968952
834.5 0.7430969308594034 0.552316208890072
834 0.7434923162345469 0.5529021514056619
833.5 0.7430973918891544 0.5523171669303661
833 0.7432691114855453 0.5525722475194325
832.5 0.743077125678618 0.5522864796158246
832 0.74307986294879 0.5522910896340592
831.5 0.7430515866604366 0.5522482584841801
831 0.7430454682809695 0.5522376170763702
830.5 0.7430155832950186 0.5521955333867552
830 0.7428983968955264 0.5520215258033019
829.5 0.7427811380688809 0.5518484976359043
829 0.743010474381098 0.552189626125336
828.5 0.7430082396525959 0.552185823688255
828 0.7430051806039464 0.5521810682082542
827.5 0.7428622085507653 0.5519654336557769
827 0.7429041162459973 0.5520275171420365
826.5 0.7431420794359606 0.5523791999301357
826 0.7428249992305369 0.5519100186611953
825.5 0.7428018490261196 0.5518781259199554
825 0.742794764484542 0.5518643307558814
824.5 0.742799583084645 0.5518740308891844
824 0.7428611074949479 0.5519658047007147
823.5 0.7427289600655681 0.5517673167910163
823 0.7428233905367366 0.5519085275639061
822.5 0.7429999378164229 0.5521699112135442
822 0.7427134840813663 0.5517459849146172
821.5 0.7429416682714738 0.5520835516127106
821 0.7426396196527025 0.5516349945237983
820.5 0.742650205950053 0.5516502212992368
820 0.7426475280170052 0.5516480269632125
819.5 0.7427943763796497 0.5518656119694709
819 0.7425217804825606 0.5514592116792737
818.5 0.742550436210429 0.5515034227369942
818 0.7425708902651115 0.5515353999090108
817.5 0.7424311475492357 0.5513273341810625
817 0.7424806305825785 0.5514029400903702
816.5 0.7427461418727151 0.5517953620592474
816 0.7424201141114914 0.551310008038055
815.5 0.742369120221535 0.5512355300826888
815 0.7423056816254329 0.5511403289020675
814.5 0.742442366383257 0.5513416237178607
814 0.7424961078144131 0.5514252548526182
813.5 0.7424790681742499 0.5513969991866475
813 0.7424400284868639 0.5513377080527363
812.5 0.7422966806530167 0.5511265432248713
812 0.7423925609618921 0.5512704439625935
811.5 0.7421929117766333 0.550971339140469
811 0.742280080881066 0.5511008051872115
810.5 0.742343573038049 0.551194116673744
810 0.7421843873993006 0.5509613563447616
809.5 0.7422161614015861 0.5510070616913477
809 0.7421019755551438 0.5508374049020661
808.5 0.7421208563713813 0.5508640974373071
808 0.7424220398930185 0.5513169779483372
807.5 0.7421852010056715 0.5509616354923303
807 0.7423281864251988 0.5511736330784415
806.5 0.7420891197421337 0.5508199885492892
806 0.7423787098180562 0.5512494182643853
805.5 0.7421171105357994 0.5508579412011492
805 0.7418810076731501 0.5505075185836226
804.5 0.742192811072345 0.550973380482022
804 0.7416989013729599 0.5502391159601036
803.5 0.7422600445891627 0.5510701264280272
803 0.7420785184824352 0.5508049262786605
802.5 0.7418042828710576 0.5503953254154057
802 0.741743086478143 0.5503077575610644
801.5 0.7419183785439311 0.5505662729055997
801 0.741890660334494 0.5505219318822058
800.5 0.7417404846509933 0.5502978475162059
800 0.7417623882085197 0.5503337320541062
799.5 0.7418446924488724 0.5504570680071244
799 0.7416211278039865 0.5501255130483058
798.5 0.7417306817412507 0.5502873262561362
798 0.7418146393191014 0.5504130826837453
797.5 0.7417174407176235 0.5502675991407724
797 0.7418727579979019 0.5504983337739247
796.5 0.7417849793806741 0.5503675687391595
796 0.7416721615574032 0.5501991863320251
795.5 0.7418480827652689 0.5504620928695302
795 0.741898244134995 0.5505347501545225
794.5 0.7417705415875525 0.5503428708251732
794 0.7414525887850356 0.5498738877950143
793.5 0.7417064098401434 0.5502508234659643
793 0.7415962712533838 0.5500895103090001
792.5 0.7415990460835415 0.5500909224992564
792 0.7416457247782077 0.5501616137607648
791.5 0.7416753611503965 0.550207196521776
791 0.7418087849865722 0.5504037903582832
790.5 0.7416332085658812 0.5501433157701598
790 0.7416373127111301 0.550146272996777
789.5 0.7415660692682631 0.5500402441186597
789 0.7414519756437256 0.5498733993533683
788.5 0.741179725110957 0.5494707395303932
788 0.7416597104088217 0.5501813178507929
787.5 0.7415020155316924 0.549947981408478
787 0.7414544017780739 0.5498744254571998
786.5 0.7415873498532782 0.5500751269100359
786 0.7413923475477425 0.5497843211314632
785.5 0.7414387323918837 0.5498525445635228
785 0.7414151177936263 0.549816468639966
784.5 0.7411821963175954 0.5494710053655176
784 0.7413208884897207 0.5496802336537286
783.5 0.7411117382062958 0.5493679838613763
783 0.7412323064597461 0.5495466996925428
782.5 0.7412056190731724 0.549509744421974
782 0.7410978257168027 0.549349086837898
781.5 0.7412844932795954 0.5496262388972922
781 0.7410606664099527 0.549294113153903
780.5 0.7413281749039462 0.5496956666666134
780 0.7411658058852468 0.549448514930432
779.5 0.7410628432018038 0.5492999632291788
779 0.7410529921590497 0.5492856149613553
778.5 0.7411827483243456 0.5494743263671915
778 0.7409724560852239 0.5491644030754875
777.5 0.7409870614106358 0.5491853071454561
777 0.7411203166282639 0.5493817512592442
776.5 0.7410976038302814 0.5493505493890679
776 0.7405838943473748 0.5485868695165196
775.5 0.7409336050233625 0.5491042924016231
775 0.7407965313750832 0.5489047616274804
774.5 0.7411290991898772 0.5493940896547393
774 0.740930384296026 0.5491003872930557
773.5 0.7408437982583339 0.5489721891977511
773 0.7411154478329246 0.5493772342968903
772.5 0.7407160984389269 0.548783067275432
772 0.7409804997915297 0.5491758530246175
771.5 0.7409672052502599 0.5491567276456365
771 0.7408877176579503 0.5490363503303811
770.5 0.7408184108343077 0.5489354966460873
770 0.7408285521667362 0.5489463073261006
769.5 0.7405935876676772 0.5486012119723391
769 0.7406833238798615 0.5487316124539984
768.5 0.740737097124769 0.5488154428663211
768 0.7403408777588132 0.5482268367036396
767.5 0.7407156568428006 0.5487828961174382
767 0.7403200901257841 0.5481976638898124
766.5 0.7404431707728244 0.548377987972348
766 0.7407291535178773 0.5488021255075369
765.5 0.7407632057957251 0.5488538095755587
765 0.7404235692756367 0.5483511278750425
764.5 0.7404291003498232 0.5483562081980548
764 0.7403763809416335 0.548281698320734
763.5 0.7404171584751524 0.5483418883614638
763 0.7401499358811928 0.5479458391258836
762.5 0.7401365231491085 0.5479268615990776
762 0.7406692157364784 0.5487099033407933
761.5 0.7403511831349257 0.5482457628259231
761 0.7402625985537853 0.5481156854911426
760.5 0.7401611146759561 0.5479604697613382
760 0.7400676094850347 0.5478223351227955
759.5 0.7403157258474136 0.5481938389812725
759 0.7402697858797899 0.5481234594438034
758.5 0.7402510191357342 0.5480909927416736
758 0.7398180327221641 0.5474496645842637
757.5 0.7402647535118351 0.5481145222068594
757 0.7401510865800143 0.5479498073460725
756.5 0.7401342638523758 0.5479214315397971
756 0.7397994746189246 0.5474245747872506
755.5 0.7399900777111608 0.5477079970682026
755 0.7400248543347098 0.547759734881018
754.5 0.7399810029675271 0.547691751824552
754 0.7400564721844461 0.5478052598467616
753.5 0.7400989074067147 0.547870973393518
753 0.7398657676924125 0.5475207115481181
752.5 0.7400458161784808 0.5477918629934967
752 0.7398760317909729 0.5475401796555649
751.5 0.7400710029078053 0.5478286044963757
751 0.739944234943228 0.5476405661643093
750.5 0.7400646911674758 0.5478216458078631
750 0.7398204088033866 0.5474573453184374
749.5 0.7397165578388837 0.5473059567108878
749 0.7395497775693788 0.5470576986350967
748.5 0.7397629726270856 0.5473715339667782
748 0.7393669618516245 0.5467867232484432
747.5 0.7397107567386458 0.5472955676517992
747 0.7398545620746004 0.5475061351401863
746.5 0.7395217139949384 0.5470143445622373
746 0.7396395194793067 0.5471897942855612
745.5 0.7395900272316698 0.5471147307586044
745 0.7396153369185169 0.5471526874289935
744.5 0.7394575520731728 0.5469194060539255
744 0.7397476622749977 0.5473484771285098
743.5 0.73956530705657 0.5470805832889086
743 0.7393517876263768 0.5467588303958595
742.5 0.7394078588677817 0.5468484243475455
742 0.7395099183419487 0.5469969896054996
741.5 0.7391211316686573 0.5464229305254237
741 0.7396463881000486 0.5471987325623802
740.5 0.7394356835199645 0.546889997119124
740 0.7394804387408487 0.5469536359709889
739.5 0.7394707920951789 0.5469395873580897
739 0.7396065562567158 0.5471394249974303
738.5 0.7397173119890623 0.5473065680318379
738 0.7391022763957323 0.5463955771686313
737.5 0.7389613212706417 0.546187965198112
737 0.7393389288278279 0.5467439490271716
736.5 0.7390171478604713 0.546270413428541
736 0.739197557185567 0.546536654264204
735.5 0.7392928766743664 0.5466727868865818
735 0.738939825254006 0.5461554385512319
734.5 0.7391861196926569 0.5465182279511134
734 0.7390691422615847 0.5463470351487851
733.5 0.7390574596385563 0.5463299052044415
733 0.7392403431368874 0.5465990340019984
732.5 0.7392929289246934 0.546677797793036
732 0.7393157089621978 0.5467110155369627
731.5 0.7391706317693835 0.5464944773921663
731 0.73888095868886 0.5460674548962604
730.5 0.7389496363790992 0.5461715823393869
730 0.7387337903271035 0.5458489162842092
729.5 0.7391064557856202 0.5464013225926682
729 0.7390840549604683 0.5463686426148763
728.5 0.739081659349951 0.5463658687397949
728 0.7388877334938998 0.5460801645991701
727.5 0.7389877236246722 0.5462246299244847
727 0.7388047753132558 0.5459550450191852
726.5 0.7387638430251827 0.5458947391677114
726 0.7386117745862624 0.5456672059586722
725.5 0.7387524457465825 0.5458782447901839
725 0.7385445062155637 0.5455701938435027
724.5 0.7385768935153072 0.5456199571341921
724 0.7386987626785454 0.5457998031419559
723.5 0.7387970635571041 0.545944796858279
723 0.7386711872129532 0.5457594841866849
722.5 0.7386187098412327 0.5456807345096092
722 0.7384463240891658 0.5454250632702217
721.5 0.738571630660541 0.5456128137525033
721 0.7384969946170732 0.5455000533515859
720.5 0.7385621840434718 0.5456009601286353
720 0.7382949441823888 0.5452041427810357
719.5 0.7385521340897021 0.5455811716246545
719 0.7382475578014656 0.545139556761204
718.5 0.7383727667057306 0.5453191687933898
718 0.7385854686036343 0.5456336365105586
717.5 0.738311211216365 0.5452278520928686
717 0.7380412674758581 0.5448301944253937
716.5 0.7383492110607796 0.5452839647541086
716 0.738351687935893 0.5452886091562967
715.5 0.7381537826513082 0.5449923736147911
715 0.738075575301331 0.5448813389172302
714.5 0.7383180569763401 0.54523740169467
714 0.738437700707431 0.5454132405004904
713.5 0.738234722237282 0.5451153453433928
713 0.7381108851691544 0.544930047540265
712.5 0.7380146620387822 0.5447875737812938
712 0.7380873503169757 0.5448983793154051
711.5 0.7381220214050491 0.5449485587126106
711 0.7377575097009512 0.5444102977070586
710.5 0.7379432824409873 0.5446865091267005
710 0.7379792455353655 0.5447345166140443
709.5 0.737796955614056 0.544466633216364
709 0.7378092866875642 0.544483659894695
708.5 0.7379389016556367 0.5446788058849541
708 0.7379068674238034 0.5446279006101786
707.5 0.737876010302803 0.5445867778553302
707 0.7376605681087139 0.5442621459046564
706.5 0.7376488130706278 0.5442498867709717
706 0.737614791430623 0.5441980624206524
705.5 0.7377065880047339 0.5443347435667022
705 0.7379312074000126 0.5446643123376578
704.5 0.7376898375345299 0.5443072579069655
704 0.7376898266474234 0.5443092868303148
703.5 0.7378268805183035 0.544514118451531
703 0.7375642918944877 0.5441234525392236
702.5 0.7377520873401948 0.5443982344296859
702 0.7374109081845875 0.5438973646854567
701.5 0.737725146224389 0.5443625298698633
701 0.7374893665808752 0.5440147278073961
700.5 0.737465606840803 0.5439777046545313
700 0.7373937155505622 0.543874500290773
699.5 0.7373327936882196 0.5437831317361013
699 0.7374492811682681 0.5439552146389809
698.5 0.7375186767948568 0.5440527817370895
698 0.7372786817822715 0.5437047186643036
697.5 0.7371998960340795 0.5435905181525225
697 0.7375760974515387 0.5441411680376689
696.5 0.7374017813467677 0.5438861472386561
696 0.7373322108532276 0.5437825535239006
695.5 0.7372915170717771 0.5437203867116401
695 0.7373160944812364 0.5437537832228269
694.5 0.7371216790947268 0.5434668070577879
694 0.7373767428522572 0.5438476018779848
693.5 0.7370068395834267 0.5433054079844561
693 0.7371140698888954 0.5434557571303541
692.5 0.7369486316423531 0.5432200063732711
692 0.7369067165313105 0.5431542956190583
691.5 0.7372425381682018 0.5436483727805103
691 0.7368509200656234 0.5430717183257747
690.5 0.7370808301694872 0.5434134535622076
690 0.7371445530561026 0.5435053683370892
689.5 0.7369240777722099 0.5431826803057052
689 0.73680269207574 0.543002578770414
688.5 0.7369742538818439 0.5432562446573138
688 0.7368148779024115 0.5430193594081504
687.5 0.7371159733591942 0.5434621889468603
687 0.7370798603894048 0.5434107757941979
686.5 0.7368261647578188 0.5430342693598056
686 0.7366886455795537 0.5428352543784669
685.5 0.7367892559892648 0.5429845837292794
685 0.7363935073945793 0.542397661865705
684.5 0.7366096003324908 0.5427186468597026
684 0.7363636821647815 0.5423583899271037
683.5 0.7365639880061251 0.5426500261563126
683 0.7364927663597134 0.5425435146853438
682.5 0.73652537439684 0.5425942012933321
682 0.7366811659448768 0.5428225188751921
681.5 0.7366403579981671 0.5427618483599171
681 0.7365502900943258 0.5426307671044117
680.5 0.7365889443974704 0.5426894976969185
680 0.7364082153595923 0.5424231266668041
679.5 0.7363197070156837 0.542290630654866
679 0.7365352997490004 0.5426061769279138
678.5 0.736461653624079 0.5424977237788665
678 0.7363615608547592 0.5423535431459721
677.5 0.7364505204714515 0.5424849035052187
677 0.7364253923921966 0.5424439533886812
676.5 0.7363944168915293 0.5424010797260178
676 0.7360224099580778 0.5418536501500735
675.5 0.7361971775583277 0.5421096701155462
675 0.7362008777221846 0.5421171001023227
674.5 0.736125937567971 0.5420038207166862
674 0.7359722063941327 0.5417824239444805
673.5 0.7362045324598754 0.5421175188541489
673 0.7360986009416498 0.5419658676026207
672.5 0.7360685528971078 0.5419217345516356
672 0.7357832231185022 0.5415030802741486
671.5 0.7359196516731139 0.5416986769548074
671 0.7359740744676099 0.541781450063905
670.5 0.7361689635398819 0.5420658197124385
670 0.7361377073008819 0.5420215092250117
669.5 0.735721238665487 0.5414092547748068
669 0.7359944239899106 0.5418161218180607
668.5 0.7358824848036682 0.5416486964603431
668 0.7357932752799422 0.5415165157882418
667.5 0.735967446611682 0.541771645519077
667 0.7358701421150061 0.5416277189307772
666.5 0.7357536109060938 0.541458313302921
666 0.7354259765012114 0.540974783683181
665.5 0.735491764698724 0.5410703492655518
665 0.7353339128265 0.5408403367672054
664.5 0.7357523721237438 0.5414550399433489
664 0.7354956802831804 0.5410782296194978
663.5 0.7355083576400228 0.5410967274118967
663 0.7351261750895486 0.5405346517613315
662.5 0.7357999387524444 0.5415246893316207
662 0.7354976875256046 0.541082250000183
661.5 0.7353505932774314 0.5408660297705928
661 0.7353714015213875 0.5408938896766468
660.5 0.7355038499354359 0.5410886392304878
660 0.735415208806985 0.5409582754015355
659.5 0.7355470355854701 0.5411538194689278
659 0.7353799217484905 0.5409077735612287
658.5 0.7351505477948467 0.5405665599653507
658 0.7351395036551828 0.5405565822883864
657.5 0.7350379689961877 0.5404097650503203
657 0.7352299035909281 0.5406877661701112
656.5 0.7350535212257626 0.5404273913771936
656 0.7351631617617002 0.5405895506797492
655.5 0.7353116153125988 0.5408054827828122
655 0.7351109374877878 0.5405141221567547
654.5 0.7349315260942767 0.5402481627943414
654 0.7350956437479375 0.5404905207021264
653.5 0.734976593572949 0.5403157000794268
653 0.7348470964098393 0.5401233095362857
652.5 0.7348215212222637 0.5400883530861939
652 0.7348751131761824 0.5401627700436796
651.5 0.734588234460717 0.5397467761184574
651 0.7346634973021265 0.5398563170298004
650.5 0.7348490598098681 0.5401270692624406
650 0.7346316230795445 0.5398092120376357
649.5 0.7348137597022673 0.5400773871054195
649 0.7345450580393976 0.5396803523872098
648.5 0.734618640990981 0.5397911307875
648 0.7344287719039417 0.5395101926162398
647.5 0.7348119990503484 0.5400755794659671
647 0.7345453789691253 0.5396781579964992
646.5 0.7348132479651469 0.5400777362383236
646 0.7344507579012899 0.539539193008267
645.5 0.7344124042509877 0.5394841942404163
645 0.7344530619886157 0.5395436204214261
644.5 0.7341878805501271 0.5391562010881282
644 0.7346773388196091 0.5398749038933148
643.5 0.7342984724886183 0.5393184922077855
643 0.7343905559716921 0.5394556337971643
642.5 0.734215135502331 0.5391968905786467
642 0.7343835889395814 0.5394422148060978
641.5 0.7345620262760186 0.5397045270549032
641 0.7342089546260919 0.5391904404791162
640.5 0.7341670883737063 0.5391242888409251
640 0.7341004546521502 0.5390297087455803
639.5 0.7340513295752569 0.5389562446365601
639 0.7340909230396495 0.5390185413098597
638.5 0.7340775685650276 0.5389937988988417
638 0.7337360566384205 0.5384925169763609
637.5 0.7341214761043215 0.5390628054049125
637 0.7340035184212532 0.538882466977716
636.5 0.7338484327822159 0.5386584691566451
636 0.7338857558323488 0.5387146971072666
635.5 0.7340440981115577 0.5389423400027212
635 0.7337366189118596 0.5384934305953483
634.5 0.7339037951473719 0.5387418829800702
634 0.7340411572446216 0.5389410411302886
633.5 0.7338104276602935 0.5386027263693042
633 0.7339858210290838 0.5388575503255733
632.5 0.7338349704206834 0.5386403688870596
632 0.7336849274863061 0.5384182230650363
631.5 0.733262094028594 0.5377932464089848
631 0.7335659063772937 0.5382419239030442
630.5 0.7333958315559154 0.53799679826416
630 0.7335666063277146 0.5382433603325125
629.5 0.7333668424803936 0.5379504418212946
629 0.7336854541294212 0.5384171955799937
628.5 0.7332909750426061 0.5378399353105008
628 0.733359630864103 0.537938755880966
627.5 0.7335181541768141 0.5381724706734538
627 0.7332928737348996 0.5378433149639298
626.5 0.7332889577619952 0.5378346014185698
626 0.7331935423039008 0.5376959582332957
625.5 0.7332217881431852 0.5377399246333249
625 0.7332285824003555 0.5377509625057478
624.5 0.7330676451886038 0.5375105343419676
624 0.7331441919620716 0.5376273275764007
623.5 0.7332440882137092 0.5377748966430836
623 0.7330119406213332 0.5374285917563055
622.5 0.7330782921642928 0.5375308802642601
622 0.732939239736337 0.5373260652606664
621.5 0.7332357518912552 0.5377596589612396
621 0.7331360617491682 0.5376131594396999
620.5 0.7329794610174397 0.5373828059407599
620 0.732985736838829 0.5373914600383402
619.5 0.7329950412450779 0.5374055365167599
619 0.7328888444501721 0.5372525819339206
618.5 0.7328082478010316 0.5371327808724726
618 0.7330893136744252 0.5375459234654689
617.5 0.732836778746572 0.5371720121299479
617 0.7325032074403643 0.5366871148581704
616.5 0.7326352221348201 0.536878662263335
616 0.7325591137074409 0.5367670985361377
615.5 0.7325246915885938 0.5367176194233854
615 0.7325298729793891 0.5367283085914046
614.5 0.7325177831516834 0.536709714220981
614 0.7327523981435434 0.5370522486094457
613.5 0.7324299350274748 0.5365755461633477
613 0.7325089094996732 0.5366950599564986
612.5 0.7322243976385845 0.5362759971436988
612 0.7324531714930697 0.5366141940825974
611.5 0.7325200187920065 0.536709188010166
611 0.7320800818301075 0.5360684783612006
610.5 0.7323867677119936 0.5365161587106552
610 0.7322199979459751 0.5362688184237254
609.5 0.732162309614482 0.5361906935567758
609 0.7319283304425436 0.5358435012386861
608.5 0.7319619224400241 0.5358937868944849
608 0.731970435294858 0.5359052803364069
607.5 0.7320303333973434 0.5359951454861179
607 0.7322453266693927 0.5363088387357543
606.5 0.7319072977829261 0.5358116515946311
606 0.7321104816000339 0.5361088976485918
605.5 0.7319006613684261 0.5358035317338337
605 0.7318265194666715 0.5356962532753508
604.5 0.7316309532844927 0.5354060273414964
604 0.7318852492072103 0.5357764643127861
603.5 0.7316064956563105 0.5353740002812388
603 0.7317877020635608 0.5356378211858797
602.5 0.7316731536191164 0.5354717292704756
602 0.7316467432074955 0.5354316308040018
601.5 0.7315253335687875 0.5352541318469466
601 0.731506090421893 0.535227555689887
600.5 0.7318175310229731 0.5356812703356251
600 0.7312394858171419 0.534837572186269
599.5 0.7313318135310308 0.5349725939322388
599 0.7315430639197372 0.53527879482605
598.5 0.7318027311843098 0.5356605184932641
598 0.7316064887240018 0.5353720404298586
597.5 0.73149305538964 0.5352048207483884
597 0.7312018158808187 0.5347820386650799
596.5 0.7313193391326211 0.5349532694915818
596 0.7314951754099955 0.5352079895113239
595.5 0.7312609124060399 0.5348693461704396
595 0.7311652682207173 0.5347297203607376
594.5 0.7312394603179984 0.5348392551615627
594 0.7310245214816471 0.5345212300405223
593.5 0.7311417343997425 0.5346911306967034
593 0.7308216029267787 0.5342247245034717
592.5 0.7308176959294395 0.5342179978627999
592 0.7309363391333095 0.5343969255292288
591.5 0.7307996675179163 0.534194128254059
591 0.73076826254084 0.5341474873010307
590.5 0.7305662609247086 0.5338509680461115
590 0.7309419635291599 0.5344031997723756
589.5 0.7307539147262347 0.5341249086374686
589 0.7307325914837308 0.5340930403245983
588.5 0.7305051549432975 0.5337616619190271
588 0.730732845029789 0.5340908113842501
587.5 0.7305715250541799 0.5338570307060548
587 0.730742532794508 0.5341053621581491
586.5 0.7304107483748313 0.5336261532066621
586 0.7302669254282634 0.5334131787052149
585.5 0.7306863595500283 0.5340290155507833
585 0.7303084142757023 0.5334730390505968
584.5 0.7306083071470707 0.5339164768909702
584 0.7302803207177606 0.5334350701971728
583.5 0.7302659759929467 0.5334164517442141
583 0.7301718967032819 0.5332784491224608
582.5 0.7305318694523497 0.5338025448547439
582 0.7302047775697915 0.5333232135436352
581.5 0.7302549983704211 0.5333975821476442
581 0.7304990466750001 0.5337530475682836
580.5 0.7304344682226747 0.5336622971611341
580 0.7304576043254783 0.5336957239791246
579.5 0.7301457119829559 0.5332401823394003
579 0.7300186347646128 0.5330530789274013
578.5 0.7300987037178422 0.5331693427068382
578 0.7298783189804776 0.5328459207222154
577.5 0.7297979902195203 0.5327297297987412
577 0.7297027093129048 0.5325918295735959
576.5 0.7300520867764978 0.53309998273516
576 0.7298118779823854 0.5327498897180211
575.5 0.7296206781039599 0.5324679754566364
575 0.7296119132663703 0.5324575610436038
574.5 0.7297997532777468 0.5327308929948836
574 0.7295495098865422 0.532367350284651
573.5 0.7293727633653813 0.5321083186127514
573 0.7299071327418569 0.5328887889161807
572.5 0.7293864103375945 0.532131140807648
572 0.72966254043662 0.5325324150760882
571.5 0.7295833938619498 0.5324146706750912
571 0.7292579971830261 0.5319406893042453
570.5 0.7294102831719165 0.5321636183102662
570 0.7295495887697899 0.5323704079978073
569.5 0.7293037415053433 0.532010753144622
569 0.7291163005657914 0.531735375636378
568.5 0.7292313045083658 0.5319042897589005
568 0.7291613361530982 0.531804202032867
567.5 0.7293612810226531 0.5320942817697325
567 0.7292988172392028 0.5320055108822839
566.5 0.7288706558287513 0.5313794778581524
566 0.7289820892796205 0.5315402059114079
565.5 0.7289078365229706 0.5314313664063258
565 0.7288527668645506 0.5313507562601271
564.5 0.7291290658946293 0.531754903978548
564 0.7288045187181525 0.5312814739907799
563.5 0.7288160707336493 0.5312940434849087
563 0.7288020707621166 0.5312764903437109
562.5 0.7287064161630508 0.5311415905108812
562 0.7288431068247655 0.5313379730992793
561.5 0.7290442506434832 0.5316318689010125
561 0.7287158283583286 0.5311536869364146
560.5 0.7284483775729538 0.5307654781829946
560 0.7286912239693966 0.5311190587787842
559.5 0.7284597860427028 0.5307762941832848
559 0.7287866271051567 0.5312544409844753
558.5 0.7284307191398028 0.5307370888648613
558 0.7283828125037392 0.5306710549221938
557.5 0.728369595350293 0.5306494536541009
557 0.7284365287116318 0.5307454842178773
556.5 0.7286079759006814 0.5309954661420191
556 0.7283595788279471 0.530632953762056
555.5 0.7283721957023064 0.5306523665973745
555 0.728016235973068 0.5301323193811848
554.5 0.7280626207978861 0.5301972980044712
554 0.7280915747387285 0.530245385671128
553.5 0.7278106729113871 0.5298363852300865
553 0.727995120271533 0.5301032001757648
552.5 0.7279233486774104 0.5300004085848664
552 0.7279568226092268 0.5300463832237869
551.5 0.7279778036634886 0.5300802695633701
551 0.7278628619798118 0.5299117811033418
550.5 0.7278746608674972 0.5299301634990133
550 0.7279751179982823 0.5300732980320898
549.5 0.7279671072276611 0.5300626105991804
549 0.7274795388656651 0.5293516395798195
548.5 0.7274970053567383 0.5293819800988983
548 0.7276928555268433 0.5296628846086415
547.5 0.7274135894751693 0.5292559851672112
547 0.7276127821843492 0.5295454031120626
546.5 0.7273463962593433 0.5291583336074897
546 0.7272074094163229 0.5289585495213717
545.5 0.7273382885196066 0.529146641876127
545 0.7274800671688624 0.5293529968080666
544.5 0.7277617992926025 0.5297664572543891
544 0.7270540315868038 0.5287339387010486
543.5 0.7275722269590971 0.5294868381711075
543 0.7273412495693848 0.5291507433981133
542.5 0.7272815787276848 0.5290649704915672
542 0.7270233730931128 0.5286898200503553
541.5 0.7270683067161409 0.5287559445017925
541 0.7271758510849687 0.5289107218847368
540.5 0.7269280615068952 0.5285483319985477
540 0.7272119543236736 0.5289646632688024
539.5 0.7268589066867012 0.5284489125613898
539 0.7270647390041597 0.5287490809012534
538.5 0.7266401507096518 0.5281303154824036
538 0.7266938383157637 0.5282076257283256
537.5 0.7266321109955868 0.5281204269207717
537 0.7267572172412363 0.5283025925196756
536.5 0.7267410241218697 0.5282790642673394
536 0.7265414734137144 0.527991157785338
535.5 0.7266716663753806 0.5281800219119424
535 0.7265387740853806 0.5279853803196325
534.5 0.726229623771785 0.5275356550737424
534 0.7264170533447479 0.5278092354510091
533.5 0.7263317628502379 0.5276825560745879
533 0.7263530965258505 0.5277120074547031
532.5 0.7263358017177594 0.5276899132675262
532 0.7262321380466766 0.5275374371394446
531.5 0.7263449629960633 0.5277027256096247
531 0.7261419965329746 0.5274094524186776
530.5 0.7258446075596859 0.5269736349324234
530 0.725785986606155 0.5268900241148665
529.5 0.7261290904886806 0.5273925643052133
529 0.7257744103943082 0.5268746395814918
528.5 0.7258563222333908 0.5269958140817137
528 0.7260643011713989 0.5272954378465783
527.5 0.7260060743130087 0.5272117811476447
527 0.7260295493696287 0.5272466266443656
526.5 0.7255643562396792 0.5265698546422783
526 0.7255829789809957 0.5265958075241882
525.5 0.7256378687247016 0.5266785859469838
525 0.7256827408402701 0.5267413223011768
524.5 0.7255610628414612 0.5265636669694448
524 0.7252977759330457 0.5261817200513409
523.5 0.7256354208561294 0.5266718439058138
523 0.7251844134720034 0.5260180111483085
522.5 0.7253220673262558 0.5262190963444994
522 0.7254890931132145 0.5264615993008174
521.5 0.7251553917726407 0.5259789681071523
521 0.725338000349744 0.5262407234338755
520.5 0.7254320765100283 0.5263806979679425
520 0.7250122150550308 0.5257681859316022
519.5 0.7251190127791353 0.5259254255314565
519 0.7251791018142714 0.5260093764892597
518.5 0.725286942009052 0.5261645862493433
518 0.7247596954262374 0.525401746760158
517.5 0.7247612350039625 0.5254058942843389
517 0.7249796352069499 0.5257254247379408
516.5 0.7249796608598594 0.5257214636874918
516 0.7245691506986153 0.5251277679073023
515.5 0.7245738891839074 0.5251319236636862
515 0.7245881647947813 0.5251523433591534
514.5 0.7244590542888606 0.5249681345127915
514 0.7244090181920536 0.5248946200309121
513.5 0.724231822056608 0.5246364712074353
513 0.7245437436141585 0.5250897551681993
512.5 0.7242842873366153 0.5247146153294804
512 0.7242524250745208 0.5246653813908932
511.5 0.7239411733264183 0.5242162134956484
511 0.724505257128998 0.5250329517831968
510.5 0.7239291663372008 0.5241992750711932
510 0.7242628404550249 0.5246861776569682
509.5 0.7239003658998844 0.5241605545027631
509 0.7237946733518947 0.5240068845937483
508.5 0.7238483599218843 0.5240826646350595
508 0.7239957566500513 0.5243005133387685
507.5 0.7239395178646296 0.5242124889387932
507 0.7240672259994131 0.5244017701950436
506.5 0.7237351111323828 0.5239181534202351
506 0.7240013091365511 0.5243057912460807
505.5 0.7234738112807696 0.5235415364969839
505 0.7237822434973586 0.5239876697652331
504.5 0.7235862220662392 0.5237039266302358
504 0.7236947446651817 0.5238613315185797
503.5 0.723674694453729 0.5238301389169993
503 0.72359117796315 0.5237090009787626
502.5 0.7235746674494504 0.5236875062624667
502 0.7235475159200592 0.5236481433782947
501.5 0.7233663022764567 0.5233852226830472
501 0.7233592706862353 0.5233773842822514
500.5 0.723218535584658 0.5231729116445345
500 0.7230253377461836 0.5228911372538626
499.5 0.7231693854009049 0.5230999534063552
499 0.722905283915459 0.5227191904938837
498.5 0.7229608684997147 0.522799242324106
498 0.7233817599900042 0.523408429039798
497.5 0.7228755819376134 0.5226772518222442
497 0.7228567097291503 0.5226513741292865
496.5 0.7228398536227791 0.5226252341336926
496 0.7228861695924153 0.5226908641294036
495.5 0.7227536729304864 0.5224972558937632
495 0.7228437219296389 0.5226273902340459
494.5 0.722709382915675 0.5224354208967195
494 0.7224551026482497 0.5220704689894243
493.5 0.7225259105942905 0.5221724774324852
493 0.7220919912215551 0.5215435839346524
492.5 0.7225310716550938 0.5221759955710155
492 0.7222645927346962 0.5217898985473518
491.5 0.722093481922229 0.5215476785513736
491 0.7220531746656149 0.5214885777409896
490.5 0.7224876462205759 0.5221163282868992
490 0.7221682439200199 0.5216525281217149
489.5 0.7220758075168793 0.5215236669504986
489 0.7218162445472619 0.5211437826335412
488.5 0.721906859046948 0.5212775265207598
488 0.7216857697043205 0.5209555307774185
487.5 0.7219800429618222 0.5213864716473259
487 0.7216107080533285 0.5208493932886691
486.5 0.7216778553538988 0.5209447146616917
486 0.7215999194124136 0.5208303185332701
485.5 0.7217128104594219 0.5209964090615966
485 0.7217751504513796 0.5210841973301196
484.5 0.721461072588153 0.5206346915758778
484 0.7214218156851211 0.5205783334153162
483.5 0.7215236296150277 0.5207227805957675
483 0.7210381662802696 0.5200195583602506
482.5 0.7212303440330422 0.5203043423203454
482 0.7214462160655757 0.5206128566610635
481.5 0.7211825892647867 0.5202292425922063
481 0.7211665637534526 0.5202106680126776
480.5 0.7210591668968255 0.5200555419135755
480 0.7209313473703364 0.519870847761384
479.5 0.7210815184358366 0.5200849827217309
479 0.7208478117270211 0.5197505348624418
478.5 0.7210141415636072 0.5199867438368879
478 0.72094501709738 0.5198893408817188
477.5 0.7208149736071479 0.5197025524247707
477 0.7204670702290943 0.5192044796708041
476.5 0.7206251310765631 0.519428092931283
476 0.7205597194016482 0.5193354896162069
475.5 0.7202580901183969 0.5188965056037362
475 0.720424113544068 0.5191403051675967
474.5 0.7201599071835327 0.5187578909952422
474 0.7205661686496204 0.5193433624048626
473.5 0.7205746356109176 0.5193568305348695
473 0.7197383535016305 0.518151011427219
472.5 0.720334290294501 0.5190096332346347
472 0.7199758638014828 0.5184913796472445
471.5 0.71998907316809 0.5185118496232611
471 0.7198450962802742 0.5183041308685709
470.5 0.7200102411632736 0.5185422921375205
470 0.7199484603163555 0.5184510027428348
469.5 0.7199458212133011 0.5184502825493904
469 0.7200017014551873 0.5185304999738162
468.5 0.7199793401448487 0.5185011241894568
468 0.719474382468557 0.5177719508947293
467.5 0.7197830061418633 0.5182168608183018
467 0.7196030974210738 0.5179567599609063
466.5 0.719690822806354 0.5180814939431648
466 0.7195111118986451 0.5178250151450682
465.5 0.719462517914029 0.5177545179307567
465 0.7194231428899126 0.51769789708097
464.5 0.7193662261424203 0.5176140466518233
464 0.71910304703665 0.5172383226160157
463.5 0.719441878374826 0.5177228653481232
463 0.7189463523578825 0.5170100546792673
462.5 0.7190029578737713 0.5170933145040624
462 0.7190042160576652 0.5170939810902816
461.5 0.7187247288598568 0.5166926017140592
461 0.7189742966523869 0.517049970795791
460.5 0.7187648912015562 0.5167524503516877
460 0.7186521486082109 0.5165890032459111
459.5 0.7187965508789478 0.5167940628718187
459 0.7185817387084641 0.5164855647867385
458.5 0.718391255483174 0.5162141486072722
458 0.7185775424733212 0.5164813723299574
457.5 0.7183988753913149 0.5162251259853093
457 0.7182514746708004 0.5160124436252429
456.5 0.7181118070837456 0.5158104580423238
456 0.7181113357051221 0.5158113679475139
455.5 0.7181154358997945 0.5158141788415741
455 0.7181140740209884 0.5158161640151905
454.5 0.7181312008502964 0.5158404243093797
454 0.7179628487272005 0.5155975693973416
453.5 0.7180901970830407 0.5157798829080104
453 0.7176563313838136 0.5151596599276275
452.5 0.7177274540785775 0.5152587502016328
452 0.7175250984523407 0.514966104291538
451.5 0.717786886588998 0.515344142798147
451 0.7176674334168894 0.5151746329810296
450.5 0.7173443213378937 0.5147072022220446
450 0.7174660999140394 0.5148854168853998
449.5 0.7175246491994826 0.5149717432952892
449 0.717415235273925 0.5148151556132533
448.5 0.7173528033515559 0.5147224628196085
448 0.717169503431314 0.5144602511110555
447.5 0.7173554014519287 0.5147269440453157
447 0.7172446017424192 0.5145664229688356
446.5 0.7169840450113748 0.5141907305409346
446 0.7167135791366893 0.5138049272253943
445.5 0.7164858031659279 0.5134785403377644
445 0.7166443602537436 0.5137060111775971
444.5 0.7169191195782081 0.5141010781721584
444 0.7165957105594677 0.513643476603932
443.5 0.7164918191614496 0.5134908035456008
443 0.7167834028181682 0.5139053844138772
442.5 0.7167259820078666 0.5138194616307408
442 0.7163974556415323 0.5133562260783605
441.5 0.7166972193326984 0.5137848155547683
441 0.7162993656086898 0.513214917114508
440.5 0.7160453669136608 0.5128488365013872
440 0.7161354177055508 0.5129766537309316
439.5 0.7161241594498565 0.5129587197634908
439 0.7161074769827479 0.5129375781976085
438.5 0.7158552918264387 0.5125759346930235
438 0.7159422934467219 0.5126990639352971
437.5 0.7159549026492075 0.5127185719818971
437 0.7158801931314704 0.5126124828534774
436.5 0.7157196855415506 0.5123831307853943
436 0.7158357844422418 0.5125470530547559
435.5 0.7155707772832567 0.5121675880295993
435 0.7156070267425818 0.512224021475611
434.5 0.7155045854954137 0.5120745253893471
434 0.7154088957712172 0.5119391266172678
433.5 0.7153149502652478 0.5118070821523779
433 0.7151520904086672 0.511575303782735
432.5 0.714923621946304 0.5112450488189548
432 0.7153500562158471 0.5118566788925294
431.5 0.7151433777516396 0.5115592123342703
431 0.7150230752202281 0.5113882171723184
430.5 0.7150581233004916 0.5114373376701167
430 0.7152787204302876 0.5117501971332379
429.5 0.7145325874725521 0.510685628301194
429 0.7147148357123355 0.5109464317418141
428.5 0.7145023013977914 0.5106438927031937
428 0.71466831179079 0.5108804879521481
427.5 0.7143499241192242 0.5104247153019358
427 0.7145965332436421 0.5107768366206884
426.5 0.71455257544215 0.5107116007049038
426 0.7141714849931255 0.5101694308352306
425.5 0.7143475950961422 0.5104196676220013
425 0.7139685268695553 0.509880006449469
424.5 0.7141505895564876 0.5101417447669084
424 0.7138712455785691 0.5097416583804645
423.5 0.7140546016747918 0.5100061804279215
423 0.713892817133865 0.5097706806951141
422.5 0.713497831596985 0.5092088729947869
422 0.7135983457244433 0.509350943896012
421.5 0.7136934941748997 0.5094831312462736
421 0.7135786081358096 0.5093232979671356
420.5 0.7134057207778294 0.5090818183946832
420 0.7133550064291699 0.509004863285029
419.5 0.7135138579755947 0.5092308900874096
419 0.7133903440001136 0.5090540453871254
418.5 0.7132267719248065 0.508820014618743
418 0.713084822967747 0.5086212586898969
417.5 0.7129409366290875 0.5084137806372515
417 0.7130135571449276 0.508518340060965
416.5 0.7128114564495032 0.5082315620861985
416 0.7125889499981136 0.5079131364100615
415.5 0.7126218151559902 0.5079548443369448
415 0.7124406290968816 0.5077007385564019
414.5 0.7127788325995864 0.5081803643884558
414 0.7125817416545934 0.5078993254067065
413.5 0.7122845082942871 0.5074756944342382
413 0.7123938975925475 0.5076334407797793
412.5 0.7121249687571808 0.5072501779372187
412 0.7122436301710837 0.5074223433059762
411.5 0.7123618249836717 0.5075891799263573
411 0.7121174044527022 0.507238145071644
410.5 0.7121829026715581 0.5073356336129212
410 0.7116224144596642 0.5065346662555924
409.5 0.7119011570798328 0.5069342556262986
409 0.7113635976802665 0.5061681575645308
408.5 0.711632716665369 0.5065544598267705
408 0.7116514127308153 0.5065775536745012
407.5 0.7114487708424413 0.5062889449902166
407 0.711256066088256 0.506014497035202
406.5 0.7114514917921353 0.5062910968308476
406 0.7113174390751285 0.5061000814854438
405.5 0.7116375919108928 0.5065598974371954
405 0.7107592832557216 0.5053051786937044
404.5 0.711218360517344 0.5059587397249046
404 0.7108743403368548 0.5054747123423274
403.5 0.7105996383271544 0.5050791460629759
403 0.7108903189617002 0.5054957812136668
402.5 0.7111019126489566 0.5057945604716377
402 0.7110133771838166 0.5056725278763468
401.5 0.710650031166292 0.5051532777228458
401 0.7105999677432878 0.505082890064484
400.5 0.7103931050678148 0.5047857224376381
400 0.7102177285616772 0.5045412849960748
399.5 0.7100682221772824 0.504326352641493
399 0.7099739151031451 0.5041950298145343
398.5 0.7099616852715249 0.5041748727886817
398 0.7101046064531085 0.5043765730314028
397.5 0.7099931140941834 0.5042200082578621
397 0.7096817392317583 0.50377762679764
396.5 0.7097963406764486 0.5039427372649659
396 0.7096515195910409 0.5037333624326253
395.5 0.7094433543545609 0.5034396373189904
395 0.7091775249080511 0.5030616661224065
394.5 0.7094500486733758 0.5034461335113776
394 0.7091183527471544 0.5029822716981471
393.5 0.7092707872859848 0.5031938021047024
393 0.7092643829967866 0.5031844126899436
392.5 0.7088959737228522 0.5026603483622258
392 0.7086257760792493 0.5022820777259298
391.5 0.7089240447498537 0.5027015981344508
391 0.7089147272853559 0.5026913898863721
390.5 0.7088831376945731 0.5026426773229461
390 0.7088194578642788 0.502551509528148
389.5 0.7089556790042537 0.5027479519912932
389 0.7084885665337748 0.5020881890196005
388.5 0.7085185571122917 0.5021295910242395
388 0.7082125426980744 0.5016931938142952
387.5 0.7082531704887502 0.5017520325111849
387 0.7084075700038536 0.5019709002792645
386.5 0.707923766888292 0.5012836303005661
386 0.7079644307909964 0.5013454274044372
385.5 0.7077911152910905 0.5010940131240268
385 0.7075811940013158 0.5008017142141662
384.5 0.7077975443704454 0.5011099317946408
384 0.7075761895791548 0.5007944417607709
383.5 0.7077241962663546 0.5010033101460627
383 0.7076973411503571 0.5009662023573779
382.5 0.7073226489151216 0.5004342798649603
382 0.7071199397906317 0.5001508553309961
381.5 0.7071245263660617 0.5001524465741694
381 0.7069351982010952 0.49988466352414906
380.5 0.7070941968854411 0.5001150618497858
380 0.7068144166877554 0.49971622994508025
379.5 0.7065169769743535 0.4992972639939525
379 0.7067682811573692 0.49965078619123476
378.5 0.7068815990623403 0.49981164297183045
378 0.7063800216750169 0.49910192333937264
377.5 0.7063592003761443 0.4990766540897032
377 0.7063540695283783 0.4990669530811168
376.5 0.7065535845019077 0.4993493685945549
376 0.7059437040214934 0.49848562708129135
375.5 0.706020879269649 0.4985963817128218
375 0.7062024463689514 0.49885485249074896
374.5 0.7058923472247783 0.4984175617181568
374 0.7057492959808307 0.49820919417339876
373.5 0.7058520622416696 0.49835637094388374
373 0.7058069794289002 0.4982952541123414
372.5 0.7056184071521403 0.49802501348667055
372 0.7053089787524793 0.4975898276924553
371.5 0.7052989760523153 0.4975789094094118
371 0.70527242483388 0.4975398236852354
370.5 0.7048721780792628 0.496976879243211
370 0.7049555706679458 0.4970947149538687
369.5 0.7048296129826926 0.4969175185510265
369 0.705056281815292 0.49723886590120775
368.5 0.7047244754106371 0.4967660167778707
368 0.7047387843423318 0.4967908581441471
367.5 0.7045934817981504 0.4965799987423541
367 0.7043126685303512 0.496184031096389
366.5 0.7044904241811965 0.4964391198181595
366 0.7041688488398815 0.4959831785076525
365.5 0.704250469624905 0.4961018379452313
365 0.7041149179241699 0.49590912880292776
364.5 0.703637426776801 0.4952367995000186
364 0.7041848470039285 0.4960063901410796
363.5 0.7036711226693214 0.4952805708548622
363 0.7037461937851925 0.4953946078660179
362.5 0.7034504151698161 0.494971821752542
362 0.7035566745841655 0.4951300787536357
361.5 0.7037133632659026 0.4953444426480905
361 0.703270440821006 0.4947229698216459
360.5 0.7030489225789325 0.4944106551005368
360 0.7029963792855942 0.49433209629164804
359.5 0.7029883298234587 0.49432431326995213
359 0.7027826520305175 0.494036058369467
358.5 0.7028084893868047 0.4940708290072884
358 0.7026472551452871 0.4938453255811159
357.5 0.7029002985453924 0.4941997191096835
357 0.7023334819997575 0.4934047500064668
356.5 0.7020222448165323 0.49296838332033477
356 0.702110683979917 0.4930932471386452
355.5 0.7022550258504633 0.493293587807549
355 0.7020774533342439 0.4930464391350235
354.5 0.7018560482737211 0.49273272045934313
354 0.7016974732415565 0.49250872348766755
353.5 0.7016841911689777 0.4924906261162863
353 0.7014674954603647 0.49218645103723563
352.5 0.7016283855807467 0.49241415117538995
352 0.7012557320794037 0.4918884489834932
351.5 0.7010433654784276 0.4915874871804027
351 0.7013080742155099 0.4919639348140831
350.5 0.7008393472141203 0.49130851662919256
350 0.7009729933006488 0.4914936298978266
349.5 0.7008020422250385 0.4912540825892744
349 0.7009397691298527 0.4914491802821598
348.5 0.7006962600239542 0.4911080736500596
348 0.7006186014548743 0.4909945407225916
347.5 0.700347745979481 0.4906209297737385
347 0.7002492379542826 0.49048575200648065
346.5 0.7003109870363342 0.49056682569289556
346 0.6999556914351537 0.49006870038203476
345.5 0.7002819665063494 0.4905312306865539
345 0.7001063024780044 0.49028348258088156
344.5 0.6997186883207549 0.4897391613111058
344 0.6998445545915053 0.48991288350206474
343.5 0.6993363521392367 0.4892031656686566
343 0.6992087264262496 0.4890228011005346
342.5 0.6991825705884367 0.48898620102728196
342 0.6993504114742924 0.4892210968245279
341.5 0.6992365641835719 0.4890655173687106
341 0.6988783276336538 0.4885618259384586
340.5 0.6989852821448863 0.4887090522411704
340 0.6992004490223979 0.4890117640083546
339.5 0.6984271862938233 0.48792780336839564
339 0.6984493627564914 0.4879625731690592
338.5 0.6984785534050012 0.48800620953081925
338 0.6982594840324446 0.4876993937173933
337.5 0.698273718654579 0.4877189460992078
337 0.6983517034057488 0.4878263074628508
336.5 0.6981381036539545 0.48752795909780156
336 0.6982354769766764 0.4876614751667498
335.5 0.6978893822213932 0.4871826539701599
335 0.6975029076717884 0.4866424777608257
334.5 0.6977103117595507 0.4869284084374406
334 0.6974608943165423 0.48658381079499224
333.5 0.6973150277159136 0.48637971866891705
333 0.6974241094762913 0.4865299756128504
332.5 0.6971063148372587 0.48608874924285994
332 0.6968569312969896 0.48574107713514664
331.5 0.6967226568149292 0.48555532556134257
331 0.696652562391553 0.4854601850217289
330.5 0.6964818071993762 0.48521747536417625
330 0.6963038136559528 0.48496880519840196
329.5 0.6961468562144028 0.48475375281171634
329 0.6964317459013903 0.48515150208816865
328.5 0.6960866381057891 0.48466691801521494
328 0.6958460903583028 0.4843331768438902
327.5 0.695817092264423 0.48429045610390775
327 0.695566201103539 0.4839450540970457
326.5 0.6957097410708751 0.4841426168659675
326 0.6955112116107675 0.48386849067902055
325.5 0.6954280058850201 0.48375572916736587
325 0.695048886573064 0.48322817465026724
324.5 0.6948554637871505 0.4829576488425931
324 0.6949730339569288 0.48311577136919537
323.5 0.6948775984205202 0.4829894866688966
323 0.6946718882102055 0.48270138362398857
322.5 0.6943863782220011 0.4823076666758688
322 0.6944381092930383 0.48237747699061384
321.5 0.6944620709450764 0.48241051880844055
321 0.6939525147701593 0.4817044857018428
320.5 0.6938312274059354 0.4815363665330609
320 0.6939643015101361 0.4817162232112142
319.5 0.6938698274538436 0.48158440751240467
319 0.693717723525435 0.4813790184821434
318.5 0.6935066313887287 0.481080438263387
318 0.6935555710459684 0.481155208833052
317.5 0.6933597204181973 0.4808820899101209
317 0.6929713244412666 0.4803400112922194
316.5 0.6929972950816463 0.4803783298270268
316 0.6930397665726257 0.4804355867131527
315.5 0.6926342669183787 0.47987399165962336
315 0.6928628554273992 0.4801959023969058
314.5 0.6925286418687354 0.4797298309163301
314 0.6923594085958994 0.47949270928509674
313.5 0.692197371136279 0.47926955796291626
313 0.6919281481338015 0.4788967007691445
312.5 0.6921975943663083 0.4792697368230579
312 0.6916011342349535 0.47844658342036017
311.5 0.6918229988006468 0.47875324260951607
311 0.6918938615814347 0.47884768187068727
310.5 0.6912595809511173 0.47797372890101486
310 0.6909671692242254 0.47757078381607193
309.5 0.6912448626441341 0.4779538949786896
309 0.6910478675534366 0.47767801107449087
308.5 0.6910211306972638 0.47764840151949073
308 0.6908059308368503 0.47734327410516586
307.5 0.6903837609297935 0.47676162110041803
307 0.6904375568984694 0.47683655462352703
306.5 0.6905339030165273 0.476972166278751
306 0.6899925194433902 0.4762209724609305
305.5 0.6899582468049894 0.4761731141000335
305 0.6900309471001254 0.4762776976847807
304.5 0.689759744698557 0.4759039462425876
304 0.6897310452321492 0.4758595616881902
303.5 0.6894514619480958 0.47547409829264264
303 0.6892508350352473 0.47519739948543765
302.5 0.689148070195875 0.4750625795636164
302 0.6889645622167984 0.4748045100277011
301.5 0.6889189261760235 0.4747411515267423
301 0.6889123353447694 0.4747361795964183
300.5 0.6886451845553713 0.47436644399699124
300 0.6883741986010791 0.47399388131168635
299.5 0.6882075818214889 0.4737618817550811
299 0.6880139362529563 0.47349911702792485
298.5 0.6882253333240731 0.47378731168737404
298 0.687734276816325 0.47311024509006533
297.5 0.6877266726454536 0.4731040335627618
297 0.6875675275269489 0.47287960276541624
296.5 0.6873075124763666 0.47252641362420217
296 0.6873241839883053 0.4725473637023237
295.5 0.6872384500229413 0.4724342303263496
295 0.6868411876841286 0.47188398238195006
294.5 0.6868844023356245 0.47194281372267666
294 0.6865155920546044 0.4714388051489797
293.5 0.6865540671476892 0.471491982802819
293 0.6864910151808796 0.4714042010185014
292.5 0.686019547328749 0.4707551642456249
292 0.6856247313522152 0.4702182816634476
291.5 0.6857513146420164 0.4703876646182981
291 0.685614751520379 0.47020141531211423
290.5 0.6856556883204558 0.47025526693227093
290 0.68515043495241 0.4695649383315812
289.5 0.6849253032043673 0.46925293543158436
289 0.6848438723674635 0.4691448918470711
288.5 0.6849672467732956 0.4693126242191754
288 0.6847177183883815 0.468973696019231
287.5 0.6843685873010605 0.4684906730324664
287 0.6843676608729036 0.4684926980552677
286.5 0.6844648139778062 0.46862666233314104
286 0.6839906231025991 0.46797260329520945
285.5 0.6836971700293076 0.4675781341862062
285 0.6837414311707681 0.46763561961863404
284.5 0.6836376945186067 0.46749541927926214
284 0.6829065074072633 0.4664945044504481
283.5 0.6831738085877201 0.4668628236502324
283 0.6828454263910207 0.4664120871684357
282.5 0.6826717737719777 0.46617687744643727
282 0.6834376567094068 0.46721796949240013
281.5 0.6827214010821175 0.4662456636786322
281 0.6824062502691907 0.465812826386948
280.5 0.6822288212471028 0.4655686095387222
280 0.6820098297050636 0.4652704382596183
279.5 0.6819729296949484 0.465220705039368
279 0.6815798404590141 0.46468249017837765
278.5 0.6813975475479712 0.46443531388858
278 0.6812165528223343 0.4641892650617957
277.5 0.681046307588773 0.4639557125370488
277 0.6809186005119916 0.46378468585201904
276.5 0.6808697525227404 0.4637199239734593
276 0.680615221172737 0.46336727246535586
275.5 0.6805450323727393 0.4632766449742093
275 0.6803443057796037 0.46300124404396575
274.5 0.6800781440396625 0.4626390157523022
274 0.6799149443609812 0.46241938069559946
273.5 0.6796791496465034 0.46209966145080944
273 0.6795881263812721 0.46197553354161897
272.5 0.6797666917669752 0.4622158419709051
272 0.6792765926797744 0.4615488589503952
271.5 0.6789444010012444 0.46110027472829185
271 0.6787408323406414 0.4608225501658419
270.5 0.6786623502236674 0.46071905207288266
270 0.6788152070868032 0.4609223399241082
269.5 0.6779704528421208 0.4597798130327629
269 0.6780545864795164 0.45989266485658276
268.5 0.6778094269383839 0.45956108001973306
268 0.6775916999470788 0.45926081453753187
267.5 0.6774774300237556 0.4591103319880119
267 0.6771032615869977 0.45860266964846225
266.5 0.6771409235161613 0.45864941439077767
266 0.6771529128461052 0.4586683978652971
265.5 0.676921947653585 0.4583585688611939
265 0.6765377836602029 0.45783802682076014
264.5 0.6764117728681216 0.45766563279076783
264 0.676031299500903 0.45715652389242006
263.5 0.6760457449883558 0.45717237177746733
263 0.6755474382666777 0.4565032738699875
262.5 0.6757788313252832 0.45681070248608624
262 0.6754070130589794 0.456310703508972
261.5 0.6754761649246342 0.45639898795435396
261 0.6750834258192583 0.4558710227469796
260.5 0.6746592133169595 0.4552992910267649
260 0.6745635734160758 0.45516916672129826
259.5 0.6743065310283533 0.4548240018739209
259 0.6740243657089222 0.4544478055468186
258.5 0.6741095081477968 0.4545562934314509
258 0.6736265856706994 0.45391106825022076
257.5 0.6732927663287501 0.45345877451367583
257 0.6736099234225555 0.45388207934581737
256.5 0.6733901635475958 0.4535904806750983
256 0.6729043848537898 0.4529344270912292
255.5 0.6727155387076211 0.4526813863848947
255 0.6727297167751476 0.4526997928372861
254.5 0.6724483683508076 0.4523198491858437
254 0.6721161122794215 0.4518725492620874
253.5 0.6719627530117428 0.451670270123674
253 0.671719292060919 0.45134016472750876
252.5 0.6714759242149666 0.45101977007485744
252 0.6714024981305778 0.4509163162618823
251.5 0.671380414766186 0.450891437189944
251 0.6709363580629111 0.4502911455275564
250.5 0.6708325340404132 0.45014857612621384
250 0.6701504073232407 0.44923412379117755
249.5 0.6704929697665399 0.4496970797536206
249 0.6697267669329758 0.4486686343222382
248.5 0.6695016431030032 0.4483693816178022
248 0.6694395845367686 0.448282378303882
247.5 0.6696523961228243 0.44856822485491493
247 0.6690779799126487 0.4478010173195118
246.5 0.6688762142732125 0.4475326378890126
246 0.6684796533854981 0.44700235143219186
245.5 0.6686556798716169 0.4472365357264241
245 0.6683284082803799 0.44680173609345586
244.5 0.6678628988945539 0.44617959415938874
244 0.6677165433344122 0.4459852099997236
243.5 0.667689898911548 0.44594460482260023
243 0.667498813835193 0.44568849232458335
242.5 0.6671848374654519 0.44526968041079057
242 0.6670235219198267 0.445052602916472
241.5 0.6667508753174801 0.44469423738353475
241 0.6662653445890138 0.4440454007086214
240.5 0.6658519963651368 0.4434939926778274
240 0.6658252944288986 0.44346054065019674
239.5 0.6653504222697846 0.4428239245981993
239 0.6655882558112336 0.44314169535141296
238.5 0.6652545880137768 0.4427035209010812
238 0.665139686909902 0.4425440301080613
237.5 0.6649748397045726 0.44232312192287365
237 0.6641364106701629 0.44121782027381845
236.5 0.664358998395138 0.4415045351367296
236 0.6639090993045759 0.4409076655529694
235.5 0.6637875299455184 0.44075223870819275
235 0.6635313721455812 0.4404115715517917
234.5 0.6631397325510563 0.43988916726809607
234 0.6629374571112843 0.4396209430693524
233.5 0.6630092576184341 0.43971856222849615
233 0.6622419822985226 0.43870100090671577
232.5 0.6621542932629445 0.4385851693968928
232 0.6622054439250268 0.43864852470457766
231.5 0.6617486093081723 0.4380453768677251
231 0.6613829501839605 0.4375650835177223
230.5 0.6610473155375 0.43711962147489725
230 0.661213532884291 0.43733768888448743
229.5 0.6603613191397493 0.4362150939979488
229 0.6603636317290718 0.43621534894583797
228.5 0.6601709462371106 0.43596228956795713
228 0.6600708759403331 0.43582537144672095
227.5 0.6596889937561684 0.43532247437384
227 0.6593191617530474 0.4348374127654581
226.5 0.6593875269192633 0.4349277203942141
226 0.6592254614467213 0.4347155388240377
225.5 0.6586974164844944 0.4340143492804176
225 0.6583971677854517 0.43362331294114126
224.5 0.6582736673631249 0.4334586576438498
224 0.6574023184407328 0.43231545454439857
223.5 0.6574182051486749 0.4323329715212932
223 0.6572048215245557 0.43205467160203104
222.5 0.6573124974296637 0.4321952896391758
222 0.6569771318060036 0.4317509561173562
221.5 0.6566185653411964 0.43128322205155273
221 0.6561210272641917 0.4306369331164748
220.5 0.6557919789466983 0.430201720417687
220 0.6556133919171946 0.4299666809241948
219.5 0.6555501514476519 0.4298837673155224
219 0.6553472925691287 0.429620289312697
218.5 0.6550092221917221 0.42917090806295655
218 0.6544921793635743 0.42849938481663297
217.5 0.6544717859465362 0.42847071710035467
217 0.653712454581453 0.42747585686898143
216.5 0.6536756326686055 0.4274282714047351
216 0.6535130963315322 0.4272185590104184
215.5 0.6532476793709433 0.42686998386689345
215 0.6529572104882229 0.42648932670958534
214.5 0.6528981451890482 0.42641044833852
214 0.6521230784080418 0.4253968354267832
213.5 0.6517938503223852 0.42496919156057
213 0.6515323835241815 0.4246322207002194
212.5 0.651340530644485 0.42437926417324157
212 0.6509717313268861 0.42390684242606647
211.5 0.650710125739289 0.42356142661060237
211 0.6509972037502835 0.4239343726554327
210.5 0.6501083579042887 0.4227790860890578
210 0.650113549597481 0.4227840221525581
209.5 0.6497506416985003 0.42231239947465765
209 0.6492981618461269 0.4217253906778514
208.5 0.648520846823561 0.4207209354975048
208 0.6486189185126818 0.42084042461038373
207.5 0.6477989371252532 0.4197746299146501
207 0.6480473610730942 0.42010493239571867
206.5 0.6476966089324742 0.4196460029087012
206 0.6475299106620667 0.41943687494218374
205.5 0.646778104092163 0.4184588987287235
205 0.6472749761624816 0.41910298563689924
204.5 0.6463093786825281 0.41785226410320453
204 0.6460228416795467 0.41748613187440103
203.5 0.6451631347150447 0.41636969924274564
203 0.6451728131220329 0.4163841657252071
202.5 0.644582963164169 0.4156223371813469
202 0.6446119577466137 0.4156633120267147
201.5 0.6444696982301932 0.4154752581028152
201 0.6439362710063683 0.4147895008182527
200.5 0.6435376897472888 0.41427711261720146
200 0.6437129941355793 0.414505923622108
199.5 0.6431030207500492 0.4137158560109884
199 0.64240726368818 0.41281939321364797
198.5 0.6423652119484792 0.4127686431113166
198 0.6417722108723238 0.41201000541686267
197.5 0.6418004947514045 0.41204348557399956
197 0.6415141594127454 0.4116800584360665
196.5 0.6409533120114014 0.4109586217012733
196 0.6404778799086929 0.41034960958818345
195.5 0.6401357879991704 0.4099083453601242
195 0.6399638334862076 0.4096922216785518
194.5 0.6392614024112483 0.4087947399631455
194 0.63902704907662 0.4084912838817536
193.5 0.6386228764642404 0.4079748166154737
193 0.6381447704131019 0.4073646456596334
192.5 0.6381263589063584 0.4073449337749788
192 0.6375723138424243 0.40663428060050216
191.5 0.6371904029589144 0.4061456197260705
191 0.6365336497274497 0.40530817159731225
190.5 0.6361918989320663 0.40488096804126006
190 0.6362310647642869 0.4049286722401007
189.5 0.6356420260362771 0.40417448260823013
189 0.635412557680184 0.40388598598356695
188.5 0.6347271997129884 0.403015780180211
188 0.6347903517774167 0.40309572807636257
187.5 0.6343009332149722 0.402480862818928
187 0.6337020927009751 0.40171537622898273
186.5 0.6329433429622281 0.4007537137129053
186 0.6326395728356078 0.40037404156410383
185.5 0.6319094038196268 0.399449537621076
185 0.6321365423438966 0.39973306242856077
184.5 0.6312421294151399 0.39859550636795643
184 0.6308210962800271 0.39807419761424984
183.5 0.630813874603913 0.3980667319384356
183 0.6308307129319665 0.3980878420777195
182.5 0.6295997353509881 0.39652893150053053
182 0.6295484939687814 0.3964720448691121
181.5 0.6293612342524119 0.3962298990075004
181 0.6287805066850679 0.3955018061993551
180.5 0.6284816728579732 0.39512865464519575
180 0.6281706686713165 0.3947319321920726
179.5 0.6272153064001292 0.393539041947858
179 0.6271918193444053 0.3935062556069289
178.5 0.6267625949733862 0.392969253402822
178 0.6259635258546268 0.3919705321006144
177.5 0.6254344867483329 0.39130451706950914
177 0.6257114800581114 0.39164883444478377
176.5 0.6249264693980936 0.39067128824458813
176 0.6243490120782209 0.38994695074529523
175.5 0.6240185861013674 0.389535701498102
175 0.6235127822719098 0.3889045565830126
174.5 0.6230449953081403 0.38832575930591445
174 0.6228072026186006 0.3880305841155407
173.5 0.6227065054672419 0.3878998588131822
173 0.6219186616382684 0.3869214773132161
172.5 0.621609689419178 0.38653342797512463
172 0.6207783757686363 0.38550633844151017
171.5 0.6204602345875552 0.3851111135772904
171 0.6201465701383769 0.38471981035216335
170.5 0.6196841356526561 0.3841498512855818
170 0.61950352490407 0.3839218265337979
169.5 0.618532169053185 0.3827238725871886
169 0.6182044335582993 0.382315889514975
168.5 0.6175263673930897 0.3814756951747389
168 0.6168490604813643 0.3806353624796106
167.5 0.6162275927334457 0.37986877094371524
167 0.6163138738749806 0.3799807256523747
166.5 0.6160739346135479 0.37968404643895165
166 0.6151030678626552 0.3784868404675628
165.5 0.6145355879593545 0.3777892520063669
165 0.6140142933989328 0.37715056397444946
164.5 0.6136461019202464 0.37669609228961487
164 0.6131829239544705 0.3761293587446785
163.5 0.6126112403522302 0.37542625469998275
163 0.6122617528937004 0.3749963887370185
162.5 0.6114221049183638 0.37397093075854204
162 0.6111441957681403 0.3736344462603695
161.5 0.6102337651866888 0.3725220715467164
161 0.6101481183651983 0.3724188922148276
160.5 0.6090946207323339 0.3711336873380231
160 0.6086710549622558 0.3706204736510987
159.5 0.6086235242539896 0.3705558316762696
159 0.6079074689112257 0.3696860546637853
158.5 0.6071740569511571 0.36879315364839593
158 0.6061047787304477 0.36750041258662086
157.5 0.6058200785362374 0.3671496940560045
157 0.6057001877990829 0.3670064791680324
156.5 0.6048304031081899 0.36595256259113945
156 0.6041465073963331 0.36513143035219275
155.5 0.6040765367738588 0.3650480509725024
155 0.6035204546050953 0.3643757453885596
154.5 0.6031384453953363 0.3639097820381765
154 0.6021318148439313 0.36269973375222314
153.5 0.6015597008875315 0.3620078993422269
153 0.6009228832310763 0.36124172130028787
152.5 0.600167267444392 0.3603398169372335
152 0.6001163474091703 0.36027630775432906
151.5 0.5990787207356179 0.3590283648439462
151 0.5990599367368952 0.35900873241336995
150.5 0.597739437734532 0.3574299620799914
150 0.5975655528321583 0.3572164821499034
149.5 0.596936865976018 0.356469261241283
149 0.5964656491533544 0.35590318622388345
148.5 0.5962859412661176 0.35568964291683686
148 0.595387482128188 0.35462326755157625
147.5 0.5944285038823672 0.35348365580692337
147 0.5937138529613275 0.3526322622022919
146.5 0.5933759040040145 0.35222988448090237
146 0.5922638725855807 0.35091100951615967
145.5 0.5916293549395549 0.35016094587887775
145 0.5914107405464498 0.349900887905659
144.5 0.590652927650565 0.3490084338605925
144 0.5902869772054327 0.34857225310234974
143.5 0.589238721641362 0.3473362889694407
143 0.5882757280810883 0.34620261179477296
142.5 0.587519825274821 0.3453164557724204
142 0.58750130029656 0.3452892156245047
141.5 0.5870434648092544 0.34475608862926077
141 0.5865434295931472 0.3441681075205351
140.5 0.5851734341960555 0.34255390010284376
140 0.585126661655412 0.34251206203502516
139.5 0.5844025906678751 0.3416631142234554
139 0.5834614188698004 0.34055956318825276
138.5 0.5826845282727562 0.33966039732393893
138 0.5821316171315333 0.33901374775792026
137.5 0.5811891930654445 0.33790846409150704
137 0.5799145036375091 0.3364334520064973
136.5 0.5803245222737199 0.33691045172393325
136 0.5792657764633502 0.33568316035863893
135.5 0.5783969093264405 0.33467774341170897
135 0.5774403553142113 0.3335660101014015
134.5 0.5767704465501512 0.3328020893268316
134 0.5760129599350761 0.3319227892354657
133.5 0.5751493512379546 0.33092788731837885
133 0.574734890669946 0.3304564192336064
132.5 0.5737460818146493 0.3293178936783648
132 0.5729015012979579 0.3283515731035723
131.5 0.5722673252885376 0.3276255269808598
131 0.5718955443769358 0.32719512648469806
130.5 0.5704022459091905 0.3254888225512332
130 0.5702159135904785 0.32528162999151655
129.5 0.5696020531156899 0.324579785297006
129 0.5690852819230054 0.3239884983813595
128.5 0.5680254492789782 0.322778526857869
128 0.5664666463828505 0.32101742824431495
127.5 0.566202113281079 0.3207154101458907
127 0.5654986150099258 0.3199237328424497
126.5 0.564200932021869 0.3184581564286727
126 0.5633420457654336 0.3174797409487931
125.5 0.5626096594094437 0.3166567354013745
125 0.5615331655676499 0.3154530420633808
124.5 0.5612598848396912 0.3151377511879924
124 0.5600398234751374 0.31377263956463497
123.5 0.5595601163979544 0.313233681819462
123 0.5586628672523447 0.3122403817991567
122.5 0.5573692661503389 0.3107872267442809
122 0.5573829667271779 0.31080791298661264
121.5 0.5560065803055905 0.30927298808209125
121 0.5549778363250022 0.30813598235226497
120.5 0.553783162910482 0.3068038209907766
120 0.5529293898057276 0.30585917005024466
119.5 0.5522117376479707 0.3050661582691673
119 0.5516885673150101 0.3044904308797405
118.5 0.5500052303491848 0.302639805227229
118 0.5490840177007994 0.3016271640231356
117.5 0.5483841970069039 0.30084841613842334
117 0.5476463225742296 0.3000474248575225
116.5 0.5468260141587086 0.2991451213087261
116 0.5456304966643176 0.2978429883141596
115.5 0.5450511917806097 0.2972123153384452
115 0.5442192955329982 0.2962963789903282
114.5 0.5430807693775355 0.2950608603971095
114 0.5419592585996429 0.2938473791951139
113.5 0.5411991470727872 0.29302343640364387
113 0.540241779482101 0.291981219630877
112.5 0.5392748282302294 0.2909411631038316
112 0.5384059150943077 0.29001041170725184
111.5 0.5368449108897158 0.2883313959608068
111 0.5360508132082682 0.2874815322804659
110.5 0.5351341388525233 0.28649622559208615
110 0.5336161804936697 0.28486998982063805
109.5 0.5322409890192135 0.28342071538633273
109 0.5318233803912521 0.2829674080814377
108.5 0.5301488100993152 0.28118602127720654
108 0.529569268599669 0.2805746670704165
107.5 0.528477092783293 0.27941935540556034
107 0.5276341589953627 0.27852204496624083
106.5 0.5253178807941177 0.27608061789617977
106 0.5257557369952197 0.2765397886691699
105.5 0.5240164149468012 0.2747108921528978
105 0.5230626484163164 0.27371666959736096
104.5 0.5222293131816367 0.2728438851891535
104 0.5204637649334579 0.27100560862940415
103.5 0.5196802819540337 0.27019023085211136
103 0.5186277080407466 0.26909203847949525
102.5 0.5172456448650896 0.2676666472855475
102 0.5160258001209563 0.266395133162258
101.5 0.5142384616313405 0.2645580218174334
101 0.5135609057857311 0.26386882875308726
100.5 0.5123370276078091 0.26261446754641227
100 0.511039735880061 0.26128235507726666
99.5 0.5102120151007842 0.26043510991472774
99 0.5088964930617899 0.2590956033024195
98.5 0.5074144423840027 0.2575888631427243
98 0.506525823248831 0.25668368639512706
97.5 0.5051957527209745 0.2553439362476118
97 0.5029685758941975 0.25309696390348313
96.5 0.5022811748254101 0.2524050465510418
96 0.5012022975241375 0.2513280635796615
95.5 0.49955388264068146 0.24967182918951555
95 0.49930521840354697 0.2494256937270632
94.5 0.4976827493374053 0.2478073579689153
94 0.49607925910631334 0.24621274628227974
93.5 0.4955111733932574 0.24563835600391332
93 0.4937171768077107 0.24386830956854288
92.5 0.4916611061242819 0.24184408885557296
92 0.49078436992046864 0.24098258414877488
91.5 0.48969318563005937 0.23991202491775238
91 0.4881552482138895 0.23841265839065012
90.5 0.4867649118559298 0.23704526540442078
90 0.48601103326350603 0.23632746895095152
89.5 0.4844638740127691 0.23481265603418383
89 0.4831194118502082 0.23350976452496325
88.5 0.48100523146477014 0.2314738306668598
88 0.480118683476435 0.23061788044734324
87.5 0.4781194758227667 0.22870909635962938
87 0.477281741898129 0.22790979243020343
86.5 0.4754597322003043 0.226173151981127
86 0.4743055739922197 0.22507603281599411
85.5 0.47241227851003914 0.22329116700382798
85 0.4712207992248851 0.22215281384131977
84.5 0.469119126236623 0.22018515345574996
84 0.4682970057435522 0.21940653289673204
83.5 0.4659677440688394 0.21724140077006054
83 0.4648713651800807 0.21621120593703413
82.5 0.4646006697895523 0.21596812357219028
82 0.46134727257271646 0.21294661263193185
81.5 0.46004271768668087 0.211740804387415
81 0.45831201126758697 0.21015935736066368
80.5 0.45686424499884387 0.20882729181572934
80 0.45534055685016217 0.2074358437770401
79.5 0.45425278294287036 0.20644409147791093
79 0.4523838354378734 0.20474737926913839
78.5 0.4503306997302502 0.20289596242111985
78 0.44839135131440244 0.20115518289227352
77.5 0.44677966913015554 0.19970817375895972
77 0.4455653998987864 0.19862300281273257
76.5 0.44401251761112165 0.19723644044032784
76 0.44185659328917104 0.19533370040199438
75.5 0.44070345254559506 0.1943142359483377
75 0.4388049186816367 0.1926442988593733
74.5 0.4366872262147414 0.19079305797495807
74 0.4345738421539384 0.18894832942103698
73.5 0.43430701520801723 0.18872278172373835
73 0.4315986471201588 0.18637796644869326
72.5 0.43038502702433207 0.185326038115562
72 0.427883593110238 0.18316513170848145
71.5 0.4268082193775405 0.182251181149421
71 0.42552516489994413 0.18116158847986247
70.5 0.4227139807875036 0.17877978114423085
70 0.42179337646665255 0.17800305577005418
69.5 0.41926426878221484 0.1758743326421252
69 0.4175331388707483 0.17443051482888527
68.5 0.4149303503679581 0.17225644572117138
68 0.41357500119718166 0.17112734091448964
67.5 0.4115961469094986 0.16949931569892915
67 0.41048642959890413 0.16858480717939872
66.5 0.40762227040731736 0.16623636306518227
66 0.40646354250154687 0.165296324572885
65.5 0.4043280644896116 0.16356530405071554
65 0.40216216675107036 0.16181350989599644
64.5 0.39939895007896703 0.15959488617166448
64 0.39784131026507835 0.1583533583062956
63.5 0.39604380228096014 0.15692993828440133
63 0.3940311269262032 0.15533408799796664
62.5 0.3929114691280139 0.15446020888211284
62 0.3905815232173191 0.15263028030318757
61.5 0.3873147524837095 0.1500834977355846
61 0.3860205277947871 0.14908751649847768
60.5 0.3835353979852745 0.14717783444472932
60 0.3825056148993064 0.14637711035487783
59.5 0.37921968326972627 0.14387747664984346
59 0.37814292163517027 0.14306907922376774
58.5 0.3766515314165257 0.14193318681908684
58 0.37289262261957606 0.13911496053587
57.5 0.37082857722315377 0.1375849220908366
57 0.36922343077324177 0.1363951482468075
56.5 0.36822760401919485 0.13566230838742663
56 0.36454392911209355 0.13296163942193068
55.5 0.3631926409606861 0.13197493035061753
55 0.3609328828481215 0.1303396191745853
54.5 0.3585463919749267 0.12861620851613811
54 0.3567325063106648 0.12732891707644148
53.5 0.35422666329331376 0.1255339907215412
53 0.3517845803634014 0.12381823570155905
52.5 0.35081495434549764 0.12313000787290039
52 0.3470512013047202 0.12050374850191971
51.5 0.3454913892350405 0.1194256161798347
51 0.34338156759617067 0.11796535639035309
50.5 0.3421372959715736 0.11711056468957427
50 0.3390725940047943 0.1150216275945743
49.5 0.33576888466837973 0.112788835046738
49 0.33579258635045794 0.11280960142574448
48.5 0.33332322059826097 0.11115288383602086
48 0.33020659586402423 0.10909017288160572
47.5 0.32839697726067785 0.10789787771734766
47 0.32592319289910293 0.10627959385038768
46.5 0.3236002000651907 0.10476499871733777
46 0.32111278836452306 0.10316445955666273
45.5 0.319208337192578 0.10194284512175047
45 0.31628252979533555 0.1000751357689906
44.5 0.31389202332211036 0.09857496841292082
44 0.31060679295665183 0.09651387492899108
43.5 0.31007374276704197 0.09619407027050564
43 0.3069351880386274 0.09425040270424849
42.5 0.304558330657253 0.09279879355002463
42 0.3029704333302415 0.09183236736314783
41.5 0.30105531546798275 0.09067296478402914
41 0.29731435516272886 0.08843428864488098
40.5 0.2953187916361048 0.0872580502755279
40 0.29327839638751013 0.08605441629450442
39.5 0.2902871007876455 0.08429918232814287
39 0.28716636562869724 0.08250573705442192
38.5 0.2849789330984363 0.08124408930507449
38 0.28299413464991885 0.08011878285765736
37.5 0.2815588440173015 0.07930674586622352
37 0.2781845448079481 0.07741639058613202
36.5 0.27620809359482557 0.0763185585500833
36 0.27414563243847645 0.07518109199177116
35.5 0.27216798576343093 0.0741056714517866
35 0.26812451265820586 0.07191806575558483
34.5 0.26840957082249606 0.07206779911820926
34 0.2652030400658455 0.07035297498575604
33.5 0.2616552908540494 0.06848600321742224
33 0.260200981493398 0.06773230532415674
32.5 0.2576951609521635 0.06642938472258261
32 0.2549427704508035 0.06501631748498714
31.5 0.2546773336737527 0.06488592450410038
31 0.2518940332819577 0.0634753909024808
30.5 0.24918907826397838 0.06211445763673062
30 0.24686136329050085 0.06096028583520039
29.5 0.2439815599964137 0.05954524582784878
29 0.24213647360617932 0.058646184955873946
28.5 0.24053864492013435 0.05787375809377042
28 0.23798535983350544 0.05665093502931446
27.5 0.23573177906214934 0.05558380828244242
27 0.2334832813885778 0.05453054192905977
26.5 0.23243660291437435 0.054047202891743557
26 0.22921284157248953 0.052555747632574694
25.5 0.22661486681858867 0.05136985783676293
25 0.22647361332140298 0.0513023923531754
24.5 0.22252955939557895 0.04953387514460841
24 0.22271304542722306 0.04961151326550125
23.5 0.2208004309138455 0.048768697405498156
23 0.2171641263124165 0.0471708729639323
22.5 0.2161835075970256 0.046744205194681795
22 0.21509568893564548 0.046272945975273275
21.5 0.21359543458819039 0.04563301673174836
21 0.21000587616239005 0.04411097722718408
20.5 0.20861279117331288 0.0435249356757615
20 0.20723161471305226 0.04295151558782198
19.5 0.20493809526376186 0.042005130635709986
19 0.20530051240519942 0.042153581205682925
18.5 0.20305651543231334 0.041235593775517214
18 0.20138033497522922 0.04055696851640521
17.5 0.19978817951154132 0.039922170111348326
17 0.19871578197600157 0.03949041378720448
16.5 0.19644213257987322 0.038591714921981726
16 0.1957643519721321 0.03832625463819525
15.5 0.19356156847782266 0.037467855745063304
15 0.1938003566927669 0.03756098184540996
14.5 0.19128890892091452 0.03659238095442908
14 0.19049699151707972 0.03629064901452462
13.5 0.1900996886064434 0.036139071187346695
13 0.1897102509197615 0.03599079927388157
12.5 0.18876327973539028 0.035632352923165536
12 0.18708835005690952 0.0350030039504794
11.5 0.18640153110712815 0.03474610417577282
11 0.1858255579571447 0.0345316402442046
10.5 0.1849304171411882 0.03419966215051587
10 0.18487249708593992 0.03417842656680696
9.5 0.18431183455365022 0.03397103165556195
9 0.18353703586015752 0.03368599077050952
8.5 0.18320216587010657 0.03356314420723504
8 0.18257348844448942 0.03333315846587552
7.5 0.18245458887537908 0.033289795804104926
7 0.18230931431178662 0.0332367998606976
6.5 0.18237720414333122 0.03326151080401012
6 0.1819593843282005 0.033109244769131074
5.5 0.18190019223162102 0.03308772913526527
5 0.18177089240241998 0.03304068445975435
4.5 0.1815559844262035 0.03296259392772957
4 0.1814162837575518 0.032911876333790877
3.5 0.18139828945175587 0.03290534497225575
3 0.1813999710197189 0.032905952227074174
2.5 0.1813488629749695 0.03288741154731055
2 0.18133875501265578 0.0328837444685615
1.5 0.18132301302514134 0.03287803530289872
1 0.1813099557007414 0.03287330007141846
0.5 0.18130576425925007 0.032871780156152844
