1000 0.3152235992159847 0.0994841378161874
999.5 0.31549843923794163 0.09965512635062007
999 0.3157853518302539 0.09983896867941272
998.5 0.31534415879972977 0.09955784149496943
998 0.31562012625142444 0.09973212949557832
997.5 0.31542885874300086 0.0996143280677818
997 0.3155455112871937 0.09968481995382604
996.5 0.31540962129863626 0.09960142158665543
996 0.31551961478683316 0.09967029664596426
995.5 0.3154344067865442 0.0996145573891952
995 0.31540520325605725 0.09959723594399064
994.5 0.3153239103293758 0.09954588830853255
994 0.31538935754785297 0.09958488429306693
993.5 0.3152788315734386 0.09951626518722467
993 0.3153510555723755 0.09956205405190967
992.5 0.3155051334923458 0.0996626123739507
992 0.31553233464050534 0.0996791542996825
991.5 0.3151486905871682 0.09943543096494176
991 0.31513982089068865 0.09943108180253588
990.5 0.31539860367667105 0.09959190325999602
990 0.3153552732755658 0.09956612666751391
989.5 0.31521073013971973 0.09947439114750008
989 0.31522775177458645 0.09948770068146223
988.5 0.3151777959577559 0.09945665458655903
988 0.3153215955061916 0.099546708038071
987.5 0.3151585999453098 0.09944358105836125
987 0.3155755291149929 0.09970403595994506
986.5 0.31539638138378395 0.09959317958905439
986 0.315169760212884 0.09945019117511067
985.5 0.31526193294777005 0.09950933392134229
985 0.3149324545782079 0.09930068728259578
984.5 0.3153080098331855 0.09953900704425919
984 0.3152635403893547 0.0995110674038982
983.5 0.315119414603906 0.0994174937179933
983 0.3151012371633833 0.0994046359224132
982.5 0.315184180488391 0.0994578374315426
982 0.315260332398423 0.09951095830562291
981.5 0.31511082642594185 0.09941173388917414
981 0.31492829748457785 0.0992954925454367
980.5 0.3150256313803651 0.09935577746474293
980 0.31493091141064944 0.09929569965796065
979.5 0.3149818333763528 0.09933257099311883
979 0.3150205758180219 0.09935087585018819
978.5 0.3151688284018044 0.09945106123747881
978 0.31496472828719274 0.09932051015953006
977.5 0.31486386183990717 0.09925566066902325
977 0.3149280527184453 0.09929802996306436
976.5 0.31497044733228696 0.09932163453352018
976 0.3149726963384889 0.09932540844814469
975.5 0.31501794365842123 0.09935403195816035
975 0.31483305699312647 0.09923729360492664
974.5 0.3146941323602497 0.09915298887147217
974 0.31471020651311893 0.09915706160861915
973.5 0.314726560058862 0.09916864679863473
973 0.3147324485204133 0.09917274409613988
972.5 0.31471003374778844 0.09916089378679359
972 0.31494192512515296 0.0993064708668166
971.5 0.3149830470522542 0.0993326577976089
971 0.31470098165686844 0.0991544906343218
970.5 0.31489326125286615 0.09927170711625982
970 0.3148779535435511 0.09926716364819788
969.5 0.31494122179092665 0.09930556675524435
969 0.3147193241449246 0.09916570939471674
968.5 0.31481173604698665 0.09922297406462352
968 0.31492088002884133 0.09929209859562221
967.5 0.31472865296966873 0.09917237302570435
967 0.314691368563447 0.09914542319280105
966.5 0.3146182950017419 0.09910253742595043
966 0.31481335901142526 0.09922410136903227
965.5 0.31456922020613476 0.09906761177882685
965 0.3146944653210741 0.09915049846611483
964.5 0.31464363689267694 0.0991195847570093
964 0.3147144495264365 0.09916285913357215
963.5 0.314477910882542 0.0990128837480808
963 0.3146258587834326 0.09910750904587949
962.5 0.3144292616506349 0.09898306902535094
962 0.3146469115208627 0.09912165280898223
961.5 0.31422330768954243 0.09885331731249597
961 0.3146482537821047 0.09912566885869271
960.5 0.31450050425562764 0.09902724562481549
960 0.31468543130423426 0.09914556455865209
959.5 0.3145320838430342 0.0990463025366966
959 0.314437121307076 0.09898699040473377
958.5 0.314611461730132 0.09909518333200934
958 0.3143626291611175 0.09894199287269918
957.5 0.31436817205355927 0.09894432073843776
957 0.31462233122680505 0.09910532881178523
956.5 0.3146595730526277 0.0991312653672239
956 0.31455530840929546 0.09906374257860784
955.5 0.31437877120763685 0.09895210678620982
955 0.31429457904687497 0.09889861920154001
954.5 0.3143473532740862 0.09893630195826637
954 0.31428120336156784 0.09888878976811627
953.5 0.31428449395874747 0.09889147360899248
953 0.31441236174221715 0.09897245364535794
952.5 0.31444110785324 0.09899231631102738
952 0.3145450237566776 0.0990568556737866
951.5 0.3144289824241417 0.09898254358845786
951 0.31436625029118037 0.09894333165316357
950.5 0.31420598301760566 0.09884364834965165
950 0.31425655565992094 0.09887720496232635
949.5 0.314078748825359 0.09876449263407783
949 0.3139732383837855 0.09869421567771447
948.5 0.3143099461057986 0.09890985632748837
948 0.31417368096757836 0.09882211912385053
947.5 0.31413712399036803 0.0988008952562343
947 0.3143271980491871 0.09891906662021722
946.5 0.31413292267610143 0.09879710965532754
946 0.3141536165164196 0.098811486058141
945.5 0.3141213476506879 0.09878727952008533
945 0.3141742061688623 0.09882486590174791
944.5 0.31415044306619333 0.098807299191704
944 0.31389430572055727 0.09865044977403555
943.5 0.3139591912979997 0.09868959021509652
943 0.31400059444393535 0.09871250191356697
942.5 0.3140277125193514 0.09873045482285366
942 0.31404159052105113 0.09874183634665816
941.5 0.3138686521427383 0.09863044284230833
941 0.3140121205022485 0.0987215519554852
940.5 0.3139177250046379 0.09866621471082437
940 0.3138611504968505 0.09863053516750653
939.5 0.3139602401339358 0.09869073097616222
939 0.313806786867578 0.09859160425714993
938.5 0.31402002539827356 0.09872623995659617
938 0.31355001489719403 0.09842993544699312
937.5 0.31388853419353024 0.0986472564872442
937 0.3137064521441921 0.09853062874470855
936.5 0.3140280831116025 0.09872829019112551
936 0.3139005388586266 0.09865097007601774
935.5 0.31389441219353176 0.09864714276036889
935 0.3138119988431722 0.0985978208671393
934.5 0.3136662094138624 0.09850857942543248
934 0.31376788448424897 0.09856866209433057
933.5 0.3136076111721054 0.09847112814804321
933 0.3138800336950994 0.09863748323404832
932.5 0.31382491374375926 0.09860354234586444
932 0.3135917012310831 0.09845814195290514
931.5 0.31387229416670015 0.09863634910736525
931 0.31380829231607466 0.09859330320860375
930.5 0.31363840777188656 0.09848622638300371
930 0.3138484283343066 0.0986188050485874
929.5 0.3137369895994518 0.09854719209128894
929 0.31376292252430876 0.09856409630440745
928.5 0.3136003595826637 0.09846238810864585
928 0.31379164635345835 0.09858266053597477
927.5 0.3135407140486013 0.09842631564847742
927 0.31360741103493034 0.09846725283712165
926.5 0.3134670379337519 0.09837838576775987
926 0.31362938335991825 0.0984808074989003
925.5 0.3138162094516272 0.0985978343489558
925 0.3137817914260778 0.09857681931911744
924.5 0.31365980765981416 0.09849976676944752
924 0.3135204395785052 0.09841074807916005
923.5 0.3134076717931667 0.09834009402602711
923 0.3135640325276071 0.09843835972918387
922.5 0.313598073868743 0.09846330522194953
922 0.31348237695163345 0.09839058382622912
921.5 0.31345490402447895 0.09837045936152133
921 0.31362609833200544 0.09847659141728769
920.5 0.3133212304481307 0.09828386054117226
920 0.3135056766288717 0.0984037325900219
919.5 0.31356935726325663 0.09844226790689155
919 0.31386534296713775 0.09863126740564088
918.5 0.31367617092495553 0.09851001572412547
918 0.31315128147979215 0.09818108665841117
917.5 0.31314087179209094 0.0981768909678933
917 0.31345794015385453 0.09837548385804895
916.5 0.31335773524977223 0.09831088962205205
916 0.3135844944814679 0.09844935032211762
915.5 0.31330413341571794 0.09827883634847732
915 0.3134193458015717 0.09834879377816234
914.5 0.31338547115579074 0.09832999346801435
914 0.3134182054167233 0.09834944110276338
913.5 0.31311214304476387 0.09815525549124594
913 0.31334781129407446 0.09830556406452308
912.5 0.3132243889448763 0.09822591053322603
912 0.3129787343409646 0.09807503587197582
911.5 0.3135562208960081 0.09843629087018994
911 0.3132707520067329 0.09825689465884027
910.5 0.31303788894439977 0.09811155468948303
910 0.3131599875695294 0.09818521831471687
909.5 0.3132132783611496 0.0982161953783466
909 0.3130700460249514 0.0981318875359888
908.5 0.3132019889118917 0.09821665225479138
908 0.31280343540305156 0.09796500313340953
907.5 0.31311563341106724 0.09815731972358158
907 0.31289904043038114 0.09802397262389724
906.5 0.31311675033711167 0.09815897984854842
906 0.3128972103815856 0.09802628586012391
905.5 0.3131298638951032 0.09816863087600336
905 0.31337052208928556 0.0983190711185487
904.5 0.31309551880899783 0.09814812770138867
904 0.3130035311626329 0.09808965541376508
903.5 0.3128759437454886 0.09800588854590317
903 0.31295500348259253 0.09806043984235636
902.5 0.31287218264072697 0.0980051424632368
902 0.31284985854460445 0.09799478311101333
901.5 0.31305263603580513 0.09811955801772466
901 0.313046613906367 0.09811372035595976
900.5 0.31299514384993593 0.09808499357063967
900 0.3128258037333275 0.09797495121237841
899.5 0.31277288203807013 0.09794388327913361
899 0.31293637246547024 0.09804607978473018
898.5 0.3127991697832873 0.09796231950020717
898 0.31285843419372966 0.09800069722313101
897.5 0.3129840135821768 0.0980778067924846
897 0.3124882615757165 0.09776641942118677
896.5 0.3127966147023601 0.09795924472649117
896 0.31289073104810855 0.09802367354567179
895.5 0.3128944576847206 0.09802040881911403
895 0.31285305827707205 0.0979935340872731
894.5 0.31262507933741457 0.09785536159560855
894 0.3127016947821081 0.09790079407831899
893.5 0.31268571844934545 0.09789225976366255
893 0.31260381141374527 0.09783835697300172
892.5 0.31266950388488063 0.09788037264154568
892 0.3127037576164784 0.09789874907156673
891.5 0.3127228933068247 0.0979134016509569
891 0.3125248440060232 0.09779173697487151
890.5 0.3126930798086863 0.0978970635589708
890 0.31267216524938046 0.09788444421005352
889.5 0.31258945603001703 0.09782771734901041
889 0.31224458962659385 0.09761473724835974
888.5 0.3123562478423399 0.09768572157012263
888 0.3124305670955318 0.09773185838393113
887.5 0.31263339199491813 0.09786022326931143
887 0.3125143188125482 0.09778255066941649
886.5 0.31225389423494015 0.09762076299809283
886 0.31243523306975796 0.09773586090980439
885.5 0.3126140976235453 0.09784506082411967
885 0.3124893957096102 0.09776568895798511
884.5 0.3124210225695181 0.09772580351065831
884 0.3125388544023968 0.09779834706988104
883.5 0.31229785391015313 0.09764784623692115
883 0.31199503783549826 0.09745647749656172
882.5 0.31222055267923826 0.0976018701616178
882 0.31237892626865 0.097698865392977
881.5 0.31222159690178736 0.09760009644556893
881 0.3126845405264616 0.09788895670497547
880.5 0.31217487804695326 0.0975715456566143
880 0.31227815030065764 0.09763563514908037
879.5 0.31220757975479485 0.0975908964726666
879 0.31238186520858546 0.0976996916155541
878.5 0.31214728372180944 0.09755294552299917
878 0.31218248320515213 0.09757692861791688
877.5 0.3120807194821356 0.0975139495461134
877 0.31207125101788324 0.09750526456325147
876.5 0.3122670343324075 0.09762986444144992
876 0.3121622000581205 0.09756608091265197
875.5 0.31188299892829013 0.09738935510326567
875 0.31213995986116655 0.09754775048917104
874.5 0.31211876129168187 0.09753531627655486
874 0.31211997862057383 0.097536874503925
873.5 0.31216790565475727 0.0975686266117711
873 0.31201432675186686 0.09747248803071133
872.5 0.312051814669163 0.0974942594187587
872 0.31239673491038267 0.09770706409389361
871.5 0.311769043157858 0.0973187207747956
871 0.31202662559665617 0.09747765125435912
870.5 0.31194304261611616 0.09743021942895785
870 0.31176137246380026 0.09731049454927429
869.5 0.31194769974981873 0.09743249539816408
869 0.3118873825461555 0.0973910457271085
868.5 0.3119348884303145 0.09742273721210723
868 0.31183452664204786 0.0973596274357575
867.5 0.31210566860999156 0.09752781420820202
867 0.31177590846259867 0.09732336357756613
866.5 0.31204581772578677 0.09749093489330182
866 0.31176447982183036 0.09731361066989135
865.5 0.3118538904015946 0.09737358483490172
865 0.3118531910340131 0.09736997957886541
864.5 0.31173279291188755 0.09729433645871885
864 0.31179718403950424 0.09733601255431312
863.5 0.31196417447326713 0.09744016995937314
863 0.3116945045843651 0.0972704901305306
862.5 0.3119885081925991 0.09745705072533052
862 0.31164312041882225 0.09723729260344408
861.5 0.31172145378876687 0.0972877095850557
861 0.31165670822732927 0.09724741946895309
860.5 0.31166495979944464 0.09725603628258844
860 0.3117529140512348 0.09730931873857779
859.5 0.31138286162719586 0.09707646213141057
859 0.31180273470144065 0.09733963047412135
858.5 0.3112521593006528 0.096992568453028
858 0.3116328684213828 0.09723239773692777
857.5 0.31163565117777925 0.09723639275615012
857 0.31121092987609694 0.09697014998973796
856.5 0.31168335677091735 0.09726461577649247
856 0.31137012389703395 0.0970695329891926
855.5 0.31166863909245646 0.09725575493545904
855 0.311652747938161 0.09724503049650347
854.5 0.3114608151174595 0.09712572776850678
854 0.31143562598950797 0.09710896759133815
853.5 0.3115360077223763 0.09717044689601573
853 0.31152213492218395 0.09716508851246562
852.5 0.31151801342867386 0.09716037248869278
852 0.3116668740051762 0.09725232459322457
851.5 0.31141793117931504 0.09709762693401715
851 0.3115526922241691 0.09718432747834449
850.5 0.3111833562244884 0.09695161131821295
850 0.3112301877119895 0.09698020554092501
849.5 0.3112878328764216 0.09701788423170363
849 0.31127335638907333 0.09700833484956535
848.5 0.31136580787678647 0.09706469075100117
848 0.31145957218644976 0.09712421387975177
847.5 0.3112015439274018 0.0969654306304188
847 0.31121956086662844 0.09697399877175113
846.5 0.3110188988407666 0.09685134741348453
846 0.31119024063351747 0.09695645381620381
845.5 0.31129507480968543 0.09702116536909061
845 0.3111735874374845 0.09694480218340719
844.5 0.311105970301555 0.09690227881046229
844 0.31123907175876353 0.09698609796622965
843.5 0.31107233240460663 0.09688228977660666
843 0.3110423278403712 0.09686508649179335
842.5 0.31112212275752843 0.09691790870653344
842 0.3107004500665929 0.0966515465990294
841.5 0.3111617042161071 0.09693927515122192
841 0.3112246182425721 0.09697569094153977
840.5 0.3110343011911262 0.09685980180881915
840 0.3109842475527032 0.09682931247559334
839.5 0.31105434375142077 0.09687276321106501
839 0.31109624060095337 0.09689928153080066
838.5 0.31069762728466926 0.09665125915279697
838 0.31109014939664625 0.09689323636951255
837.5 0.31098435539091174 0.09682777800029937
837 0.3109711228495303 0.09682240662733123
836.5 0.3110857870198946 0.09689217944002154
836 0.3110681118438095 0.09688243724674481
835.5 0.3108464234963513 0.09674365688845772
835 0.3108803661982852 0.09676423748256764
834.5 0.31097850994478016 0.09681956809597185
834 0.31097597758144685 0.09682038791416318
833.5 0.3109012742348491 0.09677940530752886
833 0.310718247322222 0.09666691220231363
832.5 0.31069141055508614 0.09664629501145994
832 0.31090505560688486 0.09677962581143858
831.5 0.3107736512333246 0.09669693759323696
831 0.31055994634272605 0.09656413463593
830.5 0.31078196676815806 0.09670221535461326
830 0.3107813601957376 0.09670072124907592
829.5 0.3105482138633331 0.09655891588063707
829 0.31066575323719536 0.09663037294101383
828.5 0.31057865478071867 0.09657947983756111
828 0.3106320378421357 0.09660717488685469
827.5 0.31064455942894453 0.09661714127458074
827 0.3105078540812102 0.09653510462463968
826.5 0.3105071484398695 0.09653290944513568
826 0.31043553823649206 0.09648575035552037
825.5 0.3106267719986907 0.09660797052228245
825 0.31032765501986015 0.09642186044750119
824.5 0.31033130754964033 0.09642387483252127
824 0.3105591886967709 0.09656460795129815
823.5 0.3106103542071056 0.09659621424497822
823 0.3105636097488429 0.09657051509051032
822.5 0.3104957183620432 0.09652585015285557
822 0.31040140256225757 0.09646762423731904
821.5 0.3104900839936085 0.0965207400693059
821 0.31044006425013865 0.0964927251669354
820.5 0.31042363221339575 0.09648076516453469
820 0.31065945516195875 0.09662777560998553
819.5 0.3101355921265114 0.09630038419154903
819 0.31022604295051937 0.09635402602070092
818.5 0.31003711754352253 0.0962395883020462
818 0.3103377099121413 0.09642639870052178
817.5 0.31031156407839855 0.09641098409408852
817 0.31054586914341487 0.09655595806074205
816.5 0.3101014535966221 0.0962796358435975
816 0.3103156388139576 0.09641379486337523
815.5 0.310260949680799 0.09637941925913712
815 0.3103309501480051 0.09642372223772998
814.5 0.31008013879797924 0.09626856272196266
814 0.3101334400453102 0.09630063331335852
813.5 0.3099850984966255 0.09620400123732621
813 0.31021356115947335 0.09634780173777484
812.5 0.3100248572431703 0.09623300516722753
812 0.31009444797501545 0.09627649511704568
811.5 0.3099409753921572 0.09618114605103195
811 0.3100110641077281 0.09622631862842965
810.5 0.3100254964363385 0.0962285043372708
810 0.30986774875606776 0.09613200570052352
809.5 0.3101642080226837 0.0963204059434593
809 0.3099947432781571 0.09621694227586912
808.5 0.30989327191970184 0.09615365567312177
808 0.30990383714422354 0.09615850191487876
807.5 0.30988363002415753 0.09614479247537461
807 0.30982570955045313 0.09610890854138343
806.5 0.3097740824526676 0.09607594485298017
806 0.309670093325029 0.09601394365249431
805.5 0.30994221544042216 0.09618235072387678
805 0.30958509515023286 0.09596132198210298
804.5 0.3097923862499697 0.09608971443129186
804 0.30970939381577717 0.09603651155178695
803.5 0.309786540663236 0.09608658293107755
803 0.30959603048002055 0.09596779591506695
802.5 0.30972012362358653 0.09604767338092235
802 0.3097994702433857 0.09609474346217138
801.5 0.3096675947993346 0.09601316095606692
801 0.3094428872556366 0.0958745082066741
800.5 0.3095644641488821 0.09595008619926342
800 0.30972267581156654 0.09604682487815404
799.5 0.3096088129757422 0.09597669499982533
799 0.30949636529515273 0.0959050039909583
798.5 0.3094302873409013 0.09586644248510746
798 0.30948393994333967 0.09589954703226887
797.5 0.30938996259308915 0.09584015366889496
797 0.309574900609934 0.09595617671585258
796.5 0.3092712158832929 0.09576601252275939
796 0.3092962562533739 0.09578618171521874
795.5 0.3092968389642397 0.09578296900245122
795 0.3093416022840678 0.09580937294033276
794.5 0.3094449867080535 0.09587241093853889
794 0.30945880785416574 0.09588371163512609
793.5 0.3096176718868 0.09598220881816585
793 0.30939874587048327 0.09584596100318217
792.5 0.3095712391971983 0.09595373530089606
792 0.30958085788643525 0.0959564771541463
791.5 0.30925082824424566 0.0957531210819474
791 0.30918558162068926 0.0957128057556135
790.5 0.3091841917127124 0.09571224937386046
790 0.3089701251511062 0.09558120937979746
789.5 0.3094593059618408 0.09588281019055461
789 0.3090237645068332 0.09561216561110238
788.5 0.30925547506234097 0.09575737854858932
788 0.30915723245975646 0.09569617831204724
787.5 0.3092872158371228 0.09577694220024631
787 0.309289875924253 0.09578187481613094
786.5 0.3093111815588456 0.09579233519107713
786 0.3087448795948437 0.09543909101593008
785.5 0.3090063557850613 0.09560382713428811
785 0.3090977962455372 0.09565822756047103
784.5 0.3087309316887703 0.09543423763580713
784 0.30905356741314244 0.09563452980968289
783.5 0.3089074360137252 0.09554348995607362
783 0.30892430126873105 0.09555422387270361
782.5 0.3090894257500342 0.09565359771420504
782 0.3087609621784153 0.09545070172035318
781.5 0.3091170060485066 0.09567453183256641
781 0.30887848204276097 0.09552436906991238
780.5 0.3089010982717788 0.09553677961721807
780 0.3089967926682387 0.09559432590497711
779.5 0.30888768637429537 0.09553378433386452
779 0.30894531947040454 0.09556522526417457
778.5 0.30868931431410057 0.0954036765484383
778 0.3089248129930507 0.09555327330895426
777.5 0.3088074724953353 0.09548117540846317
777 0.3086334478184615 0.09537418019724597
776.5 0.3087103069090106 0.09542087566277703
776 0.3086514631334995 0.09538358100823438
775.5 0.3085108706726114 0.0952968359178315
775 0.3086306071894294 0.09536763605507588
774.5 0.3087167434488288 0.09542235900542649
774 0.30860132517302646 0.09535432154732058
773.5 0.30866428704275595 0.09539152434954819
773 0.30846961950139273 0.0952699697937555
772.5 0.3083609794525998 0.09520437453264803
772 0.30832480182057775 0.09518390417329799
771.5 0.3085560134513071 0.09532408493103665
771 0.3083587971039636 0.09520509030858657
770.5 0.30856638346532816 0.095328563605766
770 0.30846609235890765 0.09526747040792943
769.5 0.3083827472239476 0.09521661896693873
769 0.30831161431079845 0.09517455078225963
768.5 0.308485336331183 0.09527878818371803
768 0.3084615677926997 0.09526685268099278
767.5 0.3085754426207158 0.09533888408764946
767 0.3084178320155368 0.0952394670114021
766.5 0.30850815966778544 0.09529519215579113
766 0.30826085081613147 0.09514531719541033
765.5 0.3083741193218757 0.09520807126555889
765 0.30804677258634605 0.09501134399661015
764.5 0.3079113865346901 0.09492496222283117
764 0.30830182064309736 0.09516705630678374
763.5 0.30830399763916494 0.09516556994556397
763 0.3080525187057945 0.09501762907470805
762.5 0.3084660231157583 0.09527093658129203
762 0.30810340443269096 0.09504599580808842
761.5 0.30806031460852973 0.09501726556226486
761 0.3082998655740667 0.09516706830233944
760.5 0.3079043082943418 0.09492401191522067
760 0.3082658352292642 0.09514592193158229
759.5 0.3080378308111023 0.09500493275493305
759 0.3080182495126225 0.09499211916320324
758.5 0.30773655268829303 0.09481931097941639
758 0.3082959530208918 0.09516423146281795
757.5 0.30790893631991617 0.09492620941638714
757 0.3077680775750299 0.09483803105025289
756.5 0.3079330300286233 0.09493937015978203
756 0.3076889859324356 0.094789293374747
755.5 0.30775715383049845 0.09483196400391967
755 0.3078166988549464 0.09486944779993939
754.5 0.3079815818286055 0.09497291137241881
754 0.30775866395289375 0.09483511886383443
753.5 0.3076906820608153 0.09479264482076134
753 0.3077910641827129 0.09485164289134115
752.5 0.3077950543193206 0.09485628086145957
752 0.3077173931719483 0.09480782083302548
751.5 0.30767144011422665 0.09478070796846205
751 0.307864704008476 0.09489973608192492
750.5 0.3076083183428717 0.09474201801816695
750 0.3078941120570067 0.09491728440529604
749.5 0.30774003883735807 0.09482360260697618
749 0.3075578090354701 0.09470805615170921
748.5 0.3075896912757688 0.09472911830169549
748 0.3076068352198371 0.09473948566800902
747.5 0.3075593991988021 0.09470867442944673
747 0.30759510187222916 0.09473221427339651
746.5 0.30768278345325034 0.09478656306272538
746 0.30730385836320306 0.09455555800573298
745.5 0.307488995343294 0.09466491228890084
745 0.3072870041749261 0.09454269794706587
744.5 0.30754141246901334 0.0946983632390928
744 0.3072960768351052 0.09455086619384541
743.5 0.307376608320727 0.0945972551753757
743 0.30725959228139005 0.09452766723323232
742.5 0.3074815083580082 0.0946606083927784
742 0.30738858288176757 0.09460451673559551
741.5 0.3075182820694845 0.09468314039933914
741 0.3073217637290118 0.09456202672378776
740.5 0.3072828922553574 0.09453615629021185
740 0.30702551189211885 0.09438065831957522
739.5 0.3069148478931075 0.09431665536237083
739 0.3072722922153468 0.09453191697610638
738.5 0.30732520508418726 0.09456459912200253
738 0.30705614387738867 0.09440273023846218
737.5 0.3070750311381445 0.09441322392272528
737 0.3070218314153108 0.09438395879798624
736.5 0.30705487917501606 0.09440162661672055
736 0.3071728786088797 0.09447345563437233
735.5 0.30678073170429376 0.09423346335519432
735 0.3071755750732619 0.0944750025862508
734.5 0.3069479784827585 0.0943369301967067
734 0.3068539627292553 0.09427512916004156
733.5 0.30681433367903715 0.09425115362678718
733 0.30692699929346995 0.09432312935993162
732.5 0.30711590744607586 0.09444024081184127
732 0.3066925891775424 0.09418018224924107
731.5 0.30702610611967124 0.09438513690778978
731 0.3069639828356106 0.09434585469603902
730.5 0.3067436608054125 0.094214092310126
730 0.30675784409260176 0.09421853899801849
729.5 0.30648031055286784 0.09404531421521924
729 0.3064205026828769 0.0940084021569311
728.5 0.30657948242405775 0.09410801181983967
728 0.3066952168302751 0.09417768739216059
727.5 0.3066414908784926 0.0941483170586076
727 0.306660419576719 0.09415881848196721
726.5 0.3066931893246622 0.09418074473929215
726 0.3065943454415476 0.09411686453829735
725.5 0.3070619623452759 0.09440671160309719
725 0.30644265207419097 0.09402441457186414
724.5 0.3065592229056656 0.09409340958604105
724 0.3068460808427248 0.09427338654461279
723.5 0.306378003694943 0.0939877026943265
723 0.306487943929656 0.09405186612285558
722.5 0.306471497262297 0.0940447091523752
722 0.306316593341799 0.09394809956869943
721.5 0.30649296687356536 0.09405278623139328
721 0.3064082674583395 0.09400756285263015
720.5 0.30628301285980164 0.09392832819350187
720 0.3064384605720536 0.09402460404155616
719.5 0.3063210583157961 0.09395122502366883
719 0.3061985795630757 0.09387733453011785
718.5 0.305990611421977 0.0937469493816808
718 0.3064605661068655 0.09403673580287242
717.5 0.3062437386390953 0.09390328389889727
717 0.30628146999600875 0.0939288287902767
716.5 0.30618155573844974 0.0938631136884189
716 0.3059281626836709 0.09371072641555342
715.5 0.306100089437601 0.09381364286436607
715 0.3060683914213527 0.09379655069098528
714.5 0.30613070399715875 0.09383477387892242
714 0.30614221512414197 0.09383741787034842
713.5 0.30636025638977177 0.09397686238940824
713 0.306057645563642 0.09378784953520088
712.5 0.30586858795867067 0.09367190328267662
712 0.30589906163475855 0.09369388775332135
711.5 0.3058130536208987 0.0936396567361238
711 0.30581925674531396 0.09364240987506285
710.5 0.3057962016650131 0.09363189144828712
710 0.3058597943040581 0.0936689388111523
709.5 0.3059027186756711 0.0936974715118517
709 0.30579265774648545 0.0936254478058557
708.5 0.30582282191529436 0.09364583843319059
708 0.3059616426076135 0.09373155238429833
707.5 0.30586115110515116 0.09366609829143689
707 0.305434326508935 0.09341051128388615
706.5 0.3055393480553612 0.09347142727630768
706 0.30589421223145713 0.09368860202392033
705.5 0.3057069377331471 0.093577268197665
705 0.3057333853077532 0.0935920394787523
704.5 0.30578489915115414 0.09362163646263633
704 0.3056659156646538 0.09354617723551881
703.5 0.3055651607049704 0.09348682217334171
703 0.3055979529947569 0.09350590902075473
702.5 0.3054966149036814 0.09344536525276238
702 0.30560120246288924 0.09351111894465713
701.5 0.30546339158980335 0.09342746269800199
701 0.3053811699049814 0.09337732751950703
700.5 0.30538300112958405 0.09337782999949963
700 0.30546943936205034 0.09343267608666049
699.5 0.305542202095051 0.09347273249609238
699 0.30546189995234585 0.09342617038105212
698.5 0.30505886030878454 0.09317664620085211
698 0.30537820317588166 0.09337556916453395
697.5 0.3054853826313969 0.0934377950661563
697 0.3051892799496783 0.09325916970021352
696.5 0.3052919813854444 0.09332073803136795
696 0.3053100239009952 0.09333262190142648
695.5 0.3050323175107616 0.09316420363409567
695 0.30511093970149833 0.09321024508286947
694.5 0.3049087275193265 0.09308658138547107
694 0.3049368853073272 0.09310643055917338
693.5 0.30498668980331384 0.09313340362779529
693 0.3047325978087822 0.092978799321637
692.5 0.304951500626524 0.09311402183011222
692 0.3050950279966935 0.09319998198414976
691.5 0.3048917414127103 0.09307452083071525
691 0.30499600320002684 0.09314195881052914
690.5 0.30533624358509664 0.09334802271203996
690 0.3047623822543493 0.09299674981179877
689.5 0.304940379124752 0.09310634862713059
689 0.30472231647146697 0.09297460211790527
688.5 0.3050501147436233 0.09317296140413626
688 0.3045960432637416 0.09289472174892316
687.5 0.30471308041560186 0.09296607264048547
687 0.30485107759619096 0.0930507075200151
686.5 0.304794311134428 0.09301591550572945
686 0.30470002909061566 0.09296257814086895
685.5 0.3046949992645372 0.09295802758272809
685 0.30470163019932767 0.0929604184524674
684.5 0.3044752678884496 0.09282257100142756
684 0.3046619002429148 0.09293689707681141
683.5 0.30460965839048926 0.09290535637818494
683 0.30436977737170107 0.0927599829907892
682.5 0.30446594104444263 0.09281900718063121
682 0.3045908508323092 0.09289468992599137
681.5 0.3045246669267694 0.0928547173756801
681 0.30438592995293684 0.09276707140260484
680.5 0.3043593624879817 0.09275164590497378
680 0.3046501833509887 0.09293029594401463
679.5 0.30434994356704004 0.09274522621835621
679 0.30452980734502516 0.09285843675969942
678.5 0.3040844974663518 0.09258590698952093
678 0.30425704858354885 0.09268673710317957
677.5 0.3042177813845439 0.0926653610116814
677 0.30421842743560146 0.09267040981146976
676.5 0.3042967189816852 0.09271460307666396
676 0.304144201172466 0.09262107544811381
675.5 0.30425487337786217 0.09268597030109159
675 0.30393163186630334 0.09249167917195172
674.5 0.30435931765505964 0.09275411069804135
674 0.30388710409086966 0.0924646367999594
673.5 0.30400763234721156 0.09253878188348816
673 0.30393327341634396 0.0924932453766156
672.5 0.3040010773145616 0.0925361923469724
672 0.303887172851666 0.09246434843798008
671.5 0.3040941308971588 0.09259173857528906
671 0.3038300082698594 0.09243000005657427
670.5 0.30411942425498756 0.09260587122214893
670 0.30414336248220386 0.09262252086163303
669.5 0.30383122378933536 0.092430915413249
669 0.30394161397553937 0.09250010249261338
668.5 0.30357050222065035 0.09227373278092181
668 0.3035816040573192 0.09228140352308992
667.5 0.30375470696851303 0.09238405905987332
667 0.3038021967540873 0.09241029918589422
666.5 0.3037088026488834 0.09235575166425937
666 0.3037517227928365 0.0923823938032543
665.5 0.30386794504096376 0.09245561959942111
665 0.30341111020789624 0.09217619581195731
664.5 0.30370875730129965 0.09235748703739464
664 0.3034843493095871 0.0922209481926599
663.5 0.30345253943362505 0.09220457984833806
663 0.30339152547598014 0.09216449912262042
662.5 0.303557134795615 0.09226625771091528
662 0.30355562532928615 0.09226568018149722
661.5 0.303551543041268 0.09226167487558373
661 0.303177834546568 0.092034471061801
660.5 0.3031320631606059 0.09200604422674105
660 0.3030155624576732 0.09193572799583008
659.5 0.3034786330224403 0.09221514858783818
659 0.30346923287248434 0.0922116564192104
658.5 0.3031633530870393 0.09202380905431223
658 0.30318798795781576 0.09203886662087574
657.5 0.3033324416937111 0.0921286509273286
657 0.30322107562061335 0.09206357213438798
656.5 0.30314656895625397 0.09201879635237808
656 0.30308547687798765 0.09198102186459998
655.5 0.3031375538846559 0.09200985699902409
655 0.3031114545435283 0.09199096247416708
654.5 0.30315305136168025 0.09201784061753136
654 0.303332271588883 0.09212459175524505
653.5 0.3029603534487559 0.09190382376107344
653 0.3029248572651564 0.09188086187689919
652.5 0.3029604615106293 0.09190151319350973
652 0.30304403730064666 0.09195520196400572
651.5 0.3025617261860207 0.09166207634079855
651 0.30326923170752473 0.09209054440526476
650.5 0.302957640124066 0.09189877088073557
650 0.30273177750287883 0.09176408552412112
649.5 0.30286629896751077 0.09184501390713212
649 0.3029839922139155 0.09191606946101095
648.5 0.3027321268388289 0.09176237480689765
648 0.30284697549532763 0.09183627184275461
647.5 0.30248910129119594 0.09161703634071197
647 0.3028098181303844 0.09180941900659718
646.5 0.3026830000450814 0.09173793204361888
646 0.30261525354109947 0.09169425141698342
645.5 0.30259245708258653 0.09168032808677969
645 0.30249826406004493 0.09162239050596818
644.5 0.30234208488616954 0.09152902369251745
644 0.3023724073500931 0.09154845071241602
643.5 0.30231663481200316 0.09151313710241867
643 0.3025267023319662 0.0916378163459688
642.5 0.3022402030480193 0.09146824337348025
642 0.3023628967047138 0.09154191433600135
641.5 0.3025303695734586 0.09164292196767539
641 0.3020986990460075 0.09138054509289556
640.5 0.30190742392363584 0.09126476151849865
640 0.30201401651356446 0.09133133043872449
639.5 0.30219212624078967 0.09143833226251656
639 0.30228461839021104 0.09149459162913542
638.5 0.30194844634811624 0.0912915362474768
638 0.3019831926571205 0.09130931905663824
637.5 0.3021533858550566 0.09141400772023946
637 0.30217757979073107 0.0914275345265242
636.5 0.3019576804333971 0.09129584607285707
636 0.3020932413492082 0.09137805647551606
635.5 0.3018802433905666 0.09125359441061787
635 0.3019885754660656 0.09131445797013017
634.5 0.30194549255319136 0.09128826145667213
634 0.3019466483252468 0.09128877526030117
633.5 0.3018633499110606 0.09123855419174143
633 0.30172973314374196 0.09115758979718576
632.5 0.3017318498985463 0.09116115205728148
632 0.301678676051487 0.09112854238289797
631.5 0.30157382252695397 0.09106362164273707
631 0.30157099651907293 0.09106383039277252
630.5 0.3018563687489663 0.09123543319198116
630 0.3015760446262341 0.09106356516653322
629.5 0.3014970222585596 0.0910182716196722
629 0.3014566327360784 0.0909938306966955
628.5 0.3014322400204301 0.09097486659809846
628 0.30133146708888264 0.09091878131137657
627.5 0.3012511821882145 0.09087156678494743
627 0.3013037624837459 0.09090428355298266
626.5 0.3012780227674999 0.09088844068463761
626 0.3012275833571329 0.09085452849490905
625.5 0.3015222488329915 0.09103548062631923
625 0.30136238702094115 0.09093489137684332
624.5 0.30166100084738157 0.0911172435027086
624 0.3012133477525368 0.09084942560500454
623.5 0.30107569978457493 0.09076636612442188
623 0.30148824116885636 0.09101300769098902
622.5 0.30121453465174103 0.09084658251912803
622 0.3010933455918937 0.09077254580811059
621.5 0.30141159806370177 0.09096600767901601
621 0.3012063096894013 0.09084371571872804
620.5 0.30099310229410015 0.09071620790350884
620 0.3007837488959232 0.09058687830639504
619.5 0.30094315929371634 0.0906842241070828
619 0.3009349235666101 0.09067845685455136
618.5 0.30078922507298994 0.0905911872208742
618 0.3009286647788829 0.09067843656057434
617.5 0.3009518892207434 0.09068918864812495
617 0.3006809933754899 0.0905284149690494
616.5 0.30095269346479175 0.09068874012077534
616 0.30089206260589124 0.09065312529253418
615.5 0.30078305740840744 0.09058857712538979
615 0.3007943683259883 0.0905935348582395
614.5 0.30076329260095336 0.09057703193756199
614 0.30061145459516525 0.09048531563458122
613.5 0.3008205047941446 0.09061055460968526
613 0.30064572140414286 0.09050612343098838
612.5 0.3004262462003183 0.0903783827491829
612 0.30063628471764586 0.0905015018152296
611.5 0.3004487545225524 0.09038732989660198
611 0.3004033552711324 0.09035909593758168
610.5 0.30017451837697784 0.09022007070378894
610 0.3003152416598791 0.09030906995619842
609.5 0.3002625271859548 0.09027805071667871
609 0.3004442507673006 0.09038384371089371
608.5 0.30019439793658886 0.09023547552384352
608 0.3003526864828617 0.09032947967631282
607.5 0.3001242114069826 0.09019034304637483
607 0.3000830152397726 0.09016961056784875
606.5 0.30061609075751017 0.0904855371659428
606 0.30036135864271035 0.09033757502708428
605.5 0.30021297820821446 0.09024333008952502
605 0.30022691706846844 0.09025437588059025
604.5 0.29981470394108567 0.09000692430768742
604 0.2997972198398482 0.08999646256424768
603.5 0.2997613365942145 0.08997380097415779
603 0.2999546345393002 0.09009180701503772
602.5 0.29981471740958177 0.09000742616216732
602 0.3000627521293471 0.09015813670427733
601.5 0.29981648324964655 0.09000695704833465
601 0.29990981818079837 0.09006399172422298
600.5 0.29995886356325646 0.09009396373631598
600 0.2997790310458679 0.08998586655068226
599.5 0.2998624458705008 0.09003611950077971
599 0.2994859643510557 0.08981034021881135
598.5 0.29967117876501265 0.08992167197883205
598 0.2996966291888141 0.0899331014980017
597.5 0.2997265463972946 0.08995359973485491
597 0.29961323528629424 0.08988634148407133
596.5 0.2994155334514501 0.08977005366379336
596 0.29954894394893344 0.08985051284517724
595.5 0.29950199098230373 0.08981827026611737
595 0.29938367983140013 0.08974815217305791
594.5 0.29937230950542365 0.08974235050402257
594 0.2994717834147011 0.08980296984856416
593.5 0.29924353331135356 0.08966488733534667
593 0.299580435991127 0.08986734367717965
592.5 0.29930233752888713 0.08970065185669318
592 0.29937965749085443 0.0897457314039317
591.5 0.29926803754853293 0.08968197680708383
591 0.29904512414730233 0.08954319311915293
590.5 0.299152183488021 0.08961021283248395
590 0.2990375025570433 0.08953914208472487
589.5 0.299093783140474 0.08957504979568033
589 0.2992410370791047 0.08966499821836846
588.5 0.2990314998541389 0.08953778181065829
588 0.2987363258545431 0.08936150969323568
587.5 0.2986630796476365 0.08931746666611404
587 0.29905506157706063 0.08955121409712806
586.5 0.2987718636113651 0.08938349121174256
586 0.2988491018389537 0.08942730696265096
585.5 0.29873626485894417 0.0893607975219725
585 0.2990073305063898 0.0895237024546029
584.5 0.29847983120175553 0.08920866478274572
584 0.29853473567194294 0.089241322190899
583.5 0.29878987971615173 0.08939373147675175
583 0.2982929700382821 0.08909586206658568
582.5 0.2984718871302028 0.08920398556697612
582 0.2987702413514364 0.08937988809180496
581.5 0.2984879112070701 0.08921266879499316
581 0.29863570567942666 0.0892999332854402
580.5 0.2983144507541577 0.08911083067404633
580 0.2985765890265512 0.08926621072398949
579.5 0.29825262598483215 0.08907570964765006
579 0.29799536579315417 0.08891917572945361
578.5 0.29845180639256247 0.08919146732074436
578 0.29846552987856845 0.0891985173299793
577.5 0.29799137503512274 0.088914630714053
577 0.2983526543629643 0.08913575036313674
576.5 0.29800060082270863 0.08892242532036874
576 0.2981622125794275 0.08901736391432226
575.5 0.29822967393045197 0.08905654669801877
575 0.29833973694501453 0.08912227076417822
574.5 0.29797461654017193 0.0889066886281513
574 0.29779079342059944 0.08879376776676338
573.5 0.2981031011261499 0.08898501522729851
573 0.2978730667678733 0.08884336377888384
572.5 0.29795398724768096 0.08889337333659533
572 0.2977124019637211 0.0887515903676642
571.5 0.2977322960482718 0.08876190573568399
571 0.29806380419656014 0.08896163136922738
570.5 0.29777686918561486 0.08878918240133353
570 0.29762370054141446 0.08869784600538698
569.5 0.29787962298960674 0.0888519270600597
569 0.29759830630259115 0.0886845049651047
568.5 0.29768119323933695 0.08873361717892436
568 0.29759841374361806 0.08868191981849705
567.5 0.29749109020489417 0.08861704771825202
567 0.2974584368411241 0.08860132344493828
566.5 0.29716568909184016 0.08842471345551085
566 0.29732758614327626 0.08852465921088802
565.5 0.297609869328123 0.08868909908406801
565 0.2974616588604249 0.08860022374602008
564.5 0.29709492898781964 0.08838129934428356
564 0.29727054934199587 0.08848705283620978
563.5 0.2972490132089152 0.08847635174961271
563 0.2971347927066025 0.08840496111583553
562.5 0.2973658398289098 0.08855089363151168
562 0.297116487379397 0.08839732925818515
561.5 0.2971159596693553 0.08839489322039057
561 0.29689440439119297 0.08826117331232047
560.5 0.2970517984858309 0.08835609495396084
560 0.2971241559515032 0.08839911504268466
559.5 0.29725505735114743 0.08847607990664086
559 0.2967656180673746 0.0881877175616506
558.5 0.2968350831067248 0.08822768531669896
558 0.2967633563081928 0.08818607372274957
557.5 0.29678971409323535 0.08820555959457799
557 0.29673981624603657 0.08817508915812826
556.5 0.2966449205924953 0.08811869461953521
556 0.29677411543682 0.0881912756639765
555.5 0.2967848200615887 0.08820329420630507
555 0.29641853921146977 0.08798352084053254
554.5 0.29648418262658255 0.08801916664110188
554 0.2963514493706674 0.08794168710167416
553.5 0.29662563669070446 0.08810216180077461
553 0.2961878690885963 0.08784286077430761
552.5 0.2963359246031889 0.08793377057844266
552 0.29640420899417813 0.08796981193676118
551.5 0.29619944987923164 0.0878508543451051
551 0.2960192719454512 0.08774184006476403
550.5 0.2962036878763072 0.0878556977634788
550 0.2962895154033891 0.08790408741061913
549.5 0.2962081194239677 0.08785802589492973
549 0.2961771989157424 0.08783919954768554
548.5 0.2960500118262356 0.08776272771716097
548 0.2962557170814069 0.08788696080628813
547.5 0.2960677107799869 0.08777347320382085
547 0.29599015960125774 0.08772506137860552
546.5 0.2959511930786715 0.08770463945244328
546 0.29601878657110503 0.08774332407411105
545.5 0.29574821368535503 0.08758497225174036
545 0.29583241729973636 0.08763439204849303
544.5 0.2955259896602026 0.08745486160012503
544 0.2961743854999109 0.08783679996158732
543.5 0.2959625606577781 0.08771179685151022
543 0.2955146556815428 0.08744716064825474
542.5 0.29560000725208974 0.08749816414207487
542 0.295521546555179 0.08745068639612764
541.5 0.29546836713565905 0.08741861290489263
541 0.2955508787528634 0.0874656172647121
540.5 0.2952192889394523 0.08727467967356477
540 0.29542295326476076 0.08738910692053391
539.5 0.29524396072057046 0.08728851814307544
539 0.2954333091273568 0.08739636694658873
538.5 0.2950872035925407 0.08719531655050565
538 0.2951919190730307 0.08725437906035323
537.5 0.29504820921241587 0.08717283192894654
537 0.2951386082920946 0.08722224330261223
536.5 0.29521256250779476 0.08726911516432923
536 0.29497933976087537 0.08713044932262506
535.5 0.29500193561074306 0.08714149111764301
535 0.2953063585127527 0.0873243386400172
534.5 0.2949938349791095 0.08713945459248663
534 0.2949468310745773 0.08711112671415537
533.5 0.29480909352806356 0.0870330281325608
533 0.29475281557529037 0.08699208765762018
532.5 0.29469020138176677 0.086957696720777
532 0.2947755317046789 0.0870090661952709
531.5 0.2944661188464664 0.0868339650378273
531 0.2947431923372474 0.08699129442958008
530.5 0.2944817338364751 0.0868338872168772
530 0.29464395847100255 0.08693566271897171
529.5 0.294416115741228 0.08679780880874208
529 0.29442852917363654 0.08680407830972774
528.5 0.2945661320653742 0.08688166654323609
528 0.29443282839577667 0.08680895348902128
527.5 0.294350449269743 0.08676045452839799
527 0.2943879613729247 0.08678140639463193
526.5 0.2942797767313546 0.0867179138171912
526 0.2944108370562935 0.08679368855717275
525.5 0.2941079140692649 0.08661634020473344
525 0.2943139277905792 0.08673567373875164
524.5 0.29417447573833067 0.08665652394381894
524 0.2942140283616168 0.08668399925249023
523.5 0.29407566950784125 0.08659784495798023
523 0.29411032375205964 0.08662041077203715
522.5 0.29406765735187207 0.08659282486586463
522 0.2937907845379624 0.08642805952171734
521.5 0.2939770190567517 0.08654025220205004
521 0.2939715961417134 0.08653500641974693
520.5 0.2937558235729601 0.08641139667407413
520 0.29377638083907187 0.08641880737140462
519.5 0.2938732366246877 0.0864796110953423
519 0.2937570137902362 0.08640999651137614
518.5 0.2935917892598594 0.08631602382145748
518 0.2936757685178295 0.0863629948220339
517.5 0.2934201934353548 0.08621297718844197
517 0.29343706089368565 0.08622367465584672
516.5 0.2934074589522555 0.0862074375906013
516 0.2934386798117935 0.08622245589727844
515.5 0.2933047036965671 0.08614634201880034
515 0.2932209585422757 0.08609570953917826
514.5 0.2931072107633393 0.08602577520840547
514 0.2930457808158937 0.08599186916847512
513.5 0.2931528490998228 0.0860566610692442
513 0.293113371898677 0.08603345417629289
512.5 0.29314558278144265 0.08604993914799508
512 0.29314800562560417 0.08605411776956748
511.5 0.29312370163116175 0.08604018049442123
511 0.29313439897053634 0.08604230762241512
510.5 0.2930780652762686 0.0860148118757204
510 0.2927793750452453 0.08583684816472735
509.5 0.2928408499965592 0.08587285665488917
509 0.2928376458396709 0.08587114110176479
508.5 0.29278604671501857 0.08583767806360763
508 0.29310339336731134 0.08602701013019802
507.5 0.2925672722828969 0.08571286061811095
507 0.2927110484252183 0.08579801457870449
506.5 0.29258989408463776 0.08572334544377586
506 0.2926243906816605 0.08574266522920612
505.5 0.29239559086451167 0.08561371363061855
505 0.2922196926406103 0.08550979410407698
504.5 0.2921985341061704 0.08549719000786868
504 0.2924086113639006 0.08561778179825331
503.5 0.29233520393913015 0.08557674776758459
503 0.29188807941122885 0.08531703261900232
502.5 0.29226294957101506 0.08553234552033527
502 0.2920126189618908 0.08539028437146995
501.5 0.2920711011795651 0.08542150821452904
501 0.29222202097851535 0.08551330317082283
500.5 0.2919161388456954 0.08533385701350617
500 0.2921387868313094 0.08546184869409659
499.5 0.29188977188321785 0.08531608390455449
499 0.29210455722628414 0.08544378365611119
498.5 0.2916419655498802 0.08517190756609729
498 0.29145513157425673 0.08506335860901346
497.5 0.291623128545713 0.08516058636190715
497 0.2915514917683152 0.08511894245285724
496.5 0.29148520584607424 0.08508138816562953
496 0.2914949326941067 0.08508470214692927
495.5 0.2914337561320288 0.08505334618627906
495 0.29136342802338194 0.08501199054241107
494.5 0.2914262111147424 0.08504486370575337
494 0.2913468674001232 0.08499923548711258
493.5 0.2913686632790785 0.08501283193139479
493 0.29110155621594713 0.08486091466306413
492.5 0.29119776042350914 0.08491337541728688
492 0.2914656542944656 0.08506736449168235
491.5 0.2913072379514553 0.0849786185689033
491 0.29120083760604437 0.08491727468691003
490.5 0.2911885344400206 0.08490509259141117
490 0.29109170260493494 0.08485436189503899
489.5 0.29101843764058244 0.08480778707949692
489 0.2908993457612038 0.0847390905748123
488.5 0.2907530380298818 0.08465413763836746
488 0.2907170622381803 0.08462923333572545
487.5 0.2906551462030322 0.0845998941748662
487 0.2905473028120987 0.08453713727189513
486.5 0.2904303592899933 0.08446523076386576
486 0.290461374111874 0.08448741929760295
485.5 0.2903448796977034 0.08441801596551261
485 0.29027519047090095 0.08437661455477104
484.5 0.2904819889779737 0.0844970609183661
484 0.29043906221899096 0.08447005402363825
483.5 0.29014647747765576 0.08430452714627407
483 0.29016293279500227 0.08431249589500725
482.5 0.2902787905828637 0.08437654083232454
482 0.29041391496214014 0.08445722134166
481.5 0.2901521480991735 0.08430429431837648
481 0.2900925462272099 0.08427137164812461
480.5 0.2899106981478882 0.08416569962955758
480 0.28992173712397123 0.08417310304921358
479.5 0.2898275736334179 0.08411784399789703
479 0.28999943705903664 0.08421593692728
478.5 0.2897525014277684 0.08407132852676184
478 0.2898023792023217 0.08410277692364647
477.5 0.28958620715719696 0.08397840912474068
477 0.28962404881320075 0.08399799420154191
476.5 0.28983134041507386 0.08411855248830662
476 0.28952946892288445 0.0839441981432732
475.5 0.2894719389525277 0.08391103633440417
475 0.28962295040921165 0.08399853885220201
474.5 0.28918936435717973 0.0837480525472447
474 0.2894027249108866 0.08387231750974905
473.5 0.2892327785494624 0.08377136811827436
473 0.2893705754372588 0.08385145337333841
472.5 0.28933098044806815 0.08383337104260924
472 0.2890605734881819 0.08367487060808682
471.5 0.28899809521358866 0.08363531667407832
471 0.2891417755457093 0.0837170302056013
470.5 0.28888997490655227 0.0835746400446141
470 0.2890700422468914 0.08368024031190457
469.5 0.28902614871218163 0.08365268397062961
469 0.288729166175967 0.08348142837628318
468.5 0.288616088314521 0.08341854134222887
468 0.2889787309159271 0.08362431807851135
467.5 0.2887690682628224 0.0835055963977911
467 0.288629195055502 0.08342448019098372
466.5 0.2885921321237574 0.0833985438674557
466 0.2883544724417025 0.08326545078205237
465.5 0.28818841988573557 0.08316618203228421
465 0.28825686974720993 0.08320766019710424
464.5 0.28827285196954416 0.08321663133581703
464 0.288309029256012 0.08323810937186993
463.5 0.28812449251403427 0.08313051903475145
463 0.2882203760988159 0.08318653146923964
462.5 0.28814028692899213 0.08313788416515054
462 0.28784905319541215 0.08297130657158479
461.5 0.2881045933726472 0.08312394226028913
461 0.2879030539728504 0.08300323846917886
460.5 0.287727479138575 0.08290381893748974
460 0.28805308656454887 0.08309332067034202
459.5 0.2878944429526226 0.08300177629273064
459 0.2878118574713571 0.08295284184905566
458.5 0.2879644573457233 0.083039693497058
458 0.28754438153079287 0.08279864386771602
457.5 0.28755905705221074 0.08280707542926277
457 0.28746201558159595 0.08274917342483387
456.5 0.2876643876825744 0.08286906993523273
456 0.287250453569452 0.082630537238315
455.5 0.28738518211538067 0.0827084831404817
455 0.2874007767187062 0.08271467036061908
454.5 0.2872240396937215 0.0826115312844102
454 0.2873600693129324 0.08269145990621285
453.5 0.28710527899228605 0.08254441357677487
453 0.2869922958506514 0.08247855298940245
452.5 0.28713818812567427 0.08256555126388551
452 0.2868455147382348 0.08239798373353255
451.5 0.2872103568525559 0.08260465600955398
451 0.2868979985350873 0.08242805090695483
450.5 0.2869335558528644 0.0824446867051608
450 0.28716752822130204 0.08258451482922635
449.5 0.2866614213928771 0.0822898977004402
449 0.28667023885635534 0.08229538263746881
448.5 0.28658907177560533 0.08224847289394738
448 0.2865204691520608 0.08221138198408769
447.5 0.2865026499700431 0.08219937834827253
447 0.28633757620888256 0.08210282530403185
446.5 0.2864378111639728 0.08216324017847375
446 0.28586589518920785 0.0818374117307586
445.5 0.2860559624690639 0.08194290535319054
445 0.2862326184748712 0.08204536195314098
444.5 0.2862916154305977 0.0820792180489801
444 0.2859689356016944 0.08189360053750977
443.5 0.2863191691323814 0.08209888407745822
443 0.2858166693251885 0.08180791785528083
442.5 0.28587147421916226 0.08183883670065233
442 0.28600809846669734 0.08191826591731068
441.5 0.28564939055826855 0.08171062162583817
441 0.28563628102411504 0.08170379328647745
440.5 0.2855945075465408 0.08168368848728176
440 0.2855905592952027 0.08167427783099024
439.5 0.2852043216309365 0.08145960951741991
439 0.2854897471090013 0.08162275799958636
438.5 0.28519577403710006 0.08145234841239536
438 0.2852922695376789 0.08150857738756043
437.5 0.28517977845377435 0.08144171847327702
437 0.2853603696678108 0.0815444787249787
436.5 0.28526026383339903 0.08148831198693804
436 0.2851725230230327 0.08143571513402284
435.5 0.2849694774685753 0.0813250638200974
435 0.2849022238537252 0.08128459162180779
434.5 0.28493159248111366 0.08130293352565941
434 0.2849362535068294 0.08130569107868264
433.5 0.2846741185567021 0.08115657703319193
433 0.28473862445501963 0.08119314694916709
432.5 0.28487004629934237 0.08126560409427906
432 0.2846544620162425 0.08114621388326203
431.5 0.28434209352393486 0.08096892267940892
431 0.28467691708998855 0.0811569834186244
430.5 0.2846940423444337 0.08116627767017366
430 0.28432312595320225 0.0809555450718439
429.5 0.28438453464194363 0.0809901622152034
429 0.28422681928655535 0.0809035386846212
428.5 0.28413645200508747 0.0808519913332137
428 0.2840576500473808 0.08080888243696925
427.5 0.2839896518190637 0.0807668073375517
427 0.2840215996371698 0.08078518489781746
426.5 0.28406379854502295 0.08081056709658227
426 0.28402405727050867 0.08078542162324587
425.5 0.2839953401282782 0.0807691937458066
425 0.2837795283160777 0.08064803705626009
424.5 0.2834875796467346 0.08048133644570625
424 0.28386317727190336 0.080692387034985
423.5 0.2834197550995773 0.08044097386599064
423 0.28327312649558456 0.08036171679965766
422.5 0.2831885704713254 0.08031095068967278
422 0.2834725218811054 0.08047389941585105
421.5 0.2834582406584626 0.08046282714659177
421 0.2833446106485868 0.08040125675096282
420.5 0.2831724726322343 0.08030044805513467
420 0.2830244666284688 0.08021957929077768
419.5 0.2831126002633178 0.08026457240970887
419 0.2829048844979036 0.08015270778830783
418.5 0.28304552933076615 0.08023358615958176
418 0.2828718065214388 0.08013462765853342
417.5 0.2827811947033263 0.08008026939798621
417 0.28260682753844873 0.07998212617557367
416.5 0.28253712257038516 0.07994398627709552
416 0.28256504447669856 0.07995841857233103
415.5 0.2825333591378757 0.07994301189060386
415 0.2824648931107898 0.07990266369027844
414.5 0.2821642323327169 0.07973289271517643
414 0.28238622074095243 0.07985720362845278
413.5 0.28220060857654994 0.07975274903072373
413 0.2819099187854512 0.07958732590191406
412.5 0.2819502437380512 0.07960886829449289
412 0.28182424798461336 0.07954258513915312
411.5 0.28179342043342404 0.07952567639527525
411 0.2818612555379132 0.07955922679744121
410.5 0.2819705063369286 0.07962395160757116
410 0.2816422215475092 0.07943699413147083
409.5 0.28151210504822965 0.07936448693351597
409 0.28163785927358587 0.07943647721584501
408.5 0.2817066713426718 0.07947454033892784
408 0.28128722505407155 0.0792359077744483
407.5 0.2812915175928007 0.07924101668254172
407 0.2813143480884417 0.07925338369343847
406.5 0.2813345986029339 0.07926549913683234
406 0.281276529944268 0.07923228665183936
405.5 0.28122744336683647 0.07920433876757399
405 0.28097173388304264 0.07905894990651476
404.5 0.2809999737149628 0.07907756298892497
404 0.2807732792607118 0.07894885714950332
403.5 0.2809422689103451 0.0790439027535873
403 0.2809328883048265 0.07904155631246719
402.5 0.28061758979038864 0.07886125402082077
402 0.2807259623199487 0.07891951440212991
401.5 0.2803546194099089 0.07871209239905305
401 0.2806409931418519 0.07887331850970172
400.5 0.28033217301526503 0.07870133457533779
400 0.2802881592708501 0.07867481607545687
399.5 0.28036684016759417 0.07871990711000951
399 0.28049390553341835 0.07879377187251828
398.5 0.28020136795535183 0.07862625480998024
398 0.28009936114708794 0.0785689765488151
397.5 0.27979116507713775 0.07839482538139594
397 0.2798070123380202 0.0784083657213223
396.5 0.2798178719318656 0.07841259354174568
396 0.2795202076971525 0.0782444705939696
395.5 0.279696189884762 0.07834637886196483
395 0.27956991522283003 0.07827458294611092
394.5 0.27964065453979364 0.07831518131141631
394 0.27964163783908835 0.07831324065338191
393.5 0.27926379190262646 0.07810248127957208
393 0.2794741685319846 0.07822114737327159
392.5 0.27920935831709004 0.07807543377143633
392 0.2791016932983622 0.078013992316578
391.5 0.27893161307586695 0.07791607678422834
391 0.2790748354189344 0.07799877729577055
390.5 0.27915621577355165 0.07804064158522488
390 0.27900808945019884 0.07796122898996312
389.5 0.2788543076756061 0.07787595234517364
389 0.2787410458033516 0.07781198360581143
388.5 0.2785995894107598 0.07773439007650164
388 0.2784425105120843 0.07764503014455211
387.5 0.2783681034015646 0.07760531811769705
387 0.2785258770296802 0.07769170203190486
386.5 0.2784970601240319 0.07767443123464898
386 0.2783191303234961 0.07757700790007964
385.5 0.2783749925854647 0.07760684090765631
385 0.2781900656617771 0.07750219232972727
384.5 0.27798452240926036 0.07739162499269991
384 0.2776161621564085 0.07718898427660717
383.5 0.2779066879692106 0.07734785938877921
383 0.277527387700876 0.07713426438229119
382.5 0.2777477444964129 0.07726052351743955
382 0.2775361555272664 0.07714433117770116
381.5 0.27731499675956167 0.07701661968913465
381 0.2774927067725834 0.07711636298148462
380.5 0.27748581515031645 0.07711326303410483
380 0.2772273549414928 0.07696950789442002
379.5 0.2774245674141459 0.07707540621408157
379 0.277135714837405 0.07691800055359838
378.5 0.2771175173525625 0.07690813789191593
378 0.2768719906687722 0.07677370837949463
377.5 0.2769209986247286 0.0768018479553722
377 0.2765997996882081 0.07662235460275706
376.5 0.27646925044545667 0.07654973277504648
376 0.27668560996527286 0.07666864834665228
375.5 0.27636494786782034 0.07649207503372105
375 0.27660224032249814 0.07662539877687549
374.5 0.27626196823970744 0.07643362196486439
374 0.27637233794288885 0.07649828700832267
373.5 0.27621864634818344 0.07641163640220973
373 0.2761798876962702 0.07639027558958264
372.5 0.2759689502400885 0.07627187465584091
372 0.2760636659067859 0.07632578047924299
371.5 0.27578965505703995 0.07617490267908575
371 0.27574538174553437 0.07614974940282813
370.5 0.2757565314444166 0.0761571800583212
370 0.2755574438874656 0.07604628031649575
369.5 0.27562488991920703 0.07608479097440254
369 0.2754166428205028 0.07597067708040037
368.5 0.27558746941407386 0.07606595056539475
368 0.2754179360650904 0.0759698518690277
367.5 0.2752680987579281 0.07588670487967021
367 0.2750410739208248 0.07576134586441316
366.5 0.27499296656783456 0.07573581267275167
366 0.2751950227298164 0.07584468458153087
365.5 0.2748515336318892 0.07565667881705511
365 0.2748808382600182 0.07567610905097849
364.5 0.27450152410366035 0.0754673545104629
364 0.27465854403124296 0.07555453522109092
363.5 0.27473223858303314 0.07559411176868736
363 0.27443251009962377 0.07542678678885135
362.5 0.2743463095514581 0.07537696085469629
362 0.274396929546431 0.07540817824911655
361.5 0.2742191377533775 0.07530649406809685
361 0.27403851280105274 0.07521316371915862
360.5 0.2741148377700895 0.07525506324707847
360 0.27407784365863624 0.07523357028591246
359.5 0.27368505931467835 0.07501579754116747
359 0.2737399963653153 0.07504905731125008
358.5 0.2736374534794422 0.07499116654748204
358 0.2738458357288181 0.0751073979916181
357.5 0.2736540866959526 0.07499959652338375
357 0.2734372454143459 0.07488446428348347
356.5 0.27330733164458926 0.07481137108046235
356 0.27320190608072603 0.0747523668696493
355.5 0.2731929402156078 0.07475043692264055
355 0.2732077257715001 0.0747542319765987
354.5 0.2729337966628234 0.07460798284341637
354 0.2727464731062155 0.07450361617401853
353.5 0.2727975033826725 0.07453028287734763
353 0.2726918337301932 0.07447406450877848
352.5 0.2724500193875189 0.0743446832118372
352 0.2724768734189342 0.07435665493239367
351.5 0.2725356465434832 0.07438806361378981
351 0.27232949666865025 0.07427691935174598
350.5 0.27198866063368143 0.07409239557620118
350 0.2723052480734017 0.07426478380591624
349.5 0.27190909032824295 0.07404837873056921
349 0.2717935571033554 0.07398583353920773
348.5 0.2717488699260606 0.07395888651679704
348 0.2719268204996926 0.0740565953484183
347.5 0.2716802343919308 0.07392389871286693
347 0.27165526110303057 0.07390992183601913
346.5 0.2713970194103988 0.07376373661052751
346 0.2714796719922804 0.07381474394104087
345.5 0.27109324903574494 0.07360443415513195
345 0.27107997393296634 0.07360045745101022
344.5 0.27101020218463534 0.07356135229790388
344 0.2709823089757616 0.07354398898593047
343.5 0.27102655791930674 0.07356920977107952
343 0.2707439757952056 0.07341546872498297
342.5 0.27101292993371795 0.07356237845733578
342 0.2707227075136493 0.07340084550396025
341.5 0.2707505992740446 0.07342013248048859
341 0.2703783073122149 0.07321814409682016
340.5 0.2703615875000552 0.07320790288068363
340 0.2702934391244379 0.07317356636936975
339.5 0.27001117667648605 0.07301892902003924
339 0.26992049865797885 0.0729727127916661
338.5 0.2698356964137991 0.07292101059214248
338 0.26951894762059514 0.07275454423677884
337.5 0.26983255241017484 0.0729201960930851
337 0.2698289866406347 0.07291951503770792
336.5 0.2695010368846269 0.07274467321923131
336 0.26936204633948607 0.07267000189800561
335.5 0.2696824805391112 0.0728421899292347
335 0.2692497330365701 0.07260876447077765
334.5 0.26919968204407047 0.07258178043909624
334 0.2691960604991414 0.07258205128995189
333.5 0.26857308166819643 0.07224582883885194
333 0.26870579626625024 0.07231434361102439
332.5 0.26879468512805493 0.07236571517700043
332 0.2686887029706119 0.07230428053099958
331.5 0.2688079118114191 0.07237162711276597
331 0.2683591472920516 0.072130938498842
330.5 0.2684752739662757 0.07218883895482923
330 0.26823928313002854 0.0720651532895826
329.5 0.2682410426195553 0.07206801727586797
329 0.26785415242989746 0.07185937346884243
328.5 0.2679136069949626 0.07188646751535573
328 0.2680032711428185 0.07193686829484203
327.5 0.26757177635148516 0.07170482084324722
327 0.2677721020829477 0.07181675284561535
326.5 0.26776456538591503 0.0718117032188368
326 0.26735454225657485 0.07158855941981355
325.5 0.2673685537247239 0.07159491563451147
325 0.2671270580349471 0.07146901969466979
324.5 0.26707525491284195 0.07144431514842997
324 0.2668833816701609 0.07134014962427303
323.5 0.2670380754686076 0.07142064039062665
323 0.2668202745935526 0.07130666151466339
322.5 0.26671119028491624 0.07124679311501063
322 0.2665628668731301 0.07116778423122135
321.5 0.2662835991974517 0.07101697995851947
321 0.2664744025144544 0.07112117380500853
320.5 0.2660122203862318 0.0708744969507748
320 0.26604706648879517 0.0708966508584378
319.5 0.2660781707094987 0.07091086744296024
319 0.26615018329190787 0.0709476924645563
318.5 0.26551565036775165 0.07060904521755985
318 0.26574470758964847 0.07072842548829808
317.5 0.265537925815728 0.07062424307339422
317 0.2655075501820289 0.07060700011179974
316.5 0.2654074769620316 0.07055617418926603
316 0.2652932763084327 0.07048886320002473
315.5 0.2649522885224533 0.07030973425637844
315 0.2647623752509636 0.07021380002167328
314.5 0.2649677263319397 0.07032008967918744
314 0.26497798934751354 0.07032339462982169
313.5 0.26475194489465464 0.07020613308491849
313 0.26463492425127816 0.07014117817513886
312.5 0.2642459543439356 0.06993933552618065
312 0.26440117778808864 0.07002057903547264
311.5 0.2642324343107603 0.06993178213258879
311 0.26382467621114253 0.06971522295601594
310.5 0.26384099455784166 0.06972488900973405
310 0.2640498330357954 0.06983610887364677
309.5 0.26376536153598457 0.06968337111534888
309 0.2635889675492232 0.06959286645528312
308.5 0.26346158510884243 0.06951890633871045
308 0.263347992896005 0.06946228718382669
307.5 0.26336710914496886 0.06947279674365157
307 0.2631944876989379 0.06937933432155118
306.5 0.26280780023250183 0.06917440038059716
306 0.26299154071318975 0.06927331368318315
305.5 0.26307208843626567 0.06931926335249694
305 0.26275159294619505 0.06914976390187176
304.5 0.2624929635303551 0.06901357342123157
304 0.2622352772271831 0.06887756565607389
303.5 0.262481807673854 0.06900983222286383
303 0.26205656137237715 0.06878310048963965
302.5 0.26199091432496413 0.06875233733620345
302 0.2616958153614356 0.06859347370085124
301.5 0.26181473986663373 0.06865520027387166
301 0.26185045944164603 0.06867723556483661
300.5 0.2615276703529391 0.06850803782137639
300 0.2615459241452768 0.06851629614288021
299.5 0.2611661352352333 0.06831722994567802
299 0.2612414489178911 0.0683542528353794
298.5 0.26092773267751695 0.06819271511559527
298 0.26071779732700484 0.06808638801959448
297.5 0.2609531364542303 0.068205262821529
297 0.2609164068812792 0.06818697988055476
296.5 0.2604657826181151 0.06795086557757153
296 0.26048292472992507 0.06796028972927598
295.5 0.2605927733663367 0.06801975772889782
295 0.26003554773649235 0.06772694363530346
294.5 0.2598972131159767 0.06765537668812632
294 0.26000730541678296 0.06771072300388144
293.5 0.25982332144001585 0.06761965476032399
293 0.2597675741058907 0.06759098655903636
292.5 0.2596008438983611 0.0675035087369883
292 0.2594622619662079 0.0674297845407968
291.5 0.2595581940717674 0.06748136805811333
291 0.25958758891298356 0.06749585631438126
290.5 0.2593458507311548 0.06736772902836781
290 0.2592052818514149 0.0672964284055887
289.5 0.2588421382235706 0.06710957454381371
289 0.25879593994320904 0.06708511422451227
288.5 0.25865232276083255 0.06701137871520578
288 0.2586442398274533 0.0670027890308259
287.5 0.25823723673930626 0.06679226494438174
287 0.2583370757378761 0.06684685290291165
286.5 0.25811637206935134 0.06673678939490317
286 0.258167380214544 0.0667599307926419
285.5 0.2576983647508335 0.06651635160391883
285 0.25744357244247035 0.06638483070175055
284.5 0.25779027391865017 0.06656820737181475
284 0.2572158804284061 0.06626580795361582
283.5 0.2571125864892212 0.06621711950756919
283 0.2569766870890962 0.06614628785814596
282.5 0.2569401189315235 0.06612913766092761
282 0.2569714117363614 0.06614410452466463
281.5 0.25653422015103144 0.06591760054859792
281 0.2567711951657914 0.06603798473749356
280.5 0.2563222426847881 0.06581022404689056
280 0.25609645724490004 0.06569382445644607
279.5 0.2558931179898814 0.06559066040315906
279 0.25597870774289255 0.06563358053491067
278.5 0.25592748587987363 0.06560803427122644
278 0.25545200824320863 0.06536375934659742
277.5 0.2557261634948602 0.0655035122960796
277 0.25515224975903933 0.06521090291734806
276.5 0.255074539373491 0.06517310574244975
276 0.25513667705163107 0.06520387568215465
275.5 0.25514434821395254 0.06520543322759371
275 0.25478755497193273 0.06502769494259572
274.5 0.25454921010509113 0.06490449170292019
274 0.25465690315831735 0.06495849206657109
273.5 0.25448550432066414 0.06487449347226343
273 0.2544638069034754 0.0648623480218037
272.5 0.2536062592925236 0.06442576414471858
272 0.254155615986748 0.06470291915882971
271.5 0.2541004852209457 0.06467313409368332
271 0.2534871971518272 0.06436509565230465
270.5 0.25319076603742663 0.0642119992988607
270 0.2532480136512177 0.06424330172101646
269.5 0.25313801591823 0.06418723364036387
269 0.25279815131033084 0.06401907335971029
268.5 0.2528970593674151 0.06406485886428852
268 0.25279223754861807 0.06401015239653494
267.5 0.25301185545288696 0.06412129145247672
267 0.2525523658522808 0.06388869443302811
266.5 0.2523713900575274 0.06379755490132259
266 0.25217599715025374 0.06370293358482183
265.5 0.251756479941707 0.06348643102677846
265 0.2522302846991943 0.06372800490400221
264.5 0.251735762439174 0.06347842711285216
264 0.25164749885172116 0.06343631199062845
263.5 0.2516964857428537 0.0634597320742821
263 0.25122538289128504 0.06322158754074415
262.5 0.2510728741171528 0.06314526042334574
262 0.25095932641832697 0.06308798436500139
261.5 0.2506678938380673 0.06293828474759616
261 0.25071265260022096 0.06296220767043731
260.5 0.25059117745746334 0.0629024531327033
260 0.2504949499055194 0.06285563484260842
259.5 0.25046700386952764 0.06283792235308064
259 0.25018190758901826 0.06269808796088677
258.5 0.24989168168717238 0.06255171593399628
258 0.24981938462334385 0.06251763346189533
257.5 0.24943739034045517 0.06232444945910493
257 0.24910990175292408 0.06216252511424576
256.5 0.24917565153968485 0.062193497842774705
256 0.249204320744412 0.062212040766160645
255.5 0.24883042327048513 0.062023245306990916
255 0.24895775955165098 0.06208576341163038
254.5 0.248668982566991 0.06193851953620719
254 0.24815485513784236 0.06168509372632034
253.5 0.2484143414774158 0.06181610743206621
253 0.2478765529896741 0.06154816675513849
252.5 0.24774830111457294 0.06148070854827557
252 0.24777068045152734 0.061495696335554115
251.5 0.24768807684334063 0.06145226535129613
251 0.24729503797578967 0.0612579105129491
250.5 0.24746722846658506 0.06134629315190288
250 0.24707791485306388 0.06115581209497466
249.5 0.24688837078416564 0.061057738893746875
249 0.2467870178862629 0.0610079262152084
248.5 0.24687544899216937 0.061051655710282454
248 0.2461565008001575 0.06069922538887631
247.5 0.24625598101440435 0.06074646790060832
247 0.24609582172461864 0.060667655274216026
246.5 0.2458959841308706 0.06056820338185641
246 0.2455282935157668 0.06038834225389075
245.5 0.2452916781446313 0.06027195994286174
245 0.24546348003566393 0.06035555594248271
244.5 0.24530901168611288 0.060281119840352386
244 0.24506404190779613 0.060159810177804814
243.5 0.2448229929970516 0.060042158151050205
243 0.24488619497117592 0.060072299277992354
242.5 0.24446023683725523 0.059864681299776415
242 0.2441790529531749 0.059724270989907645
241.5 0.24399763803612318 0.05963722650721593
241 0.24388394829030632 0.05958902027216409
240.5 0.24369697311275518 0.05949055052624174
240 0.2438513233739778 0.05956788475957869
239.5 0.24318254688735355 0.05924118329294582
239 0.2432501359511061 0.059273807021275264
238.5 0.24293534981870163 0.05912069661285151
238 0.2425793720402452 0.05894881802457964
237.5 0.24248428373120992 0.05890169315553596
237 0.24236513038581609 0.05884795245280121
236.5 0.24219875029971671 0.05876347658865431
236 0.24193985529480158 0.05863802869311818
235.5 0.24197653199741187 0.05865607440699746
235 0.24183267996951158 0.05858394520415458
234.5 0.24140604281207642 0.05838323995583178
234 0.2414060528984758 0.05837905053734171
233.5 0.24068330517104755 0.05802824041498766
233 0.24078154545177738 0.05807983507091951
232.5 0.24058894243310758 0.057986304054666093
232 0.24075662043000448 0.058068484814731466
231.5 0.24064751273322255 0.058013684368149875
231 0.24030517829730913 0.057849087392968165
230.5 0.2397981143459322 0.05760598912099792
230 0.23962567816007435 0.05752278288757208
229.5 0.23965712043209425 0.05753960527982835
229 0.2397286239038845 0.05756968174519277
228.5 0.23908556821416097 0.0572648608603226
228 0.2395436773926237 0.057485685158715216
227.5 0.23869808332116782 0.05707593928169735
227 0.23868479400895104 0.057072139326648626
226.5 0.2384616296880471 0.05696602443103715
226 0.23823369004640166 0.0568555549643102
225.5 0.23811714034918455 0.05680262294577768
225 0.2379559890961851 0.056722981854525976
224.5 0.23753760559160372 0.0565238482503178
224 0.23753606676585903 0.05652515303136433
223.5 0.23726905608703094 0.05639849602619462
223 0.23697184826613366 0.056256557386851445
222.5 0.23716426252109238 0.056346094005078264
222 0.23660453080514718 0.05608305708719672
221.5 0.236506418982222 0.05603464936931562
221 0.23622004881137706 0.05590111423189794
220.5 0.23575895194264218 0.05568359252037584
220 0.23574877006596995 0.05567597361955387
219.5 0.23568765851908616 0.05565088370401808
219 0.23544673821940348 0.055533934310795195
218.5 0.2348767470344731 0.055267832553233504
218 0.23503804036614498 0.05534275545373414
217.5 0.23463761866093166 0.05515556464273903
217 0.234230894335632 0.05496532651022564
216.5 0.23399780633537837 0.054854080101346916
216 0.23432056226491685 0.0550046707449895
215.5 0.2340360861036367 0.05487158035537321
215 0.23377103471254165 0.05475289930034833
214.5 0.23340674911577444 0.054578538915739036
214 0.23307993234593238 0.054427138560663973
213.5 0.23304807378976047 0.054407427215656064
213 0.2326757882077879 0.054236407045716827
212.5 0.23263677090231544 0.05422187289992534
212 0.23243232035832537 0.05412458655940088
211.5 0.23199922053360292 0.053922042968090604
211 0.2317864343124041 0.053822907851888126
210.5 0.2317691299890347 0.053818345438825965
210 0.2315519045053837 0.05371696814949167
209.5 0.23113839226325258 0.05352529070027466
209 0.23084331894281904 0.05338394865549624
208.5 0.23108932396077964 0.053497523857276415
208 0.2304071528061607 0.05318643796011233
207.5 0.23033636278435868 0.05315203049309995
207 0.23016915818286035 0.05307447234016228
206.5 0.22975152950812378 0.052885451891750715
206 0.22954054049388609 0.05278638458442438
205.5 0.2294679270891909 0.052755014647589395
205 0.22938901296720535 0.05271643316005924
204.5 0.2290871833363136 0.052577125663121
204 0.228720440964389 0.05240912781111471
203.5 0.22863531780307367 0.052371751042313265
203 0.2283169705319086 0.052228852013665
202.5 0.22812581519328437 0.05213776474153868
202 0.22781758857000595 0.051998335168061856
201.5 0.22771841283052133 0.05195182686916556
201 0.22710766937030685 0.051675894302422254
200.5 0.22687685946326208 0.051569133331069335
200 0.2270393171413804 0.05164059126045218
199.5 0.22666760224143087 0.05147349588507875
199 0.2265530483130579 0.0514207960717144
198.5 0.22630244120061496 0.05131013720767795
198 0.22552093445156185 0.050953341762450026
197.5 0.2254953756874782 0.050943510461133684
197 0.22535690212354012 0.050883112743546524
196.5 0.22505501936041175 0.05074264848793238
196 0.22466779335124454 0.050571708048740956
195.5 0.22461087701837573 0.050545944130042327
195 0.22453074258518588 0.050508854611098865
194.5 0.22392317705757508 0.050236875519217204
194 0.223875858524714 0.05021557131167229
193.5 0.22351380389759862 0.050056866306570226
193 0.22345032427339065 0.05002397531614418
192.5 0.22369962729812987 0.0501380427002427
192 0.2228054739182167 0.04973755434501301
191.5 0.22287478211731346 0.04976914459119304
191 0.22227970757582413 0.049501528238278095
190.5 0.22216696536554323 0.04945336973232546
190 0.22163154666746995 0.049214773977087956
189.5 0.22177500584299278 0.04928010275226877
189 0.2211899776051322 0.04901911362327834
188.5 0.22122533720320955 0.049034190171095934
188 0.22053313826294407 0.04872950928336258
187.5 0.22046309538316275 0.048699159431895685
187 0.2200531760345118 0.04851688588416062
186.5 0.220226988917198 0.048593834333323024
186 0.21957069734102755 0.04830322466927547
185.5 0.21960120463999883 0.048319371300452316
185 0.21938717614558237 0.04822588949384795
184.5 0.21877063420815607 0.04795030111666346
184 0.21866808645841365 0.04790751399227147
183.5 0.21838479604895522 0.04778679942412638
183 0.2185092678627476 0.04784011027207811
182.5 0.2180339555715746 0.04762734582918636
182 0.2175279915108688 0.04741104231347286
181.5 0.21702794558698682 0.04719206753973833
181 0.21706641062927112 0.04720997979898238
180.5 0.21692607826730134 0.04714565804022779
180 0.21639877706113533 0.04691851461486084
179.5 0.21591404152980276 0.04671006956881507
179 0.21583500741291417 0.04667486053603916
178.5 0.21544363675498296 0.04650803976435472
178 0.21550567624807024 0.046532392744340303
177.5 0.21499990664257798 0.04631699385492011
177 0.21483383258360436 0.0462446325032831
176.5 0.21443489524625145 0.04607205036619219
176 0.21431304612776628 0.04601868396262462
175.5 0.21399157138326477 0.04588280585104495
175 0.21362080431840053 0.045724391469356994
174.5 0.21353063187953442 0.045683433944602087
174 0.21269973813287604 0.04533043965861225
173.5 0.21282582013621212 0.04538521778095416
173 0.21254931468167115 0.04526537816544663
172.5 0.2123344919783822 0.04517343288763163
172 0.2116903265060041 0.04490061187781542
171.5 0.21136964706850836 0.044764348973525596
171 0.21134412878524292 0.04475318638249445
170.5 0.21083520279615467 0.0445407801354616
170 0.21052975748957015 0.04441152131865821
169.5 0.21021165953577656 0.04427611814995459
169 0.20999958003275238 0.04419103434052834
168.5 0.20991323105602688 0.044149810545098964
168 0.2093848976887934 0.04393146908296519
167.5 0.20900172844572765 0.04376844634218498
167 0.20872904138889473 0.043657388793123184
166.5 0.20839706420148374 0.04351881472113626
166 0.2079018916204692 0.04331118763534955
165.5 0.2078396019545285 0.04328683611003817
165 0.2074202908002953 0.04311062065794946
164.5 0.20703203853089056 0.04294985414223499
164 0.20689706862345225 0.04289432032720799
163.5 0.2064318927054779 0.042700375556736274
163 0.20597702163581025 0.04250979585814464
162.5 0.2060464536388637 0.04253828659605195
162 0.20554828244868795 0.04233711364426342
161.5 0.20503562170621797 0.04212570357027964
161 0.2050339066282359 0.042123003125713564
160.5 0.20438398182150175 0.04185738636861184
160 0.20419404504619304 0.041779487430955956
159.5 0.20398660541858898 0.04169590393544349
159 0.20337482757822578 0.041444957567612635
158.5 0.20344752223553658 0.041475313209863675
158 0.2030008517980405 0.04129605849746004
157.5 0.20258514782459652 0.041123768983647994
157 0.2021004991271861 0.04092856840107284
156.5 0.20164088574352085 0.040745444511102104
156 0.20147831152712592 0.04067424320324794
155.5 0.20120972691808003 0.04056754811737268
155 0.20073657931695074 0.04037889387033413
154.5 0.20053078753860734 0.04029784278075571
154 0.2001366819439778 0.04013723511425009
153.5 0.19989779312674932 0.04004205183453264
153 0.19943736619992483 0.03985732780115
152.5 0.1990750821749237 0.03970874433234015
152 0.19879974186525448 0.039604125487001166
151.5 0.19854895931336433 0.039503195738272746
151 0.19827588146570582 0.039394837221487164
150.5 0.19751094062918376 0.03908925471789556
150 0.19716967730113208 0.038956127063682656
149.5 0.1970637587500811 0.03891715872026908
149 0.19672108194070761 0.03878024182791418
148.5 0.19603436004577154 0.03850825433246419
148 0.1960894025214977 0.038532923952113225
147.5 0.19558195344709695 0.03832999693278074
147 0.195162771244535 0.03816706028573447
146.5 0.19469224257097695 0.03798169367536454
146 0.1945563104103768 0.037929085669959076
145.5 0.19406070138594067 0.03773763907578208
145 0.19377762858718173 0.03762958009799268
144.5 0.1934904368690796 0.03751486734072467
144 0.1929586887182751 0.03731047893081349
143.5 0.19271247716244916 0.03721660264176026
143 0.1922031804796164 0.037021470157414124
142.5 0.1916208471927383 0.03679767609839199
142 0.19150107172044878 0.03674732099128313
141.5 0.19092333871738776 0.03652913646498439
141 0.1909885965057612 0.036555579686078664
140.5 0.19052871835278984 0.03637739272097231
140 0.1900548542447937 0.036196638365300876
139.5 0.18971078797319607 0.036066752417158746
139 0.18901963581261094 0.03580284167006063
138.5 0.18892976527782748 0.03576995401348126
138 0.18848944245044205 0.03560500376441824
137.5 0.18794771157564202 0.03539795533664351
137 0.187565022696062 0.03525696894993018
136.5 0.18722648864437746 0.03512943216214953
136 0.186743836523322 0.03494714632522287
135.5 0.18625427030215883 0.03476341740467362
135 0.18572169311527711 0.0345662980697125
134.5 0.18554645607539105 0.03450233518900008
134 0.18534987610229886 0.03442831154222325
133.5 0.18459843111639637 0.03415037170967389
133 0.18448217181800391 0.034106393401333236
132.5 0.18392107469252533 0.033899947164447435
132 0.18346934048048938 0.033735493474193946
131.5 0.1830377585575075 0.03357479671115085
131 0.18288534709868035 0.0335193647847452
130.5 0.18201726034817456 0.03320252773692624
130 0.18197114610726145 0.033187010363104626
129.5 0.18158130599950909 0.03304328252540301
129 0.18090806623143807 0.03280013147225852
128.5 0.18066219983164758 0.03270898728504508
128 0.18012254389204754 0.032514969251233386
127.5 0.17965017105958675 0.03234416144210058
127 0.17929638206594453 0.03221692608879334
126.5 0.1787418622396217 0.03201795905955695
126 0.17869052010890404 0.031999449367367934
125.5 0.17812728782018336 0.031799832731482236
125 0.17764037962950055 0.03162399853870138
124.5 0.17699597826575447 0.03139292422541482
124 0.17668696801023295 0.031286274960211344
123.5 0.17640119834878562 0.03118428906941042
123 0.1759323971971904 0.031018686145108013
122.5 0.17528616902336805 0.030791664434480635
122 0.17488151977898958 0.0306512565199973
121.5 0.17452125900608303 0.030523763243141842
121 0.1740646976411937 0.0303644622443103
120.5 0.17352704489359935 0.030176292557625377
120 0.17291309206137362 0.029965686818549137
119.5 0.1726357439001715 0.0298695429425464
119 0.17201821835208847 0.02965493411702919
118.5 0.17162219913734103 0.029519304300811122
118 0.17135731480641517 0.029427663970031753
117.5 0.17091459391632002 0.029272433857298805
117 0.1704288668400922 0.02911042753828497
116.5 0.17010539763531599 0.028999409333496113
116 0.16926646477873195 0.028715792455581972
115.5 0.16886909402662498 0.02857725870390753
115 0.16840166066128137 0.02842103772748392
114.5 0.16805708663061017 0.028305936973550928
114 0.16739833598693463 0.02808461936416289
113.5 0.1672960457760098 0.028052129520994337
113 0.16674481751186018 0.027865657358673517
112.5 0.16597761217297094 0.02761052561094143
112 0.16543295898837349 0.027429550316251005
111.5 0.1652321755208955 0.027360654155271176
111 0.16438192912302332 0.027080172730065483
110.5 0.16426337255725762 0.027042290943893224
110 0.1634401058208718 0.026773103126877123
109.5 0.16331246253954607 0.026731086342621616
109 0.1627141096255656 0.02653683879416155
108.5 0.1620721238632616 0.02632655612446608
108 0.1616520008278439 0.026192377173661827
107.5 0.16100100592667904 0.02598080471187187
107 0.1607979026335191 0.025912496998688188
106.5 0.15990982018725822 0.02563115814174394
106 0.15935882489046801 0.025453853543742275
105.5 0.15882117767322662 0.025282490806753495
105 0.15793622380290084 0.025000013295161754
104.5 0.15798969869032345 0.02501658729346075
104 0.1574968814618995 0.024861726794247144
103.5 0.15710586421854394 0.024739650718315926
103 0.15630945009617855 0.024488639659398667
102.5 0.15605155166551113 0.024407902984004092
102 0.15548639051069948 0.024230649166220385
101.5 0.15483646041274265 0.02402913684893334
101 0.15431015830701547 0.023865027574994955
100.5 0.15380341024460936 0.02370988951954943
100 0.1535863766383071 0.023641912199101035
99.5 0.15273191924431712 0.023380623824578325
99 0.15208777858985822 0.02318489276537798
98.5 0.15168511285436737 0.023061562138119086
98 0.15110709008727333 0.022883973463681602
97.5 0.15047370973442328 0.022692883326574962
97 0.14990113059892665 0.022522967667568988
96.5 0.14927831997993427 0.022336529238682335
96 0.14909375084275278 0.02228138820075568
95.5 0.14809495476562223 0.021982484622398893
95 0.1477431328012366 0.021881177793035663
94.5 0.14698755959434665 0.021655302494520016
94 0.14658388549041373 0.021540406987264685
93.5 0.1462881889853692 0.021449131971644594
93 0.14565289686572538 0.021264373381544015
92.5 0.14487021303468853 0.02103782733328846
92 0.1444573614459908 0.02091678224714887
91.5 0.14358993957335264 0.020666201449332438
91 0.14316705110030872 0.020542253897011944
90.5 0.14263850578458442 0.020395083646710832
90 0.14184969086333332 0.020169557279308213
89.5 0.14165044750062575 0.020110771943606224
89 0.1411073213205101 0.019957075616034783
88.5 0.1403246516372307 0.01973501324047974
88 0.13994586610758047 0.01962948065620655
87.5 0.13941635708452682 0.01948100395512613
87 0.138667595168694 0.019272549144971056
86.5 0.1378546067200192 0.019048031931035162
86 0.13744403207899478 0.01893609052704936
85.5 0.13673583827012703 0.018741095960546017
85 0.13621437630792407 0.018597771433283804
84.5 0.13545842447231893 0.018392112377214297
84 0.13497113304948025 0.018260439653026785
83.5 0.13442138042185012 0.018110595487334617
83 0.1340181980556942 0.018002911683067533
82.5 0.13305654918181897 0.017745584731861757
82 0.13275274013458416 0.01766439330923728
81.5 0.13195187628590407 0.017452483402202925
81 0.13159694073779127 0.017357930791854832
80.5 0.13044405570885276 0.017056531337483433
80 0.1300263100995616 0.0169474325903745
79.5 0.12941928278654416 0.016789116768420365
79 0.1289237842094947 0.01665976647368321
78.5 0.12828169024145586 0.016495219691414608
78 0.12752298158389974 0.01630042398477976
77.5 0.12696515136767425 0.016157036759657663
77 0.1261465172119306 0.015950521924648936
76.5 0.12553245945824662 0.015795476870508453
76 0.1251808255751975 0.01570715727412082
75.5 0.12441485938610947 0.015515968155077772
75 0.12366903017332571 0.015329053746423947
74.5 0.12320399454170522 0.01521296429269647
74 0.1222607865438432 0.014982929599491211
73.5 0.12173358571155189 0.014854193360654465
73 0.12087772881343725 0.014645341434685157
72.5 0.12041169058286358 0.014535222330090154
72 0.1195182471102182 0.014317430429996723
71.5 0.11895035492927018 0.014182299729379693
71 0.11853952767336734 0.014086552904701814
70.5 0.11764689197196015 0.013873949315008018
70 0.11698147607123587 0.013717400254035277
69.5 0.11676683829140132 0.01366722387720552
69 0.11572399446549035 0.01342564790554197
68.5 0.1150414769039343 0.013265251499891457
68 0.11445028606840274 0.013129956321550522
67.5 0.11375006416832252 0.01296787220239542
67 0.11307510438107073 0.012816020577090857
66.5 0.11222738906341372 0.01262514099413165
66 0.11160748881532422 0.012486959910223732
65.5 0.11088292394576878 0.012325942721819153
65 0.11003763402156472 0.01213800888080345
64.5 0.10971154304292884 0.012065624405922234
64 0.10889245310384374 0.011886071902058032
63.5 0.10812636135848928 0.011719304608926914
63 0.1077626300395209 0.011641154036684292
62.5 0.10701675850857198 0.011479846046516971
62 0.10607051321089067 0.011277810222111499
61.5 0.10556299638374345 0.011169287187736857
61 0.10441110691352093 0.010927989701324177
60.5 0.10398910348462694 0.010839949885764122
60 0.1032061095613954 0.010676476169780017
59.5 0.1029751234498372 0.010629979245559867
59 0.1018035276758569 0.010389991920508585
58.5 0.10108100374429195 0.010240514740892576
58 0.10041425556297134 0.010107180696202294
57.5 0.09955136334512822 0.009934659492202728
57 0.09872630811326549 0.009769545508098592
56.5 0.09808023247077641 0.009643750011975524
56 0.09754745357108646 0.009538982457104104
55.5 0.09649503189172515 0.009333630038650327
55 0.09615284000557682 0.009267741985417797
54.5 0.09524371132141925 0.009094054979052725
54 0.09479819581363266 0.009008719863010106
53.5 0.09374502160728376 0.008810196596793371
53 0.09299108805606678 0.008668428301332244
52.5 0.09222257261357211 0.008525253487982557
52 0.09169473034693829 0.00842829005387345
51.5 0.09048522896798776 0.008206921627879357
51 0.08999894174286327 0.008119569501310129
50.5 0.08920017687025522 0.007976462388992763
50 0.08835952045363692 0.00782707095595953
49.5 0.08761073742053245 0.0076943549004690566
49 0.08697661502241702 0.007584314552262172
48.5 0.08606697593597339 0.0074263754819459595
48 0.08533851921696158 0.007300504678134058
47.5 0.08481993292349499 0.007212800315849547
47 0.08398582847453491 0.007071389970904959
46.5 0.08300052664043184 0.006905733225171096
46 0.08228847889563069 0.00678721996351548
45.5 0.08117860885037811 0.006606836432105695
45 0.08055428656088207 0.006504880475397798
44.5 0.07978595884546329 0.006381702115048021
44 0.07918900959922293 0.006284825619176901
43.5 0.07860293002462468 0.006193358664287136
43 0.0775812696844965 0.006033837612099973
42.5 0.07685847450339853 0.00592129167620189
42 0.07586729735655802 0.00576847335330839
41.5 0.07518600536024125 0.005666049142362816
41 0.07428186957450209 0.005530436844380808
40.5 0.07356715116410395 0.005425823063823786
40 0.072586763968712 0.00528151929319578
39.5 0.0718607416991263 0.005176436794198783
39 0.071133985056931 0.005072876613303263
38.5 0.07048917854399027 0.004981213139805278
38 0.0695149674885197 0.004844067856264718
37.5 0.06860139796523289 0.004717923964509394
37 0.06772660858473943 0.004598407023220986
36.5 0.06700118682462707 0.004501455683657859
36 0.0662826971442985 0.004403674882613889
35.5 0.06540785413860654 0.004288767540162753
35 0.06466919679570296 0.004192377794671303
34.5 0.06389575632776971 0.004092298783747374
34 0.06305054369400999 0.003985102882394431
33.5 0.062151338028454774 0.0038713107873037346
33 0.06117002037805057 0.0037508965713659312
32.5 0.06039942653777833 0.0036577133244223006
32 0.059430641485098454 0.0035409637577785667
31.5 0.058620140937109266 0.0034439978122553414
31 0.057745129536408625 0.003342473411105996
30.5 0.05711118609153667 0.0032695707215326325
30 0.05605669762568645 0.0031500810300292737
29.5 0.055185587476033776 0.003052913264085854
29 0.05434458103819062 0.002959963716076943
28.5 0.05333682388947797 0.0028514423268575563
28 0.052778264280720084 0.0027927773136156085
27.5 0.05187004078871204 0.002696421256962541
27 0.05087033782382202 0.0025941085643614477
26.5 0.05022700371595871 0.0025287011731303126
26 0.049596091095498125 0.002465409387901001
25.5 0.04855399731743882 0.0023633583785129114
25 0.047378141451857154 0.0022501879429113816
24.5 0.046645403796103053 0.002180817703296295
24 0.045948532127356036 0.002116133344684179
23.5 0.045168227238902854 0.0020453620876529086
23 0.04402456173033112 0.0019424213560814258
22.5 0.04311384466248516 0.0018634716728010792
22 0.04224847114421397 0.0017889360755758367
21.5 0.04124424774216889 0.0017051258939025501
21 0.04052901504117381 0.0016462615751168905
20.5 0.03964676757502899 0.0015757557212832999
20 0.03870163208799195 0.0015013356390139799
19.5 0.03774930401212515 0.0014284110007914228
19 0.03678479193829789 0.0013564123322779744
18.5 0.035917414554083454 0.001292873074795089
18 0.03502643279708892 0.0012299072436178504
17.5 0.03428737851785089 0.001178692088049105
17 0.03336239873374166 0.001115839604873743
16.5 0.03241526324914365 0.0010531379522283886
16 0.03141485669952648 0.000989117011938264
15.5 0.03046087541032232 0.0009299631669083565
15 0.02972683773116343 0.000885847950020105
14.5 0.028660575129703898 0.0008234890206356024
14 0.027728684072673617 0.0007705092113516821
13.5 0.026863485676118008 0.0007234479834354288
13 0.02580528242969602 0.0006674429787140368
12.5 0.024948593574476645 0.0006239438079871836
12 0.024097151296005415 0.00058196834056215
11.5 0.023215708206900467 0.0005401389988443384
11 0.02208666726870222 0.000488921213831316
10.5 0.02128272853794957 0.00045396653499326224
10 0.02028500197693081 0.00041248708508880927
9.5 0.019299380690835553 0.00037335339073290533
9 0.018388583674554017 0.00033891163865729524
8.5 0.017511505006552446 0.00030731859013565643
8 0.016481239533687374 0.00027227174035961626
7.5 0.015570863737852284 0.00024303706286393903
7 0.014685689248066272 0.00021613741544011323
6.5 0.013659906742524408 0.00018701282472668808
6 0.01272768109544395 0.00016227063501157225
5.5 0.011821501266739214 0.00014005523758313414
5 0.010959415452750455 0.0001203223965850245
4.5 0.010080762540101415 0.00010178470166581661
4 0.009182312003383354 0.00008444165378861748
3.5 0.008373527485111141 0.00007020323259067539
3 0.007611035404099795 0.00005798784126153778
2.5 0.0068984069292088905 0.00004762939584634217
2 0.006290693491384676 0.00003959316405304474
1.5 0.005742099371199863 0.000032984929816684234
1 0.005313255188459701 0.00002823432795048582
0.5 0.005047783252055216 0.000025480742011146093
