1000 1.1019231611363005 1.2143502498609642
999.5 1.1019368727578152 1.2143788893951963
999 1.1018282622530753 1.2141405986866323
998.5 1.1020988256070052 1.214737783765505
998 1.1018355662552013 1.2141567103065618
997.5 1.1021710153559328 1.2148993546058784
997 1.1019993725158457 1.214518338973409
996.5 1.1019781404912732 1.2144699623311286
996 1.1019531348499843 1.2144160115606875
995.5 1.1020827888058884 1.214700640421106
995 1.1018375711729151 1.2141599213496372
994.5 1.1017551443399927 1.213978526248754
994 1.1020099138416206 1.2145422988779715
993.5 1.1020188675849953 1.2145614833187128
993 1.1021509056447722 1.214850970827625
992.5 1.1019125140947084 1.2143277426042642
992 1.1018210338565841 1.2141218034075039
991.5 1.1019190761465743 1.2143372576989409
991 1.1018574522475681 1.2142046211568318
990.5 1.1016989080675046 1.2138580777614876
990 1.10186438536492 1.2142198396944346
989.5 1.101768615089036 1.2140101985480805
989 1.1018938953699857 1.2142841476995838
988.5 1.1019738250241617 1.2144616201247744
988 1.1018035863206892 1.2140849334047716
987.5 1.1018528123489064 1.2141932869705243
987 1.1016685805176771 1.2137894890568233
986.5 1.1016156042727774 1.2136713951176126
986 1.101857276873659 1.2142002933157858
985.5 1.1014974100111206 1.213411732236909
985 1.101635938259476 1.2137178487878186
984.5 1.1015815423903743 1.213597558115046
984 1.1016283331265069 1.2137005444842295
983.5 1.101555156840532 1.2135400516311237
983 1.10180795479569 1.2140949844300888
982.5 1.101664301080579 1.213778123510683
982 1.1017159435832347 1.213894208878502
981.5 1.1017982964588449 1.2140710357429625
981 1.1014051521807888 1.2132096299025923
980.5 1.1017366746258823 1.2139369359223657
980 1.1015107748581783 1.213440638129677
979.5 1.1014778391123556 1.2133690393323806
979 1.101512621599244 1.213442725997217
978.5 1.1015382238554883 1.213503532908399
978 1.1015726929957812 1.2135773081173835
977.5 1.101395021828049 1.2131859930743578
977 1.1014677096621626 1.2133446368877991
976.5 1.1015500509597376 1.2135258476958157
976 1.1014088325825253 1.2132173200304923
975.5 1.101581047044859 1.2135940006862045
975 1.1015837880191417 1.213600785696927
974.5 1.1014263531399513 1.2132543489018086
974 1.1013560596154048 1.2131022977289005
973.5 1.1013772327086122 1.2131483757643229
973 1.1013014334462978 1.2129799916199788
972.5 1.101223084544678 1.2128070978351828
972 1.101271169809362 1.2129126564370944
971.5 1.1014407547406373 1.2132889888851945
971 1.1015337820114517 1.2134908002589258
970.5 1.1014684996121507 1.213347928759534
970 1.1013337900835107 1.213051433149093
969.5 1.1012314562348546 1.2128255184269885
969 1.1012214902104207 1.212805880113984
968.5 1.1011471639765273 1.2126401906206064
968 1.101269332198609 1.2129097438169032
967.5 1.1013733215534078 1.2131370542353315
967 1.1012405372363532 1.2128442633532726
966.5 1.10163644475464 1.2137197167568317
966 1.1011178712964391 1.2125779379732033
965.5 1.1013601665173807 1.2131116089074285
965 1.1013851251053544 1.2131638410086842
964.5 1.1009203608491211 1.21213779347649
964 1.1011990320373188 1.2127546271340073
963.5 1.1010713623974988 1.2124752937267582
963 1.1012105135097658 1.2127789697482525
962.5 1.1010667197032311 1.2124610658699069
962 1.1011274416357129 1.2125943139937019
961.5 1.1010752913953448 1.2124820158210703
961 1.1010763501850998 1.2124810407596505
960.5 1.1011811283970583 1.2127160843184623
960 1.1011641909147323 1.2126806902228215
959.5 1.1010683112065334 1.21246931789418
959 1.1010384374935265 1.2123999028557793
958.5 1.1008235620062325 1.2119259920548957
958 1.1011606537896035 1.2126689325675468
957.5 1.10100829305076 1.2123336037807888
957 1.1009369421230615 1.2121772855421187
956.5 1.1010698447798366 1.2124690214719844
956 1.1010245677289328 1.2123685623425922
955.5 1.1011562508203137 1.2126602395641093
955 1.1009307683383165 1.2121635226331187
954.5 1.1009692016160888 1.212248270359468
954 1.1008796196787984 1.2120501410844797
953.5 1.1010020089311219 1.2123216630724691
953 1.100816040624714 1.211912820804102
952.5 1.1008582771631057 1.2120034716407484
952 1.10085710766144 1.2120029451856322
951.5 1.1007110068167296 1.211680763141314
951 1.1007814827046687 1.211834848716416
950.5 1.100623735855703 1.2114882325742884
950 1.1007927925167453 1.2118615334728915
949.5 1.1007744825925831 1.2118196647790935
949 1.1008418476567796 1.2119676264800818
948.5 1.1008570600877259 1.2119990171847694
948 1.1006980676489835 1.2116497898286644
947.5 1.1007165197435527 1.211690154613145
947 1.1007242117325604 1.2117060328510596
946.5 1.1006982731410169 1.2116522059649377
946 1.100630301415575 1.2115007827119444
945.5 1.1006833145368804 1.2116167726966784
945 1.1006349258467638 1.2115136699926436
944.5 1.1007133874669828 1.2116860937273468
944 1.1006243907873943 1.211489354241985
943.5 1.1006948880336742 1.211642634451673
943 1.100576463910362 1.2113843276710217
942.5 1.100736244310721 1.2117317163855856
942 1.1007827951723839 1.2118376045938415
941.5 1.1007402897000442 1.2117479399593596
941 1.1007410808056772 1.211745306511448
940.5 1.1005731759126187 1.2113777874571094
940 1.1006177008445917 1.2114755539069417
939.5 1.1006659414148863 1.2115820136543638
939 1.100500217264503 1.2112175359794561
938.5 1.1003088123186655 1.2107945366951327
938 1.1005324206372273 1.2112834979539229
937.5 1.100475442746483 1.2111595054797724
937 1.100492397016196 1.2111974117410245
936.5 1.1004526191604524 1.2111097188276012
936 1.100601314465583 1.2114368822096178
935.5 1.1006175676092746 1.211472425776189
935 1.100520802043876 1.2112629963531432
934.5 1.100347035537832 1.2108796951574718
934 1.1005078576997926 1.2112330986499062
933.5 1.1006217174786592 1.2114855527248434
933 1.1003665510151206 1.21092274236947
932.5 1.1003379061429193 1.2108589474856408
932 1.1003708359397795 1.210928212919265
931.5 1.1004954008774641 1.2112053046173332
931 1.1004897542839942 1.2111910442699914
930.5 1.1003184781653352 1.2108163822408904
930 1.100381214035448 1.210952037035834
929.5 1.1003109555000306 1.2108004896720759
929 1.1002309167579938 1.2106239528893308
928.5 1.100328387304281 1.2108365890275459
928 1.1002441052721272 1.2106538603361934
927.5 1.1001614732218115 1.210470222862729
927 1.1002768122667923 1.2107229888748148
926.5 1.100321241075957 1.210823802680511
926 1.1001653240002889 1.2104836391053992
925.5 1.1000754637555032 1.2102814318381985
925 1.0999659394532395 1.2100401894585502
924.5 1.1001835052231261 1.2105183115660996
924 1.100226040942147 1.2106117669142482
923.5 1.100071950047542 1.2102709019250006
923 1.1000477312471209 1.2102185424247422
922.5 1.0999323087518622 1.209968811841426
922 1.1001947534345586 1.2105447338180886
921.5 1.0997869524814698 1.2096484876917744
921 1.099827519467749 1.2097372622569604
920.5 1.0999080219710913 1.2099121820061622
920 1.1000658006747268 1.210259943663909
919.5 1.0999688726979666 1.2100464322287154
919 1.1000821850313667 1.2102971839844026
918.5 1.1000028628520124 1.2101196853791591
918 1.0999019145655582 1.2098997925950545
917.5 1.0999726297303858 1.2100552116115308
917 1.1000216738208854 1.2101630523932536
916.5 1.0999597489003903 1.2100246277065174
916 1.1003184050280777 1.2108161753788973
915.5 1.0999642174666318 1.210036381026659
915 1.0997833808365818 1.2096394566216155
914.5 1.0999436529263862 1.2099913882308435
914 1.099780798375276 1.20963335654856
913.5 1.0999721676693097 1.2100540818784953
913 1.0996651207445265 1.209375840446854
912.5 1.099919887697299 1.2099375189646515
912 1.099788984147358 1.2096528665326136
911.5 1.0998087459455517 1.2096949305509175
911 1.0998437583409528 1.2097745972903442
910.5 1.0995622664745441 1.2091536326562173
910 1.099840702022668 1.2097687439820346
909.5 1.099790066688766 1.2096516118120495
909 1.0996378935008864 1.2093203593585573
908.5 1.099794578142022 1.209664125568862
908 1.099615333007891 1.2092686852020804
907.5 1.0998379929647062 1.2097609646028071
907 1.099717206399661 1.209494061310556
906.5 1.0997713114913683 1.2096121893732796
906 1.09964675933642 1.2093409575621135
905.5 1.0997188808866958 1.2094983505145374
905 1.0996244549212162 1.2092891012514857
904.5 1.0994615194916433 1.2089318889792091
904 1.0998127137666953 1.2097039855479468
903.5 1.0994410929195073 1.208885107811907
903 1.0995916167006554 1.2092180106329282
902.5 1.0995021754867593 1.2090211684976224
902 1.0994849175030283 1.2089835904358524
901.5 1.0995674364749832 1.2091628920113575
901 1.0993374450666307 1.20865917132141
900.5 1.0991847579416245 1.2083204965817076
900 1.0994185727725265 1.2088353576765438
899.5 1.0992227813385327 1.2084060735395985
899 1.0993388383776181 1.2086578268050356
898.5 1.0996621068246553 1.2093721936439223
898 1.0995119731224945 1.209043602747201
897.5 1.0994914916135647 1.2089985553262033
897 1.099479223117131 1.208970717511924
896.5 1.0994479883849348 1.2089004069951592
896 1.0991894442863293 1.2083318996690364
895.5 1.0992093101379778 1.2083734573948133
895 1.0991791717092467 1.2083079783656272
894.5 1.0992181166746366 1.2083964881149853
894 1.0992942009230957 1.2085641851479663
893.5 1.0994155516181903 1.2088317424843773
893 1.0993932719614976 1.2087807000418054
892.5 1.099397372225624 1.2087887401728217
892 1.0992111350272582 1.2083818988782666
891.5 1.0992783101411199 1.2085253352684404
891 1.099246225596109 1.208461864569447
890.5 1.099084828768423 1.208102917847727
890 1.0991205569664397 1.2081792673969618
889.5 1.0992681783858789 1.2085066007303695
889 1.0991383230948029 1.2082198355638918
888.5 1.0991553617150378 1.2082571285118668
888 1.0990310403239238 1.2079845902394184
887.5 1.0991586030623353 1.208269840367457
887 1.099093447095168 1.2081187490534526
886.5 1.0992035007470775 1.2083618744481002
886 1.0989409865520492 1.207789972691321
885.5 1.0990502778526192 1.2080286764437065
885 1.0988293260500086 1.207539238764787
884.5 1.098997879922901 1.207913550858405
884 1.0989670729200358 1.2078448789667424
883.5 1.0990693397957418 1.2080702899965527
883 1.0989908907864168 1.2078952833447054
882.5 1.098974237213636 1.2078615747714216
882 1.098903788072862 1.2077030666723554
881.5 1.0991442720159144 1.208233011189375
881 1.0987284537517374 1.207320248545805
880.5 1.0989997101126607 1.2079176957454676
880 1.0987819442064017 1.2074372151826962
879.5 1.0986621739173934 1.207174057408946
879 1.0987775347340052 1.2074281864846965
878.5 1.0986762153690195 1.2072085333995368
878 1.0988588342110766 1.2076063258320662
877.5 1.0987845165350911 1.207444167843889
877 1.0989041018570265 1.2077076091626633
876.5 1.0988629394416387 1.2076166227684788
876 1.0988095324516918 1.207498698627551
875.5 1.0987126587470692 1.2072853291306453
875 1.0987347403276162 1.2073339616849212
874.5 1.098732591507684 1.2073300669302587
874 1.0987573496472245 1.2073850965084854
873.5 1.0988076209205218 1.207494647018667
873 1.0986438540296184 1.2071364932740423
872.5 1.0986005102107135 1.207038515297036
872 1.0985366818408457 1.2068971244040212
871.5 1.0986230853025691 1.2070896496571635
871 1.098592773317522 1.2070226616786779
870.5 1.0988944023635445 1.2076843489829254
870 1.0987183038961235 1.2072967685759246
869.5 1.09870685557619 1.207272063407434
869 1.0986263957044666 1.2070938868733851
868.5 1.0984342326607373 1.2066718343978533
868 1.0984639879818576 1.2067386269024851
867.5 1.098305503440113 1.2063911507729832
867 1.0985470406771118 1.2069195635054504
866.5 1.0984537777061567 1.2067166115238255
866 1.0985411746535454 1.2069061995843084
865.5 1.0985901541162144 1.2070191581686927
865 1.0986670009275248 1.2071868284597402
864.5 1.098695756555525 1.2072484277352862
864 1.098164943163189 1.206085768050446
863.5 1.0982941647508526 1.2063642606481335
863 1.0981948528701384 1.2061473858133818
862.5 1.0986205307769914 1.2070852773652225
862 1.098068360114467 1.2058708382789392
861.5 1.098480500050761 1.2067785191003513
861 1.098182515451286 1.206118617592768
860.5 1.0982700376214312 1.2063131740551563
860 1.0984201869967 1.2066448725295156
859.5 1.0981571287483272 1.206066062709433
859 1.09816665895958 1.2060853080849945
858.5 1.0981865978037233 1.2061280159771088
858 1.098020492420647 1.2057655519694188
857.5 1.0979353679312078 1.2055772928027495
857 1.0982571893461004 1.2062849134795033
856.5 1.0983314620852227 1.2064455730786765
856 1.098273717506609 1.2063220580771763
855.5 1.098308410366996 1.2063977933406123
855 1.09823240079012 1.2062286057883704
854.5 1.0983099413976496 1.2063998261122504
854 1.0980427562635666 1.2058121070981391
853.5 1.0982075338876145 1.2061775938557007
853 1.0980158469573618 1.205755735658599
852.5 1.098348206503945 1.2064826625887057
852 1.097907178510119 1.2055130946387653
851.5 1.097997902386583 1.205715344331495
851 1.0978450814032201 1.2053803946309438
850.5 1.0978527412989614 1.2053982148349445
850 1.0978110748024794 1.205306690267073
849.5 1.097848833952978 1.2053858283058094
849 1.0975204210876595 1.20466919546587
848.5 1.097913857500279 1.205530306110736
848 1.0977640778420712 1.205203007604605
847.5 1.0978054465425546 1.205293621845143
847 1.0976882947111342 1.2050397324129332
846.5 1.098069209694293 1.20587303242465
846 1.0978133378380344 1.2053096971062842
845.5 1.097643524643137 1.2049357871048914
845 1.0976894078383248 1.2050372826169307
844.5 1.0977034454335484 1.205070296055879
844 1.0979491493736722 1.205607713769825
843.5 1.09771230130554 1.2050841013835334
843 1.0975805534512775 1.2047997328013587
842.5 1.0976023635099152 1.2048460445123257
842 1.09749034568974 1.204601889791095
841.5 1.0973363620636016 1.2042605064010874
841 1.0978059234075557 1.2052951928674174
840.5 1.0979445199286366 1.2055996561802278
840 1.097628606129681 1.204906939060124
839.5 1.097996800684109 1.2057146112364907
839 1.097632466355706 1.2049121698213334
838.5 1.0974232797579884 1.2044557726021716
838 1.0974559112136053 1.2045285764471587
837.5 1.0975088523209438 1.2046417175395163
837 1.0976174147490836 1.204882305331253
836.5 1.0976400944816471 1.2049303200603718
836 1.0976521795362235 1.204959171338659
835.5 1.0974043371065005 1.2044153291883126
835 1.0974971622947942 1.2046174678696562
834.5 1.0975574600879698 1.2047490702558172
834 1.0973372194175213 1.204263864056556
833.5 1.0973906311096568 1.2043816845663635
833 1.0976487631025909 1.2049472492600515
832.5 1.097416108123093 1.2044410988098155
832 1.0973523051977105 1.2043015288249097
831.5 1.0971902137616587 1.2039412089647485
831 1.0975610743263067 1.2047567038232452
830.5 1.097222262761294 1.2040151010982596
830 1.097228342272204 1.2040276317342087
829.5 1.0972144456976778 1.2039973622205933
829 1.0972048341756622 1.2039772344879753
828.5 1.097262736110257 1.2041033342962417
828 1.09711354665886 1.2037774179588066
827.5 1.0971958556450527 1.2039532052384352
827 1.0972295766599836 1.2040287226740776
826.5 1.0973336301288892 1.2042572086897487
826 1.0972339451542745 1.2040356703648836
825.5 1.0972676779774626 1.204111476525364
825 1.0969397897880304 1.203393567213465
824.5 1.0973405703328862 1.2042712294395184
824 1.0968895557794782 1.2032854801934332
823.5 1.0970118894467176 1.2035524585642765
823 1.0968682071615126 1.2032379935161304
822.5 1.096833870064626 1.203159913425104
822 1.097070477359499 1.2036772845371078
821.5 1.0971160793349781 1.2037774391072384
821 1.0968986193779113 1.203302955060672
820.5 1.0970466573453244 1.2036263078687388
820 1.096921087311703 1.2033509392062685
819.5 1.0971467816481713 1.203846557738005
819 1.0969387672332798 1.2033918480502674
818.5 1.0969102615971562 1.203331911669573
818 1.0968372876324464 1.2031675723245001
817.5 1.096986574226519 1.203494297678451
817 1.0967831995182125 1.2030491029595338
816.5 1.0968926771852399 1.203288319496838
816 1.0968999385897622 1.2033054413476998
815.5 1.0968972896385158 1.203302995499017
815 1.0966220663498965 1.2026959284776753
814.5 1.096507904144683 1.2024448965400778
814 1.0968160995593779 1.2031217745855942
813.5 1.0966880360281421 1.2028400120067748
813 1.0967793462964768 1.2030440575185146
812.5 1.096540311923847 1.2025171916322523
812 1.0964452072395225 1.2023111070861625
811.5 1.0967535238624573 1.2029854860623168
811 1.0966807922794812 1.2028211687719432
810.5 1.0966553075509935 1.2027691299391834
810 1.0964590852618499 1.202337610775747
809.5 1.0967526257720823 1.202981955101398
809 1.0965455808043219 1.2025318995786975
808.5 1.0966238351752342 1.2027006478264475
808 1.0965605888661802 1.2025613765065637
807.5 1.0964168984894804 1.202246051771573
807 1.096446689924535 1.2023135054755443
806.5 1.0962023518848845 1.2017736586165733
806 1.0964184958082848 1.20225171007951
805.5 1.0963636220710962 1.2021320196915442
805 1.0963869515750797 1.2021796346341964
804.5 1.0964812150340646 1.2023848937866848
804 1.0963401113834632 1.2020784333844479
803.5 1.096282708395944 1.201952803124862
803 1.0963857320534558 1.2021779511080626
802.5 1.0962316529492637 1.201839367965153
802 1.0961971467564542 1.2017648340896279
801.5 1.0961551405869352 1.2016750361525885
801 1.0962765454290238 1.2019355815969763
800.5 1.0963198121890778 1.2020312647511777
800 1.0963947603643496 1.2021977811729638
799.5 1.0960055677716125 1.2013455004245066
799 1.0963735746718521 1.2021528722099462
798.5 1.0963008506072536 1.2019932833601759
798 1.096315034812416 1.2020200198448605
797.5 1.096133760030442 1.201623579834315
797 1.0960772910588035 1.2015031952711828
796.5 1.0961378366079135 1.2016361913741427
796 1.0961841208367291 1.201737222652459
795.5 1.0961460802150504 1.2016505634949473
795 1.0959078875189272 1.2011324223908657
794.5 1.0958084082292057 1.200912870828661
794 1.0960587184963428 1.20146003957972
793.5 1.0962426571360326 1.201866179372336
793 1.0958222947225185 1.2009403322340932
792.5 1.0957850687210828 1.2008645336525434
792 1.095943666794743 1.2012107300820383
791.5 1.0958406035486026 1.20098635269424
791 1.0959528903201976 1.2012289107558076
790.5 1.0957851698727539 1.2008629524927221
790 1.0956692866519142 1.2006070095609234
789.5 1.095968150068126 1.2012606579911058
789 1.0960620998553894 1.2014716986929517
788.5 1.0958827884048807 1.201077563224228
788 1.0957177564047482 1.2007135490618537
787.5 1.0957777004404317 1.200845024349567
787 1.0957113842582211 1.2006987490487044
786.5 1.0959137311512834 1.2011405020049621
786 1.0956463429269585 1.2005571663037198
785.5 1.0955800576675632 1.2004116249086227
785 1.0956251205557213 1.200511023292437
784.5 1.0957647737974698 1.2008185463978545
784 1.095796935014494 1.200886056850444
783.5 1.0957358149430219 1.200755076206623
783 1.095680779851345 1.2006337783628913
782.5 1.0955692175325498 1.2003902710408023
782 1.0956210735969825 1.2005014367023548
781.5 1.095440779856798 1.200103902166441
781 1.095402531467244 1.2000230509455851
780.5 1.0953194715461863 1.1998386447779836
780 1.095424004912275 1.200072204752274
779.5 1.0957012832600779 1.2006770956360564
779 1.0955928428886241 1.200444429325897
778.5 1.0954129203180059 1.2000467487981439
778 1.0954792168960805 1.2001942712506615
777.5 1.09552516458685 1.2002890382791114
777 1.0953275567442942 1.1998582392366968
776.5 1.0954414650690896 1.2001084147635424
776 1.0955043228308807 1.2002458137287852
775.5 1.0954942891331652 1.2002233737600017
775 1.0952749081080664 1.1997443753124601
774.5 1.0953242253256348 1.1998543375324937
774 1.0953033682240865 1.199808040250017
773.5 1.0951955850979955 1.199570146075406
773 1.0949962249890015 1.199130827130219
772.5 1.0956130934290897 1.2004837650272673
772 1.095156392409577 1.1994850777366768
771.5 1.0949779202149883 1.1990952973837563
771 1.0950511921159747 1.1992487623507262
770.5 1.0953421149213496 1.199888213322221
770 1.0952050951758994 1.1995896514273487
769.5 1.0949650815578944 1.1990662834805417
769 1.095111628415595 1.199384843044446
768.5 1.0948552796789637 1.198826014836532
768 1.0950278738685308 1.1992072018867692
767.5 1.0947177540782305 1.1985229414949456
767 1.0949527887540682 1.1990373317454193
766.5 1.094816608135737 1.1987407998093498
766 1.094943186558256 1.1990180746789258
765.5 1.0952731200705526 1.199740101214833
765 1.094933304671693 1.1989927972391912
764.5 1.095008889501562 1.1991617354899198
764 1.0946177444354561 1.1983060808984969
763.5 1.0948289275466994 1.19876817548689
763 1.0948472275835364 1.1988057678606336
762.5 1.0946955425919032 1.1984751291524698
762 1.0947040105910046 1.1984955431149154
761.5 1.094604475980539 1.198277493972999
761 1.0945929567284636 1.1982503139704381
760.5 1.0946681247283079 1.198412825752984
760 1.0945840244668288 1.1982321504876647
759.5 1.0946886537470504 1.1984596228018818
759 1.0946439446230722 1.1983640214741793
758.5 1.0946232418873263 1.1983135678650807
758 1.094509015160907 1.1980681488315328
757.5 1.094646338814611 1.1983691615825103
757 1.0945694498988001 1.19819934545085
756.5 1.0947092172427477 1.1985024604065033
756 1.094646810106616 1.1983690442336157
755.5 1.0946930174631477 1.1984686526011028
755 1.0943219957733008 1.1976557896455007
754.5 1.0943913786174533 1.1978075347111659
754 1.0944814435912162 1.1980088689974546
753.5 1.094670060559624 1.1984205140999045
753 1.094388999822429 1.1978037349937845
752.5 1.0944024564302945 1.1978333743238034
752 1.094360118965578 1.1977401954503362
751.5 1.0941942708961325 1.1973757425400593
751 1.094335050326309 1.1976857828045715
750.5 1.0942913293454175 1.197591288049779
750 1.0942505620695377 1.197499094819689
749.5 1.094108316971251 1.197190661010614
749 1.094243025905321 1.1974867573012518
748.5 1.0941313465366536 1.1972395167400913
748 1.0943152438630386 1.1976395125345722
747.5 1.094112886995745 1.1972011552069015
747 1.094131291066851 1.1972393915147466
746.5 1.0942132825048145 1.1974181445164358
746 1.0941953352398468 1.197378171661011
745.5 1.0939044624869232 1.196741515172627
745 1.0941330644728868 1.1972450013328328
744.5 1.0942089822596262 1.1974081269600465
744 1.0942781738334422 1.197561358323136
743.5 1.0940644190459403 1.19709542934536
743 1.0940497885086637 1.1970594607156673
742.5 1.0937737863933272 1.1964595769651474
742 1.0939565318048292 1.1968571094173994
741.5 1.093822672651272 1.1965639376784027
741 1.093958318119902 1.1968601345589678
740.5 1.0939788837161717 1.1969085269670088
740 1.0940529858136334 1.1970674056164283
739.5 1.093791900176043 1.1964985996180266
739 1.0939855282809359 1.1969222534576918
738.5 1.0938653334119892 1.1966578111416077
738 1.0939854751106188 1.196920341019747
737.5 1.0937355055718092 1.1963736791556026
737 1.093598155891922 1.1960696764242071
736.5 1.0938601670929144 1.1966455997134096
736 1.0935810674998119 1.196034722814373
735.5 1.093867714050215 1.1966631696626293
735 1.0936958507128838 1.1962867386912415
734.5 1.093610693063958 1.19610030726435
734 1.0934393250198164 1.1957264169848134
733.5 1.0933715824596149 1.1955777434890538
733 1.0935952776948992 1.1960680012871685
732.5 1.0935273845616038 1.1959214204220436
732 1.0936142364438641 1.1961103731346832
731.5 1.0938022032159278 1.196521162107088
731 1.0933020952147219 1.195426782451262
730.5 1.0936315567381207 1.1961458341190714
730 1.093389597355862 1.1956178457757667
729.5 1.0935838012035877 1.1960424102787146
729 1.0933199896653052 1.195467771529414
728.5 1.0932055698820287 1.195214384730849
728 1.0933603655170563 1.1955500833321286
727.5 1.0933329371666136 1.195491150691969
727 1.0931908507877823 1.1951816292784474
726.5 1.0932537766679498 1.1953207764593077
726 1.0933247300147446 1.1954747377178563
725.5 1.0931494928940346 1.19509146357495
725 1.092948737290371 1.1946556940276196
724.5 1.0932452333845801 1.195303220423654
724 1.0931593232403645 1.195114139783751
723.5 1.0931051225362858 1.1949979192356877
723 1.0933283112225223 1.195483412493138
722.5 1.0932036186990977 1.1952096179958074
722 1.0931338444225764 1.1950568470766827
721.5 1.093020115762238 1.194811624557002
721 1.0930444188265542 1.1948615148765507
720.5 1.0929328558241884 1.1946146511980977
720 1.093136970095998 1.19506616333818
719.5 1.0928484047319365 1.194436173915956
719 1.0928582607832849 1.1944540148822826
718.5 1.0929672599804694 1.1946975590280784
718 1.0931318574670437 1.1950552046686305
717.5 1.0926872156338605 1.194080498662446
717 1.0930338896941543 1.1948393738111143
716.5 1.0926169092870024 1.1939291578587727
716 1.0928773286503914 1.1944973934696932
715.5 1.0926787505169455 1.1940607926503524
715 1.0927587543076163 1.194238893802831
714.5 1.092816186393888 1.1943627184213146
714 1.0930513650771416 1.194879754430374
713.5 1.092665597860962 1.19403619256248
713 1.0926853109125567 1.1940808295131904
712.5 1.092693565478148 1.1940973800288004
712 1.09251992726624 1.193715837107081
711.5 1.0924439361959244 1.1935500463212807
711 1.0924416980368332 1.1935461180400366
710.5 1.0927067298644084 1.194122784256119
710 1.0924648432087938 1.1935956824177554
709.5 1.0925846528743277 1.193859262306362
709 1.0923347498338742 1.1933098091078842
708.5 1.092437509720303 1.1935365652123382
708 1.0923222509458526 1.1932872911373282
707.5 1.0923951544349348 1.1934448772841229
707 1.0925743801263783 1.1938330580590528
706.5 1.092414225179887 1.1934861012832048
706 1.0922719025918999 1.193175923783529
705.5 1.0923214598950248 1.1932858921372613
705 1.0923116241788438 1.1932601819144073
704.5 1.0921459886594649 1.1928979814564515
704 1.0922571233536882 1.193140284006523
703.5 1.0922170335023211 1.1930593331759094
703 1.0922933432636521 1.19322276703889
702.5 1.0923414226855874 1.1933290552342373
702 1.0922815101436412 1.1931972692175523
701.5 1.0918450303056615 1.1922448039551992
701 1.092351535523916 1.193349022917419
700.5 1.09204097793956 1.1926742787965743
700 1.0920068520235606 1.1925950450074667
699.5 1.0919527812616963 1.1924803383358145
699 1.092230201759958 1.1930812729136244
698.5 1.0921833052855283 1.1929809176816124
698 1.0919580753231959 1.1924880579762487
697.5 1.0918566819874895 1.1922658297232391
697 1.0918747366663137 1.192303562442709
696.5 1.0919585746522034 1.1924903870927548
696 1.0919757933588017 1.1925274352160007
695.5 1.0916227010058086 1.1917613508208624
695 1.0917924207339487 1.1921303296535088
694.5 1.09190835140768 1.1923800793805084
694 1.0916900477696163 1.1919046785124758
693.5 1.0917307393146338 1.191993109608677
693 1.091446211553787 1.1913711068950295
692.5 1.091645911256235 1.1918045133405826
692 1.0918774157757851 1.192314621942864
691.5 1.0917614636016926 1.192058395684127
691 1.0916982495102436 1.191924960546842
690.5 1.0918504445729043 1.1922558786425625
690 1.0915233362270467 1.1915403249444811
689.5 1.0916416494861398 1.191798324236932
689 1.0913418957989023 1.1911458761865976
688.5 1.0915665979195492 1.1916336379424457
688 1.0915360307583473 1.1915676366333052
687.5 1.091645072630753 1.191804785021109
687 1.0914212820165463 1.191316270568593
686.5 1.0913406145686741 1.1911422013114557
686 1.0915148517380262 1.1915251356984897
685.5 1.0913095021768422 1.191074713995595
685 1.0911339796686685 1.19068886204588
684.5 1.0913243437797582 1.1911074899430631
684 1.0909763755883937 1.190347791958634
683.5 1.0911744154626035 1.1907811373462152
683 1.0912032572303179 1.190841723063776
682.5 1.0911981561259063 1.190832750206562
682 1.0912358526791452 1.1909137326771861
681.5 1.0911816715084235 1.190796742031178
681 1.0911947240976865 1.1908214419105294
680.5 1.0910795291147604 1.1905708772883719
680 1.090840316189399 1.19005249565829
679.5 1.091009742056879 1.1904195875036299
679 1.0910937825366087 1.1906045739975626
678.5 1.0910431556827944 1.1904906728863252
678 1.0908242432605002 1.190014818021808
677.5 1.0908578498331007 1.1900893861155086
677 1.091092953668055 1.190601549822501
676.5 1.0908211473616136 1.1900116852379201
676 1.0908664072141778 1.1901052184712873
675.5 1.0909998508811236 1.1903984462322263
675 1.090953067857621 1.1902974194639082
674.5 1.0906907442405915 1.1897231209276082
674 1.0908251548261878 1.1900163764003284
673.5 1.0906807357451678 1.1897003299170017
673 1.0908384602756667 1.190047249043266
672.5 1.090619096414247 1.189567146135976
672 1.0906757755328007 1.1896899891210377
671.5 1.0907614077199919 1.1898780381513598
671 1.0907338882597588 1.1898204846579852
670.5 1.090623140697309 1.1895769761324892
670 1.090595412175446 1.1895144614149549
669.5 1.090594478778447 1.1895128170582014
669 1.0904457269530448 1.1891915584503754
668.5 1.0906832350626052 1.1897086441721454
668 1.09043914836246 1.1891726920397887
667.5 1.0902448048224604 1.1887507190644915
667 1.0906758708173083 1.18968974409254
666.5 1.0902805934355673 1.1888285095449942
666 1.0905688504141244 1.1894592404406195
665.5 1.0903038835051138 1.1888786787324996
665 1.0901512232099788 1.1885453719172314
664.5 1.0901829349749723 1.1886213726516024
664 1.0901844693233966 1.1886189462085226
663.5 1.0901688465169408 1.1885849586590853
663 1.0901071324967786 1.1884538699853382
662.5 1.089978559481808 1.1881703523464577
662 1.0900934162324596 1.1884211024421056
661.5 1.0899793100246724 1.1881715421023513
661 1.0900739749558208 1.1883810966997967
660.5 1.0902098672537046 1.1886786463220333
660 1.0899549629262257 1.1881191675948857
659.5 1.089985580043628 1.1881844342912047
659 1.0899869178229133 1.1881895594184846
658.5 1.0898245792794277 1.1878337268910821
658 1.0899255905380938 1.1880558559495449
657.5 1.0895992336831457 1.1873457004673036
657 1.0898205534071828 1.1878268171024304
656.5 1.0897599853553124 1.1876949246465893
656 1.0897114759467206 1.1875869465325166
655.5 1.089839323599821 1.1878704276074474
655 1.0898356936706848 1.1878610011160704
654.5 1.0897127741535193 1.1875935453739255
654 1.0894480569350014 1.1870167327067251
653.5 1.0895517088812952 1.1872412638408745
653 1.089480332527438 1.1870879357081843
652.5 1.0897630905985654 1.1877027302792065
652 1.0896762397717306 1.1875105538751023
651.5 1.089472986278627 1.1870650536828204
651 1.0896090808219707 1.1873663133322725
650.5 1.0896616650830349 1.1874828265906976
650 1.0894787697458779 1.1870801262571675
649.5 1.0893480764356889 1.186798489914392
649 1.0893745819409488 1.1868543662659785
648.5 1.0893741510895538 1.1868532836866976
648 1.0894942788547626 1.1871154907351367
647.5 1.0893993986092325 1.1869084655081388
647 1.0891063130560283 1.1862713228684847
646.5 1.0889271738744233 1.185880051692436
646 1.0891330761668196 1.1863309061170386
645.5 1.0891606358633128 1.1863895394877102
645 1.0888562620007884 1.185728348241813
644.5 1.0890144319893607 1.1860713553865248
644 1.0891991208755551 1.1864726586645358
643.5 1.0891217429019875 1.1863012136114761
643 1.0892874396793975 1.186665401124642
642.5 1.0890518581493058 1.1861525123534522
642 1.0887215877532042 1.185433259033658
641.5 1.0892138727627434 1.1865040148216115
641 1.0887150184992822 1.1854186348445537
640.5 1.088842937222676 1.1856970615402371
640 1.0891904867534579 1.1864560635774777
639.5 1.0889165029053665 1.185858071575674
639 1.0888206196044097 1.1856467155528387
638.5 1.0886514385766723 1.1852810056783603
638 1.0886063474634224 1.1851800370372516
637.5 1.0888107764782586 1.185626466530351
637 1.0888891580699867 1.1857972030304678
636.5 1.0886052251085834 1.1851794432102611
636 1.0884811732841853 1.1849099423179255
635.5 1.088750414283426 1.1854926677984927
635 1.0885160563657605 1.184985180530668
634.5 1.0888400328858452 1.1856875422875668
634 1.0884922416480922 1.1849328671829686
633.5 1.0886434772468325 1.1852644503709893
633 1.0885467041342547 1.185053809831301
632.5 1.088497808081675 1.1849461372887997
632 1.0883752580960018 1.1846794686396842
631.5 1.088481149399455 1.1849116032794724
631 1.0885136746432178 1.184980533174386
630.5 1.0882881523529702 1.1844860330539742
630 1.088250605888794 1.184406529954866
629.5 1.0883736802621937 1.1846754200269218
629 1.088189751862629 1.1842692103068742
628.5 1.0881535442046735 1.1841974368064185
628 1.088465914522213 1.1848751796466235
627.5 1.0880205077741048 1.1839063602118138
627 1.0882586503152618 1.1844225669923474
626.5 1.0880848762943334 1.1840484717672453
626 1.087949520757013 1.1837513695351713
625.5 1.088091021623286 1.1840593723040636
625 1.0878822492965332 1.1836068059124243
624.5 1.0877691073797344 1.183363537148248
624 1.0880963668050785 1.1840713878178721
623.5 1.0879873372948072 1.1838341342607697
623 1.0877947769838792 1.1834161713046922
622.5 1.0880951884147743 1.184069292890192
622 1.0880479591299403 1.1839665250948137
621.5 1.0879259395113792 1.1836991360640792
621 1.0876688452790602 1.1831418040061918
620.5 1.0876792083234532 1.1831619066418975
620 1.0877739784913776 1.1833697593192238
619.5 1.0875891480065336 1.1829668265726159
619 1.0874948878469348 1.1827646832097491
618.5 1.0875241957226176 1.1828267780947905
618 1.0876300271433315 1.18305834705926
617.5 1.087437297219671 1.182641338409765
617 1.0875102555448057 1.1827948620570945
616.5 1.0874334165994817 1.182628508470347
616 1.087454557087799 1.1826758775598967
615.5 1.087409570809316 1.1825807634486665
615 1.0872707220153883 1.1822753414359446
614.5 1.0871711602120728 1.1820593424335641
614 1.087307049560772 1.1823571025931483
613.5 1.0877298987384914 1.1832736766279057
613 1.0873270345539299 1.1823998420483737
612.5 1.0874173533386786 1.1825941595726506
612 1.0871902540817993 1.18210043197721
611.5 1.0871989446937436 1.1821213778885087
611 1.0873123126304716 1.1823669003705122
610.5 1.087242531180731 1.182216040110656
610 1.087002149977093 1.1816921346932396
609.5 1.087395835652548 1.1825501485110848
609 1.0871825494707275 1.1820847766821554
608.5 1.0867427037114725 1.1811306523636513
608 1.0870425587262573 1.1817779574856828
607.5 1.0868351999463421 1.1813245729325332
607 1.0869416284648814 1.1815614435673512
606.5 1.0867593137834426 1.181164923053214
606 1.086797212354221 1.1812463502137318
605.5 1.086740381633067 1.1811209908907383
605 1.0866114811960152 1.1808423171957696
604.5 1.086858975675619 1.181381016780027
604 1.0865058313843052 1.180610719899801
603.5 1.0868272898964189 1.1813092019933036
603 1.0864512997185645 1.1804958385053932
602.5 1.0864085550564773 1.1804024903194976
602 1.0863737704950742 1.1803278210013772
601.5 1.0866195388523867 1.1808603712106254
601 1.0865656066602543 1.1807432435773035
600.5 1.0865417299888995 1.1806929484744593
600 1.0864127372770076 1.1804136266737062
599.5 1.0863575661572853 1.1802906787545444
599 1.0863635762150323 1.180303201487656
598.5 1.0863633969305702 1.1803052378035193
598 1.086374616403434 1.1803297975855946
597.5 1.0862060785516894 1.1799613103339637
597 1.0863043819284188 1.1801736263071
596.5 1.086073597105658 1.1796725147117175
596 1.0864739621715458 1.18054374106428
595.5 1.0862599797486017 1.1800818294640323
595 1.0859879329319067 1.179489415969517
594.5 1.0864002926411516 1.1803816086700312
594 1.0859550379411065 1.1794179338485526
593.5 1.0860194609927722 1.179557181633725
593 1.086237769384109 1.1800322853528133
592.5 1.0858146437427403 1.179112543544773
592 1.086018488031876 1.179555928215681
591.5 1.0859299016495678 1.1793647497449915
591 1.0860525436606345 1.1796265085446629
590.5 1.085771280658544 1.1790213776333478
590 1.0858310532937285 1.179148790461506
589.5 1.0856772632894605 1.1788105886394022
589 1.08572835602193 1.1789267619655903
588.5 1.085654149640548 1.1787645172207053
588 1.0857043946646343 1.1788708943066062
587.5 1.0856909875010927 1.178842041171659
587 1.085540223047201 1.1785190591941652
586.5 1.0857626281417196 1.1790001962712975
586 1.0854644915762166 1.1783508814519987
585.5 1.0853520431846486 1.1781102558857415
585 1.0854886952674032 1.1784038934495706
584.5 1.0853453288682586 1.178095113926414
584 1.0852207565540664 1.1778231500359417
583.5 1.085374533286144 1.178157621983123
583 1.0854350704070501 1.178288277113299
582.5 1.0852553127446618 1.1778999956390668
582 1.085187660145469 1.1777570529336874
581.5 1.0849008681225463 1.1771278717961846
581 1.0850687931519702 1.1774952434758632
580.5 1.0850662633817691 1.1774883526907882
580 1.0847473105379262 1.1767970276872006
579.5 1.084957965242752 1.1772556919710069
579 1.0848898225125396 1.1771056364180525
578.5 1.0848405209737937 1.177000933158711
578 1.0849090533459935 1.1771463985689765
577.5 1.084849299946023 1.1770167656559678
577 1.0846880482582437 1.1766687711679846
576.5 1.084572942405987 1.1764179991294337
576 1.0850793627368316 1.177515863292866
575.5 1.0848071666663026 1.1769264240019066
575 1.084819473783808 1.1769510550963294
574.5 1.0846015299376564 1.176478703212925
574 1.0845585043780415 1.1763833450554115
573.5 1.0848269504308825 1.176964738440734
573 1.0847251505286801 1.1767497516845706
572.5 1.0843997292413543 1.1760415341258494
572 1.0845464212543994 1.176360574263898
571.5 1.0845852252548 1.1764402863606571
571 1.0845042621555714 1.1762664986601692
570.5 1.0842522927291989 1.1757242370056984
570 1.0842679222660128 1.175756431909244
569.5 1.0841038218323646 1.1754013317649745
569 1.084145906613088 1.175491707667898
568.5 1.0841284462977736 1.1754518927528617
568 1.084108664973151 1.1754074355799597
567.5 1.0841647935301488 1.1755339071618691
567 1.0841050334768796 1.1754016103398883
566.5 1.0841680401764855 1.175542895868383
566 1.083923605713742 1.1750105779761
565.5 1.0841999729961125 1.1756126403454559
565 1.0838236161387356 1.1747921745659191
564.5 1.0840216998422165 1.1752205743650748
564 1.0839046374972008 1.1749655537480095
563.5 1.0838350180709944 1.1748168737547804
563 1.0839108419856776 1.1749822953640319
562.5 1.0838889361915547 1.1749325327032396
562 1.083887845353648 1.1749332698271746
561.5 1.0838069469400757 1.1747566763779433
561 1.083514407653489 1.1741249833408496
560.5 1.0834700422054617 1.174027364596494
560 1.0833995234186722 1.1738725513808237
559.5 1.0835604567152506 1.1742229649501041
559 1.0835821418757743 1.1742710766608198
558.5 1.0831880363727384 1.1734161579713853
558 1.0832109118266449 1.1734653442656051
557.5 1.0834255190880324 1.1739314393565696
557 1.0834104298967138 1.1738981330998384
556.5 1.0831561398850091 1.1733505851772115
556 1.0832119056953957 1.1734679108658654
555.5 1.0832612211055535 1.1735775142888891
555 1.0832247757917117 1.1734923230784475
554.5 1.082873712899093 1.172735531826663
554 1.0831088139742764 1.17324354138315
553.5 1.0830555511815432 1.1731287156557626
553 1.0830834877085453 1.1731864523920776
552.5 1.0832401660445212 1.17352863225607
552 1.0828391717488726 1.1726652066027443
551.5 1.082749033372835 1.1724654959267955
551 1.0827955844646313 1.1725630595958163
550.5 1.08288701899026 1.1727630395743138
550 1.0828966530453479 1.1727855311574098
549.5 1.0828979790935775 1.1727869284714483
549 1.0827726635103263 1.1725156214145602
548.5 1.0827620688735806 1.1724957071290538
548 1.0827330015174226 1.172431607222315
547.5 1.0827520052287833 1.1724704924719678
547 1.0825869192329158 1.1721137415888836
546.5 1.082486920769648 1.171898080630811
546 1.0825887314448355 1.17211899853152
545.5 1.0824330244763074 1.1717792277159398
545 1.0824379234387147 1.1717928969164244
544.5 1.082534053578474 1.1719993935183899
544 1.0823072635749158 1.1715100526284827
543.5 1.0824795622169918 1.1718860847725618
543 1.0822442253855096 1.1713698594996702
542.5 1.082378558514727 1.1716643907138893
542 1.0823890421542512 1.1716844624880192
541.5 1.0821857513827422 1.171245517531568
541 1.0822274780679704 1.171334579374822
540.5 1.0823455545813703 1.1715923213172197
540 1.0820275875190002 1.1709040350437578
539.5 1.0819802265995837 1.1708030522966573
539 1.0819591154675638 1.1707553389218774
538.5 1.0818805799173532 1.1705823739378824
538 1.0818106474139288 1.1704365639015377
537.5 1.0817518448759733 1.1703026407196837
537 1.0815637900817898 1.1699025281948063
536.5 1.0818998306931344 1.1706275741433383
536 1.081498768782018 1.169758889370739
535.5 1.0816667165879776 1.1701252563814735
535 1.081560912102967 1.169891420806653
534.5 1.0816435619963463 1.170072372717253
534 1.0815244057672195 1.1698162684592024
533.5 1.0815321209528619 1.1698315051490056
533 1.081382271123387 1.1695049174646859
532.5 1.081511476619532 1.169786761530232
532 1.0814670064439216 1.1696875460206904
531.5 1.0815407469009761 1.1698497148860143
531 1.081483395689744 1.1697244594249727
530.5 1.0813153408744325 1.1693635403454237
530 1.0811633307640054 1.1690374265443388
529.5 1.0811815621709198 1.1690713088709912
529 1.0811120296562031 1.1689208185024504
528.5 1.0811201777017638 1.1689437326864003
528 1.0808991879296785 1.1684623683253796
527.5 1.0810950139259718 1.1688821816348105
527 1.0808110076898692 1.1682722216126065
526.5 1.080719602395975 1.168073032205998
526 1.0811183855787467 1.1689413884693154
525.5 1.0806012338645559 1.1678219000088832
525 1.080688907889219 1.1680093989943388
524.5 1.080564278298637 1.167739286296844
524 1.0805989025509026 1.167819484150246
523.5 1.0804332096172955 1.1674537071531235
523 1.0803600329023817 1.1672948049760705
522.5 1.080433118386931 1.1674590560871347
522 1.08049467908923 1.1675895655010682
521.5 1.0805244134642362 1.167653992075872
521 1.0803302897246931 1.167234643623899
520.5 1.0804944825141782 1.1675899694604521
520 1.08025313806656 1.1670655783975699
519.5 1.080375059185446 1.1673300351237013
519 1.0804234844394562 1.1674324655689496
518.5 1.080257678939445 1.1670776022059939
518 1.0804046956587374 1.1673970127056954
517.5 1.0803971432679569 1.16737840492429
517 1.0799961063437487 1.1665101095958552
516.5 1.0798588932649942 1.1662176723195454
516 1.0798520512349452 1.1662019304950262
515.5 1.0799831123405095 1.166486058342457
515 1.0797311293426604 1.1659402840217674
514.5 1.0799024524204979 1.1663095646191786
514 1.0796975709714567 1.165868395583151
513.5 1.0798905312727798 1.1662840755821366
513 1.0795357829978667 1.165519625662128
512.5 1.079484926647297 1.1654118516907659
512 1.0795360761338304 1.1655179597462617
511.5 1.079420684968986 1.165270214178876
511 1.0795516135526422 1.1655517276932328
510.5 1.0793872281127517 1.165194237096545
510 1.0794425412396755 1.1653156367033706
509.5 1.079560709977422 1.1655733294069488
509 1.0793493827325125 1.1651169326086026
508.5 1.079540018998602 1.1655276855295742
508 1.0791993663286124 1.1647873416401615
507.5 1.0792838211293094 1.1649717883208537
507 1.0791405131566856 1.164667606745314
506.5 1.0789059310440097 1.1641621308771062
506 1.0789585211820178 1.1642729253765929
505.5 1.0790849394738458 1.164547774569902
505 1.0790611236482952 1.1644957674414385
504.5 1.0788458098718159 1.1640289859046113
504 1.0790316066803443 1.1644273978847317
503.5 1.0789053900722154 1.1641600980925646
503 1.0787847839218074 1.163895381947768
502.5 1.0786643513481582 1.1636384556687602
502 1.0784941007999962 1.1632667378060526
501.5 1.0784338266917146 1.163138435456891
501 1.078344179064379 1.1629461846810638
500.5 1.078513914254146 1.1633112086628994
500 1.0784675102367993 1.1632115339795412
499.5 1.078463119250257 1.1632036205044638
499 1.0783313927940452 1.1629151643035276
498.5 1.078022125492058 1.1622517068066383
498 1.0780974000140977 1.1624163313456846
497.5 1.0780764429051932 1.1623732080467308
497 1.0783372061373808 1.1629292965615108
496.5 1.0782976465587695 1.1628439679446712
496 1.0779962089471276 1.1621958321853743
495.5 1.0781350774637832 1.1624978738016427
495 1.0779796837480544 1.16216132857965
494.5 1.0777927309769866 1.1617559665426196
494 1.0778222264821011 1.1618195870251364
493.5 1.0778104777078419 1.1617961805003263
493 1.078065204479803 1.1623474160653842
492.5 1.0776282398827552 1.1614024242476888
492 1.077646457130114 1.1614404855722567
491.5 1.077649933524279 1.1614514125395305
491 1.0777158961552478 1.1615946268902044
490.5 1.0776628433525197 1.1614762483658079
490 1.0775358406756606 1.16120356175029
489.5 1.0775207386015575 1.1611711462743748
489 1.0773229503608048 1.1607440956309403
488.5 1.0772071619459795 1.1604963380730295
488 1.0771893456250896 1.1604579759353408
487.5 1.077314295878562 1.1607283018170518
487 1.0770496475851015 1.1601539946317398
486.5 1.077074660194285 1.1602082280513557
486 1.0771301438618275 1.160328612087879
485.5 1.0770040166130652 1.1600608446871528
485 1.0767498535564775 1.1595092920253645
484.5 1.0772176004829834 1.1605160490945892
484 1.0767846872593017 1.159584565513332
483.5 1.0770827193401926 1.1602258903652785
483 1.0769450317997156 1.1599317005103134
482.5 1.0766562640944966 1.1593123330732276
482 1.0765405888214856 1.1590595487157254
481.5 1.0766242035063387 1.1592424354401143
481 1.0766164542131968 1.1592209213153868
480.5 1.0765319923854662 1.1590447539953572
480 1.0764397587260062 1.1588414938756175
479.5 1.0761424836077205 1.158207204407857
479 1.076473209920359 1.1589142902403666
478.5 1.0762598461818744 1.1584537511080297
478 1.0761961879947484 1.158324671806537
477.5 1.0762202646004144 1.1583687023641793
477 1.075963912517401 1.157820872106642
476.5 1.0762454342842023 1.1584282320839443
476 1.0758397970514044 1.1575532260915882
475.5 1.0759362290192966 1.1577570691650596
475 1.0757630766112898 1.1573883356043704
474.5 1.075770446508492 1.1574036446195441
474 1.0759117973860428 1.1577070538696863
473.5 1.0755929054402806 1.1570203331567714
473 1.0756525707625009 1.15715015526699
472.5 1.0756888531140318 1.1572296688379131
472 1.0754036814626151 1.1566140578215607
471.5 1.0753592455081453 1.1565223835321639
471 1.0757311936038756 1.1573178921312823
470.5 1.0754937007671967 1.1568064219568028
470 1.075539916514984 1.1569058592676562
469.5 1.0755014000597969 1.156823185992183
469 1.0753796190703788 1.156564779875084
468.5 1.075079058763998 1.1559159578935148
468 1.0751371840114783 1.1560397494174472
467.5 1.0751632339120085 1.1560947670429509
467 1.0748778740920502 1.1554818041496335
466.5 1.0748793007064674 1.1554843946358555
466 1.0748242239213885 1.1553688259873718
465.5 1.0749681171640033 1.155678628976285
465 1.0746963125192766 1.1550937219271136
464.5 1.074731234405643 1.1551702105693562
464 1.0746928949337329 1.1550877783946423
463.5 1.0744353323915763 1.1545325173485854
463 1.0747608423084358 1.1552347129401452
462.5 1.0746389710403 1.1549668382779463
462 1.07454498203354 1.154767841343286
461.5 1.074579685128363 1.154843665733829
461 1.0744703645448428 1.1546064720794886
460.5 1.0742843310461214 1.1542097142604142
460 1.0742121501898632 1.1540514890573486
459.5 1.0741481522329854 1.153918799632581
459 1.0741310943201448 1.1538767746709788
458.5 1.07403122151026 1.1536619730715927
458 1.0738957280134238 1.1533704938206442
457.5 1.0739702459799982 1.1535324863499805
457 1.0739434921157915 1.1534781428671115
456.5 1.0739507404217898 1.1534911950803692
456 1.0738143398121915 1.1531985165075476
455.5 1.074043326009422 1.153687395234797
455 1.0736820665792783 1.1529167911792182
454.5 1.0733070029388505 1.1521089641262912
454 1.0739101606538815 1.1534056227825635
453.5 1.0737155991422982 1.1529853988271117
453 1.0733757831636956 1.1522555135803736
452.5 1.073273245679217 1.1520385465981289
452 1.0733999040273352 1.152311624638442
451.5 1.0731373288039272 1.1517451064575255
451 1.0731878096289384 1.1518526581605992
450.5 1.0733737202677405 1.1522535249494605
450 1.0732233953671615 1.1519302316144893
449.5 1.0733149565342395 1.1521295650089864
449 1.072812709345823 1.1510475690484885
448.5 1.0727574124599917 1.1509310844356226
448 1.0725915693690595 1.1505740256205421
447.5 1.072702637281172 1.1508100763075437
447 1.0728626569589845 1.1511586312422555
446.5 1.0727347147331325 1.1508809921029999
446 1.072709920647333 1.1508294041592777
445.5 1.0725422729735332 1.1504669980642699
445 1.072830001359308 1.1510876357289876
444.5 1.0726785500811433 1.1507596782398357
444 1.0721885143565513 1.1497141861536637
443.5 1.0723327494720383 1.1500189896992514
443 1.0725041041720493 1.1503884100157309
442.5 1.0723789652385596 1.1501164294510045
442 1.0719808194973757 1.149267164440161
441.5 1.072175600859378 1.1496827101719953
441 1.0720167008930346 1.1493424080010841
440.5 1.0720761425795506 1.1494669807238844
440 1.072046783688517 1.1494055911618941
439.5 1.0719352643801476 1.1491671256196279
439 1.071719599447887 1.1487060471884738
438.5 1.0717564389911391 1.1487868637314387
438 1.0716597257456393 1.148577015161281
437.5 1.0715404907081685 1.1483220777521608
437 1.071591290307217 1.1484283442607572
436.5 1.0713387971608856 1.1478888609239464
436 1.0712092615454327 1.1476101084870374
435.5 1.0712019499997507 1.1475958515898241
435 1.0709951419956094 1.1471529202973556
434.5 1.0709281699680544 1.1470081840789943
434 1.0710339041131391 1.1472377121146886
433.5 1.071130066416419 1.147440740725274
433 1.0710565388982376 1.1472842320202559
432.5 1.070836170624672 1.146811295693977
432 1.0708579690906646 1.1468591349743422
431.5 1.070891114830246 1.146929303647252
431 1.0706519167983124 1.1464154049941615
430.5 1.0708083550830843 1.1467543287694042
430 1.070571541981094 1.1462434186017676
429.5 1.0705058388862074 1.1461042218425226
429 1.0706586588547047 1.1464310531591544
428.5 1.0702405077009867 1.1455356804008696
428 1.0703547442696888 1.1457851069814668
427.5 1.0700079547895909 1.1450398824230443
427 1.0703914122032696 1.1458615948023325
426.5 1.0701128388143275 1.1452637867998405
426 1.0698338591276852 1.1446660072026729
425.5 1.0699823443878729 1.1449817269801263
425 1.0698725520772117 1.1447494814444474
424.5 1.0700877299251284 1.145210793364037
424 1.069719844848231 1.144422613801054
423.5 1.0697708088886941 1.1445323536624905
423 1.069546723654843 1.1440538128925566
422.5 1.0696473555919077 1.144268969717956
422 1.0695170542373196 1.1439915893639987
421.5 1.0693865320536617 1.1437086936269443
421 1.0692302464179146 1.1433737799253416
420.5 1.0693169427629723 1.1435591571245656
420 1.0691504608314868 1.1432051715898541
419.5 1.0690852270763258 1.1430615560523412
419 1.0692392901476737 1.14339505436154
418.5 1.0688904456590624 1.1426488720903545
418 1.068906561321125 1.1426851869159693
417.5 1.0689232125885957 1.1427198557671117
417 1.0690203571860544 1.1429274610947033
416.5 1.0690193368791792 1.142926029872775
416 1.0684638383585794 1.1417391429894173
415.5 1.0685267926315138 1.1418750134717517
415 1.0686102093683583 1.1420502958674728
414.5 1.0684810652959547 1.14177530349404
414 1.0683036567948956 1.1413934743136598
413.5 1.0682982851555962 1.1413849857078207
413 1.0681927084017397 1.1411584928434855
412.5 1.0684995070624241 1.14181222183558
412 1.0680866657864876 1.140932517995389
411.5 1.068014855767182 1.1407770055004982
411 1.0679527789228294 1.1406439156478083
410.5 1.0678963409408186 1.1405255477773717
410 1.0675305196346438 1.1397429745025944
409.5 1.0678598147692042 1.1404493262426603
409 1.0674819332746768 1.139640333684333
408.5 1.0674481277953602 1.1395688985445391
408 1.0671509506408663 1.1389351853340568
407.5 1.067452023984253 1.1395787918377462
407 1.0672220634394616 1.1390882281671408
406.5 1.0671974905330683 1.139033010195273
406 1.0671498266520285 1.1389304279453154
405.5 1.0671615131888599 1.1389593605419417
405 1.067140976273229 1.1389117717077122
404.5 1.0668917287944766 1.1383797693149247
404 1.0668699621745683 1.1383346331580757
403.5 1.0668893323010835 1.1383762039765317
403 1.0666754469109019 1.1379198764993728
402.5 1.0668616627082887 1.1383189840018926
402 1.0665278559243194 1.1376052730889317
401.5 1.0665637714698495 1.1376805197561397
401 1.0667019249935916 1.1379741776254957
400.5 1.0663229561233702 1.1371672113585758
400 1.0660574735636281 1.1366040721984152
399.5 1.0661108582325247 1.136716072890718
399 1.0659853176736283 1.1364484344065737
398.5 1.0660833680990367 1.1366604957114574
398 1.0661217864095098 1.1367375855024018
397.5 1.0658123911781425 1.136077542197968
397 1.06549991636573 1.1354122051463345
396.5 1.0652821590492745 1.1349490388522128
396 1.0657308634908964 1.1359026929022515
395.5 1.0654182475755714 1.1352395414042404
395 1.0653021878334412 1.1349950987268813
394.5 1.0654159961507674 1.135234704680875
394 1.0651438992575333 1.1346589790704866
393.5 1.065341230391541 1.1350703801373936
393 1.0650631478557353 1.1344808669466921
392.5 1.0653151875794322 1.1350251731727494
392 1.065008643048652 1.1343661765261503
391.5 1.06455601709507 1.1334046153199873
391 1.064860749225521 1.134055475029325
390.5 1.06467461922121 1.1336503243587832
390 1.064776026082949 1.1338697354000513
389.5 1.0644326230185241 1.1331372039492809
389 1.0646614431418455 1.1336278891259668
388.5 1.0644274228544508 1.1331318443222098
388 1.0647403865733138 1.1337946655787166
387.5 1.0644365558337412 1.133147645159988
387 1.0643738647506873 1.1330142532421466
386.5 1.0641762308636176 1.13259544274144
386 1.0637817051170426 1.131755130362417
385.5 1.0640423665841536 1.1323110539438503
385 1.0640595908618584 1.1323491424665155
384.5 1.0635947407255173 1.131355302560916
384 1.0635907615153553 1.1313492843751618
383.5 1.0635575395589667 1.1312787938059963
383 1.063745310454389 1.1316779184942987
382.5 1.0633330501266494 1.1308024109986587
382 1.0633007416774218 1.1307285628868382
381.5 1.0630943444789238 1.1302922481905924
381 1.0631237518089107 1.130354113646438
380.5 1.063096810670968 1.1302971326526665
380 1.06307596095008 1.1302526076987822
379.5 1.0628621850576447 1.1298015602194962
379 1.06240615410629 1.1288352188157444
378.5 1.063024192185728 1.1301464443940459
378 1.0629206938392441 1.1299249214222882
377.5 1.0624866296501794 1.1290007881783473
377 1.0626971974820194 1.129451141266686
376.5 1.0624071533973725 1.1288349653968635
376 1.0622699348585485 1.1285393271485178
375.5 1.0618423584940957 1.1276366928006913
375 1.0622327266265765 1.1284635195155004
374.5 1.0624358990748393 1.1288943994471063
374 1.0618722809169345 1.127698894472184
373.5 1.061723763200828 1.1273813910787587
373 1.0619697967859374 1.1279049511351513
372.5 1.0613617819501042 1.1266081544047646
372 1.0617896109003657 1.1275197431370894
371.5 1.0616414832767858 1.127212041658511
371 1.0613430528046515 1.1265790147485435
370.5 1.061189948493862 1.12625070097514
370 1.0614499743359544 1.1268031479334326
369.5 1.06151724903822 1.1269410269564937
369 1.0609317113198928 1.1256972883044483
368.5 1.0610963289573414 1.1260479688351022
368 1.0610359959994184 1.1259188354941378
367.5 1.0607085194500356 1.1252279320214924
367 1.0606435419438016 1.1250855698077717
366.5 1.060455674032562 1.1246888285246264
366 1.0606604322074438 1.1251267833543295
365.5 1.0604479549313588 1.1246770423181025
365 1.0603271877654306 1.124418005127512
364.5 1.0600951017784097 1.1239269174293272
364 1.0599542923937977 1.1236308092000862
363.5 1.060197483719528 1.1241468346975727
363 1.0598310254783354 1.1233659595758703
362.5 1.0599507254111928 1.1236166084814838
362 1.059957358383351 1.1236339458040734
361.5 1.0593779178964366 1.1224044918509963
361 1.0596203203108296 1.122921759351108
360.5 1.0595075012805406 1.1226813628580468
360 1.0592068045277532 1.1220426004671593
359.5 1.0595199567279614 1.122707497344973
359 1.0591514959701485 1.1219271026203452
358.5 1.059506981032256 1.1226815014836022
358 1.05884570708251 1.121278071056055
357.5 1.0588947321784055 1.1213811482958813
357 1.0584303125233607 1.1203996128982197
356.5 1.0586153465063584 1.1207905887818075
356 1.0588904333606195 1.1213759919643078
355.5 1.0584639683729773 1.120468498921027
355 1.0587711180437032 1.1211200232591134
354.5 1.0582833984594147 1.1200907655738483
354 1.058473641486878 1.1204902949178763
353.5 1.058233652053649 1.1199860692261205
353 1.0578729297897314 1.1192192997580477
352.5 1.0578252107657076 1.1191161852116556
352 1.0576413796427973 1.1187293017841988
351.5 1.0580192531526706 1.1195309716632371
351 1.057543389829477 1.1185224773874751
350.5 1.0575432819205637 1.1185237359511906
350 1.0576606255709673 1.118766228290426
349.5 1.0576096923616842 1.1186636245337482
349 1.0571622369876899 1.1177173871539081
348.5 1.0568708269802807 1.1171008182432387
348 1.0571519401285832 1.1176968180560474
347.5 1.0569759594964558 1.117323308186248
347 1.0567854780386967 1.116917737960243
346.5 1.0566892590686288 1.1167163501321589
346 1.0568394742411082 1.1170352328782445
345.5 1.0565962312764998 1.116521979898683
345 1.056083296576306 1.1154404438815375
344.5 1.0560404968582067 1.1153446472503168
344 1.0559412198337859 1.115136619293078
343.5 1.0562414647251137 1.115768429679112
343 1.0559021413003102 1.1150581141829186
342.5 1.055957446674105 1.1151739557828027
342 1.0559705603548857 1.115199096052487
341.5 1.0556123261517087 1.1144423166660107
341 1.0553814686386813 1.1139519583674697
340.5 1.0552132078740502 1.1135997919191671
340 1.0552822055338087 1.1137494512746793
339.5 1.0553804955439285 1.113953097512479
339 1.055040760593436 1.1132359094173405
338.5 1.054900444580465 1.1129408236633567
338 1.054573418386365 1.1122512110719074
337.5 1.054888229868446 1.1129111729383994
337 1.0548747699231336 1.1128864037960546
336.5 1.05469064333234 1.1124991597989387
336 1.054328371473177 1.1117344865608736
335.5 1.0544110535112128 1.1119087477775291
335 1.0539938846474262 1.1110291560588008
334.5 1.054064774301157 1.1111763242736066
334 1.0538976465965793 1.110825404585057
333.5 1.053889456939057 1.1108101742834406
333 1.0537634008896675 1.1105454987239927
332.5 1.0536569554443929 1.1103169645141127
332 1.053317053448216 1.1096023446943426
331.5 1.053592912631518 1.110184458877915
331 1.0530195047319135 1.1089781327920902
330.5 1.0530413573770736 1.1090201205741317
330 1.0532080833868565 1.1093729383640296
329.5 1.0528777752347744 1.1086755899378606
329 1.0528925281235522 1.1087107671208607
328.5 1.0525915628932039 1.1080768173016269
328 1.0527214433834748 1.1083496306125054
327.5 1.0523983906788883 1.1076663457548648
327 1.0526768733363447 1.1082488284923435
326.5 1.0524724976669713 1.1078257225129613
326 1.0521406767636814 1.1071275552123792
325.5 1.0518268054085609 1.1064653422854211
325 1.0518615372778293 1.1065402716955088
324.5 1.0519754637767138 1.106775634758449
324 1.0513458846420751 1.1054531401926213
323.5 1.0517412595237738 1.1062898413179605
323 1.0513887141561127 1.1055412147038814
322.5 1.050952957193135 1.1046277077092987
322 1.0510558402659416 1.1048480154773168
321.5 1.051209928151706 1.1051693096443007
321 1.0508565134336698 1.1044247184990839
320.5 1.0509936535913467 1.1047167173100676
320 1.0504553368357934 1.1035862085051333
319.5 1.0506360873755858 1.103960586355638
319 1.0504408539323637 1.103554037128955
318.5 1.0501014373580908 1.102840982226456
318 1.0502031709877153 1.1030501989351413
317.5 1.050070800238497 1.1027736992533568
317 1.0500348519835583 1.1026965135390743
316.5 1.04990758014189 1.1024309484969417
316 1.0499479699295933 1.102520409265112
315.5 1.0497475320681195 1.1020927330572268
315 1.0495554889154053 1.1016941081239098
314.5 1.049262538092935 1.1010756685604652
314 1.0492203047554571 1.1009900977852627
313.5 1.0490754519867937 1.1006847037168694
313 1.0487169539707328 1.099936177060006
312.5 1.0487984943881257 1.1001072665384852
312 1.04856580928697 1.0996135639386297
311.5 1.0484872051475465 1.0994542509211056
311 1.0487387726298112 1.0999806964462973
310.5 1.0483422070788977 1.0991494893909992
310 1.0485071938547046 1.0994937633638018
309.5 1.0478399529818179 1.0980981806016532
309 1.0480567179034166 1.0985478853229897
308.5 1.0479702245441473 1.0983687675139742
308 1.0476186366487028 1.0976350715037562
307.5 1.047406737893048 1.09718694258373
307 1.0472214194386231 1.0967967804352048
306.5 1.0473687113090615 1.0971090308732996
306 1.0472005007087737 1.0967567150102382
305.5 1.0468929015899848 1.0961105399061468
305 1.046839188550991 1.0960004097653067
304.5 1.0466564448807085 1.0956184611170638
304 1.046583997880788 1.0954659426744735
303.5 1.0464268666619922 1.0951381572787375
303 1.0462926462961117 1.0948547695402742
302.5 1.0464102153528494 1.095101597151832
302 1.0460264292408332 1.0942992694534335
301.5 1.0459720949052314 1.0941825889488777
301 1.045480561762367 1.093153998868226
300.5 1.0455662574645856 1.0933380747044756
300 1.0454234604026156 1.0930377729491447
299.5 1.044858479594684 1.0918601734984994
299 1.0445440848218333 1.0912008053852091
298.5 1.0448056924057967 1.0917481807821074
298 1.0448527982887827 1.0918454578385233
297.5 1.0446550801041172 1.091428867375455
297 1.0444996429162454 1.0911051783720218
296.5 1.0439956631587648 1.09005544939549
296 1.0442285337190946 1.090538147837928
295.5 1.0441288924465368 1.0903332202588434
295 1.0437215160165123 1.0894803037865677
294.5 1.0438809442020995 1.089814541761144
294 1.0437907503304573 1.0896261783711059
293.5 1.043605609515056 1.0892440025680163
293 1.0434804657638246 1.088981006576081
292.5 1.0431057176042007 1.0881962889047938
292 1.0428331650143523 1.087633776308783
291.5 1.0425955955121566 1.087133262570216
291 1.0429527775204805 1.0878737633668294
290.5 1.042765191882543 1.087484713933092
290 1.0424219280709595 1.08677269973139
289.5 1.042479448966762 1.0868901447714159
289 1.0420330403243636 1.0859645011501837
288.5 1.0420622091574767 1.0860209018468703
288 1.0421371330248783 1.0861809290223827
287.5 1.0420169727773412 1.085924263054094
287 1.0415274723242502 1.0849085469622473
286.5 1.041190880346793 1.0842015677159365
286 1.0414489330428867 1.0847394543743982
285.5 1.0407764308402625 1.0833419267155973
285 1.0412351665127417 1.0842984474558697
284.5 1.0407169131567275 1.0832197427591062
284 1.0407287349713317 1.0832453841982739
283.5 1.0403403790404175 1.0824416105091166
283 1.0400176998674144 1.0817667970466398
282.5 1.0399946707251984 1.0817185590791762
282 1.0399352577063035 1.0815919183696256
281.5 1.0398353984845894 1.081384297085017
281 1.0397438863636863 1.0811982153026383
280.5 1.0394739686815178 1.0806351530548652
280 1.0391515009291372 1.0799636986060224
279.5 1.0392270614906964 1.080123339958952
279 1.0387876272168026 1.0792113610664327
278.5 1.0389220143055131 1.0794843306774642
278 1.0385063159482304 1.078626619830974
277.5 1.0385956860431274 1.07881154118501
277 1.0382509817389534 1.0780926675719482
276.5 1.0380475754049203 1.0776710816322808
276 1.0375026908627238 1.0765443577261524
275.5 1.03757245229321 1.0766872491727864
275 1.0376984024387192 1.0769472839327614
274.5 1.0376149230595595 1.0767761141804881
274 1.037586099994999 1.0767112717687195
273.5 1.0371655334876022 1.0758410455776657
273 1.0369193523405391 1.0753293742416774
272.5 1.0364073170145374 1.0742644158524037
272 1.0366058488749548 1.0746802887008553
271.5 1.036297241468034 1.0740389082113304
271 1.036317498318062 1.0740823543490046
270.5 1.0360489331305132 1.0735269974307236
270 1.035660642767432 1.0727237336008366
269.5 1.0358112995871596 1.0730351586481743
269 1.0350874222357092 1.0715309277430365
268.5 1.0350290738297057 1.0714117252287274
268 1.035157765308074 1.0716806243140198
267.5 1.0351658354642328 1.0716940728263302
267 1.034713292643374 1.0707596740109067
266.5 1.0349985313304673 1.0713507381919192
266 1.03442399959936 1.0701638292154605
265.5 1.0341364681690706 1.0695663355393041
265 1.033891188796579 1.0690613807156466
264.5 1.0340315039377992 1.0693478711224342
264 1.03340339875986 1.068049294436234
263.5 1.0334678923513574 1.068187815404458
263 1.0333313425994954 1.0678991174176793
262.5 1.033350097084084 1.0679386168874456
262 1.0330554838281336 1.0673342336714098
261.5 1.0327835472189622 1.0667708059632126
261 1.032944230324424 1.0671074395861557
260.5 1.032107177334309 1.0653747872479267
260 1.0320619358093739 1.06527621644345
259.5 1.0319895114002549 1.0651330023193364
259 1.032107043414516 1.0653755964879226
258.5 1.0313499856176032 1.0638119639517007
258 1.031344275785944 1.0637978494380218
257.5 1.0311203010499896 1.063336243358609
257 1.031276885116198 1.0636607774328428
256.5 1.0309391416722253 1.0629632410514998
256 1.0308674313503392 1.0628170412938966
255.5 1.0306285714314716 1.06232097755429
255 1.0298829820704367 1.060787457794919
254.5 1.030207945112723 1.0614572187043902
254 1.0296159005762913 1.0602423500161453
253.5 1.0299516588267617 1.0609301578957129
253 1.0292384088233224 1.059461981729409
252.5 1.0292964760361916 1.059581661586553
252 1.0288672830361334 1.0586965009596896
251.5 1.028582403865507 1.058109667301206
251 1.0281149809231642 1.0571539023824432
250.5 1.028179012439334 1.0572843005904617
250 1.0281848079458207 1.057295573462965
249.5 1.0280998808975177 1.0571184809684397
249 1.027512191282758 1.0559090309444896
248.5 1.027885201975646 1.0566801250345104
248 1.0272523942916012 1.0553798329230129
247.5 1.027053170489757 1.0549701663386029
247 1.0264778051594812 1.0537851294664884
246.5 1.0263709772833693 1.0535650042457059
246 1.0264636765540476 1.0537580417135715
245.5 1.0261678340522546 1.0531512484162018
245 1.026024673705471 1.0528599182436498
244.5 1.0257445072046254 1.052280945542288
244 1.0256000511745875 1.0519864067415967
243.5 1.0255961148217727 1.0519785405674962
243 1.0255633985552566 1.0519139827192574
242.5 1.0250979820297579 1.0509575866634335
242 1.0245852531333286 1.0499053143467367
241.5 1.024677530479658 1.0501000332703516
241 1.0240469554710845 1.0488030899048872
240.5 1.0241898768188693 1.0490987656868458
240 1.0236328628569653 1.047956829469578
239.5 1.0234342083380739 1.047547914033379
239 1.0235092391234897 1.0477028079602384
238.5 1.0232555783325374 1.0471826164061122
238 1.0226510829243853 1.0459473090565137
237.5 1.0229261590193341 1.0465082039649278
237 1.0224461563839553 1.0455349702982757
236.5 1.0223817255685246 1.045394028276895
236 1.0221342154853492 1.044888775056288
235.5 1.021863589359427 1.0443357353251224
235 1.0215353215031904 1.0436642846721187
234.5 1.0211972544656458 1.0429767895971973
234 1.0211064946021065 1.0427889789408258
233.5 1.0207343210164919 1.042029421193768
233 1.0207041358816489 1.0419706725231248
232.5 1.0203891567736638 1.0413238898080484
232 1.0199964638033177 1.040524290505682
231.5 1.0198786686824304 1.0402855402603568
231 1.0194278376800534 1.0393644402895341
230.5 1.0189605753516542 1.0384126264017342
230 1.0191449344772154 1.038791010538261
229.5 1.0185175350826374 1.0375124602658168
229 1.0184769212113949 1.037428747522617
228.5 1.0183804772086238 1.037230587114912
228 1.0179980514372255 1.036449971645016
227.5 1.0179339027849368 1.036324130357137
227 1.017555564279977 1.035551623380947
226.5 1.0168250480328913 1.0340635599069334
226 1.0170857678299607 1.0345975285262645
225.5 1.016487032038833 1.0333744876303843
225 1.0164338757683367 1.0332702311777848
224.5 1.016504116025257 1.033410135849024
224 1.0155415253306457 1.031456253833205
223.5 1.0154737432852134 1.031319186056993
223 1.015541306621903 1.031455281985142
222.5 1.0150611515660726 1.0304842468111468
222 1.0148136136688892 1.0299801691684156
221.5 1.0144513583449062 1.029244139129286
221 1.0139733111876916 1.0282729110152735
220.5 1.014256745299639 1.0288481978709323
220 1.0134754744016623 1.0272652271919585
219.5 1.0134758250843263 1.0272702461791865
219 1.0131225870151432 1.0265517874594463
218.5 1.0131402863028012 1.0265853638108935
218 1.0126852307906644 1.0256625762455462
217.5 1.0124557627409099 1.0251958394983827
217 1.0122902920862888 1.0248641801895746
216.5 1.011742753581367 1.0237618825939665
216 1.0117178168486964 1.0237109367035269
215.5 1.0107815989790734 1.0218159532684978
215 1.010921359144112 1.0220991569254465
214.5 1.0108507144478218 1.021952861288289
214 1.0103863218992848 1.021011834701501
213.5 1.0100098904509227 1.0202565304271207
213 1.009984254444196 1.020201746220232
212.5 1.0094028970889677 1.019027670563931
212 1.0094614058964753 1.0191468908304335
211.5 1.0087140047767482 1.0176360738947061
211 1.008432070161655 1.0170702159611174
210.5 1.007944285958905 1.0160809349740987
210 1.0078801183658754 1.015958394747559
209.5 1.0077854488901608 1.0157621255047569
209 1.0071027209306418 1.0143895861786076
208.5 1.0069872164488638 1.0141629709316706
208 1.0070741666519314 1.0143272719793506
207.5 1.0063073088347694 1.012787196771494
207 1.0061215023929821 1.0124149378911467
206.5 1.0059402968539992 1.0120502839712546
206 1.005673097188975 1.0115153498248368
205.5 1.0053385409091702 1.010836569169284
205 1.004849739329792 1.0098549105062853
204.5 1.0045722134009698 1.009299672435916
204 1.0039520481554234 1.0080598360046475
203.5 1.0034307772123474 1.0070099605389442
203 1.003285789970404 1.0067189189711105
202.5 1.0038425497676873 1.007835846818602
202 1.0032609816714464 1.006668492350081
201.5 1.0023628889412968 1.004868415097355
201 1.002095902366032 1.004334821622695
200.5 1.0016357836981793 1.0034098902508009
200 1.0016819722417614 1.0035006853683948
199.5 1.0013422637129006 1.0028232633649528
199 1.0008235832911907 1.0017807842332769
198.5 1.0006357072235457 1.001408330336358
198 0.9999945484636449 1.0001276914641286
197.5 0.9999071725986707 0.9999490808533061
197 0.9994912282695502 0.9991157917975333
196.5 0.9991747180193148 0.9984887728575127
196 0.9989551032062132 0.9980448137397246
195.5 0.9986505715680013 0.997436716439707
195 0.9986040706855087 0.9973453265004648
194.5 0.9979123326127435 0.9959648636263426
194 0.9973078281698934 0.9947537389838911
193.5 0.9967889079796322 0.9937237682299244
193 0.9967343240938388 0.9936148571825476
192.5 0.9962774456166344 0.9927062794845483
192 0.9957971714431851 0.991752739108043
191.5 0.99512837954282 0.9904151975595261
191 0.9952923692994983 0.9907455536325195
190.5 0.9951123300004249 0.9903886679787884
190 0.9946203093798015 0.9894041628234876
189.5 0.994291275844919 0.9887492875868963
189 0.9939028348292224 0.987981915742774
188.5 0.9928130955674653 0.9858200256179314
188 0.9929673931189879 0.9861180581535788
187.5 0.9927534285443914 0.9856924318972556
187 0.9916883343822426 0.9835820914899964
186.5 0.9922617806099904 0.9847155017726112
186 0.9908830743746481 0.9819845353226947
185.5 0.9908450237838127 0.9819159047014258
185 0.9906471029352107 0.9815204297088459
184.5 0.9901787663376473 0.980589814468324
184 0.9897478596120415 0.9797322223637968
183.5 0.9896433563910232 0.97953426226211
183 0.9889262728231811 0.9781112125167692
182.5 0.9885283659688059 0.9773221167595225
182 0.9883502595299642 0.9769734730848709
181.5 0.9876435199286946 0.9755746344313935
181 0.987486698290878 0.9752695867418579
180.5 0.9868091319877248 0.9739296517724475
180 0.9860280923357654 0.9723883955596764
179.5 0.9859182975678343 0.9721739815889997
179 0.9854076069897992 0.9711628151019717
178.5 0.9855051734276721 0.9713587862845339
178 0.9846654866786038 0.9697084372356287
177.5 0.9848808071645289 0.9701268017354088
177 0.983718110047248 0.9678387288600023
176.5 0.9832768175387848 0.9669766080318333
176 0.9829207334761183 0.9662717626708471
175.5 0.9823692064351079 0.9651897697406813
175 0.9820548825321693 0.9645674569641997
174.5 0.981592186521277 0.963658761015747
174 0.9815663628930272 0.9636125921630703
173.5 0.9804022604288845 0.9613212487907427
173 0.9805111028980484 0.9615395819507594
172.5 0.9799329028578531 0.9604079305079203
172 0.9793698422126803 0.9593024663373528
171.5 0.9786628281331643 0.9579176556013409
171 0.9781381949400793 0.9568950124238964
170.5 0.9779154413945774 0.9564567798915656
170 0.9769253800349549 0.9545196932339083
169.5 0.9765302353027414 0.9537482869788682
169 0.9764450856327254 0.9535840411956781
168.5 0.975766845083361 0.9522646998594004
168 0.9755691291188505 0.9518736122069457
167.5 0.9751311713676466 0.9510215001804782
167 0.9746785775877969 0.9501293165583177
166.5 0.9735331816931767 0.9479083254100855
166 0.9735063959615993 0.9478476602613335
165.5 0.97301290184674 0.9468938214141079
165 0.9724511231344392 0.9457988847202707
164.5 0.9722154693048398 0.9453407344537439
164 0.9713678454137723 0.9436911253946184
163.5 0.9709051578724579 0.9427929186892281
163 0.9705429148978312 0.94210049233516
162.5 0.9701989360098792 0.9414245523113186
162 0.9692517837974434 0.9395901444972882
161.5 0.9686117090287291 0.9383446239583482
161 0.9688078911583637 0.9387340497087012
160.5 0.967663109730417 0.9365115580453294
160 0.9671146691915772 0.9354522550628515
159.5 0.9662875172423646 0.9338504408842484
159 0.9668441341527041 0.934923350671045
158.5 0.9652115167384324 0.9317736218849914
158 0.9647418098343215 0.9308637483534403
157.5 0.9646323973358216 0.9306538459307011
157 0.9637719531011697 0.9289948545431528
156.5 0.9638337958739364 0.9291137985335419
156 0.9627597258504961 0.9270489695211735
155.5 0.9622318879685064 0.9260304018951107
155 0.96138747202413 0.9243993115897454
154.5 0.9608872841125832 0.9234431966230615
154 0.96064025055063 0.9229658991418311
153.5 0.9600817111385042 0.9218922014305787
153 0.9595296257634582 0.9208405897843719
152.5 0.9590019223037468 0.9198261479675872
152 0.9577974031505083 0.9175160436211446
151.5 0.9574353474441231 0.9168208182200197
151 0.956630566045929 0.9152851482954611
150.5 0.9560102142660007 0.9140955029045353
150 0.9558375798302705 0.9137601198165
149.5 0.9546153864804301 0.9114295661306505
149 0.9541342752994797 0.9105197682749491
148.5 0.9531302594810526 0.9085971322192792
148 0.952951062718388 0.9082574269581959
147.5 0.9519142077891979 0.9062787290692148
147 0.9520582146588924 0.9065554877679899
146.5 0.950454277849222 0.9035074941191719
146 0.9503487500218419 0.9033049111332863
145.5 0.9498883982305543 0.9024323385659031
145 0.9489377488105128 0.9006217920971841
144.5 0.9486505217466925 0.9000787856459125
144 0.9477641397197129 0.8983933536357762
143.5 0.9473149875439659 0.8975460376252644
143 0.946315341793208 0.8956522499974047
142.5 0.9457925206179241 0.894666647214768
142 0.945636172756476 0.8943653589162264
141.5 0.9441170467556673 0.8914988661950677
141 0.9440475534376279 0.8913634882221081
140.5 0.9425214837919504 0.88847939315636
140 0.9429077371622137 0.8892128651757514
139.5 0.9414113013682379 0.8863902405416036
139 0.9402203592394573 0.8841520244393117
138.5 0.9393497131916269 0.8825194267687303
138 0.9389908317796298 0.881844065321586
137.5 0.9381768546005274 0.8803139437290387
137 0.9375972233127845 0.8792306016618978
136.5 0.9372476388550408 0.8785676459530606
136 0.9361926694472462 0.8765967785161239
135.5 0.9355567170931447 0.8754054741803817
135 0.9351413287194905 0.8746306207832191
134.5 0.934176362604177 0.8728272355866086
134 0.9328844453033438 0.870416666800475
133.5 0.9324753156662031 0.8696452430500099
133 0.9318407495741079 0.8684686834777415
132.5 0.9307202002860845 0.8663863880472019
132 0.9306363952814005 0.8662273177696657
131.5 0.9289374120383387 0.8630679680119372
131 0.9279415884519006 0.8612174424680692
130.5 0.927190265973205 0.8598239858403772
130 0.9265619307628833 0.8586616103880454
129.5 0.9254624403503142 0.8566257693461894
129 0.9249545962666574 0.8556942606734286
128.5 0.9240100331527562 0.8539364338602226
128 0.9226976909617872 0.8515199087841572
127.5 0.9217034290020136 0.8496816375210795
127 0.9209500362486079 0.8482941343554465
126.5 0.9202120093723104 0.8469329434640979
126 0.919196304681488 0.8450616322779939
125.5 0.9183971189538349 0.8435992726390078
125 0.9176267145545751 0.8421812698393754
124.5 0.9166216403394333 0.8403397720773547
124 0.9157529894239926 0.8387463972374182
123.5 0.9156207065632374 0.838498043190736
123 0.9139136301227555 0.8353764668869714
122.5 0.9140592522670393 0.83564743868622
122 0.9121724370113079 0.8321991288264817
121.5 0.9106061681540908 0.829345700216497
121 0.9102786109191809 0.828753364204117
120.5 0.9098680955099121 0.8279990666223155
120 0.9079974711081461 0.8246010931594536
119.5 0.907926195577693 0.8244729216555902
119 0.9064548796241035 0.8218068382572307
118.5 0.9055991096567744 0.8202508281490308
118 0.9039925347438533 0.8173396758931819
117.5 0.9029632656413993 0.8154841614278782
117 0.9017480644901417 0.8132887843789459
116.5 0.9020388063304267 0.8138118789369483
116 0.8998050749720878 0.8097956649218987
115.5 0.8988679300391437 0.8081057201949462
115 0.8982379496908051 0.8069740690975286
114.5 0.8975621171220592 0.8057547481859226
114 0.896528678036782 0.8039049113679237
113.5 0.894716103199572 0.8006565058115696
113 0.8947137375744596 0.8006556715250356
112.5 0.8926239014264576 0.796923571558772
112 0.8917632862654117 0.7953827427209654
111.5 0.8908688043296482 0.7937916702099044
111 0.8890609353525283 0.7905703990206188
110.5 0.8877583360373056 0.7882520018499592
110 0.8860168532308604 0.7851660784058879
109.5 0.8844541442453088 0.7824045480827645
109 0.884789032655599 0.7829894158788099
108.5 0.8834434627624618 0.7806129400161673
108 0.8815345535192817 0.7772441167889526
107.5 0.8803401021660616 0.7751370357037444
107 0.8800970160863593 0.7747122497760809
106.5 0.8786642589293343 0.7721935842945723
106 0.8776768217273649 0.7704486211115436
105.5 0.8763719212620095 0.7681721118834125
105 0.8749265328166064 0.7656386712963204
104.5 0.8735472315463777 0.7632326138549472
104 0.8724408931435423 0.761293413628165
103.5 0.870830819642616 0.7584871594851749
103 0.8704465697749526 0.7578169072464344
102.5 0.8686426777962911 0.7546791278898954
102 0.8667180621977333 0.7513445029832173
101.5 0.8659041138965617 0.7499264597892552
101 0.8642631586038098 0.747101192944789
100.5 0.8626898003539403 0.744368662885692
100 0.862042728235895 0.7432571176392033
99.5 0.8594823500719946 0.738842693389278
99 0.8584251850262323 0.7370308670441719
98.5 0.8571155366901824 0.7347851821222333
98 0.8555640741072137 0.7321264121176158
97.5 0.8533340520297341 0.7283130222854567
97 0.8529107804020216 0.7275951878176385
96.5 0.8511920891446701 0.7246690773150934
96 0.8503440246744106 0.7232204586035542
95.5 0.8480121853438677 0.7192621081637661
95 0.8466465290902521 0.7169427295068266
94.5 0.8462435835533683 0.7162592241026342
94 0.8440230339176484 0.7125214078016763
93.5 0.8429341560978459 0.7106762073778472
93 0.8408908314240833 0.7072365291486485
92.5 0.8382219459051706 0.7027462857169043
92 0.8381244179689737 0.7025894839986323
91.5 0.8352442905945368 0.6977691505986826
91 0.8338639947249562 0.6954604061881426
90.5 0.8314866707716932 0.6915027115950988
90 0.8313514461368867 0.6912824980002179
89.5 0.8295813424624707 0.6883411155475229
89 0.8270408911841763 0.6841304955315406
88.5 0.826138538559585 0.6826419493778488
88 0.823287243272028 0.6779368639711302
87.5 0.8226385014488025 0.676863122785785
87 0.8198509925268747 0.6722853090843369
86.5 0.8176536391874678 0.6686879700853549
86 0.8166209091478718 0.6670056805780283
85.5 0.8148133045604855 0.6640500064915827
85 0.8125957709605006 0.6604381909649466
84.5 0.8120527848631749 0.659562376348973
84 0.8084061957883069 0.6536509400886905
83.5 0.8075529064676383 0.6522673502497323
83 0.8060220887998448 0.6498048278780643
82.5 0.8045249165495456 0.6473977058933773
82 0.8011867012037398 0.6420353904829534
81.5 0.8001474395671881 0.6403614524864649
81 0.7976235945970551 0.6363313246981968
80.5 0.7953206038637451 0.6326617890225863
80 0.7946668394621033 0.631623494496829
79.5 0.7916545533375114 0.6268397547705857
79 0.7904908834772751 0.6249989313065438
78.5 0.7876214568538144 0.6204646894535877
78 0.7870980599519846 0.619643049606318
77.5 0.7838995221725825 0.6146305573650115
77 0.7830758960919125 0.6133323435324306
76.5 0.7801268854746247 0.6087233379478347
76 0.7768768964567822 0.603667570930277
75.5 0.7758960305156481 0.6021442432622581
75 0.7738569148393917 0.5989839875626999
74.5 0.7703741113351347 0.5935999657415338
74 0.7697327521477753 0.59260422115448
73.5 0.766479878084635 0.5876078405062891
73 0.7642148723466758 0.5841558223397104
72.5 0.7629547395789108 0.58220888608224
72 0.7602016942317635 0.5780265560323605
71.5 0.7581219232093983 0.5748650371211457
71 0.7549049698781166 0.569990863390545
70.5 0.7529972067430922 0.5671117190680582
70 0.7501686584341054 0.5628703460926783
69.5 0.7482976454543049 0.5600706112852903
69 0.7464030055647151 0.557228631207832
68.5 0.7441860980247662 0.5539251011139172
68 0.7410788295975281 0.5493157593913575
67.5 0.7391133767304364 0.5463943021311904
67 0.7376144969819675 0.5441807848685135
66.5 0.7343125467853228 0.5393226182601722
66 0.7322934891956483 0.5363547855631038
65.5 0.7276745344134129 0.5296053976629871
65 0.7263919780411122 0.5277606929866853
64.5 0.7235149309183362 0.5235721326265278
64 0.7208791945093515 0.5197753665134942
63.5 0.7204231234484026 0.5191110902693796
63 0.7180148229500486 0.5156448488739873
62.5 0.7134383025770873 0.5091104901100958
62 0.7121277378525422 0.5072243772104723
61.5 0.7077690497747076 0.5010354998326564
61 0.7057881479203818 0.49823820373208344
60.5 0.702072931688274 0.49299499386425194
60 0.7017447284753349 0.49254824156045834
59.5 0.6978744247485247 0.48712461939424295
59 0.6933901587932643 0.4808738817292247
58.5 0.6911929492888943 0.4778363157932977
58 0.6897467330992852 0.4758392035627726
57.5 0.6879484547959973 0.47335485757242557
57 0.6855159820200032 0.4700124308948896
56.5 0.6811767009971466 0.4640819321537513
56 0.6787338420593076 0.46076751567694624
55.5 0.676261708212604 0.45741240162427377
55 0.6728532900752086 0.4528088376709471
54.5 0.6704546541353265 0.4495902526849871
54 0.6667491237057104 0.44463370231621585
53.5 0.6657271345965866 0.44326533019107794
53 0.6620326397160141 0.4383669515214347
52.5 0.6595804565131438 0.43513231547262166
52 0.6558678861059152 0.43023531597292447
51.5 0.6536404969302066 0.4273225559597239
51 0.6511194871925836 0.4240304590854704
50.5 0.6493768778265181 0.42175571712376553
50 0.6444091128844777 0.41532419995812014
49.5 0.6426036487896571 0.41301140343097437
49 0.6394726182997803 0.40899694190667374
48.5 0.6371704032237687 0.4060636962699028
48 0.6353523059849013 0.4037482166893393
47.5 0.6312121991105564 0.3984934706089636
47 0.6284999993176298 0.39506749264642343
46.5 0.6253643695456003 0.3911447181756506
46 0.6225266343010193 0.38761496264728545
45.5 0.6173815180387121 0.3812199555478787
45 0.6170324564690967 0.3807857596630015
44.5 0.6127995675202447 0.37557987478176963
44 0.6105636784356839 0.3728423309696161
43.5 0.6091083618330816 0.37107083366484195
43 0.604405867754557 0.36536343825508416
42.5 0.6036007083033958 0.36437830685310696
42 0.6020453835312336 0.3625107739134734
41.5 0.596903630704336 0.35634915246475923
41 0.5960702488933655 0.3553444542224244
40.5 0.5920293113967652 0.35055841623647005
40 0.5887235966295441 0.34663254817801054
39.5 0.5892968555540812 0.34730575149040577
39 0.5832509460122023 0.34023595601697326
38.5 0.5820443352401942 0.33881747747007657
38 0.5781061751846113 0.33424529135667214
37.5 0.5763879305571522 0.33226703764274423
37 0.5748757000839002 0.3305146370224149
36.5 0.5709284501062448 0.3259950236774076
36 0.5687788259688907 0.3235431314106893
35.5 0.5676242549504529 0.3222286517592296
35 0.5639915153056363 0.31811355322567897
34.5 0.5612263435723679 0.31500454504866715
34 0.5602218624815474 0.3138763712970864
33.5 0.5557114886391402 0.30884603872850064
33 0.5541422043165111 0.3070987383362989
32.5 0.5510000982226488 0.30361891351701914
32 0.5504446101941722 0.3030095062263367
31.5 0.5476772268199426 0.2999703083158739
31 0.545063243255768 0.29711414705670286
30.5 0.5421495985003504 0.29394125697262075
30 0.5392506018853778 0.29080927445866633
29.5 0.5375463750254833 0.2889688703456733
29 0.5365392609332743 0.2878896843535686
28.5 0.5343877812502995 0.28557912037573
28 0.5301899162784857 0.28111759641651013
27.5 0.5324296508079445 0.2834958561981194
27 0.5286778214538277 0.2795169682626157
26.5 0.5256463189608559 0.2763186339537263
26 0.5236138027109087 0.27418097427344795
25.5 0.5233772354422482 0.27393192574245434
25 0.5199059916818128 0.2703135239004568
24.5 0.5205780871584483 0.271009888287226
24 0.5183718763761156 0.2687166764040616
23.5 0.517175090577975 0.26747834497438294
23 0.5131491960997733 0.2633311755301821
22.5 0.5124400545678159 0.26259776476592706
22 0.5120126762966005 0.2621649433417187
21.5 0.5105189885563807 0.26063384876598755
21 0.5092857829269776 0.2593750687767066
20.5 0.5082387490860393 0.25831010526939363
20 0.503493866826744 0.2535111004518907
19.5 0.5036832977992974 0.2537031789881912
19 0.5045224017206983 0.254544897142208
18.5 0.5032697161339056 0.25328285840026815
18 0.5022290499035816 0.2522365436984208
17.5 0.5003207080643727 0.25032338353463585
17 0.499068581422014 0.24907138726337544
16.5 0.500102632079912 0.25010348873429095
16 0.4989268696212306 0.24892877232868
15.5 0.49820775464136585 0.24821192664627176
15 0.4979638636965112 0.24796960637564242
14.5 0.49668880514513636 0.2467015855420636
14 0.49607912644872015 0.2460950187110448
13.5 0.4963361319264731 0.2463508753090757
13 0.49425488253408656 0.24428812796825344
12.5 0.49417811896521197 0.24421224185037785
12 0.4931394519380016 0.2431868681080214
11.5 0.49344876220668743 0.24349192892289462
11 0.4933521622655458 0.24339648603276176
10.5 0.49239041646946424 0.24244841634674016
10 0.4924368300055453 0.24249411605309593
9.5 0.4921306650949438 0.24219276841771595
9 0.4917653821294023 0.2418332433664462
8.5 0.49159946188284237 0.24167007711175897
8 0.4914683649168071 0.241541190024318
7.5 0.49133221263472776 0.24140740673221892
7 0.49122964434335936 0.24130662357787727
6.5 0.49094654522794057 0.24102852383119458
6 0.4910556109011216 0.24113562975682606
5.5 0.4910307263371173 0.24111118353137972
5 0.49098359594054275 0.24106490628953758
4.5 0.49092434691063735 0.24100671851487043
4 0.4908856220483964 0.2409687036349175
3.5 0.490867146454422 0.24095055815674257
3 0.49079996239758045 0.24088460443820628
2.5 0.49079466234934654 0.24087940114553366
2 0.4907828573280469 0.24086781339599003
1.5 0.4907780987128142 0.24086314239676757
1 0.49077253292431916 0.24085767911549893
0.5 0.4907690395916151 0.24085425022507542
