1000 0.6359938061551165 0.4046134185545616
999.5 0.6362454740819716 0.4049305663846673
999 0.6362517919663269 0.4049430423286244
998.5 0.6362313371506597 0.4049155091727953
998 0.6362345414165117 0.40491658033128886
997.5 0.6362760596711226 0.40497142811309583
997 0.6362544933690346 0.40494367977603557
996.5 0.6360261792146927 0.404649779222975
996 0.6359206686075901 0.4045192662704139
995.5 0.6360695734170859 0.40470842725511685
995 0.6361542681367917 0.40481835517027276
994.5 0.6358908291845529 0.4044826421361025
994 0.6361233404421777 0.4047763818819904
993.5 0.6356745749604541 0.40420761427850493
993 0.6357449651298103 0.4042962457423482
992.5 0.635849431982179 0.40442828955111404
992 0.6360104400628088 0.40463286216442407
991.5 0.6359710649144364 0.4045803820327989
991 0.6360072618584529 0.40462688933356034
990.5 0.6360159823409179 0.4046424140679775
990 0.6358932389677295 0.4044839070213684
989.5 0.6358796231330418 0.4044628285330643
989 0.635865678602744 0.40444664397525654
988.5 0.636180590890223 0.4048517697616646
988 0.635683950386891 0.4042187796980033
987.5 0.6355622914007069 0.4040644399161367
987 0.6358369725567632 0.4044116540950952
986.5 0.6359210285417143 0.40451942796820917
986 0.6358182154322427 0.4043896805398566
985.5 0.6359977544615503 0.404619076924465
985 0.6356865387426597 0.40421821475168335
984.5 0.6359582774092127 0.4045637296296279
984 0.6359403847139881 0.40454345590230845
983.5 0.6356522866671116 0.40417705802909953
983 0.6357032081071456 0.40423864418367766
982.5 0.6357514753616745 0.40430223152029265
982 0.6355724745307371 0.4040744800296445
981.5 0.635841495753166 0.40442106838341335
981 0.63557131577844 0.40407608989591953
980.5 0.6357891713835564 0.4043525005298331
980 0.635662267840984 0.40418884539115163
979.5 0.6356996614488926 0.40423764964757264
979 0.6356081219618793 0.4041238983792172
978.5 0.6357314016282783 0.4042771786111095
978 0.6355082744961587 0.40399533301332
977.5 0.6357763637649033 0.4043346639450081
977 0.6356859032051587 0.4042181881254142
976.5 0.6355792624101234 0.40408475451677495
976 0.6354692798934999 0.40394149354284187
975.5 0.6355184811444348 0.40400670797828514
975 0.6354069045223831 0.4038652942140158
974.5 0.6356553238307616 0.4041822038693533
974 0.6355298309872911 0.4040221540332576
973.5 0.6354780043670988 0.4039539689266202
973 0.6354899181302458 0.4039733519164598
972.5 0.6357027090373014 0.4042416100713072
972 0.6355293654353699 0.4040209511907793
971.5 0.6355294841900907 0.4040219648412405
971 0.6353953551968846 0.40385093657818477
970.5 0.6355217848411523 0.40401039178290404
970 0.6352311657756692 0.40364126388647037
969.5 0.6353291198302129 0.40376793668638006
969 0.6354693594900185 0.403943871984195
968.5 0.6355352930614555 0.4040317043379935
968 0.635460837676103 0.40393564870226295
967.5 0.6354161133140347 0.4038797021126884
967 0.6353261161739613 0.40376354460700953
966.5 0.6350264175826277 0.4033823925109751
966 0.6351603790286704 0.4035539909011468
965.5 0.6352420670021263 0.4036570553556046
965 0.6351711715463897 0.4035706599071114
964.5 0.6352160366607726 0.40362534973387876
964 0.6352143561558651 0.4036221947452246
963.5 0.6354262220980283 0.40389191558623844
963 0.6350454251199535 0.4034078834595746
962.5 0.6351200306975703 0.40349850997785763
962 0.6351863802896189 0.4035876019504968
961.5 0.6350557032770513 0.40342317336476835
961 0.635217643547676 0.4036230764255819
960.5 0.6350552832400618 0.40341823786367836
960 0.635245277652334 0.403657160644506
959.5 0.6354542014970871 0.4039235745201534
959 0.6350755722282989 0.40344393406446477
958.5 0.6351612174093897 0.4035551583575794
958 0.6350129185329496 0.40336580079522877
957.5 0.6351438657026119 0.4035283557710013
957 0.6349528881034742 0.40328955744424
956.5 0.6351603457165977 0.4035500646521877
956 0.6351200159308604 0.4035008585846523
955.5 0.6351589784211759 0.4035539848307306
955 0.63500038607399 0.4033544833916933
954.5 0.6350197245166525 0.40337504374190547
954 0.6348988723557975 0.4032179044077828
953.5 0.6348663581968695 0.4031789291437939
953 0.6350055473568955 0.4033556777386492
952.5 0.634738608446913 0.4030169526471831
952 0.6346508866982618 0.4029043077930258
951.5 0.6348115692611226 0.40310784955220724
951 0.6347278721749141 0.40300312330344096
950.5 0.6348520782908444 0.40316305321105705
950 0.6349172857158973 0.4032444746478203
949.5 0.6349179000647958 0.40324551776407486
949 0.6348728778791755 0.40318625101889094
948.5 0.63498368274742 0.4033270651966528
948 0.6345876473974565 0.40282729671625095
947.5 0.6349975963765564 0.4033457592853344
947 0.6349507667863613 0.4032875826261699
946.5 0.6349892439179547 0.40333705891293936
946 0.6346210621064684 0.4028688390793679
945.5 0.6348151488760103 0.4031132269925963
945 0.6346465884011627 0.40289747091240585
944.5 0.6347005125369379 0.40297042952862955
944 0.6348050401578361 0.403100458514895
943.5 0.6345060288505915 0.4027193832474433
943 0.6344407182088733 0.4026408205878452
942.5 0.6346117358242054 0.40285718590849057
942 0.634521520328321 0.4027412946504237
941.5 0.6347023721308317 0.40297114106969767
941 0.6344770860685657 0.402685405310674
940.5 0.6346279954359451 0.402877272720168
940 0.6343035725125715 0.40246619044403537
939.5 0.6344798465845275 0.402691875483835
939 0.634507517831229 0.4027236672026178
938.5 0.634336079000248 0.40250682192816745
938 0.634478016090086 0.4026869553644396
937.5 0.6347715501908591 0.40305768591606
937 0.6342144489647211 0.40235184023648307
936.5 0.634690527593656 0.4029551227967043
936 0.6345858202967717 0.40282454012777463
935.5 0.6344920174655888 0.4026989923750821
935 0.6342208082574028 0.402362599991723
934.5 0.6343450461795797 0.4025162735473434
934 0.6345113410935403 0.40272977778238234
933.5 0.6343016175809592 0.4024625191217681
933 0.6343959620820896 0.40258209069604384
932.5 0.6345254137963703 0.40274620975982733
932 0.634237976080505 0.4023829728841773
931.5 0.6343846146747427 0.40256962534810103
931 0.6344842086003749 0.4026911269868836
930.5 0.6342915924204493 0.40245154956935
930 0.6344598619304661 0.4026624215919633
929.5 0.6343972364717616 0.40258473193391986
929 0.634362212597566 0.4025410850259392
928.5 0.634570266526436 0.40280010314402975
928 0.6341877161528873 0.4023191487392427
927.5 0.6343866539543119 0.4025707325349325
927 0.6341503785528487 0.40227004412665346
926.5 0.6341410838742038 0.4022582022538602
926 0.6340244633734851 0.4021091224635354
925.5 0.6345179473867667 0.4027388513052594
925 0.634287877352173 0.40244851799885845
924.5 0.6343454560137085 0.40251865120787245
924 0.6342840791755274 0.4024398448864597
923.5 0.6342110415194566 0.4023483202115225
923 0.6341931835048505 0.4023251300442977
922.5 0.634007153320581 0.40208833979855213
922 0.6339150097678172 0.40197411800785826
921.5 0.6340371461429787 0.40212506602258635
921 0.6341846171635276 0.4023145062289018
920.5 0.6340541503757068 0.4021498273283731
920 0.6339770006339344 0.40205060717795843
919.5 0.6341322931512463 0.4022504217452454
919 0.6338534119698874 0.4018937049712949
918.5 0.6341070283506586 0.40221875458491346
918 0.6340239310112566 0.4021094707382687
917.5 0.6337846934411208 0.4018091386718371
917 0.633885270811675 0.4019343174046418
916.5 0.6338537422064557 0.40189260562011697
916 0.633729660356274 0.40173671153660045
915.5 0.6341337297987494 0.40225090948624126
915 0.6338325283211943 0.4018690419183219
914.5 0.63378662706639 0.40181289207217274
914 0.6336992372739549 0.4016993031601983
913.5 0.6338095713107003 0.4018399420197273
913 0.633610904134439 0.4015871809756964
912.5 0.6336229646324207 0.4016009387800425
912 0.6336904939017752 0.4016885521934228
911.5 0.6334988407739154 0.4014448002704447
911 0.633663431094979 0.4016542766864222
910.5 0.6336604483311398 0.40164816259245256
910 0.6336578351665908 0.4016473186163577
909.5 0.6340885767342305 0.40218680269587276
909 0.6336025537198994 0.40158127587708725
908.5 0.633468911771438 0.4014046412007927
908 0.6336415221597287 0.40162764463788964
907.5 0.6338363377304727 0.4018738119567736
907 0.633586583790596 0.40155542570340663
906.5 0.6335356453148251 0.4014926112943753
906 0.6337305279302878 0.4017377988660895
905.5 0.6335345540906893 0.4014863352943955
905 0.6334007026861566 0.4013171650315877
904.5 0.6333908981090094 0.40130924812727453
904 0.6333978397954015 0.4013184056719567
903.5 0.6335641311416295 0.4015316196429048
903 0.633596275548432 0.4015702316612753
902.5 0.6335161408403286 0.40146866257705976
902 0.6333874890308681 0.40130829057252615
901.5 0.6334271721664961 0.4013533136040702
901 0.6334937149305221 0.4014393077354396
900.5 0.6332238697282889 0.40109732555766764
900 0.6336229546149926 0.40160309991831333
899.5 0.6332952676026461 0.40118697110564494
899 0.6332350523026617 0.4011104751893936
898.5 0.6331572643684588 0.4010105822355338
898 0.6331252344384143 0.40097182550146265
897.5 0.633289630315805 0.40117873802641596
897 0.6331211383354652 0.4009644872342615
896.5 0.6335946418850313 0.4015667654819687
896 0.6333220648546196 0.4012190365447745
895.5 0.6332300531624551 0.40110695518692946
895 0.6331351266588715 0.40098488022630946
894.5 0.633317992054356 0.4012173485335587
894 0.6330438815192038 0.4008682643593889
893.5 0.6332354666215617 0.4011128207829347
893 0.6332231323202637 0.4010980250350845
892.5 0.6332139710191526 0.401084089553765
892 0.633316298884473 0.40121486007488993
891.5 0.6333585392367257 0.4012657141071958
891 0.632843773268174 0.40061595755965185
890.5 0.6328655182882175 0.4006435366099143
890 0.6334453966216197 0.4013820888779506
889.5 0.6332783604546098 0.40117150696981296
889 0.6328363527573739 0.40060823164649717
888.5 0.6329037255903556 0.4006895464207745
888 0.6332650150022695 0.40114990614501056
887.5 0.6329967761130822 0.40081019815792357
887 0.6330847495269855 0.4009222527698312
886.5 0.6329602065379177 0.4007661061386584
886 0.6330929935561888 0.4009313712491122
885.5 0.6329213047758061 0.4007172255764646
885 0.6328550009450038 0.40063148937500814
884.5 0.6330434510251184 0.400871203908623
884 0.6328863723189402 0.40067035258399125
883.5 0.6328829403002338 0.4006646309281788
883 0.6326502398414966 0.40037310127844716
882.5 0.6328190150492283 0.4005866714080331
882 0.6329406011777596 0.40073850755998913
881.5 0.6327641586887208 0.40051472197054677
881 0.6330570496253085 0.400883859698443
880.5 0.6325930555200842 0.400295610265452
880 0.6326555189806986 0.40037729255841736
879.5 0.632904982316678 0.40069349589246994
879 0.6327209030537488 0.40045932698965986
878.5 0.6326974427784072 0.4004316284082741
878 0.6326001607215419 0.40030746013923857
877.5 0.632776001608325 0.40053436239916307
877 0.632751030828617 0.40049639756454275
876.5 0.6325758718620014 0.40027545189190655
876 0.6323382856703876 0.3999787557674568
875.5 0.6328455020973854 0.40061559654843015
875 0.6325766667656553 0.40027827399865085
874.5 0.6326256710091588 0.40033860464195087
874 0.6328471418060005 0.4006174069000519
873.5 0.6325473358930583 0.4002406694899892
873 0.6324550028869567 0.4001259375104197
872.5 0.6325970904133366 0.40030667335868225
872 0.6325604355455885 0.40025740755184314
871.5 0.6326201872050534 0.40033567372335377
871 0.6325137345631431 0.40020393752763267
870.5 0.6323333816542547 0.39996861178736914
870 0.632477324771379 0.4001497828679195
869.5 0.6324085067767885 0.40006803513336703
869 0.632505127556324 0.4001896280974705
868.5 0.6324133823377813 0.40007400645894664
868 0.6323633271567737 0.4000053700077799
867.5 0.6324913817227686 0.40016941546275525
867 0.6323709580981594 0.4000155918950929
866.5 0.6322491328022393 0.39986352396547975
866 0.6323549207304281 0.3999952215266308
865.5 0.6323942201839359 0.40004773536263877
865 0.6321693670767086 0.3997624293363256
864.5 0.6323321877320535 0.39997256656967906
864 0.6321840192935166 0.3997807904253463
863.5 0.6321373291122141 0.39972304866796055
863 0.6321248147488728 0.3997103148319261
862.5 0.6323207348629153 0.39995792045771117
862 0.6324294480673355 0.40009117335203825
861.5 0.6319806577735574 0.39952164711155835
861 0.6321730727539272 0.39976551360098206
860.5 0.6320667588447897 0.399635770766107
860 0.6321080162258689 0.3996878540952064
859.5 0.6321491138473674 0.39973774313664046
859 0.6318890518168381 0.3994059513858481
858.5 0.6322038680964202 0.3998074434963765
858 0.6319368666550481 0.3994690652718648
857.5 0.631877722505013 0.3993958463629828
857 0.6322007148145697 0.3998043721727962
856.5 0.6319754836403804 0.3995178620233446
856 0.6320760788238593 0.39964383528949077
855.5 0.6320025512581934 0.39955157788477424
855 0.6320943512249986 0.3996690592229239
854.5 0.6318118009047937 0.3993126854466968
854 0.6319569262378935 0.3994970439718398
853.5 0.6317700187489778 0.3992574897605689
853 0.6317107668381345 0.39918408762016366
852.5 0.6318966747522428 0.39941735317159843
852 0.6318770737421627 0.39939463879901116
851.5 0.6320615696883753 0.39962503898618623
851 0.6318306946889872 0.39933259826358836
850.5 0.6319213957994475 0.3994492609034358
850 0.6315870303489761 0.3990285721448463
849.5 0.6317503115159051 0.3992323699110377
849 0.6315503274702884 0.39897940565075407
848.5 0.6314516761594003 0.3988567530277831
848 0.6317781273804958 0.39926856597181803
847.5 0.6313663816716296 0.39874483858587556
847 0.6318504940579388 0.3993611548841183
846.5 0.6315788893859721 0.3990193466984411
846 0.6317760696499317 0.3992647335463757
845.5 0.6316230690055161 0.3990727470257387
845 0.6315859443207924 0.39902260255241656
844.5 0.6317647833444933 0.39925349956202677
844 0.6312497162375911 0.3986030998247448
843.5 0.6314569423794424 0.3988624655317964
843 0.631641976616745 0.3990981517200632
842.5 0.6315203368496973 0.39894440774872086
842 0.6313048068214355 0.3986704790718979
841.5 0.6314389127586136 0.39884166262400417
841 0.631368151911098 0.39875300851255596
840.5 0.631549590681472 0.3989814710849018
840 0.6313059954258683 0.39867197672553784
839.5 0.6313660481685968 0.39874831888681406
839 0.6315758715276089 0.39901491389306126
838.5 0.631405210722198 0.3987973014443485
838 0.6314038736927093 0.39879197316043336
837.5 0.6314270841748069 0.39882368687740416
837 0.6311492437823595 0.39847694033683423
836.5 0.6313497442824642 0.39872706787032697
836 0.631114924557927 0.3984322546042903
835.5 0.6311064914744754 0.3984215624857871
835 0.6312181740857938 0.39856154947293554
834.5 0.6312016690410511 0.39854048581552487
834 0.6312247938108202 0.3985708143492343
833.5 0.6312054638397452 0.3985457673302174
833 0.6312487894828814 0.3986011403355212
832.5 0.6310576694850145 0.39835765412690055
832 0.6312846685441655 0.39865025060418474
831.5 0.6307695965005301 0.3979958156442244
831 0.630962411365149 0.39823992329877334
830.5 0.6308905467818144 0.3981530163924252
830 0.6310789798432807 0.3983829924197237
829.5 0.6309978530480741 0.3982823015055711
829 0.6312154230776257 0.39855849510890545
828.5 0.6309318951193021 0.39820111486361
828 0.6309976761057707 0.39828223450841876
827.5 0.630757864102776 0.3979837321060085
827 0.6306952346009616 0.3979019546076222
826.5 0.6309508439992015 0.3982261259020633
826 0.6308855289714875 0.3981433657053334
825.5 0.63090483145284 0.3981650789371932
825 0.6309216972944272 0.3981863042170848
824.5 0.630998719669672 0.3982851414944147
824 0.6306417447857133 0.3978369498909886
823.5 0.630853760361675 0.39810216184290353
823 0.6307099660479694 0.3979200920184754
822.5 0.6311549101607898 0.398481019207939
822 0.630877585307563 0.39813296696221023
821.5 0.6307026863401152 0.3979080563929997
821 0.6309497677388495 0.39822474107940314
820.5 0.6305808439398947 0.3977606431705478
820 0.6304298227982551 0.39756781776131195
819.5 0.6305994649746982 0.39778601096929495
819 0.630638384398212 0.39783356034577516
818.5 0.6304281462093879 0.3975640687224898
818 0.6303416793125812 0.39745246242361776
817.5 0.6303658119354385 0.3974890548077108
817 0.6304304076122433 0.39756943369664005
816.5 0.6304991286950724 0.39765506622619734
816 0.6305235184705118 0.39768620464435084
815.5 0.6303714715258979 0.3974933835764745
815 0.6304529396592544 0.3975971509700933
814.5 0.6305149260121173 0.3976770180450873
814 0.630596377562706 0.39777748191545376
813.5 0.6303062004752755 0.3974119451307055
813 0.6305549215211352 0.3977240940448832
812.5 0.630297640423515 0.3974005124509586
812 0.6303530815920205 0.39746896444385377
811.5 0.6304018608067503 0.3975331688668951
811 0.6304453571818607 0.3975871178017444
810.5 0.6301942600415078 0.39727340234089104
810 0.630400631847986 0.3975311903403826
809.5 0.6303357538668546 0.39744711393156135
809 0.6302640109661168 0.3973583807502241
808.5 0.6301395842156011 0.3971984457016098
808 0.6302967249361082 0.3974002518066815
807.5 0.6303297677026091 0.3974402844103175
807 0.630203771566742 0.3972825391946508
806.5 0.6304459366096095 0.3975871579464907
806 0.6301240122996139 0.39718065166635197
805.5 0.6300612554737759 0.39710517376982885
805 0.6302501898634574 0.39734324838342233
804.5 0.6301042393672576 0.3971559904481235
804 0.6300460587142552 0.39708407712124116
803.5 0.6299384475897299 0.3969475790507333
803 0.630221239611333 0.397302426345841
802.5 0.6303087991166403 0.39741555946855117
802 0.6298451375335711 0.39682914298241445
801.5 0.6299383390341489 0.39694837385392273
801 0.6298754190807043 0.39686687796185033
800.5 0.6298994544532296 0.39689670828046
800 0.6300488682695078 0.3970896567159064
799.5 0.6299518799439762 0.3969639637247157
799 0.6299671881129607 0.39698394254423014
798.5 0.6297680395631662 0.3967373396756718
798 0.6299268937460422 0.39693216126886843
797.5 0.6297917654273162 0.3967600128636691
797 0.6297320312597741 0.3966882448374159
796.5 0.6297641890502543 0.39672967783786955
796 0.6298634832790558 0.39685349857928837
795.5 0.6296044823924076 0.39652494433350177
795 0.6296714109471175 0.3966112168829306
794.5 0.6296311821826064 0.39656282105511287
794 0.6295723813743674 0.3964842691879895
793.5 0.6296755133495904 0.39661886828203063
793 0.6297998593942722 0.3967739524490377
792.5 0.6294479163787818 0.3963326968418202
792 0.6294848059028841 0.39637407590323814
791.5 0.6293321699227057 0.3961829508665961
791 0.6298729216042831 0.39686649724880607
790.5 0.6294940585636313 0.3963875964310954
790 0.6296816004252553 0.39662354451217585
789.5 0.6295580652312952 0.3964676209681372
789 0.6295288471384262 0.39643164559993666
788.5 0.6295982384958428 0.39652208547845774
788 0.6293746506229362 0.3962382597028609
787.5 0.6295921387419011 0.3965110050974056
787 0.6294613227105463 0.39634794149619584
786.5 0.6293052798772377 0.3961544831949889
786 0.6296398794573232 0.39657111157231095
785.5 0.6294056267073699 0.39627668492416507
785 0.6291805641921342 0.3959916094499711
784.5 0.6293383025696907 0.3961928842292906
784 0.6292936461596368 0.39613701797924383
783.5 0.6293229714381795 0.3961736871316571
783 0.629073890139474 0.3958598404178398
782.5 0.6292452182710887 0.3960748991871795
782 0.6293710975163218 0.3962341954224844
781.5 0.6291046521741023 0.39589817640762576
781 0.6289407405402758 0.39569544564494397
780.5 0.6292665595324717 0.3961047447329497
780 0.629202814901263 0.39602412334901727
779.5 0.6286745939363131 0.39535496248678087
779 0.6290022280381736 0.3957670220815404
778.5 0.6292744757422473 0.3961105218032079
778 0.6292218585414214 0.3960483875673936
777.5 0.6292297053465564 0.396054454101586
777 0.6289781706779787 0.39573865288120086
776.5 0.6288186006061165 0.3955386004322393
776 0.6290073595974925 0.39577359026409975
775.5 0.6289270662342235 0.3956735670236513
775 0.6290028768639799 0.3957699074464132
774.5 0.6289567134510141 0.3957143618403723
774 0.6290249219015919 0.3957960533059127
773.5 0.6287788764567834 0.39549079689163275
773 0.6288210493879588 0.3955405283752814
772.5 0.6287637331744819 0.3954695883630378
772 0.6284501981532273 0.39507405652048216
771.5 0.6287994480061767 0.3955120844599499
771 0.6288284287272482 0.3955527088412664
770.5 0.6287684538453922 0.39547742125402624
770 0.6286728993919602 0.395359807417299
769.5 0.6285339718315038 0.39518051511943236
769 0.6285636901204785 0.3952146119428407
768.5 0.6286193638185518 0.39528732989904103
768 0.6285264123399802 0.39517522161779445
767.5 0.6286501199596076 0.3953253176176101
767 0.6285604582486689 0.39521221186099664
766.5 0.6284134815002622 0.39503097556017547
766 0.6283460207460437 0.394946176192
765.5 0.6285968409148405 0.39526260684761555
765 0.6284841667831539 0.3951175761849754
764.5 0.6283141508530251 0.39490494956675193
764 0.6283734040791872 0.39497771779261664
763.5 0.6283508536839949 0.39495257304936654
763 0.6284355499444136 0.3950605748235939
762.5 0.6285652547366336 0.3952169693613843
762 0.6281242912558884 0.3946676606131643
761.5 0.6280358190416481 0.39455567711623096
761 0.6284999976886232 0.39514016492349296
760.5 0.6284085194333987 0.39502219395720406
760 0.6281784617461613 0.3947348716800548
759.5 0.6282222153246313 0.3947887147016617
759 0.628223216322436 0.39479326672645054
758.5 0.6281447943469147 0.3946946333594797
758 0.6282587045642004 0.39483569463376056
757.5 0.6280827331543117 0.39461719946990487
757 0.6282559212446446 0.39483088963863283
756.5 0.6278512549303603 0.3943247526313472
756 0.6280945637330314 0.39462748741688897
755.5 0.6279431998142924 0.39443953331996595
755 0.6278501815376978 0.3943202461848855
754.5 0.6278302637022563 0.3942987392679557
754 0.6279346417761029 0.3944286595927668
753.5 0.6278063259953887 0.3942664850121496
753 0.627952345439503 0.3944500883159886
752.5 0.6276756962715051 0.3941070387575249
752 0.6278183935681243 0.3942806775953575
751.5 0.6279438613962933 0.3944349964634613
751 0.6280858772321428 0.3946167900325123
750.5 0.6277445590910645 0.39418872046000414
750 0.6277610561885076 0.3942107846508681
749.5 0.6278616133849636 0.3943348515278234
749 0.627682206921356 0.3941093869410077
748.5 0.6276855194248883 0.3941189364858097
748 0.6275859393211947 0.3939852207860843
747.5 0.6277993374702135 0.39425797453757244
747 0.6275654742884259 0.39396831770802415
746.5 0.6277686640262422 0.3942188732598466
746 0.6276619857706641 0.39408294434678
745.5 0.6274993488668987 0.39388373761525686
745 0.6276918638596416 0.3941216400588303
744.5 0.6277133571895194 0.39414974881232234
744 0.6276018585596902 0.39400960389110445
743.5 0.6274994035942725 0.39388065573497444
743 0.6273767918086468 0.39372650537340764
742.5 0.6274654744217375 0.3938381423739429
742 0.6276821274211785 0.3941146196545723
741.5 0.6275916451186665 0.3939966263596561
741 0.627532303447646 0.3939272587829927
740.5 0.6273037650859704 0.39363518743891274
740 0.6276195962658291 0.39403470832108284
739.5 0.627225940357516 0.39353838799022
739 0.6272211758552091 0.39353341406915116
738.5 0.6271217709369673 0.3934090588454292
738 0.627267654486918 0.39359323763319276
737.5 0.6272790968215418 0.3936084336863385
737 0.6271672440122588 0.3934670479025739
736.5 0.6273359892555077 0.39367870933840093
736 0.6275168598327198 0.39390322557608143
735.5 0.6270790438194678 0.3933525913836545
735 0.6271699838301631 0.3934675639068519
734.5 0.6271063596002736 0.3933873224206757
734 0.626913448186639 0.3931478850344363
733.5 0.6271369262377113 0.39342786543364877
733 0.6271070751792808 0.39338966296423244
732.5 0.6270920522729139 0.3933709868341696
732 0.6271894241140354 0.3934957785552979
731.5 0.6268194650240738 0.3930309577253046
731 0.6267866932984252 0.39298851255825407
730.5 0.6267362804371585 0.3929282781704042
730 0.6271001206573302 0.3933807868437464
729.5 0.6267006559774035 0.39287990481101076
729 0.6267345037665788 0.3929241475275007
728.5 0.6267864309597949 0.3929915837002408
728 0.6268023641888039 0.39300576136103194
727.5 0.6265648494842307 0.39271080499109756
727 0.6266928455354571 0.3928706845645848
726.5 0.6264463170641286 0.39256371909117904
726 0.6264478324901099 0.3925611585673048
725.5 0.62670291598608 0.392884911268683
725 0.6266575485526611 0.3928269297761932
724.5 0.626761321871358 0.39295748158452337
724 0.6266853652257399 0.39286063280866373
723.5 0.6266139087308039 0.3927704102783048
723 0.6265605141440406 0.3927043229633424
722.5 0.62648774224237 0.39261359511504296
722 0.6265385752902728 0.3926764610765041
721.5 0.626372016865925 0.3924694105428427
721 0.6265803826254887 0.39272662397639857
720.5 0.6263091861145892 0.39238991270399765
720 0.6264824465137437 0.3926054844034816
719.5 0.6262834423103562 0.3923547107869117
719 0.6260992228265337 0.3921291874508177
718.5 0.6263565763996805 0.39245265409010216
718 0.626080816240789 0.39210824074386214
717.5 0.6261423050843126 0.39218138849838563
717 0.6263868906107006 0.39248758671508327
716.5 0.6262830574970278 0.39235486065984665
716 0.626205987531244 0.3922592171940977
715.5 0.6260233559780258 0.3920327988008708
715 0.6261252450689871 0.3921585012993103
714.5 0.6260957684467204 0.3921264674832033
714 0.6263560119485891 0.39244910163850655
713.5 0.6260146684694499 0.3920191248718571
713 0.626082684560317 0.3921053933341912
712.5 0.6260533888475094 0.3920675391916393
712 0.6261891644728009 0.392242269446661
711.5 0.6260584452473629 0.39207385781439297
711 0.6259644857676551 0.3919599291256953
710.5 0.626090591810063 0.39211876570830756
710 0.6257347563175706 0.3916713621453643
709.5 0.6258768599725093 0.3918481524156865
709 0.6259651291438801 0.3919572261113976
708.5 0.6258756977533283 0.39184790987262125
708 0.6257408875126254 0.39167916097107724
707.5 0.6260386271679048 0.39205028384268154
707 0.6255763260405666 0.39146976776642034
706.5 0.6256404325636735 0.391555136468145
706 0.6255705677890984 0.3914637124617492
705.5 0.625880456874596 0.3918491695089084
705 0.6257043926489114 0.39163330279530323
704.5 0.6257144995448379 0.39164613931916376
704 0.6256506772989523 0.3915632584822584
703.5 0.6255703457404632 0.3914666537465001
703 0.6252890498059216 0.39111581597654055
702.5 0.6254631399591156 0.39133247791479486
702 0.6255902388769786 0.3914904449363312
701.5 0.625508797175846 0.39138957394503554
701 0.625544385496063 0.3914307953193529
700.5 0.6254762005078163 0.3913455274724755
700 0.6255686604339329 0.3914619570457643
699.5 0.6253825730998145 0.3912292382441495
699 0.6253286420532098 0.39116448129014303
698.5 0.6252329430424153 0.39104199721758587
698 0.6252909781799958 0.3911159517421818
697.5 0.6252567072663235 0.39107255018638654
697 0.6252765214505971 0.3910987321098595
696.5 0.6252371244390447 0.391049015327764
696 0.6251697584291224 0.39096443137533776
695.5 0.625225212275034 0.3910372178950505
695 0.6250232190992085 0.3907787384005975
694.5 0.6249039958954327 0.3906335469545929
694 0.6250447470615081 0.3908097802496682
693.5 0.6251360537591011 0.39092314772918396
693 0.6253145698134036 0.3911462372247074
692.5 0.6247653846853121 0.39045986280380107
692 0.6248337986232019 0.3905434327411659
691.5 0.6247076617361542 0.3903862429188746
691 0.6249917048871094 0.39074136192909775
690.5 0.6245558447380523 0.3901982126746454
690 0.6246375132635221 0.3902959353408374
689.5 0.6247233727636088 0.39040849930558313
689 0.6245550432548024 0.3901955272620616
688.5 0.6248460405052906 0.39055893933550023
688 0.6249617553866152 0.39070319123932906
687.5 0.6246823601486108 0.3903522000278415
687 0.6247943175559693 0.3904948555771524
686.5 0.6247741439049159 0.39047033736875914
686 0.6246432268563543 0.3903074126338947
685.5 0.6245571939307067 0.3901945048916654
685 0.6249018740413965 0.3906294222224832
684.5 0.624455013436919 0.3900719717470795
684 0.6246570449186845 0.39032329589640663
683.5 0.6245554467357681 0.39019682596219984
683 0.6246886187367461 0.3903641602780903
682.5 0.6241554398526801 0.3896981280048271
682 0.6244576934505456 0.3900791194794224
681.5 0.6246333966751844 0.390292584339802
681 0.6246639439599265 0.39033469220657296
680.5 0.6243335158784875 0.3899172285837174
680 0.6246742626185646 0.39034598630656875
679.5 0.6243273173876471 0.38991198853523157
679 0.624242994242734 0.38980653520882524
678.5 0.6242192549633107 0.38977958410225694
678 0.624128648617988 0.3896677769312012
677.5 0.6240941898223814 0.3896180085221429
677 0.6238992340077604 0.38937718608449057
676.5 0.6242619665305366 0.38983319276187783
676 0.6239635923307861 0.38945790131945374
675.5 0.6238803569814528 0.38935318005448205
675 0.6240495182474683 0.38956126475208946
674.5 0.6242793040166733 0.389849731604187
674 0.62413322253434 0.3896707184266428
673.5 0.6238710413707858 0.3893452771812704
673 0.6238663922482723 0.3893337777625014
672.5 0.6236366805598541 0.38904878758887373
672 0.6240197935266939 0.3895279100264388
671.5 0.6237345279230034 0.38917100994960646
671 0.6239004089745036 0.3893773845313988
670.5 0.62372836368463 0.38916183045606506
670 0.6238286025267441 0.3892889655475083
669.5 0.6241245744449921 0.3896575512428408
669 0.6238388849960241 0.38930380514036483
668.5 0.6237123080839745 0.3891445851813921
668 0.623718935337431 0.3891539318888471
667.5 0.6234430076656322 0.38881030427697216
667 0.6237650147491755 0.3892108766487452
666.5 0.6234623295776515 0.38883365023651634
666 0.6234619698683515 0.3888311136632244
665.5 0.6237293929531776 0.38916534406367814
665 0.6230964960838665 0.3883730138620089
664.5 0.6235999255718208 0.3890033382980792
664 0.6236742748217735 0.3890975221836477
663.5 0.6234868456203246 0.38886316173387075
663 0.6235198263237485 0.388903650928503
662.5 0.6231589911845254 0.38845364670591825
662 0.6232741544664281 0.38859959560067897
661.5 0.6233834572446799 0.3887347807131597
661 0.6233116221569746 0.3886442837239789
660.5 0.6233014716016556 0.3886321610861866
660 0.6233477922773084 0.38868765516995757
659.5 0.6231159587292991 0.3883996620817857
659 0.6232732852355956 0.38859649994159084
658.5 0.6233275226156924 0.38866459224250555
658 0.6230117310067624 0.38827119188665243
657.5 0.6227257185410741 0.3879182594194767
657 0.6230632514990766 0.3883331733552946
656.5 0.6228287479418113 0.38804248437480376
656 0.6229549005213206 0.38820178452492077
655.5 0.6229926285244842 0.38824612420291765
655 0.6229174798990949 0.38815325324639954
654.5 0.6231034433052557 0.3883853478050869
654 0.6228676156191868 0.3880926704484817
653.5 0.6227918413117264 0.3879988024366637
653 0.6229964599414405 0.3882512328732984
652.5 0.6228550519414532 0.3880741790253376
652 0.6226374607855313 0.3878072507966848
651.5 0.6227803805247362 0.3879822668773786
651 0.6228253637726429 0.3880410964566773
650.5 0.6226439194005544 0.38781636768489625
650 0.622705664639908 0.3878919579006988
649.5 0.6223594111698151 0.38745780590235485
649 0.6223966704187845 0.38750535982895307
648.5 0.6225057260827783 0.3876411892296811
648 0.6222716407972377 0.3873489292372207
647.5 0.6223081799875544 0.38739666498914493
647 0.6221052106718482 0.38714492615884705
646.5 0.6223235294596515 0.38741524768305086
646 0.6225294703449028 0.3876715183534789
645.5 0.6222678033007858 0.38734444161326026
645 0.6221144557692174 0.387156535642501
644.5 0.6221482930581261 0.3871945708240211
644 0.622221426513133 0.3872873969766538
643.5 0.6224696857890105 0.38759434494239126
643 0.6223219609095082 0.38741374578041704
642.5 0.6222086855767178 0.3872711765272113
642 0.6218963592782191 0.3868846489790639
641.5 0.6218778960624245 0.3868598118328196
641 0.6221254562801272 0.38716878734655225
640.5 0.6219606767371756 0.38696112409957756
640 0.6221170654806711 0.38715936778954124
639.5 0.6216328577708778 0.3865567583160978
639 0.6219250369855619 0.3869210877067661
638.5 0.6215325955123057 0.3864310624354088
638 0.6220284761834438 0.3870487835127612
637.5 0.6217072969147284 0.38664941523858776
637 0.6217377683069236 0.38668542651920146
636.5 0.6218123200699269 0.38677773038835767
636 0.6219297118971745 0.3869237556224861
635.5 0.6217949962005747 0.3867563475447146
635 0.6214996000473926 0.3863876645698443
634.5 0.6216359035410538 0.3865600316711642
634 0.6216251356444127 0.38654793777457375
633.5 0.621575297603198 0.3864833588251774
633 0.6213055816477648 0.3861482808675038
632.5 0.6217325420213946 0.3866803809542811
632 0.6216205266935596 0.386536856047127
631.5 0.62085744384132 0.38559126372041674
631 0.621456332564644 0.3863325611940661
630.5 0.6213810393163608 0.38624081832180446
630 0.6212381672490465 0.386063664912896
629.5 0.6215251390094222 0.38641931612742647
629 0.6215997431110941 0.38651461205417365
628.5 0.6212023713703486 0.38601620510178203
628 0.6211792979427732 0.38598773082634547
627.5 0.6212806274250257 0.3861156966708977
627 0.6210341716879009 0.3858145723639444
626.5 0.6209454993740696 0.3857027240417919
626 0.6210096793159662 0.38578281721456686
625.5 0.6212780595842378 0.38611339394202154
625 0.6209705691679378 0.385731516952143
624.5 0.6209624355632642 0.38572191677314016
624 0.6209115657903018 0.3856610543119146
623.5 0.6210128951533629 0.3857819791135272
623 0.6208920492366987 0.38563423480984593
622.5 0.6207960817972078 0.38551739327868784
622 0.6207826895593871 0.3854994715707235
621.5 0.6205770749416344 0.38524083354821814
621 0.620702291579535 0.38539938224087705
620.5 0.6209407034997898 0.38569353220220587
620 0.6207956264053385 0.3855162743742844
619.5 0.6205597183512465 0.3852229748608287
619 0.6205906986556092 0.3852629920332034
618.5 0.6206309797134917 0.3853118443103185
618 0.6207883158462033 0.3855025540395206
617.5 0.6207641173068299 0.3854778574823328
617 0.6206046717200039 0.38527848220513944
616.5 0.6207207387911636 0.3854218705445879
616 0.6204012278832364 0.38502468056937633
615.5 0.6205782592693784 0.3852443604995814
615 0.620367565914464 0.38498816840501665
614.5 0.6202776442200438 0.3848691977366673
614 0.6200978374699047 0.38464709655581736
613.5 0.6201571970082943 0.3847228033918826
613 0.6201171084973578 0.38467378939404234
612.5 0.6204942159082627 0.3851412252707997
612 0.6201221110034869 0.3846820426068888
611.5 0.6201670170464822 0.38473692745029797
611 0.6201555213488072 0.384720938796722
610.5 0.620175207707327 0.3847467070955
610 0.6199146432679551 0.38442154545628143
609.5 0.6199264242176543 0.3844373979878079
609 0.6199530363839392 0.38446709786869127
608.5 0.6197542875365177 0.3842235713508803
608 0.6196608547558197 0.38411183293135454
607.5 0.6200213564448437 0.3845542588870536
607 0.6197811464148284 0.3842581063548443
606.5 0.6199747151010947 0.3844919297348462
606 0.619605290566976 0.3840409790255159
605.5 0.6194685848772459 0.3838688627944171
605 0.6197410702078162 0.38420657500309985
604.5 0.6198846182028402 0.3843817465594224
604 0.6193280106387061 0.3836935858023568
603.5 0.6196185972712522 0.38405336882942076
603 0.6192570357997035 0.3836089732143049
602.5 0.6197084280141743 0.3841671371287335
602 0.6194164902180626 0.3838059778909036
601.5 0.6193776595947874 0.38375451545387695
601 0.6193082930021833 0.38366823593079513
600.5 0.6193003821022927 0.38366114512636484
600 0.6194278351660575 0.38381829927237227
599.5 0.6189886734946894 0.3832771603664818
599 0.6190310360029813 0.38332929891732825
598.5 0.6189182348230858 0.3831878588460738
598 0.6193579350535259 0.38373485675339775
597.5 0.6194281098559868 0.38382467503077483
597 0.6188249261124771 0.3830697572803314
596.5 0.6187206379975836 0.3829422568542654
596 0.618886130216891 0.3831495290044254
595.5 0.618924198764998 0.3831961600964635
595 0.6190171641485606 0.383309785267635
594.5 0.6189551487469309 0.38323150827706665
594 0.6188393404122198 0.38309038904205744
593.5 0.6189776341865358 0.3832635314485913
593 0.6187196926012483 0.38294197429871
592.5 0.6188285485188625 0.38307646015050045
592 0.6188117577043578 0.3830578156404716
591.5 0.6186384773424569 0.38284326762844195
591 0.6185070839793102 0.3826820568703615
590.5 0.6187684035057246 0.38300375845845686
590 0.6186455216446396 0.3828543315881223
589.5 0.6186431083344154 0.38285046527273725
589 0.6183101370985399 0.3824368804674776
588.5 0.6183711472885162 0.38251177584683554
588 0.6183156445517465 0.3824400309255288
587.5 0.6186132243036363 0.3828130804973508
587 0.6181496422818518 0.38223581144578384
586.5 0.6183292287699793 0.38246086438351984
586 0.6182589135040856 0.3823695918530439
585.5 0.6182982524972102 0.3824225083565594
585 0.6183333694663091 0.3824675921791431
584.5 0.6183669555306534 0.38250681968684
584 0.6180952419228042 0.38217350347364876
583.5 0.6181465668530829 0.38223522859949016
583 0.6180261058943558 0.3820841338303407
582.5 0.6180404782600449 0.38210011491675955
582 0.6179579048104984 0.3819974186180419
581.5 0.6178884264602518 0.3819117152621761
581 0.6180885021525641 0.38216324374862165
580.5 0.618096490957576 0.3821695634062781
580 0.6178696795460447 0.3818898757688769
579.5 0.6177701932423767 0.3817688503978033
579 0.6173999629587422 0.38131017528821787
578.5 0.6177922114034301 0.38179774585669385
578 0.6177073831894362 0.381692169248082
577.5 0.6173685420611467 0.3812690246942886
577 0.6176795910585187 0.3816582603666102
576.5 0.6178810689227138 0.3819079168156167
576 0.6174159787867974 0.38133360395674987
575.5 0.6173309794920943 0.3812273223588314
575 0.6174613930864935 0.38138694091565095
574.5 0.6176359370747063 0.3816053919636759
574 0.6175592982925747 0.38150997155945476
573.5 0.6177180750394017 0.3817045190081957
573 0.6172069959630672 0.38107334325224834
572.5 0.6171095674656586 0.3809495183020933
572 0.6171629722120148 0.3810172590985589
571.5 0.6170986896607121 0.38094140675748706
571 0.6172116421288076 0.3810817190535434
570.5 0.6171175842659294 0.3809636483299895
570 0.6170794765602539 0.380916446978445
569.5 0.6172698013578202 0.38115293138459255
569 0.6168324756746447 0.38061508501919966
568.5 0.6168852344082243 0.38067124800414875
568 0.6169908231659288 0.380805264682382
567.5 0.6168450342914769 0.3806271534580267
567 0.616837768582672 0.380616896326288
566.5 0.6168713220018998 0.3806586832617871
566 0.6169269288873875 0.38072893055798523
565.5 0.6168113938734628 0.380582418092547
565 0.6165042014895522 0.3802049395144882
564.5 0.6164821012384153 0.38018031396784796
564 0.6166272296044941 0.3803622323021347
563.5 0.6164634640645204 0.38015734732273904
563 0.6166450246197284 0.38037917666095594
562.5 0.6166678043103916 0.3804118900472531
562 0.6165436990912911 0.38025516212942007
561.5 0.6164039712495216 0.38008485108372936
561 0.6164093247195657 0.3800914980120357
560.5 0.6163162489486446 0.37997518734206587
560 0.616178687299725 0.3798091442892296
559.5 0.6161334814284659 0.37975185092038705
559 0.616010777021136 0.37959788132505484
558.5 0.6160271230547804 0.3796177385679362
558 0.6161356373786823 0.37975482746237893
557.5 0.6160817371552859 0.379685730042345
557 0.6158293715973929 0.37937774970395804
556.5 0.6159420204922585 0.3795134038449943
556 0.615986959636756 0.37956787088710797
555.5 0.6158114467494016 0.3793522814950259
555 0.6158653252200905 0.3794187787466039
554.5 0.6158550998514285 0.37940419402361375
554 0.6160152441828963 0.3796042103470688
553.5 0.615697357666149 0.3792110312079453
553 0.6156655031136159 0.379172550445284
552.5 0.6154820810011883 0.3789482322018311
552 0.6156184919911328 0.37911621158307435
551.5 0.615713230752755 0.3792321843285678
551 0.6156431026231189 0.3791436011666345
550.5 0.6151623866843827 0.3785527940277925
550 0.6155762333809522 0.37906533385145713
549.5 0.6152571695489707 0.37866813228559243
549 0.6152566587507345 0.37867134083699716
548.5 0.6153532983275036 0.3787910091398579
548 0.61535077607294 0.3787891706914886
547.5 0.6153370816173922 0.37876772703562966
547 0.6156160212682699 0.37911227551604915
546.5 0.615019925761208 0.37837894140669526
546 0.6149858621818431 0.37833524943132374
545.5 0.614971329017235 0.37831942338630303
545 0.615102071210295 0.37848130738997093
544.5 0.6149907106235923 0.3783424580987487
544 0.6149863146603664 0.3783390884487794
543.5 0.6149766318073444 0.37832645735466336
543 0.6148065529158518 0.3781203732644474
542.5 0.6147807252251328 0.378086018761326
542 0.6146914214021222 0.3779733938086056
541.5 0.6147298415110456 0.37802277730082423
541 0.6146828230816112 0.3779597844696625
540.5 0.6145632734615691 0.3778179393548464
540 0.614707207145495 0.37799427846391787
539.5 0.6148220116006675 0.3781374690166647
539 0.6144928329240081 0.37773001691041375
538.5 0.6145258140880431 0.3777705503751606
538 0.6144181034631819 0.3776435623606236
537.5 0.6141801367073157 0.37735219823572924
537 0.6141543436273599 0.3773150780832346
536.5 0.6141256809570421 0.37727950119091225
536 0.61390259835748 0.37700988809400554
535.5 0.6141836877183329 0.37735130718664256
535 0.613996199557305 0.37711874976904447
534.5 0.6137930600175209 0.3768721907272745
534 0.6140425488775136 0.37717702139576587
533.5 0.6138878275064524 0.3769871698416649
533 0.6140969197988049 0.37724681094782014
532.5 0.6138078218978458 0.3768878859324033
532 0.6139300126035188 0.377038059355646
531.5 0.6139187920767063 0.3770286749498415
531 0.6140151185020204 0.3771431539654059
530.5 0.6136860124125006 0.3767396813329193
530 0.613678277906096 0.3767334637617869
529.5 0.613727814238028 0.37679063505907984
529 0.6132705599316982 0.37622981403198275
528.5 0.613445873599694 0.3764496690117181
528 0.6135379746227162 0.3765589461160815
527.5 0.613671737661065 0.37672465064126187
527 0.6134870015158459 0.3764908905448545
526.5 0.61318176032903 0.3761243860566361
526 0.6132178130709047 0.3761646504995023
525.5 0.6132331489338697 0.3761873498958722
525 0.6132858624692877 0.37625113638398194
524.5 0.613191445741358 0.3761339534055525
524 0.6130300207482213 0.37593544355928604
523.5 0.6129828786035726 0.37587901395418427
523 0.6129895254591965 0.3758869262330678
522.5 0.6131334800586712 0.376067059994306
522 0.6129513247977882 0.375837804968402
521.5 0.612981762688316 0.3758784471437755
521 0.6129485932455888 0.37583609893506154
520.5 0.612757072625959 0.3756030875208493
520 0.6125688453434843 0.37537023370976724
519.5 0.6129694439969304 0.37585932543874545
519 0.6123805105762082 0.3751407120947107
518.5 0.612582762956065 0.37538674381899506
518 0.6125240432858804 0.37531654785697127
517.5 0.6123386575283803 0.3750913570080433
517 0.6124994951558681 0.3752849430882853
516.5 0.6122229842017631 0.3749480901317498
516 0.6125373015215498 0.37533165974198085
515.5 0.6122127678249704 0.3749343562214118
515 0.6122123711415491 0.3749339393133709
514.5 0.6122640419397076 0.37500015313702284
514 0.6121928887121342 0.3749086490268855
513.5 0.6121544122591757 0.3748645696744858
513 0.6116935827993041 0.37430025458273264
512.5 0.6120164932879703 0.37469507605992525
512 0.6118384886598389 0.3744774274148157
511.5 0.6118045211114036 0.3744341075283513
511 0.6115192588196231 0.3740879731323003
510.5 0.6116631317031334 0.3742634289104667
510 0.6116226646073791 0.3742128490039725
509.5 0.6116100510471464 0.37419752483258123
509 0.6116360728711561 0.3742281540727125
508.5 0.611310658163349 0.373830301420332
508 0.6115001084340035 0.37406125190901257
507.5 0.6112874780825873 0.3738025512947211
507 0.611279897855179 0.3737929391845096
506.5 0.6112773840982488 0.3737877843751867
506 0.6112246337486357 0.37372680915559586
505.5 0.6116028611675813 0.3741891628020239
505 0.6112126855518657 0.3737130342695469
504.5 0.6111742043445018 0.37366684975675696
504 0.6109843711524328 0.3734309728882184
503.5 0.6110608366960785 0.3735251522759932
503 0.611160634009489 0.37364718721349377
502.5 0.610854013394069 0.3732712189316772
502 0.6109786429200582 0.3734272961389937
501.5 0.6107619867231078 0.3731594726581039
501 0.6109567892463358 0.37339744028640365
500.5 0.6108738264595965 0.3732951112788681
500 0.6108049671328027 0.37321298227589783
499.5 0.6106360977762187 0.37300456195120696
499 0.6108334780286497 0.3732485952475778
498.5 0.6105920080857682 0.3729505599410658
498 0.6104150933382051 0.37273624403743366
497.5 0.6104478792595956 0.37277451430969377
497 0.6103681308695599 0.3726804078430437
496.5 0.6103008823576198 0.37259794421204
496 0.610616544072531 0.3729840895584184
495.5 0.6104017956647362 0.37272200333295397
495 0.6102560856594971 0.3725435450489887
494.5 0.6101036682480095 0.3723583109215758
494 0.610077400259419 0.372326436351289
493.5 0.6100300410086307 0.3722668971003112
493 0.6097282951558599 0.37190310071640514
492.5 0.6098878847189422 0.3720935241815036
492 0.6098454163334632 0.372040960955318
491.5 0.6098300106575756 0.37202590054231877
491 0.6097483635545464 0.37192811504320866
490.5 0.609376660918708 0.37146969987345024
490 0.6096642382344994 0.37182115210849775
489.5 0.6092594255996626 0.37132940988616187
489 0.609721610779199 0.37189259343379166
488.5 0.6095081270949948 0.37163030552050186
488 0.6094114442426836 0.37151025858080267
487.5 0.6093417164909244 0.37142982245851897
487 0.6091865582893795 0.37124220478714054
486.5 0.6092104289592055 0.3712635173983465
486 0.6094499889647134 0.3715625842080875
485.5 0.6091295409710336 0.371171081568018
485 0.6090622447654499 0.37108677253802236
484.5 0.608639441978629 0.37057061512301304
484 0.6092053601138948 0.37125792262686336
483.5 0.6090877540507762 0.3711193012531798
483 0.6087304838329752 0.37068282612336173
482.5 0.6085735894005627 0.370490448212393
482 0.6088483869049922 0.3708276056681051
481.5 0.6085337962331321 0.370450979542151
481 0.6087461965394402 0.37070098993543166
480.5 0.6084707609347221 0.37036773504857023
480 0.6084976923779823 0.3703974635289864
479.5 0.6085104045527028 0.3704108979543859
479 0.6084226327295998 0.3703076779328159
478.5 0.608332226559492 0.37019840755508576
478 0.6081312914770792 0.3699515996832436
477.5 0.6080100726723627 0.369808717409155
477 0.6080524327261526 0.3698594000328564
476.5 0.6080769923115812 0.36988979812991185
476 0.6079729556933218 0.3697649096677916
475.5 0.6079030089780413 0.3696784231066464
475 0.6078902066162224 0.3696634553724734
474.5 0.6078276489526869 0.3695849971935583
474 0.6078787748756415 0.3696480720514736
473.5 0.6076467150849472 0.36936671295321405
473 0.6078822116328805 0.3696526832763798
472.5 0.6075660303565134 0.36926546306087604
472 0.6073838975540102 0.36904671872616635
471.5 0.6075428844807406 0.36923998200779523
471 0.6075315935099046 0.36922532077688486
470.5 0.6074051168427252 0.3690750276127083
470 0.6072382297504966 0.3688705818531039
469.5 0.6075636849888009 0.36926228093879243
469 0.607139419979303 0.3687486340615464
468.5 0.607229347394443 0.368859234513118
468 0.6072411539754395 0.368870839032451
467.5 0.6071101227174611 0.36871209846621267
467 0.6070944265454159 0.3686932659283333
466.5 0.6070278791189437 0.36861476187002484
466 0.60703391557734 0.3686194765711318
465.5 0.6067174527673296 0.36823195485255245
465 0.6069322887306652 0.36849746434644515
464.5 0.6067208297311018 0.36823987035566125
464 0.6063926095981899 0.3678434217793583
463.5 0.6065026801037128 0.36797638385347914
463 0.6066011983256533 0.3680949078825909
462.5 0.6063877455129404 0.36783429027684306
462 0.606574616143852 0.3680670932961387
461.5 0.6063785786348094 0.3678286432453909
461 0.6065061879524434 0.36798281768275104
460.5 0.6058693395282962 0.367209636484454
460 0.6059929668159484 0.36735676408164625
459.5 0.6060072457175011 0.36737580279153437
459 0.6062824025860527 0.36771188286546563
458.5 0.605856229782464 0.36719346535839087
458 0.6059565368021369 0.3673166262048258
457.5 0.6057884229565018 0.3671109468603444
457 0.6056783719242393 0.3669760194595724
456.5 0.6055137100432131 0.36677927217552037
456 0.6055501621432103 0.36682041650223696
455.5 0.605736689767144 0.3670474144290306
455 0.6057494398459928 0.36706265047392983
454.5 0.6053946912653917 0.3666345328164685
454 0.6054982711243357 0.3667544759966007
453.5 0.6051208907083401 0.3663029441072408
453 0.605336078534752 0.3665623863572445
452.5 0.6051272217380408 0.3663112476447695
452 0.6047868893176508 0.3658990610666837
451.5 0.6053546318719034 0.3665839741307619
451 0.6050503749349279 0.36621899237749844
450.5 0.6047218457517983 0.36581860599734867
450 0.6047588245752468 0.36586556809003906
449.5 0.6045362612536002 0.36559113559530865
449 0.6049199095454757 0.3660576087099599
448.5 0.6045845500696281 0.3656539354222782
448 0.6044953760954901 0.3655443248349925
447.5 0.6044571815254224 0.3655007962104221
447 0.6044347537920153 0.36547189151935955
446.5 0.6043733680101371 0.36539985488146787
446 0.604184063302424 0.3651710596230957
445.5 0.6041472743783411 0.36512470094862787
445 0.6041787216303851 0.36516441422807694
444.5 0.6039594748802635 0.36489979436321524
444 0.6040958123702344 0.3650653262850496
443.5 0.6040722343787975 0.36503684813316734
443 0.6038873253536396 0.36481144392890463
442.5 0.6037237912050816 0.364617890506437
442 0.6038870485367333 0.3648088900200441
441.5 0.603546944008861 0.36440137611965884
441 0.6036912186889704 0.36457391701903674
440.5 0.603277943079748 0.3640782120903257
440 0.6037167917030466 0.36460698155129423
439.5 0.6034958631531017 0.36433988692457026
439 0.6033611700419874 0.3641783537852207
438.5 0.6032804913040201 0.36407797069664743
438 0.6033907910953897 0.36421637143658664
437.5 0.6033035291896562 0.36410526896441725
437 0.6030056399098009 0.36374851371160744
436.5 0.6029092761937236 0.3636340962937989
436 0.6030351281076377 0.3637827502800779
435.5 0.602941601068074 0.36366695501122787
435 0.6028150872644217 0.3635205693842074
434.5 0.6028698657601839 0.3635834661804354
434 0.6025270829570246 0.36316819034329234
433.5 0.6026825338425666 0.36336004246412024
433 0.6024753431876183 0.36310483628726914
432.5 0.6021672898128897 0.3627364441199461
432 0.6023105500744941 0.36291081011417275
431.5 0.6022329925821668 0.3628188188622768
431 0.6025197887324621 0.3631589735549396
430.5 0.6022016980949685 0.3627804232973939
430 0.6021083789623214 0.3626617730143061
429.5 0.6021431362505708 0.36271031960532907
429 0.6019924763584737 0.3625274178528044
428.5 0.6020394930288401 0.3625851606661377
428 0.6019282681220173 0.36244924855017935
427.5 0.6016376135145831 0.3621001875210389
427 0.6014322227566192 0.36185281850648454
426.5 0.6015996812445481 0.36205480169238796
426 0.601611295374059 0.36206632606507594
425.5 0.6016327733588344 0.36209145317139735
425 0.6015229509148482 0.36196323859979634
424.5 0.6015216256953305 0.36196017085741916
424 0.6012016123708906 0.3615768794055139
423.5 0.601558519708727 0.3620067582507503
423 0.6011334870439342 0.3614944345722815
422.5 0.6008252314382966 0.3611239385075257
422 0.6009847493515879 0.3613150073786765
421.5 0.6008901525408199 0.3612015273336759
421 0.6010134554266023 0.36135114235670696
420.5 0.6007719549736941 0.36106269116916834
420 0.6005789401690408 0.360829523297094
419.5 0.6006924332892033 0.36096256932346743
419 0.6004337355617562 0.36065168234662226
418.5 0.6003936251924493 0.3606047350518601
418 0.6001280680430015 0.3602843266894869
417.5 0.6004145745597601 0.3606287822543508
417 0.6003760442255404 0.36058731967580304
416.5 0.5999628969389379 0.3600850823571231
416 0.5999275986760948 0.36004647726684913
415.5 0.599849355781976 0.35994995977346883
415 0.6001711431809061 0.3603344845414176
414.5 0.6001248915630826 0.3602779935862796
414 0.5995007118806802 0.35953350198159656
413.5 0.599702870793009 0.3597745783989473
413 0.5996200366471433 0.35968015711290174
412.5 0.5995352857230997 0.359573704859179
412 0.5998344547418611 0.35993270378258807
411.5 0.5994088664228087 0.3594230394051896
411 0.5995598762752196 0.35960461386430875
410.5 0.5992286368253285 0.35920486934137014
410 0.5988376253609637 0.358739432152698
409.5 0.5990686288498643 0.3590189608896673
409 0.5988454749603824 0.3587479917169258
408.5 0.5989478418555348 0.35887402876020946
408 0.5987987349437828 0.35869523210634807
407.5 0.5985944146364521 0.35844363293988335
407 0.5985549081836575 0.35840284708401693
406.5 0.59855113879432 0.3583945447297463
406 0.5987595182284925 0.358646043494541
405.5 0.5985609521940306 0.358403841471169
405 0.5981735553387214 0.3579445156769078
404.5 0.598260282105366 0.35805178635584267
404 0.5985005756950262 0.35833382097371314
403.5 0.598038639791623 0.35778856008014404
403 0.5979499164223528 0.35767551661895725
402.5 0.5980517078346814 0.3577966517385674
402 0.5979861129015112 0.3577198446540014
401.5 0.5978853853658926 0.35759577798480663
401 0.5974692601642022 0.3571020525551827
400.5 0.5972638408037795 0.3568567110818892
400 0.5972560219685015 0.3568531556702964
399.5 0.597450581090072 0.3570805292695281
399 0.5974417133308073 0.35707057773339657
398.5 0.596827066179049 0.3563333247835512
398 0.5971994332758945 0.3567789392015163
397.5 0.5970964929156939 0.35665935476244953
397 0.59713958816529 0.35670556653056046
396.5 0.5967210390887354 0.3562124230415611
396 0.5968228482399763 0.3563306571970954
395.5 0.5967698208793883 0.356269217123586
395 0.5968069058699998 0.356313081300426
394.5 0.596669569769889 0.35614883456666263
394 0.5965540157491528 0.3560108600489622
393.5 0.5967095087338783 0.3561945676458424
393 0.5962843943170038 0.35569078263381954
392.5 0.5962663578720233 0.3556696107488558
392 0.5960697617255174 0.3554353930225921
391.5 0.5961076038255749 0.3554797093240285
391 0.5959155710520484 0.3552490933437187
390.5 0.5959341344677394 0.35526956173376706
390 0.5958394297480168 0.3551566715471302
389.5 0.595585388324911 0.35485369240449616
389 0.5954173764714841 0.3546545823771229
388.5 0.5956908074721731 0.3549811323354465
388 0.5953294982616422 0.3545512334902618
387.5 0.5952680922538349 0.354478363337115
387 0.5950687505861876 0.3542383959142878
386.5 0.595268400634358 0.35447720493856016
386 0.5950459948965595 0.3542097388820375
385.5 0.5950048713072932 0.354162699114187
385 0.5949916886336406 0.3541512875252649
384.5 0.5945631283856267 0.3536428444304392
384 0.5947180404129975 0.35382727643703055
383.5 0.5947676144714185 0.3538842189593569
383 0.5944873058786401 0.3535488651728224
382.5 0.5946114163253372 0.3536951414590168
382 0.5944468669133733 0.3534980813355274
381.5 0.5942247932802298 0.35324105242060977
381 0.5942463993428413 0.3532643842172232
380.5 0.5940056695763403 0.3529786485992041
380 0.5939019067136887 0.3528505491413886
379.5 0.5937885792314893 0.35271787994216885
379 0.5939523184050599 0.3529111485084194
378.5 0.5938808551751688 0.352825607244572
378 0.5936452072229662 0.3525476575900878
377.5 0.5934995828501147 0.35237371349331154
377 0.5932132357504558 0.35203810105625205
376.5 0.5936901127737126 0.3525992693323996
376 0.5931935358447331 0.35201259720626693
375.5 0.5929403749429056 0.35171203162727355
375 0.5928577303360718 0.3516132760090918
374.5 0.5927830834315547 0.3515284128131784
374 0.5928032786192059 0.35154700402791134
373.5 0.5930821521076974 0.3518809009000049
373 0.5927460866914278 0.3514826282290288
372.5 0.592285968758473 0.35094244412711173
372 0.5926458661097943 0.3513620550269767
371.5 0.5922501267426055 0.35089375226355374
371 0.592205902536497 0.35084320525899026
370.5 0.591941095788304 0.3505277612720453
370 0.5919576471675672 0.35054349503818993
369.5 0.5924460197472691 0.35112553150548026
369 0.5919832573511931 0.35057711973884276
368.5 0.5917468354751638 0.35029780883396555
368 0.5916923226920474 0.35023385329951273
367.5 0.5917428541779924 0.3502915959908028
367 0.5917012453233067 0.35024551171118845
366.5 0.5914768548387753 0.3499774305907875
366 0.5913317982857906 0.3498081963920388
365.5 0.5912474104956037 0.3497077900900939
365 0.5908940447534327 0.349292531314015
364.5 0.5908697608694936 0.34925996011323185
364 0.5908362538679515 0.3492221727771754
363.5 0.5909351160739076 0.3493374540768821
363 0.5903947008367048 0.3487034561215507
362.5 0.5905588039660467 0.34889482563797425
362 0.5905483437886424 0.3488836498603966
361.5 0.5904000926122429 0.3487046154027784
361 0.5901805879979716 0.3484475454048342
360.5 0.5899421001119761 0.3481666027234613
360 0.5901364372655366 0.34839594929768514
359.5 0.5897901256302412 0.34798776367292616
359 0.590044989623149 0.34828387166266633
358.5 0.5896567463527947 0.34782352943706657
358 0.589702341844742 0.34788249089824635
357.5 0.5897825089983271 0.34797960495664615
357 0.5893517916115083 0.3474730135846696
356.5 0.589512615079292 0.34765685034920374
356 0.5892349570807398 0.34733120100983783
355.5 0.5892520462534674 0.3473512187330169
355 0.5890705997032835 0.3471400419629282
354.5 0.5889655924504605 0.34701729705760365
354 0.5885739043226272 0.3465551463281495
353.5 0.5887818293233202 0.3467992650960247
353 0.5884957672562169 0.3464626295183387
352.5 0.5885642590161881 0.3465401904775652
352 0.588503442174168 0.34647077486726713
351.5 0.5881171675534177 0.34601590565090756
351 0.5883310970758775 0.34626568226873505
350.5 0.5880452993940082 0.345929685432487
350 0.5882046868554341 0.3461188870084921
349.5 0.5878299942129482 0.34567815908046606
349 0.5877783882097539 0.3456189455431921
348.5 0.5875602668324434 0.345359627750688
348 0.5872842056590905 0.34503703797498064
347.5 0.5871520027889504 0.34488128713595734
347 0.5873410625558951 0.3451072113388689
346.5 0.5871579296741235 0.3448887704108812
346 0.5870118739893074 0.3447215085499694
345.5 0.5870207402077031 0.34473074271705345
345 0.5869488167563373 0.3446459754342839
344.5 0.5867660084961259 0.34442908274828726
344 0.5863779327638182 0.3439736059747274
343.5 0.5864026332794018 0.3440053516746348
343 0.5863291275945655 0.34391671655483824
342.5 0.586392460927777 0.34398932234155466
342 0.5860676335943589 0.34361240363519846
341.5 0.5857520123508925 0.34323744916283166
341 0.5856973598336683 0.34317253824141764
340.5 0.5856654754591416 0.34313970460676985
340 0.5856618302368349 0.343134783488208
339.5 0.5856076956870337 0.3430718461468574
339 0.5852769113686567 0.3426862475343055
338.5 0.5851473684442368 0.3425321269458192
338 0.5850611832680255 0.3424307101035965
337.5 0.5850792307756765 0.34245111718320764
337 0.5847950268006902 0.3421237264166592
336.5 0.5846788848810481 0.3419840557583351
336 0.5849223922144214 0.3422658111021874
335.5 0.5845996032374201 0.3418912469613729
335 0.5843495130733575 0.3415957980015578
334.5 0.5845735100824418 0.34186264409111256
334 0.5844371906219371 0.34170582875063693
333.5 0.5840479983412646 0.34124957024577296
333 0.5841973838070345 0.3414204897295555
332.5 0.5841378606506724 0.3413530816931878
332 0.5838521616837521 0.341020280055623
331.5 0.583772047130217 0.3409257402427482
331 0.5835442501273382 0.3406580598615378
330.5 0.5831546517947859 0.3402072866708965
330 0.5829777708474058 0.3399994130149887
329.5 0.5828832780123747 0.3398843414657686
329 0.5827571045265322 0.33974012722777863
328.5 0.5832051225935074 0.34026349740971545
328 0.5827558358294312 0.33974159482694677
327.5 0.5826874347462639 0.3396594909896586
327 0.5827285179301439 0.33970887501675323
326.5 0.5822825804518235 0.33918929180922197
326 0.5824487166241997 0.3393835075483371
325.5 0.5823928460903752 0.33931500346586185
325 0.5820839849505318 0.33895818192589444
324.5 0.581682677126969 0.3384921528605253
324 0.5816517335177509 0.3384576081877893
323.5 0.5815234295192021 0.3383055821244671
323 0.5816287630109909 0.33842323335663566
322.5 0.5812208969567265 0.3379560367953847
322 0.5811545689015896 0.33787866080960544
321.5 0.581150492603035 0.33786972990133474
321 0.5812199308763198 0.3379535742033856
320.5 0.5808964579335606 0.3375778944333419
320 0.580534730331725 0.3371555861696003
319.5 0.5805443732707263 0.3371702120718173
319 0.5801585790704361 0.3367174899501671
318.5 0.5802579678826146 0.3368351814190689
318 0.5803395168443665 0.33692801780757714
317.5 0.5802015213232009 0.336768581512523
317 0.5800101191942449 0.33654814712394965
316.5 0.5798626426075083 0.3363765789024734
316 0.5795561467452616 0.3360226731948159
315.5 0.5795185237673066 0.33597801568932123
315 0.5792579072892782 0.3356782934038196
314.5 0.5793641002650839 0.33579713125215177
314 0.578901114477857 0.33526754236272827
313.5 0.579044971703583 0.33543263293167064
313 0.578864094859012 0.33521778924054574
312.5 0.5786728342522126 0.33499874964253024
312 0.5785305630566879 0.3348316667729739
311.5 0.577929114341551 0.33413951632925404
311 0.5781449552069285 0.3343909484875989
310.5 0.5781460649157144 0.3343860490552434
310 0.5778760436583036 0.3340755364549754
309.5 0.5778069221841444 0.333999016213594
309 0.5780190391896786 0.33424170419388416
308.5 0.5774309854588882 0.33356101600241156
308 0.5776533324122666 0.3338146601630617
307.5 0.5771280833717153 0.33321383433272883
307 0.5772467354050301 0.3333472265810663
306.5 0.5771582440504741 0.3332491482755093
306 0.5768766629164348 0.332921978284571
305.5 0.5764453088878707 0.3324249097022529
305 0.5764486099004871 0.33242686313684766
304.5 0.5766177008686733 0.33262552928567174
304 0.5763558005452948 0.3323219641077898
303.5 0.5762833874437873 0.33223798223803364
303 0.5759002924791764 0.3317984049108171
302.5 0.5757167068648299 0.33158552178448353
302 0.5755967646334995 0.3314495673299914
301.5 0.5756199636792277 0.3314741000209474
301 0.5758019836355277 0.33168470247651705
300.5 0.5748250422902162 0.3305616496514833
300 0.5749655941083688 0.3307215899579641
299.5 0.575024538671812 0.3307935717398955
299 0.5746143573147141 0.33031953069298403
298.5 0.575024979154177 0.3307893089522724
298 0.5745203494456775 0.3302114141957568
297.5 0.5741193311433609 0.329747127282716
297 0.5739747845154874 0.329584384967904
296.5 0.5739343830131542 0.3295375753952822
296 0.5734806810869778 0.3290172266852789
295.5 0.5736477009792637 0.3292127363489288
295 0.5734710290043394 0.32900497141570634
294.5 0.5731961604102676 0.3286885165395023
294 0.5732458188514891 0.32874634003451303
293.5 0.5731805982938915 0.32867317873312185
293 0.572568697097638 0.3279747402079911
292.5 0.5728690242238917 0.32831765392240875
292 0.5727619653222659 0.3281954869359522
291.5 0.5721956044628761 0.3275449580896208
291 0.5720585330273342 0.3273868682513465
290.5 0.5723676879028915 0.32773922740582123
290 0.5717974432828108 0.32709034319820524
289.5 0.5718964491407418 0.3272070781219756
289 0.5714776284298902 0.3267230590257866
288.5 0.570709508798942 0.3258454482711645
288 0.5714181494888102 0.32665663831477654
287.5 0.5708743729058328 0.3260368415727628
287 0.5709153889561449 0.32608003934094154
286.5 0.5706571197450787 0.3257891496604285
286 0.5702314597516331 0.32530199135079474
285.5 0.5705945964974152 0.32571146757485064
285 0.5701165582530716 0.3251711558988535
284.5 0.5703195432330813 0.3254001957112379
284 0.5697416527538837 0.3247471606102297
283.5 0.5701657884538035 0.3252261715050544
283 0.5695733758554081 0.32455442591251465
282.5 0.5694995282790879 0.32446416060300115
282 0.5692737615167142 0.3242059648049323
281.5 0.5689277345312757 0.32381276882241333
281 0.56923205605832 0.32416091558628046
280.5 0.5688917123627666 0.32377422329772876
280 0.5685335373458246 0.3233680336873495
279.5 0.5682205835981385 0.3230118136733723
279 0.5680243149480547 0.32278943068329224
278.5 0.5679761436125579 0.3227347822649242
278 0.5674134318878544 0.3220904221205702
277.5 0.5673930993244366 0.32206962390885535
277 0.5673815308507135 0.3220582836036682
276.5 0.5672869788851173 0.3219470069636295
276 0.5669929399793495 0.3216237966159708
275.5 0.5672113599139947 0.3218641284671534
275 0.5668737594101301 0.32148116725475756
274.5 0.5668773589679329 0.3214880672870488
274 0.5663238042719463 0.32086402606673237
273.5 0.5665359424654655 0.32110141527187647
273 0.5659912317808202 0.3204895621388459
272.5 0.5657950934206322 0.3202683816369253
272 0.5657917282525496 0.32025593412838027
271.5 0.5656676241298808 0.3201142189229099
271 0.5651209532085784 0.31949568160723146
270.5 0.5653584977551249 0.3197694111141584
270 0.5648606652544756 0.3192068582699618
269.5 0.5647352126356535 0.31906112020468047
269 0.5642968203288017 0.3185665626277698
268.5 0.564260036349312 0.3185264840609531
268 0.5642924847897387 0.31856075161023134
267.5 0.5637078133830775 0.3179069780382672
267 0.5637526828240101 0.317951552392604
266.5 0.5634446754118311 0.31760746149122854
266 0.5632668174168073 0.3174085965450096
265.5 0.5631349206448703 0.3172593073916216
265 0.5626335566404512 0.31669333173826264
264.5 0.5629905934533705 0.3170968344849136
264 0.5622133511933451 0.3162243726203756
263.5 0.5622456044042575 0.31626159478528165
263 0.5621258253221929 0.31612219213906406
262.5 0.5619176346742258 0.3158874020651906
262 0.561845420792076 0.31580728011048104
261.5 0.5615852981493314 0.3155162983644276
261 0.5612676931963628 0.31516167820185254
260.5 0.5611941580744296 0.3150723538729882
260 0.5610794233194982 0.31495026823742517
259.5 0.56066490848664 0.3144792169106186
259 0.5608521949258145 0.3146912415134316
258.5 0.5606757468069585 0.3144973327219505
258 0.560070914712293 0.3138171093219216
257.5 0.5599819088088969 0.3137149836118125
257 0.5598034076225732 0.31351518995149963
256.5 0.559341738408622 0.31299867845340384
256 0.5594282156208524 0.31310091895241776
255.5 0.5592138314871169 0.3128551963560429
255 0.5587654767285811 0.31235597728108927
254.5 0.5584493418169041 0.31200941401225446
254 0.5586252716813044 0.31220326598810005
253.5 0.5585602290871488 0.3121303824687783
253 0.5582107718942734 0.3117382375995859
252.5 0.5581245962786122 0.31164148824290466
252 0.5575400576262539 0.31098798130455585
251.5 0.5570643806492673 0.31045958088421205
251 0.5573624071698854 0.31078822404549117
250.5 0.5565307242459236 0.309865511770854
250 0.5567064005277623 0.31005894849105464
249.5 0.5568364817482353 0.31020745923821713
249 0.5563773996023191 0.3096888189393995
248.5 0.5559420238691917 0.3092086779498743
248 0.5562854601496919 0.30959441026723006
247.5 0.5558908654642731 0.30915468477440206
247 0.5554472975074471 0.3086612576663208
246.5 0.5553783549489975 0.3085822266997131
246 0.554794017113551 0.30793148048545255
245.5 0.5551026124193614 0.3082717277517571
245 0.5544082019771958 0.30750884149454627
244.5 0.5540789796454133 0.3071426934786325
244 0.5537270301924586 0.3067516613980854
243.5 0.5540227443918406 0.30707724192934394
243 0.5534243081071402 0.3064148148879824
242.5 0.5535095153651315 0.30651196917044543
242 0.5530204865356029 0.30596610854793793
241.5 0.5526216811873782 0.3055272402847309
241 0.5527348156701329 0.30565389168822277
240.5 0.5520966160217986 0.30494710662313995
240 0.5520551187375797 0.304902382784021
239.5 0.5519392562674322 0.30477363550321035
239 0.5518952733725602 0.3047253144914558
238.5 0.551128078459046 0.3038815932825481
238 0.5511992605591312 0.303961298388294
237.5 0.5511004342925913 0.30385186206227033
237 0.5506729640162659 0.3033801335138049
236.5 0.5503306885561476 0.30299997445366045
236 0.5505305925775087 0.3032223584814402
235.5 0.5499896676521097 0.302620462322478
235 0.5497078865979259 0.3023146567147695
234.5 0.5492061128492851 0.3017605291256522
234 0.5488109483054232 0.3013358794948962
233.5 0.5489635099902339 0.3014966620222477
233 0.5488517997026595 0.30137550592779594
232.5 0.5486926059755782 0.30120618239713487
232 0.547897454401487 0.30033036744964803
231.5 0.5480644869434599 0.30051314708548577
231 0.547717682916216 0.30013736351187514
230.5 0.5474566464404497 0.2998453246719003
230 0.5469910361225238 0.2993372189255363
229.5 0.5467458895347979 0.29907376866515917
229 0.5467500557004847 0.299075592544299
228.5 0.546401743158674 0.2986942316607401
228 0.5462272479084058 0.2985021378756666
227.5 0.5459386375081345 0.2981880499958906
227 0.545416283799251 0.2976183800042143
226.5 0.5451949787822175 0.29737630204685234
226 0.5448569478164048 0.29700704397318667
225.5 0.5449564033236368 0.29711220636947505
225 0.5446715364777794 0.2968081604354436
224.5 0.5441506723929879 0.2962362967341404
224 0.5440098151252208 0.296086842739475
223.5 0.5435647716409648 0.29560130792818357
223 0.5433663914990465 0.29538708368694716
222.5 0.5431470834520634 0.2951451048661445
222 0.5423086023915553 0.2942330319925072
221.5 0.5423944518122199 0.2943327161491006
221 0.5424482236478502 0.2943920469732279
220.5 0.5417885680513745 0.29367327759817385
220 0.5418942388116011 0.29378883531969463
219.5 0.5416328715558855 0.2935064362416707
219 0.5414126889031883 0.2932637677316805
218.5 0.5403488883836345 0.29211734195599504
218 0.5404361142259858 0.2922087355279313
217.5 0.5402824369583679 0.29204492343055144
217 0.5396312247109941 0.29134209846857556
216.5 0.5397985269825166 0.29151934013826936
216 0.539317300464531 0.2910020802039984
215.5 0.5391525696079679 0.2908233701945934
215 0.5386589922805262 0.29029787776172333
214.5 0.5382632278664983 0.28986543556365424
214 0.5383769545093251 0.2899869725991436
213.5 0.5380122881381508 0.2895976028071764
213 0.5378478147313955 0.28941702654573503
212.5 0.536892864748881 0.2883926612799126
212 0.5367156355333483 0.28820283778902983
211.5 0.5362244142132967 0.28768086719102487
211 0.5362315163691417 0.2876846698711435
210.5 0.5360011967249729 0.28743603759605224
210 0.5359100755379974 0.2873341884815081
209.5 0.5352642068810969 0.2866449305294241
209 0.5350392007474665 0.2864073001694832
208.5 0.534893437158532 0.28624747547267393
208 0.5343231167931218 0.28563377891508596
207.5 0.5339016215598498 0.2851926841794651
207 0.5336532984858211 0.28492542023920897
206.5 0.5332487925596189 0.2844916043965888
206 0.5335978968600448 0.2848659131816221
205.5 0.5325725555240312 0.2837735962973557
205 0.5327920084928351 0.28400740287436665
204.5 0.532051951963221 0.28321150814611606
204 0.5318899067123932 0.2830409676470909
203.5 0.5316918466829994 0.2828343755403015
203 0.5311366500120739 0.2822441543945186
202.5 0.5312473363303964 0.28236556631620163
202 0.5303632821446066 0.28142376257814505
201.5 0.53000903698554 0.28104877014185814
201 0.5296545336913164 0.28067024329573403
200.5 0.5293014211575939 0.2803018360177203
200 0.5292083724546042 0.28019589445959103
199.5 0.5285866597799826 0.2795389466931551
199 0.5279425294783318 0.27886050858035416
198.5 0.5280463585304823 0.2789704556119274
198 0.5276205108442066 0.2785255016613088
197.5 0.52720877872317 0.2780871651088251
197 0.5269293778110138 0.2777945933024522
196.5 0.5267928493019142 0.2776490637619234
196 0.5262453250828202 0.2770659661731424
195.5 0.5258989401789663 0.2767066292622391
195 0.5255310781181444 0.27632108107422904
194.5 0.5254314902467476 0.27621536105144034
194 0.5250716942900945 0.2758391085809365
193.5 0.5248430867603799 0.27559873836623655
193 0.5237323310432183 0.27443281362719596
192.5 0.5235744010215435 0.27426733249020213
192 0.5233416686880742 0.2740235290938768
191.5 0.5230434355294907 0.27371634572248055
191 0.5227998084974528 0.2734559125178678
190.5 0.5223089196189995 0.2729410496090517
190 0.5217292726093915 0.2723417634315444
189.5 0.5214951753733583 0.2720940861311478
189 0.5211602900037692 0.2717449166220973
188.5 0.5206690676625255 0.2712288048727203
188 0.520077312954853 0.2706176296823547
187.5 0.5204541074845169 0.27100635799489725
187 0.5195825055341842 0.2701040813108329
186.5 0.5190867199733447 0.26958805603890446
186 0.5187685640454981 0.2692607510844582
185.5 0.5185113228020473 0.26899054704421405
185 0.5180544284688552 0.2685127322834312
184.5 0.5178784851950786 0.26833518457110006
184 0.5173484802137426 0.26778476130907497
183.5 0.5166303300532884 0.26704613316647424
183 0.5163134133163473 0.2667192783082414
182.5 0.5160682400073875 0.2664626237816306
182 0.5155459771296105 0.26592461982569954
181.5 0.5151649564079975 0.2655321136839326
181 0.5145663818122063 0.2649170592582593
180.5 0.5141465545648882 0.26448504285473895
180 0.514114111782578 0.26444869892628203
179.5 0.5136311059034367 0.2639576999766256
179 0.5128129098661952 0.26311583351264706
178.5 0.5128021951247976 0.26310357089220293
178 0.5119191210858787 0.26219895149590244
177.5 0.5115262526271293 0.26179246602039036
177 0.5113087358074861 0.2615751420725166
176.5 0.5107219514311715 0.2609757544200465
176 0.5103293955973104 0.26056913574617674
175.5 0.5100604575374157 0.260300091550778
175 0.5095826651442116 0.25980842696322964
174.5 0.5090921140935225 0.2593152786937368
174 0.5085073460639535 0.2587099132992188
173.5 0.5078194035484662 0.2580192008964939
173 0.5079891743559285 0.25819032013885623
172.5 0.5075028627783167 0.2576970713618373
172 0.5066849289646667 0.25686627400168266
171.5 0.5063801626327831 0.2565552370836604
171 0.5058240962939674 0.2559948561980087
170.5 0.5051727207041423 0.25534093969500665
170 0.5047265859575311 0.25488186812444263
169.5 0.5043547675137738 0.25451105028204407
169 0.5039088563722585 0.25406709187301185
168.5 0.503663766798343 0.2538106340961905
168 0.5029271562799297 0.25307330364696123
167.5 0.5029195853206433 0.25306464019982067
167 0.5018985574350815 0.2520366268659566
166.5 0.5015552386808262 0.25169360745494423
166 0.5007022770858133 0.2508351578723883
165.5 0.5006018788048335 0.2507410174383802
165 0.4999541746330939 0.2500918473512011
164.5 0.4999633141989542 0.25009687280922904
164 0.4989613321016384 0.24909771087667965
163.5 0.4983729024077136 0.24851783212714953
163 0.4980211131232125 0.24815950113204854
162.5 0.49731561920942263 0.24745673429342552
162 0.4970299913113886 0.24717715427855938
161.5 0.49656357199437007 0.24670922434758952
161 0.4964964522861721 0.24664857315813898
160.5 0.49525749165774235 0.2454136005001067
160 0.4954745017306714 0.24563417525407097
159.5 0.4944856465462697 0.2446489271652184
159 0.49393983126063545 0.24411417914384553
158.5 0.4934513802796191 0.24363249390064964
158 0.4926641779287817 0.242848086317185
157.5 0.492036268907718 0.24223279133995773
157 0.4914966439213328 0.2417031409845653
156.5 0.49120334097640456 0.2414111192438695
156 0.4906372120030663 0.24086441141844833
155.5 0.4903336041328142 0.24056243298842703
155 0.4897201388935741 0.2399574819497207
154.5 0.48930430226288485 0.23955504675421557
154 0.4880405023846887 0.23831574514656093
153.5 0.4878155832341658 0.23809597843322106
153 0.4875314769833684 0.23781640577998134
152.5 0.4867545255383315 0.23706591604883379
152 0.48641841189619967 0.23673358634186153
151.5 0.48578058167910865 0.23611632310759184
151 0.4850220630372217 0.23537482530836706
150.5 0.484337145204439 0.2347162755115459
150 0.483560879045025 0.233959533368432
149.5 0.4832991582300238 0.23371058749725598
149 0.4822858022586803 0.2327347185682259
148.5 0.4814371594932089 0.23191076475361103
148 0.4806937534435771 0.23120130325131164
147.5 0.48028330445761924 0.2308035803321743
147 0.4797421950750314 0.23028441233289684
146.5 0.4796641937459099 0.23021356561665804
146 0.47849165728570825 0.2290845710843416
145.5 0.47857605439496254 0.22916717225441433
145 0.47745358392332204 0.22809040752544268
144.5 0.47740700602037617 0.2280491294096197
144 0.4764611389331143 0.22714611550383706
143.5 0.47576374388571185 0.2264851392217789
143 0.47476157748175124 0.22552892257790338
142.5 0.47452346878245266 0.22529864420847723
142 0.4739201111044463 0.22473504284310347
141.5 0.47352095174689546 0.22434939261802556
141 0.47289470474976686 0.22376354313853636
140.5 0.47166340641581883 0.2225968852698632
140 0.4714956499314682 0.22243665775525684
139.5 0.4702609054818104 0.2212751875094104
139 0.4698723162210359 0.22091127225388188
138.5 0.4693541203384158 0.22042435264366186
138 0.4681556527335668 0.2193028547338501
137.5 0.46740944098729337 0.21859908111416723
137 0.46703150094101437 0.2182475220272558
136.5 0.4662664284737731 0.21753525568752347
136 0.4655980081869327 0.21690970012417363
135.5 0.465128080942849 0.21646919807889586
135 0.46410962401551775 0.2155264355166331
134.5 0.4631768754067092 0.2146647270222715
134 0.4633913773113076 0.21486668066157366
133.5 0.4620850769995528 0.2136460723834283
133 0.46132902912818663 0.2129555688069218
132.5 0.4607716140857155 0.21243418235102848
132 0.4598233710964613 0.21156152619187676
131.5 0.45957485086800565 0.2113314992286291
131 0.4587567584540626 0.21059028784585065
130.5 0.4578672769866326 0.20976865349164206
130 0.4570589069454928 0.20902748953501393
129.5 0.45635152489225145 0.2083850904628686
129 0.4555099810502572 0.20761801189207707
128.5 0.45468390912696427 0.20686238638142496
128 0.45364434816854954 0.20592076693879152
127.5 0.4532563016532353 0.20556632198706778
127 0.45249698105805264 0.2048831932282384
126.5 0.4516968274782492 0.2041562431193376
126 0.45049874506377213 0.20307074635782382
125.5 0.44972848671060167 0.20238227835362727
125 0.4491503639043303 0.201861492776402
124.5 0.44867532278187644 0.2014385811324122
124 0.44740737773164935 0.20029710282962895
123.5 0.4470252775517132 0.19995221077774689
123 0.4459656722896863 0.19901147899195934
122.5 0.445209620146353 0.19833365554020585
122 0.44440023536825835 0.19762266619259503
121.5 0.4432247212447569 0.19657312936263543
121 0.4423248403672288 0.195772613677791
120.5 0.4418605538120826 0.19536613668917935
120 0.44112024067119376 0.19470524115820417
119.5 0.44062436606980177 0.19426700380213965
119 0.439063869376031 0.1928926871503438
118.5 0.4385905521899117 0.1924818158024591
118 0.43741269272091104 0.19144783299716858
117.5 0.4365931738100933 0.1907328016897996
117 0.4354941012844159 0.1897751688519522
116.5 0.43518229957169213 0.1895031157361363
116 0.4337844372007159 0.1882866329600557
115.5 0.4329101985969148 0.18753408449970282
115 0.43252665752995617 0.1872066560147674
114.5 0.4311072401152116 0.18597480769835356
114 0.42998199449856916 0.18500301457638313
113.5 0.4295659951008374 0.18465445775082753
113 0.4286753729385016 0.18388476653591698
112.5 0.4270647770425001 0.18250410257835356
112 0.42619941638146325 0.18176689970339657
111.5 0.42573091545824415 0.18137116581550536
111 0.42454298327881973 0.18035708935161918
110.5 0.4235807485649329 0.1795404046599257
110 0.42249416927993594 0.17862209159554104
109.5 0.42155819418737756 0.1778203826787941
109 0.42035977978818645 0.176819421906742
108.5 0.420260986647677 0.17673948934083755
108 0.41946144469543384 0.17606728431649735
107.5 0.4173856076451151 0.17432979420911449
107 0.41703583651622855 0.1740352320546598
106.5 0.4152257906309304 0.1725307153332647
106 0.4149448047004837 0.17229513140313193
105.5 0.4137855570947797 0.17133111520416722
105 0.4119792084356977 0.16984164926429335
104.5 0.41139857168507316 0.16935740839030156
104 0.4102371003884476 0.16840791388659818
103.5 0.4093153825977336 0.16764723756210195
103 0.4085694805862592 0.1670379860921503
102.5 0.407669630554498 0.16630427387263227
102 0.40653273759394853 0.16537797082639222
101.5 0.4050719445286706 0.16420181753038152
101 0.4035600822571268 0.16297505948154062
100.5 0.4031057470334254 0.16260344613766667
100 0.4020435916182916 0.16174286138281102
99.5 0.40106779242228735 0.16096968684709448
99 0.40005543456329584 0.16014872825539275
98.5 0.3991982333957116 0.15946742398284602
98 0.39786789171444187 0.15840566884035737
97.5 0.3965459672476062 0.1573559353321356
97 0.39531683708869114 0.1563856279794847
96.5 0.3947573082517734 0.15593903285761362
96 0.3934206652979183 0.15488157763182844
95.5 0.3913438980714236 0.15324995482869547
95 0.3908529826787764 0.15287652654729958
94.5 0.3894199962294948 0.15175905489792532
94 0.3887456659241446 0.15122181794502582
93.5 0.38671006134470176 0.1496469380631328
93 0.3859297888818982 0.1490426060209539
92.5 0.38429176856206365 0.1477857882839347
92 0.38425151365483423 0.14775599574331844
91.5 0.38169849300790915 0.1457941868367677
91 0.3813348518509363 0.1455209789284554
90.5 0.37949287388020736 0.1441224274292415
90 0.378642605961486 0.1434770496639206
89.5 0.3773549132527097 0.14249567726578496
89 0.37585777844790197 0.14136954794978243
88.5 0.3749926165933434 0.14072107567605646
88 0.3734277105059024 0.13954583598192308
87.5 0.37219645966692416 0.1386311730138309
87 0.37124753315328585 0.13792308749802473
86.5 0.369431131782879 0.1365749541562829
86 0.36806264277494255 0.1355690877655444
85.5 0.36696527403033086 0.1347584295497766
85 0.3658080800424938 0.13390676107061247
84.5 0.36500872846456656 0.13332557108604476
84 0.36321594118923445 0.13202283480486357
83.5 0.3609652056064039 0.1303874751699826
83 0.36007266954173756 0.12974762595422434
82.5 0.3590391742372837 0.12900081622214926
82 0.35744251932851345 0.12785461566978332
81.5 0.3558829501583666 0.1267474092378464
81 0.35471246576770515 0.1259133498865305
80.5 0.3536877027416825 0.12518322116727104
80 0.3520778284607718 0.12404800587785648
79.5 0.35025886919773097 0.12276810897288172
79 0.348434544382488 0.12149583081684422
78.5 0.3478833920937369 0.12111465104414772
78 0.34628124345539657 0.12000202581045885
77.5 0.3447085983000848 0.11891079862981663
77 0.3439070398596453 0.11835862754237221
76.5 0.34156108722203843 0.11674870471210441
76 0.3403692757975334 0.11593667040177545
75.5 0.33972632873835173 0.11550168135399856
75 0.3378336584198136 0.11421029497697055
74.5 0.33571708104554904 0.112784326749153
74 0.33475582727666375 0.11214263609893109
73.5 0.33232910072690774 0.11051962146655898
73 0.3310861522010161 0.10969834317374408
72.5 0.3299626704492938 0.1089533908418335
72 0.328457827010758 0.10796673625548339
71.5 0.32661127126033085 0.10675546320035273
71 0.3248833740322147 0.10562565350989152
70.5 0.32354107524082165 0.10475412365208457
70 0.3215042901616841 0.10343734477577561
69.5 0.32053611963427986 0.10282234918713536
69 0.3192139434471533 0.10197064471274916
68.5 0.3169533921606904 0.10053761024863365
68 0.315709778986374 0.09974504507408748
67.5 0.31419082416331306 0.0987932681599416
67 0.31277633818781675 0.09790355314114424
66.5 0.31067587642965216 0.09659166440120565
66 0.3091386091004852 0.09563265165972973
65.5 0.3071693800516139 0.09442210213402662
65 0.30555971189522413 0.09343942719707717
64.5 0.3038171137507385 0.0923713941200412
64 0.3029253436027711 0.09182945376924186
63.5 0.3001669449345348 0.09016839749621186
63 0.29914733090211365 0.08955841343271119
62.5 0.296500610217677 0.08797845373012053
62 0.2951218555965495 0.08716130579083083
61.5 0.29394319860591944 0.08646601464175599
61 0.2922750088769848 0.08549058376970896
60.5 0.2906580850879587 0.08454418865409036
60 0.2883731916526737 0.08321939580283891
59.5 0.28715854577848293 0.08251977384384242
59 0.2857206053362118 0.0816934149094978
58.5 0.28351160598512315 0.08043694505272649
58 0.28206263475794113 0.07962325477906124
57.5 0.2799505180459172 0.07843072168808472
57 0.2783161628038193 0.07751929050860412
56.5 0.27582247526121606 0.07613855583289823
56 0.2745896036923227 0.07545903278655794
55.5 0.2725188725469977 0.0743221305740405
55 0.27103531475182663 0.07351124230033144
54.5 0.2690854433406418 0.07246025205122207
54 0.26738375294558625 0.07155040538602604
53.5 0.2653893773792471 0.07049164485505637
53 0.2642599944234539 0.06988093485644706
52.5 0.2614415099695226 0.06840257472193738
52 0.2597233756335177 0.0675107411190116
51.5 0.25802209171634355 0.06662417385783227
51 0.2561243274462862 0.06564923659695407
50.5 0.25474090455558196 0.06494139331160434
50 0.2516122076006759 0.06335939970870692
49.5 0.250556897881383 0.06282167077654405
49 0.24848801356498018 0.06179172023192682
48.5 0.24682470350474822 0.06096736625751554
48 0.2449586756601393 0.060051556858524355
47.5 0.2428233697616173 0.05900963911028022
47 0.2409009088952895 0.05807515641904297
46.5 0.23857520127463647 0.05695849807874486
46 0.2373064052407043 0.05635142328975115
45.5 0.23491861799608818 0.05522635013581936
45 0.2337380321072717 0.054675420058801945
44.5 0.23107418459518317 0.05343335545441076
44 0.22867015654912828 0.052332474647592685
43.5 0.2264457778120088 0.05131795692858495
43 0.22550089533990184 0.05088682991054826
42.5 0.2231226087251647 0.049819543772924746
42 0.22080935788273703 0.04878680308633511
41.5 0.21868162630532634 0.04785903099228846
41 0.2175090482595602 0.04734874048407332
40.5 0.215198649024152 0.046345720808683565
40 0.21317712884944034 0.04547322804473681
39.5 0.21141041267585725 0.04472903488066946
39 0.20905310216084474 0.043734393823541204
38.5 0.20661193285060528 0.04271802321015513
38 0.20446147951896207 0.04183573334485424
37.5 0.20225769315202477 0.040934418811097655
37 0.20124058658005686 0.04052389218738474
36.5 0.19851598737304035 0.03943260101015059
36 0.1971154545759504 0.03888141493659578
35.5 0.1945824981283483 0.037887685314570214
35 0.19280866533018076 0.03720164027024045
34.5 0.19019187201619722 0.03619628857356157
34 0.1883019456590053 0.03548409177282565
33.5 0.1865454982391021 0.03482278147633825
33 0.18520818145855522 0.0343233309226088
32.5 0.18276619309370856 0.03342463201103832
32 0.18025828995793486 0.03251408212355309
31.5 0.17903371323539272 0.032075248931589265
31 0.17610188141043595 0.031030716737430464
30.5 0.17410894431885116 0.030334130275398764
30 0.1727147744821773 0.029846770361188702
29.5 0.17108711295397278 0.029286420173473784
29 0.16674560127039742 0.027820786121629706
28.5 0.16531877883623108 0.02734930901693333
28 0.16375032456693506 0.026828441939561864
27.5 0.16189873766487206 0.02622494765785147
27 0.15952922286423835 0.025459918007917016
26.5 0.15888904521348585 0.025258437691963613
26 0.15536013687842073 0.024152108764810123
25.5 0.15411168606832593 0.023761419735946688
25 0.15250878253021102 0.023273996202415336
24.5 0.1500676167882282 0.02253002023980832
24 0.14896724226983898 0.022204341563083
23.5 0.14677415050503048 0.021555145411590194
23 0.14499185511600884 0.021034060799639428
22.5 0.1428729843356407 0.020422920087726976
22 0.14145581007262312 0.020015695650978372
21.5 0.1388911324030978 0.019295802559113895
21 0.1362915059825973 0.018585881697714454
20.5 0.136344384287354 0.01859574940842591
20 0.13410256290948064 0.01799122572536926
19.5 0.13196115604377112 0.017422338556230543
19 0.12999178163071606 0.01690413957015611
18.5 0.12899085004367608 0.016643626952042377
18 0.12565390842799004 0.015793703048680885
17.5 0.12508758264244443 0.01565104645613576
17 0.1244573277038419 0.015492308235483693
16.5 0.12222081449182488 0.01494229568337594
16 0.12063259584641912 0.014557391706034678
15.5 0.11953569274501019 0.014291950495694995
15 0.1179504179244685 0.013915827711657754
14.5 0.11583857374894997 0.01342071893744039
14 0.11475699448981444 0.013171325802446777
13.5 0.11433736664182043 0.013075882502826985
13 0.11300493053319645 0.012772739785068018
12.5 0.11060556976958746 0.012236252983272891
12 0.10982841195756567 0.012063425769342651
11.5 0.10887489811182223 0.011854900384176165
11 0.10663001673804286 0.011370931132016694
10.5 0.10510991835654948 0.011048636407197747
10 0.10569841492220906 0.011172687744014148
9.5 0.1050371929772529 0.011033283302790938
9 0.10484098700096857 0.010991985611941434
8.5 0.10468127389758161 0.010958393254854357
8 0.1034925494423268 0.010711032178862238
7.5 0.10257800489584609 0.01052244667873969
7 0.10208697449008972 0.010421890698546498
6.5 0.10129213995254233 0.01026025340229764
6 0.10103136015052498 0.010207378779004784
5.5 0.10087276642991348 0.010175393726830744
5 0.10053252591713387 0.010106836732063196
4.5 0.1003712686725137 0.010074421258704232
4 0.10029097550519613 0.010058297030090192
3.5 0.10021844858374618 0.010043749551029936
3 0.10005185100408867 0.01001038263416966
2.5 0.09998086696398571 0.009996176414415267
2 0.09992562188771613 0.00998513157661878
1.5 0.09988688136151566 0.009977390080709466
1 0.09986532258121257 0.009973082850532168
0.5 0.09985554194317138 0.009971129274128274
