1000 1.0286303879438756 1.0581964064125529
999.5 1.0285600012706033 1.0580513231377209
999 1.0286174576165352 1.0581702144517846
998.5 1.0286515569252823 1.0582388852694244
998 1.0284817512932165 1.057890300886326
997.5 1.0284724041132134 1.057871043505171
997 1.02860773306761 1.0581503449781846
996.5 1.028591674978349 1.0581182865364636
996 1.0284998153638265 1.0579269816441605
995.5 1.0283703499797072 1.057662412999965
995 1.0286731159629685 1.0582842968379682
994.5 1.0284094891455355 1.057740391674186
994 1.0283630354293924 1.0576463107295957
993.5 1.0286040242796834 1.058141506053718
993 1.0284940141666088 1.057915029727416
992.5 1.0285991012345468 1.0581319556457607
992 1.028432928603736 1.0577906166442037
991.5 1.028397836933472 1.0577183521989946
991 1.028187367226029 1.057285519531961
990.5 1.0282229263724583 1.0573603706194856
990 1.0284239691721757 1.0577732691075943
989.5 1.0283038749522269 1.0575251782169874
989 1.0287578724971274 1.058460411503857
988.5 1.02857199666104 1.0580765028945693
988 1.028324822652178 1.057569655044628
987.5 1.0285199502480886 1.0579688389348245
987 1.0280725243805822 1.057049367013002
986.5 1.0282110215637537 1.0573352757024301
986 1.0285079486295183 1.0579450838985514
985.5 1.0281893960040855 1.0572884215928893
985 1.0281388901392472 1.0571853697108313
984.5 1.0282446957003373 1.0574025828370965
984 1.0284017139438077 1.0577261292365285
983.5 1.0283828164091975 1.057689811968475
983 1.0281921955001385 1.057294333973245
982.5 1.0283277420906447 1.0575716984301047
982 1.0282941193749051 1.0575047844154355
981.5 1.028315166623401 1.0575509039857633
981 1.028214092421375 1.057342778289996
980.5 1.0281966523380097 1.0573086430161625
980 1.0283059604660565 1.0575288975177324
979.5 1.0282785194829394 1.0574728874854205
979 1.0282895382666386 1.057493751223367
978.5 1.028157106182051 1.0572247939171562
978 1.028028895491324 1.0569598816427719
977.5 1.0281188082753587 1.057145381923827
977 1.0282229355757706 1.057358376211748
976.5 1.0280911669206334 1.0570871978637948
976 1.0280637752802544 1.0570330845029818
975.5 1.0280269950763887 1.0569572707999941
975 1.0280683915547684 1.05704211217051
974.5 1.027957929982899 1.0568128330072566
974 1.0279958720891806 1.0568888596764225
973.5 1.0280374892084245 1.056972238809327
973 1.028180272491651 1.0572727486251665
972.5 1.0279742021838867 1.0568473491149903
972 1.0279608283459918 1.056823789559677
971.5 1.0278778084546811 1.0566471404267637
971 1.0281136210341728 1.0571342285548462
970.5 1.0278292886580715 1.0565503538728291
970 1.0280578707303014 1.0570191523490764
969.5 1.0279451973870595 1.0567864466328976
969 1.0278973576118917 1.0566939479124071
968.5 1.0278376330655137 1.0565658344500595
968 1.028122114316425 1.0571520109769141
967.5 1.027786067340433 1.0564638959482957
967 1.027732557219123 1.0563487819341164
966.5 1.0277896261839117 1.0564703769777604
966 1.0276334782757057 1.0561460336679855
965.5 1.0274193908171578 1.0557085565454165
965 1.0278505798381892 1.0565923455273423
964.5 1.027825094610533 1.0565411115582455
964 1.0278916226993875 1.056675795612293
963.5 1.0277680302509362 1.0564232111436138
963 1.027744660367209 1.0563769031563353
962.5 1.0275635733425361 1.056004558275437
962 1.0277341410804046 1.05635153823433
961.5 1.0276519156867208 1.05618728331806
961 1.0277032953893368 1.056288204610676
960.5 1.0276398335367627 1.0561645643367
960 1.0277885708471244 1.056463737617665
959.5 1.027408297226504 1.0556861159863804
959 1.0274936179977545 1.055860250071686
958.5 1.027672446229811 1.0562253781024993
958 1.0276571442645728 1.0561961408516138
957.5 1.0275546169700305 1.0559861068715695
957 1.0274669514479329 1.0558034752191554
956.5 1.0272433621535506 1.0553429151677791
956 1.027638292530052 1.0561547106784985
955.5 1.0274766487525355 1.0558259997433028
955 1.0270249533380138 1.0548977020878152
954.5 1.02742453423102 1.0557185519526515
954 1.02750396298042 1.0558791568554824
953.5 1.0273395910715137 1.0555474992688727
953 1.0275962473451234 1.0560709368557393
952.5 1.0272691439070014 1.055399869845706
952 1.0274963625442692 1.0558650859960943
951.5 1.0277809082722509 1.05644939237107
951 1.0273892621189866 1.0556435306603582
950.5 1.0273521066120188 1.0555689508662538
950 1.027255180092966 1.0553697667198871
949.5 1.0272068442047508 1.0552711513788966
949 1.027377345557725 1.0556226989780635
948.5 1.0273727842324085 1.0556087787615096
948 1.0272243798979712 1.0553054901642465
947.5 1.0274257265971034 1.0557222051407074
947 1.02715530971999 1.0551667938077975
946.5 1.0274359093729801 1.0557370884963884
946 1.0270956660186423 1.0550432408630637
945.5 1.0275296335785706 1.0559384586757323
945 1.0273047265800321 1.0554735901070604
944.5 1.0271121921086988 1.0550747841354793
944 1.0271571419130343 1.0551699345078327
943.5 1.027186023462758 1.0552281800948815
943 1.0273683198820323 1.0556013880621595
942.5 1.0272515719984856 1.0553648057381237
942 1.0271056071087372 1.0550634246205808
941.5 1.027219146083473 1.0552959958080643
941 1.027151099651757 1.0551552998303442
940.5 1.0271394818631838 1.0551327520967542
940 1.0271973040805409 1.0552520587011922
939.5 1.0271855893859516 1.0552267115192593
939 1.0268680788968376 1.054572438931871
938.5 1.0270904370493528 1.0550339057086258
938 1.0269146816407175 1.0546703530910297
937.5 1.0269747144240164 1.0547929005565622
937 1.0270941432025973 1.0550411191383984
936.5 1.0271657938403795 1.0551874407079807
936 1.0271960684211277 1.0552493037930015
935.5 1.0272797425698772 1.0554153776819695
935 1.0270774476130473 1.0550046556559665
934.5 1.0271628096452137 1.055181461176582
934 1.027117374714088 1.0550874702461088
933.5 1.0269770833369847 1.0547970612639197
933 1.0271274772862968 1.0551076016580219
932.5 1.0269623086599864 1.054769358554432
932 1.0270244304344491 1.0548955570841327
931.5 1.0270989479241823 1.0550491534426085
931 1.0268264987480642 1.0544899012494533
930.5 1.0270083917832582 1.0548636272987078
930 1.0268792094316548 1.0545932162080103
929.5 1.0266816049685479 1.0541909679981003
929 1.02677761971933 1.054387744632464
928.5 1.026758090164821 1.0543498475577708
928 1.0269367070374595 1.0547171330929386
927.5 1.0267218838222976 1.0542735260992484
927 1.0267449093074092 1.0543223774958337
926.5 1.0267451337332338 1.0543218265749372
926 1.0268158397956062 1.0544696357117676
925.5 1.026649381191427 1.0541253065476581
925 1.0264463271334738 1.0537073635195082
924.5 1.0268284263609437 1.0544920929526644
924 1.0267157345085045 1.054264686041279
923.5 1.0267116589064185 1.0542540745658349
923 1.0269035559376984 1.0546479318056834
922.5 1.026694960071243 1.0542186820404653
922 1.0266977543097209 1.0542269381411393
921.5 1.0268530409545593 1.0545459833967221
921 1.026893288436227 1.054628610891793
920.5 1.0264862103294952 1.0537931208030535
920 1.0267320521048644 1.054294598078578
919.5 1.0264008782602172 1.0536157359823868
919 1.0266086169917463 1.0540401588559596
918.5 1.026455022088713 1.0537252908231258
918 1.0267182394637366 1.0542678584318306
917.5 1.0266395669635915 1.0541056394046393
917 1.0264022211859272 1.0536167941250316
916.5 1.0264949108341639 1.0538097677427518
916 1.0262438404274397 1.0532947397899184
915.5 1.0265175165241083 1.0538559589175898
915 1.0264862320688495 1.0537902582241188
914.5 1.0265202802696827 1.0538609951574813
914 1.026419143670877 1.053654372659174
913.5 1.0263419598135617 1.0534943682469247
913 1.0265360034225712 1.0538931776251674
912.5 1.0263540331040122 1.0535173551694563
912 1.026199456210237 1.053199982214582
911.5 1.026418657169449 1.0536523282547068
911 1.0265566603156289 1.053937324854919
910.5 1.026401100242132 1.0536194623191024
910 1.0264425951416687 1.0536993456093413
909.5 1.0262181304256064 1.053240628355038
909 1.0265642091186693 1.0539528575239019
908.5 1.0264212766262633 1.0536571892551225
908 1.0264304700262765 1.0536773554445205
907.5 1.0261783769205557 1.0531588737414121
907 1.0263164454742244 1.0534437064861215
906.5 1.0261898480068252 1.0531808689117248
906 1.0261697305751656 1.0531432161323275
905.5 1.0262868205439974 1.0533824297445535
905 1.0262500457409356 1.0533080718762782
904.5 1.02603446740784 1.0528621765972805
904 1.0261114590392724 1.053025340131041
903.5 1.0260618342988959 1.0529183101185153
903 1.0261798331707972 1.0531675886352792
902.5 1.0260424988182975 1.0528821621605724
902 1.0262358274180685 1.0532765093539924
901.5 1.0260028807075041 1.0528002997205017
901 1.0260218031530661 1.0528409991728944
900.5 1.026051416866441 1.0529016194024385
900 1.0262172395588223 1.0532353463731154
899.5 1.0261391440339291 1.0530819504694977
899 1.0259623388278607 1.052717636494662
898.5 1.025864737294372 1.0525150365601574
898 1.0260704063167223 1.0529375809183121
897.5 1.0260784688111473 1.052954235104989
897 1.0258621170529962 1.052510875916288
896.5 1.025778675639622 1.052337799899265
896 1.0260127005435649 1.0528164896099677
895.5 1.0258404393622838 1.0524653752028608
895 1.025790443446402 1.0523669733491314
894.5 1.0258940174014746 1.0525754385180572
894 1.0258141037935369 1.0524124786364035
893.5 1.0259478270586164 1.0526824380908641
893 1.0259406790770091 1.052672589192445
892.5 1.025843972655463 1.0524749246114582
892 1.0257417254790366 1.0522620666535334
891.5 1.0258610898040548 1.0525087864101101
891 1.0255267171014828 1.0518236859640488
890.5 1.0258437481748885 1.0524710930648393
890 1.0255713640094506 1.051915915460366
889.5 1.0256931038690604 1.052168264395528
889 1.0255439536568234 1.051857337336395
888.5 1.0256406234866307 1.0520534702102775
888 1.0256259250164474 1.0520280499750618
887.5 1.0256247714854947 1.0520267775828551
887 1.0255110190560448 1.0517882606778826
886.5 1.0255864565526116 1.0519422460453667
886 1.0256989241587333 1.0521757046165563
885.5 1.0256073108992543 1.05198885385701
885 1.025765900003583 1.0523154967585056
884.5 1.0253775267587006 1.0515168637190013
884 1.025674094153698 1.0521220371578297
883.5 1.0258589083217662 1.0525004947879495
883 1.0253323093981577 1.0514237551121541
882.5 1.0255771007030592 1.051925478364532
882 1.0254011165302115 1.0515661559107907
881.5 1.0254381769669312 1.051644473175593
881 1.025377915617226 1.0515151798090594
880.5 1.0253652616611095 1.0514889483593384
880 1.0253417327727574 1.0514414517984074
879.5 1.025408157977071 1.0515769371615296
879 1.0255293743031866 1.0518255509476826
878.5 1.0253295147970625 1.0514175749613763
878 1.0253660824485373 1.0514909482537402
877.5 1.0251132322644627 1.0509740221825978
877 1.0251801234972557 1.0511089154014712
876.5 1.0251458522930157 1.0510397335828954
876 1.025433231322712 1.05162964852962
875.5 1.0253369658089222 1.051433392772163
875 1.0249566057107258 1.0506541196409989
874.5 1.0252012724045876 1.0511553258929365
874 1.0253412510061914 1.0514417780631582
873.5 1.0252614478523798 1.0512785314517394
873 1.025560374781956 1.05189218083407
872.5 1.0254017198806216 1.0515663751405477
872 1.0251563064247844 1.0510639831537416
871.5 1.0251540977205358 1.0510543127371537
871 1.0252045456477048 1.0511588054145111
870.5 1.0251995149167445 1.0511497881287357
870 1.0250197968342125 1.0507809775776698
869.5 1.0251844121597729 1.0511212137054926
869 1.0249676331128945 1.0506781767319573
868.5 1.0250132641840586 1.050769510917813
868 1.0251415064426914 1.0510322265176293
867.5 1.0247701874202246 1.0502704740897308
867 1.0250812571450854 1.0509107001587172
866.5 1.0251380963537593 1.0510263071904893
866 1.0250691235903382 1.050879274124636
865.5 1.0250679538869025 1.0508820192879402
865 1.0249679931946265 1.050674019912951
864.5 1.025028251996008 1.0507990307382398
864 1.024838014431362 1.0504116738056606
863.5 1.0247916331751987 1.0503175682969392
863 1.025083626501348 1.0509149870578522
862.5 1.0250452782881458 1.050838456468368
862 1.0251951186634491 1.0511414471937457
861.5 1.0247827473140925 1.0502978389708464
861 1.0247890159740558 1.05031251209731
860.5 1.0247210000053018 1.050166618834871
860 1.0248480829748268 1.050431217657104
859.5 1.0249104949309957 1.0505596652221734
859 1.0248844335733212 1.0505045151306565
858.5 1.0247270922313956 1.050185685646162
858 1.0248158386359452 1.0503655546879003
857.5 1.0250465826036226 1.0508398529084424
857 1.0244743239064755 1.04966660531907
856.5 1.02446228353833 1.0496414034063684
856 1.0246747819203141 1.050075122767931
855.5 1.024736682953779 1.050201161159739
855 1.0245297917837197 1.0497820220024163
854.5 1.0245049097713146 1.0497286891466995
854 1.024535671689722 1.0497911512419256
853.5 1.024732780250959 1.0501934016300087
853 1.024517737213042 1.0497537190567325
852.5 1.0244321784467498 1.049575514820814
852 1.0247317562875502 1.050194613348629
851.5 1.0242362551579767 1.0491753929990868
851 1.0244664139418362 1.049649269142181
850.5 1.0242862140440567 1.0492794186335177
850 1.024629079172511 1.0499840261434417
849.5 1.024453123608302 1.0496212090330062
849 1.0245816575371245 1.0498822502126108
848.5 1.0244299603702944 1.0495720370473773
848 1.0244559949858618 1.0496265188378993
847.5 1.024479691590235 1.049675570715537
847 1.0245782507119812 1.0498775112596814
846.5 1.0242960821412757 1.0493014011034874
846 1.0241386369943712 1.0489739653700134
845.5 1.0245124511181742 1.049743531791106
845 1.0242179801734355 1.0491404057941038
844.5 1.0242609479088767 1.0492303358287953
844 1.024229034526179 1.0491631818999982
843.5 1.0243118410533 1.0493337315338254
843 1.0241054296680332 1.0489069322476192
842.5 1.0244038341382602 1.0495204300333765
842 1.0240812887522346 1.0488566550494713
841.5 1.0240901360524508 1.048877317783352
841 1.0243016265497458 1.0493080810424353
840.5 1.0242752238707913 1.0492583155971134
840 1.0241335586037945 1.0489654329068776
839.5 1.0241506838728915 1.0490008901138739
839 1.0240243970170324 1.0487465124645545
838.5 1.0241024081941672 1.048906191170816
838 1.0240169007350528 1.0487281297488324
837.5 1.0241751494645301 1.0490508341740932
837 1.0240112998672708 1.0487153869931491
836.5 1.024040635919845 1.0487744060926543
836 1.0243073509768246 1.0493239195036892
835.5 1.0239286558424974 1.0485489032669082
835 1.0241428893701627 1.0489849430674714
834.5 1.023826207398254 1.0483385864026284
834 1.0239843551709953 1.0486628470634096
833.5 1.0240049540494067 1.0487042904969752
833 1.0239690357529745 1.048628497295746
832.5 1.0238953408560745 1.0484800414461273
832 1.0236222811969689 1.04792137325324
831.5 1.0241094051799622 1.0489192168251342
831 1.0239901267709133 1.048676626341134
830.5 1.0239267902236564 1.0485417245591002
830 1.023805589979661 1.0482948706908515
829.5 1.023843864383235 1.0483740040533076
829 1.0238078689778725 1.0483009913496122
828.5 1.0236711450766671 1.048021719942752
828 1.0237449169598603 1.0481741008662262
827.5 1.023767983702452 1.0482214135257177
827 1.0236764127201763 1.0480322748099171
826.5 1.023764506136783 1.0482091164012848
826 1.023772053086413 1.0482237804090027
825.5 1.0237193165673637 1.0481179204825402
825 1.0235499852253738 1.0477716084579638
824.5 1.0237269463176368 1.0481360563113844
824 1.023689219974927 1.048061436912046
823.5 1.0236459158497944 1.047969215285205
823 1.023571291998704 1.0478150167587637
822.5 1.0236707380911176 1.0480203411712776
822 1.023751364721454 1.0481861167405948
821.5 1.0236061040048805 1.0478862571109269
821 1.0235784558899645 1.0478297405002412
820.5 1.0234711948972295 1.0476094764977006
820 1.023487517631428 1.0476451737577062
819.5 1.0235558158228661 1.047783236169366
819 1.023450407738273 1.0475707228340136
818.5 1.023651116842765 1.0479819361812812
818 1.023229009510539 1.0471153153454482
817.5 1.023406173599244 1.0474779552046356
817 1.0232777067228496 1.0472129003715769
816.5 1.0235512907247464 1.0477736748654172
816 1.0234002212296311 1.0474651290155041
815.5 1.0234034317630227 1.0474709429132052
815 1.0234216759251165 1.0475082886934666
814.5 1.0230913643748087 1.0468351707445849
814 1.023087396368388 1.0468243963824309
813.5 1.0232297188293495 1.0471148943724324
813 1.0230753711442122 1.0468030483502193
812.5 1.0232873397542286 1.0472350133579367
812 1.0232043109402 1.047066564190747
811.5 1.022883018910315 1.0464045767679673
811 1.0231925188001438 1.0470403818712604
810.5 1.023147561446075 1.0469465393679815
810 1.0232072712550782 1.0470692430628574
809.5 1.0231228892605828 1.0468993770499584
809 1.0230112861312481 1.046669468644612
808.5 1.0229731911697315 1.046592037075783
808 1.0231033194125696 1.0468565102585106
807.5 1.0229644142842804 1.0465744566640671
807 1.0231779459830845 1.047013942185657
806.5 1.0231774803734008 1.0470089448083948
806 1.0230698915676266 1.0467909194332417
805.5 1.022986233671945 1.046616749995375
805 1.0228074453131348 1.0462525508822909
804.5 1.023163638297748 1.0469836835029254
804 1.0229526993527813 1.0465470742010488
803.5 1.0228800606838155 1.046401470490688
803 1.0227758620875531 1.046187933531198
802.5 1.022721733855114 1.0460775895756977
802 1.0228460343511536 1.0463318927289134
801.5 1.022917719851061 1.0464755660318343
801 1.023016121629288 1.0466776572369607
800.5 1.0226529400078512 1.045937720504731
800 1.0228638091534952 1.046366246649701
799.5 1.0227205757169968 1.0460738623277557
799 1.0226094722018062 1.0458459406940523
798.5 1.0227976052500343 1.0462298830016705
798 1.0226892513823853 1.046008900095782
797.5 1.0224870352595332 1.0455946859539935
797 1.0228850141739718 1.0464137604917685
796.5 1.022550415244494 1.0457254497033284
796 1.0226320814898708 1.04589514985972
795.5 1.022746351805794 1.0461284496434389
795 1.0227156063922822 1.0460644513295836
794.5 1.0223786545855063 1.045379198630522
794 1.0224668607232816 1.0455571107563124
793.5 1.0224754973818995 1.0455728899633059
793 1.0223676212656774 1.0453532195868902
792.5 1.02256668290332 1.0457600161989724
792 1.0223620296392748 1.0453421960925788
791.5 1.022431491463169 1.0454832362276736
791 1.0225946702499085 1.045818899159236
790.5 1.0224737491780131 1.0455695040150401
790 1.0224768686919454 1.0455790062133432
789.5 1.0223845907761815 1.0453874316663985
789 1.022841962271564 1.0463256869572148
788.5 1.0223720023656857 1.045365131317179
788 1.0223279176619662 1.0452728280721362
787.5 1.022163957750331 1.0449351083468816
787 1.0221865165516606 1.044984226206285
786.5 1.0222035466231805 1.0450161479312732
786 1.0222888299961976 1.0451931945113768
785.5 1.0220318771807417 1.0446654310429844
785 1.0223243014339922 1.0452648191802838
784.5 1.021994498044176 1.0445894288117379
784 1.0222361153723352 1.0450837559384465
783.5 1.022044006858813 1.0446910554671058
783 1.0220356441843397 1.0446737600662752
782.5 1.02202214974983 1.0446461077335845
782 1.022043854797838 1.0446890320841455
781.5 1.0220661188120748 1.0447366963437108
781 1.0221099300534016 1.0448261612109884
780.5 1.0221138270214956 1.0448351554110895
780 1.0220837599128072 1.044773883109366
779.5 1.0219805418107824 1.0445623349571156
779 1.021775867578134 1.0441405473734358
778.5 1.0218623790203758 1.0443225892631423
778 1.0218437423314675 1.0442849001793553
777.5 1.021848073135954 1.0442929678952062
777 1.0218600169819878 1.0443168366207638
776.5 1.0218407772938678 1.0442744758929534
776 1.021911225552683 1.0444166244558
775.5 1.0219835997885272 1.0445678363789237
775 1.0218161388025973 1.0442239285284276
774.5 1.021634517309874 1.043856134030096
774 1.0219266831324987 1.0444506847721688
773.5 1.0217609641790453 1.0441092273394361
773 1.0216344426256148 1.0438538302435307
772.5 1.0215588127998176 1.0436993587344976
772 1.0218222857285322 1.0442383887642828
771.5 1.0216245673941726 1.0438341422709838
771 1.0217895327526734 1.0441740559859818
770.5 1.0216639943097778 1.0439140842527674
770 1.021757759332273 1.0441101132560047
769.5 1.021555666844616 1.0436898476669374
769 1.0214527686275159 1.0434837130111712
768.5 1.0216415965691537 1.043865440044506
768 1.021361880958644 1.043298702803107
767.5 1.0213473565733917 1.04326455998092
767 1.0214480443221021 1.0434757110865163
766.5 1.0214976765658677 1.0435768906204264
766 1.0214634177767552 1.0435043903794168
765.5 1.0213400024425894 1.0432549883943605
765 1.0214252151469776 1.0434296352852077
764.5 1.0212367014454378 1.043041538527081
764 1.021415315973067 1.043407949495959
763.5 1.0214708712651617 1.0435204522055357
763 1.0214032165580313 1.0433834577179886
762.5 1.0214428687351356 1.043464627904145
762 1.0211460760070659 1.0428610114012022
761.5 1.0211196914144314 1.0428033647783093
761 1.0213490878014004 1.0432711712541736
760.5 1.021305767736989 1.0431855379957071
760 1.021259014958889 1.0430892893630153
759.5 1.0212860342343097 1.0431457006142346
759 1.021370797223485 1.0433150494850292
758.5 1.0210739043178272 1.0427105881852263
758 1.0213593477402907 1.0432931626251665
757.5 1.0210866679912176 1.042733964422132
757 1.0210969054013947 1.0427570331626566
756.5 1.0208650454466957 1.0422844138860534
756 1.0213161711210998 1.0432052872176645
755.5 1.0210807204217582 1.042722712188407
755 1.0210694055844864 1.0427046516654905
754.5 1.0210895877667157 1.0427430083357438
754 1.020969616293204 1.0424968566440898
753.5 1.0207605374731494 1.0420728901752638
753 1.0207932084638593 1.042134600089598
752.5 1.0207619187932273 1.0420755964391606
752 1.0209732643055467 1.0425031096831137
751.5 1.0210149459757787 1.0425892100882574
751 1.0210476375075477 1.042659713808237
750.5 1.0209849618489655 1.0425331227030854
750 1.0206318075017664 1.0418073847887723
749.5 1.0206821219984594 1.0419094652092102
749 1.0207062953314059 1.041959041361163
748.5 1.0206322619526862 1.0418095268983165
748 1.0204538387862836 1.041445305863674
747.5 1.0209265745581069 1.0424082132753292
747 1.0204004549200414 1.0413367879932918
746.5 1.020535121764961 1.041612793880158
746 1.0204933879069282 1.0415240492395572
745.5 1.020641109295525 1.0418268348546893
745 1.0205957149034552 1.0417310759273994
744.5 1.02067607345988 1.041896841630961
744 1.0204257553117217 1.0413869204177748
743.5 1.0206843833638366 1.0419141741538898
743 1.0206933572591985 1.0419337830528783
742.5 1.0204634767660357 1.0414653027735385
742 1.0206642601235145 1.0418755837726963
741.5 1.0204711210576958 1.041480682558217
741 1.0202431488444044 1.041013342408479
740.5 1.020126385364093 1.040776382331517
740 1.0203638562178952 1.0412584143638437
739.5 1.0203733185361765 1.041280289429632
739 1.0199928615351208 1.0405019216506677
738.5 1.0203937525546514 1.0413224574227182
738 1.0203279926111215 1.0411899338651576
737.5 1.02021040211148 1.0409478176498645
737 1.0202013735667668 1.040930258373843
736.5 1.0204074244330819 1.041349637072497
736 1.0203778795647058 1.0412875957552417
735.5 1.0200633166508566 1.0406447156196357
735 1.0202303450513976 1.040988984912706
734.5 1.0201629064274318 1.0408515315193592
734 1.0202489849068457 1.0410257794294462
733.5 1.0200750650910848 1.0406699816865446
733 1.0198726015565136 1.0402625075910652
732.5 1.0201175141279983 1.0407613149203392
732 1.0200373225501793 1.0405926358426316
731.5 1.0198588981500216 1.040229387264807
731 1.0201813093545014 1.0408879121604346
730.5 1.0201719780112586 1.040870099835757
730 1.0201423092371775 1.0408090136945407
729.5 1.0196837852699663 1.0398755954904484
729 1.0199088145377737 1.0403298069072096
728.5 1.0196453962581535 1.0397955061410005
728 1.0197334551808717 1.0399785490152886
727.5 1.020095951092809 1.0407138472486446
727 1.019734594872884 1.0399771918848404
726.5 1.0193999375961202 1.0392964990905993
726 1.0193985365736074 1.0392895344404267
725.5 1.0198286132237393 1.0401700037243475
725 1.0198777080492099 1.040272146137073
724.5 1.0196998879707047 1.0399058358787188
724 1.0198240943910446 1.0401596625115128
723.5 1.019620994265804 1.039744938056274
723 1.0196489406292204 1.0398015021845135
722.5 1.0195497032054992 1.0395998584711776
722 1.0195260802235164 1.0395536634172626
721.5 1.0196348163933746 1.0397716813416025
721 1.019518060944326 1.0395343944332756
720.5 1.0193929800925476 1.0392781143234002
720 1.0195466098511334 1.0395978090445928
719.5 1.0194002550407102 1.0392945005989396
719 1.0194571002839254 1.0394117588147138
718.5 1.019356089018368 1.039204790678727
718 1.0193277491140627 1.0391481066582757
717.5 1.0194481302973857 1.0393920260071892
717 1.0192695942623669 1.0390310850944298
716.5 1.0191912065698878 1.038870929362854
716 1.0194298098227024 1.0393563774722392
715.5 1.0194370649312177 1.0393723860783393
715 1.0191801888399312 1.0388491700393343
714.5 1.0192328188776174 1.0389517546992157
714 1.0195114687340623 1.039520491006174
713.5 1.0189848815239557 1.0384493541136384
713 1.0191271625654783 1.038739070999442
712.5 1.0190854116634775 1.0386541745892173
712 1.0190691758949768 1.038621834421365
711.5 1.0187579389916381 1.037986730441264
711 1.01880248408204 1.0380733218760692
710.5 1.0190404483333078 1.0385622893196107
710 1.0190144642608738 1.0385111509711644
709.5 1.0187467625706852 1.0379653291053563
709 1.0189186964950652 1.038314773367974
708.5 1.0192005058963394 1.0388886202935497
708 1.0188149071308774 1.0381058378092385
707.5 1.0189094043905953 1.0382930512763282
707 1.0187911298778876 1.038054263965777
706.5 1.0186187701490548 1.0377028857240302
706 1.0188263244890547 1.0381239740026167
705.5 1.018713441851711 1.0378982325107997
705 1.0187456080733244 1.0379613191681534
704.5 1.0187065616447224 1.0378820924882972
704 1.0189208011709128 1.038319346843921
703.5 1.0184448926917238 1.0373479419391665
703 1.018508792845956 1.0374798594563273
702.5 1.0187156414291236 1.0379025593789104
702 1.018428477463491 1.0373167169381983
701.5 1.0185540345604724 1.0375730244321246
701 1.018559880735784 1.0375837595288533
700.5 1.0187094833998376 1.0378889890399066
700 1.0184682227071418 1.0373956745000203
699.5 1.0187095247323954 1.0378883577850728
699 1.0185280097570801 1.0375209117533968
698.5 1.0183541017065751 1.0371642696871402
698 1.0183336373068685 1.037125190455239
697.5 1.0183516706337068 1.0371621622136493
697 1.018595333820527 1.037656531469682
696.5 1.018539384144303 1.0375424438074892
696 1.0182781800685816 1.037013370241651
695.5 1.0182207328365052 1.0368921111557696
695 1.0182253956335592 1.0369015666613226
694.5 1.0183709786440303 1.0371982883562962
694 1.018369676920778 1.0371968064952763
693.5 1.0182118497151242 1.0368739406449077
693 1.0182219004969209 1.036896709703979
692.5 1.0179092356153625 1.0362589274096117
692 1.0182798322282136 1.0370115677116634
691.5 1.0181889833766602 1.03682888498971
691 1.0179865450491241 1.0364146864360404
690.5 1.018086773400556 1.0366204830910717
690 1.0179974073731888 1.036436964524886
689.5 1.0180867624091379 1.0366196326271861
689 1.0180206508038783 1.036486684806347
688.5 1.0181437165117229 1.0367335136306546
688 1.0179859627718508 1.0364124616678474
687.5 1.0181263612666762 1.0367013964131193
687 1.0177972035602638 1.0360318541890612
686.5 1.0177696695189802 1.0359740480637265
686 1.0177055561790918 1.0358436812096725
685.5 1.0176596840335892 1.0357525184916532
685 1.0177353556578477 1.035903589246698
684.5 1.0177351786533184 1.0359046672698113
684 1.0176031817338773 1.0356355393789138
683.5 1.0177307201260049 1.0358956278527867
683 1.0176040322335607 1.0356376679928743
682.5 1.0176557866129996 1.0357446106626265
682 1.01755061139375 1.0355291046246922
681.5 1.017697931381311 1.0358292099153643
681 1.0175573468901908 1.0355443834785425
680.5 1.0174599199583982 1.0353472241618846
680 1.0176628821135332 1.0357582828649192
679.5 1.0174143586756776 1.035248606416165
679 1.0175020228883072 1.0354300411040613
678.5 1.0175025592171514 1.035429886293862
678 1.0175222843598226 1.0354755568012888
677.5 1.0171225836811002 1.0346603200887783
677 1.0173472616403665 1.0351148336755447
676.5 1.0174165938547837 1.035253801132373
676 1.0171505252021242 1.034712471773338
675.5 1.017425063774814 1.035270366508298
675 1.0172227072979703 1.0348614334962034
674.5 1.0173042477310612 1.0350269419095366
674 1.017113333468833 1.0346398256339855
673.5 1.0173190179914624 1.035057373912128
673 1.0172765740192926 1.0349702882518348
672.5 1.0173661304665687 1.0351528288047993
672 1.0170435723853966 1.0344951640095275
671.5 1.0170251670547799 1.0344610419817615
671 1.0169043602977643 1.0342122458099576
670.5 1.0170607230279132 1.034529094142102
670 1.0169282944391043 1.0342650295668867
669.5 1.0170715425561598 1.0345543698036799
669 1.016866745669487 1.0341394572564289
668.5 1.0168887713809975 1.0341830218164771
668 1.0170890839153972 1.034588248291342
667.5 1.0168887595224327 1.0341860358025137
667 1.0168623344633667 1.0341257404976947
666.5 1.0170328930822743 1.0344787041920882
666 1.0168845630751546 1.0341723412245318
665.5 1.0169838758036955 1.0343754192994363
665 1.0166006763311313 1.033595418278318
664.5 1.016590503873535 1.0335754147082936
664 1.0165594053330165 1.0335127220554539
663.5 1.016618640936955 1.0336350362183584
663 1.0165901916285063 1.033576283970819
662.5 1.0167439366062871 1.0338870853440345
662 1.0164494617404558 1.0332894852702585
661.5 1.0166149730334175 1.0336294707822524
661 1.0162776330159298 1.0329405818067736
660.5 1.016101297811814 1.0325809376488382
660 1.0165161105207718 1.0334265956342494
659.5 1.0163732447644394 1.0331334168548738
659 1.0163665459988642 1.0331189719596914
658.5 1.0162232134261657 1.0328279660984148
658 1.0163024929666264 1.0329922033567267
657.5 1.0163142823997235 1.033013466224788
657 1.0164640699998826 1.033318548399892
656.5 1.016547317892943 1.033486657910852
656 1.0162717988459802 1.03292684701034
655.5 1.0162619583490815 1.0329062670664113
655 1.016430575012542 1.033250079204986
654.5 1.016118482230068 1.032616412536404
654 1.015940779137407 1.032256059111676
653.5 1.0159343904047402 1.032240903629251
653 1.0162783601571044 1.0329398307230069
652.5 1.0161205019903408 1.032620233303851
652 1.015971632587081 1.03231672488746
651.5 1.0163011533391018 1.0329896430071104
651 1.0162661704552003 1.032918413011373
650.5 1.0157203592105768 1.0318073386612174
650 1.0160476950089392 1.0324717610737864
649.5 1.0157205170144643 1.0318073435958506
649 1.0160570096045203 1.0324903065051099
648.5 1.0158843513563052 1.032137501551873
648 1.0157796264817092 1.0319285875396618
647.5 1.015777492965213 1.0319200675877631
647 1.015514566487931 1.0313873466492232
646.5 1.0159419312068776 1.0322564858480838
646 1.0156696028989496 1.031706859956177
645.5 1.0155080755533898 1.031378577805446
645 1.015867904579149 1.0321080792698683
644.5 1.0156371048146708 1.0316372360604553
644 1.0153400230489806 1.0310366900479426
643.5 1.0156003581625321 1.0315685937390457
643 1.0153757296834385 1.031106118968844
642.5 1.015628591568173 1.031619862066766
642 1.0156188118501759 1.0316005100881631
641.5 1.0153731684367278 1.031101074192822
641 1.015477630145935 1.0313144605755318
640.5 1.015392345612334 1.031143330347911
640 1.0153033785813483 1.0309584535869405
639.5 1.0154396938650254 1.0312338029971626
639 1.0152434420047245 1.0308395535967358
638.5 1.0150990715943273 1.030544647835953
638 1.015167728382752 1.030687065949733
637.5 1.014979415330708 1.0303017225001931
637 1.015151828488429 1.0306558432491255
636.5 1.015131505794571 1.0306130102579532
636 1.0151077870468805 1.030563595579293
635.5 1.0151549266354971 1.0306579397153093
635 1.015022712029754 1.0303925349662837
634.5 1.0151090313140003 1.030565598978371
634 1.0150037202770037 1.0303523958758396
633.5 1.0147219031478192 1.02978394973141
633 1.0148410902935705 1.030023169660905
632.5 1.0144700513074778 1.0292723746572303
632 1.0146802561386026 1.0296931203259525
631.5 1.0147452273410729 1.0298302869072418
631 1.014881496780051 1.0301062446893312
630.5 1.0148609737046235 1.0300611971733995
630 1.0148055930896092 1.029947775096853
629.5 1.0144943267919002 1.0293210711615282
629 1.0146745952619176 1.0296833476273342
628.5 1.0146031012304064 1.0295390688398376
628 1.0146801265170593 1.0296918506010326
627.5 1.0145954479703623 1.029523073130056
627 1.0144822779197156 1.0292927181900193
626.5 1.014242419997638 1.028807641575255
626 1.014393353375761 1.0291165073844244
625.5 1.0145740014394173 1.0294808142993617
625 1.0143479972127118 1.0290250908562462
624.5 1.0145024724003069 1.0293368673759766
624 1.0141850927312135 1.0286917079231284
623.5 1.0143732725543009 1.0290761986473165
623 1.0140904854012003 1.0285007399163442
622.5 1.0143729799061667 1.029068930931119
622 1.014292689204498 1.028909453725328
621.5 1.0140932281462096 1.0285060047252472
621 1.014249185699545 1.02881936825401
620.5 1.0138214362326123 1.0279541855392003
620 1.014255209580917 1.028831727543029
619.5 1.0140912996070426 1.0285022250627562
619 1.0141028113057282 1.0285242962731231
618.5 1.014098639938406 1.0285189319688974
618 1.013997325221974 1.0283142890274064
617.5 1.0139296513546658 1.028173005543332
617 1.0139546563861748 1.0282233634696756
616.5 1.0137851109846734 1.027879839356158
616 1.0139612835898715 1.0282369560571654
615.5 1.0138501889051303 1.0280117020357493
615 1.0137826499547007 1.0278764436953587
614.5 1.0135587973677735 1.0274224445190137
614 1.0137223647913824 1.0277516459151794
613.5 1.0135276539014337 1.0273569414002113
613 1.0137206972325048 1.0277518666523364
612.5 1.0134903891153202 1.027281239160074
612 1.0136780222337625 1.0276634765738326
611.5 1.0134038729969332 1.0271078099486763
611 1.0136557087486566 1.027619115318532
610.5 1.0135296581837274 1.0273613778905788
610 1.0136884625643945 1.0276865905886357
609.5 1.0133834294234796 1.027067038431848
609 1.0135298838573277 1.0273630867820331
608.5 1.0132760954484288 1.0268469374141744
608 1.0133090843884625 1.0269185628672695
607.5 1.0135255145240405 1.0273515161859659
607 1.0132295625937466 1.0267549368204187
606.5 1.0133650645622836 1.0270287010963572
606 1.0133334880293698 1.0269667468845567
605.5 1.0131754423101675 1.0266456689307086
605 1.0130305778574566 1.0263509853426778
604.5 1.0131277166662958 1.026544379288367
604 1.0130234101463655 1.0263395418077317
603.5 1.0130379951748916 1.026367446688217
603 1.0129841485578288 1.0262572098730114
602.5 1.013007835358488 1.026306177118187
602 1.0130532315300798 1.0263973370874513
601.5 1.0129260606953963 1.0261411300565382
601 1.012663324805685 1.025607476210184
600.5 1.0128304963590242 1.0259440788570098
600 1.0128049003578268 1.0258906926539129
599.5 1.0127533987540362 1.0257893634656896
599 1.012838056158532 1.0259607035754648
598.5 1.0126862311375502 1.0256554702506053
598 1.012622638161765 1.0255246819234143
597.5 1.0126742525191867 1.0256280681688095
597 1.0125615829489205 1.0254019378060926
596.5 1.012648851973818 1.025579635222882
596 1.0126513318327772 1.0255822584319403
595.5 1.012688452974604 1.0256606693086
595 1.0124356190532313 1.0251473103895432
594.5 1.0124356975343967 1.0251444451077707
594 1.012307926137907 1.0248856849230563
593.5 1.0124813059516242 1.0252370835928457
593 1.012245249675268 1.0247624969912552
592.5 1.012320720015698 1.0249139225843524
592 1.012268373400298 1.0248085037414063
591.5 1.0120838421398115 1.0244364653716016
591 1.0121923709710239 1.0246538027387457
590.5 1.012112963679661 1.024490057148277
590 1.0121297748958147 1.024529009140914
589.5 1.0122319145091792 1.0247342878968684
589 1.0120648826250003 1.0243981788155625
588.5 1.0119308605869943 1.024122124529582
588 1.0121061237745592 1.0244806570653884
587.5 1.0117177483711657 1.0236912884521825
587 1.0118012062053763 1.0238607362866712
586.5 1.0118652559129795 1.0239907509944373
586 1.0117615704888232 1.0237815646680732
585.5 1.0118849176215563 1.024034346499021
585 1.011880944472729 1.0240217172509352
584.5 1.0119075907459545 1.0240784356921167
584 1.0118723976128532 1.0240046025003533
583.5 1.0117650108704643 1.023792915013155
583 1.0113387349060412 1.02293177353275
582.5 1.0116526501528447 1.023562590729009
582 1.0113909016426925 1.0230333256057729
581.5 1.011516826885036 1.0232862809210441
581 1.0114897128156994 1.0232393185851671
580.5 1.0115331146868771 1.0233206289901666
580 1.0112404244172286 1.0227283856697107
579.5 1.0113038099073142 1.0228596451569456
579 1.0113785389937773 1.0230053997362714
578.5 1.011494362975269 1.0232412884400395
578 1.0113180481584076 1.0228859360475595
577.5 1.0112507926071117 1.0227506554898653
577 1.0112683384253942 1.0227820739706537
576.5 1.0113886809991037 1.0230287023914495
576 1.0110189350202203 1.0222795041791308
575.5 1.0111561215490334 1.0225594525855823
575 1.0111085462210727 1.0224614224195718
574.5 1.0110178792998978 1.0222786689798222
574 1.0109508539256495 1.0221468436697354
573.5 1.0109664437291748 1.0221748313180632
573 1.0108199453139137 1.0218791594061938
572.5 1.0106012444027102 1.0214374286157781
572 1.0110429998756572 1.0223276343493124
571.5 1.0109553582624369 1.0221554494690497
571 1.0109472350592206 1.0221382517437059
570.5 1.0108916303233633 1.0220226033953042
570 1.0105952123043302 1.0214229244193966
569.5 1.0105783359064373 1.0213912358319999
569 1.0107880580919457 1.0218099358274757
568.5 1.0105887452647218 1.021410734832934
568 1.010269235876909 1.0207654741353893
567.5 1.010928005486341 1.0220934840071667
567 1.010511954095722 1.0212555747764687
566.5 1.0105499332810817 1.0213337897345633
566 1.0104425903575391 1.0211175872814735
565.5 1.0100203528798306 1.0202610483058443
565 1.010336127149135 1.0208984441079811
564.5 1.0102807367713078 1.0207894377535365
564 1.0103412772575198 1.0209079149654512
563.5 1.0103023175529549 1.0208297506456474
563 1.0102731217645136 1.0207718529828904
562.5 1.0100506757303729 1.0203226586455907
562 1.0099097479601713 1.0200398387140692
561.5 1.0100307300925264 1.0202849203434958
561 1.0100269815203766 1.0202796906560654
560.5 1.0100247173602774 1.020270072838829
560 1.0098155114168235 1.0198483477941813
559.5 1.0099761538765177 1.0201739325662191
559 1.0097003330432681 1.019615440040873
558.5 1.009620581738804 1.019453320292632
558 1.0100668520994287 1.0203567159259304
557.5 1.009699345525055 1.0196168331051707
557 1.0096662933794565 1.0195489313525299
556.5 1.0097650164921192 1.0197467060715826
556 1.0094828496901405 1.0191776817293723
555.5 1.0096723969430035 1.0195575006424222
555 1.0097502413136006 1.0197170813884382
554.5 1.00948502642057 1.0191825473258862
554 1.0096898809799586 1.0195951483953674
553.5 1.0091812982700854 1.0185630161553543
553 1.0096074505320207 1.0194272699314686
552.5 1.00923195883563 1.0186722689155998
552 1.0091816160532026 1.0185688044232675
551.5 1.0090583875714234 1.0183212725878563
551 1.0095286117551003 1.0192702411180812
550.5 1.0088579274176366 1.0179152060001533
550 1.009171391491104 1.0185486803060517
549.5 1.0092814523958888 1.0187702488909023
549 1.009277360719088 1.0187596593217072
548.5 1.009009065356924 1.0182230499404585
548 1.0091836308627062 1.0185747163017391
547.5 1.0088640067783072 1.0179259425056428
547 1.008873778603259 1.0179477052025643
546.5 1.0088268256897426 1.0178513425101705
546 1.0087210445323844 1.0176393504781598
545.5 1.0087344524348312 1.0176683835388818
545 1.0089268025056002 1.018052814079028
544.5 1.0089682077937545 1.01813837189357
544 1.008750367278537 1.0176973001874154
543.5 1.0085798658567062 1.017352264350909
543 1.0085237576050845 1.0172395792004565
542.5 1.0086276076305587 1.0174518563734285
542 1.008634268686077 1.0174637095449388
541.5 1.008389584072491 1.016971061874681
541 1.0082570703728448 1.016706916046196
540.5 1.00856116625134 1.0173159952464024
540 1.0083585381135742 1.016908608787848
539.5 1.0083414917300602 1.0168762440826875
539 1.0081781568413895 1.0165454346106784
538.5 1.0081641109087618 1.016515824572339
538 1.0082469417982025 1.0166849037706824
537.5 1.008122312637495 1.0164292042851182
537 1.0080256874788487 1.0162358855475522
536.5 1.007978150102438 1.016141943825911
536 1.007858739876641 1.0159025985175656
535.5 1.0079831830166894 1.0161527632190577
535 1.007788487175007 1.015756453883085
534.5 1.0080172497458424 1.0162179190312435
534 1.0079782704755886 1.0161399033105547
533.5 1.0076217338975295 1.0154273625570904
533 1.0076269293754154 1.0154324295420174
532.5 1.007969718438526 1.016125082187461
532 1.0076596437425247 1.0155001188409296
531.5 1.0077904606795676 1.0157642574173433
531 1.0078004152082736 1.0157828724242859
530.5 1.00749144419584 1.0151568813743712
530 1.0073872239582407 1.0149481114445078
529.5 1.0076124877631754 1.0154021148928212
529 1.0071890077043317 1.0145464499843284
528.5 1.0074868493520446 1.0151503103415869
528 1.0075670247562296 1.015312489415191
527.5 1.007416193732774 1.0150094944601518
527 1.0073082890110665 1.0147900229831233
526.5 1.0070512594305103 1.0142720878365599
526 1.0070747497818575 1.0143235606383005
525.5 1.0072530165860392 1.0146810355773432
525 1.0069972719227887 1.0141679700055615
524.5 1.0069934639585307 1.0141581017675658
524 1.0067277397118024 1.0136207901044254
523.5 1.0071271955494299 1.014426145383259
523 1.0068992356599693 1.0139700429515839
522.5 1.0067813123224745 1.013731200861692
522 1.0067569490478732 1.013677641963421
521.5 1.006806782299355 1.0137792581605933
521 1.006626426294539 1.0134235984253286
520.5 1.006588410854411 1.0133395045845623
520 1.0066307043180058 1.013426957288951
519.5 1.0067770170221628 1.0137228597787118
519 1.0063886082461788 1.012936962713152
518.5 1.0065384227021903 1.013242864037249
518 1.0064866780385613 1.0131411054675026
517.5 1.0065352122439168 1.0132359842103644
517 1.0065298350270155 1.0132267606036724
516.5 1.0064166424907561 1.0129963422900239
516 1.0062740400336871 1.0127101528262095
515.5 1.0062212143439646 1.0126014128570322
515 1.0060363501046545 1.012230601822422
514.5 1.006133288508962 1.0124237823618158
514 1.0061779256919188 1.012517299624896
513.5 1.006343056450724 1.0128455495306343
513 1.0058574617812088 1.011871826313451
512.5 1.0059593580543775 1.0120804213427865
512 1.0058198013979667 1.0117957017100936
511.5 1.0058971332611404 1.0119513434669611
511 1.0058896399901185 1.0119353799808029
510.5 1.0060412396537903 1.0122387266671875
510 1.0056987628429674 1.0115520569992984
509.5 1.0056525135995389 1.011458211048298
509 1.005505106714356 1.01116520862943
508.5 1.0054828246067486 1.011116367961922
508 1.0051358921055058 1.0104208713644411
507.5 1.0052886977877622 1.0107255061837077
507 1.0052638632369293 1.0106784921866587
506.5 1.0053452332466406 1.0108395454110084
506 1.0053925070140044 1.010936807841533
505.5 1.0053811216186224 1.0109150285178103
505 1.0050661984806166 1.0102790790730793
504.5 1.005039001551268 1.0102244129306657
504 1.004992193143761 1.0101324893621724
503.5 1.004881094462942 1.009908115301964
503 1.0049727779880213 1.0100932014029045
502.5 1.0048686795998603 1.0098840718686046
502 1.004888328770456 1.009925129853513
501.5 1.0049312043972696 1.0100088407050238
501 1.0050241508219933 1.0101955645172578
500.5 1.0050942939055576 1.0103386707515478
500 1.0046637188282417 1.0094695328030772
499.5 1.004569734041713 1.0092833683003315
499 1.00443120346403 1.0090042944372617
498.5 1.004460001434662 1.009064154258097
498 1.0048655340827968 1.00987741762219
497.5 1.0046952915097815 1.009535744869033
497 1.0043313598580768 1.0088016734456156
496.5 1.004601701989966 1.009348057826261
496 1.0044474305649895 1.0090369139987783
495.5 1.004447438732677 1.0090339078392139
495 1.004089685929609 1.0083185343761083
494.5 1.0040330516941487 1.008206540622608
494 1.0040206087111965 1.0081822885441836
493.5 1.0042262101554644 1.0085892486944612
493 1.0042448267743942 1.008631652108493
492.5 1.0042410875685877 1.0086224305204454
492 1.0038222814839926 1.0077833591811254
491.5 1.0037852228177573 1.0077068016694435
491 1.003975454687106 1.0080912727365121
490.5 1.0040127941220587 1.008165469762209
490 1.0034878061964814 1.0071109345445088
489.5 1.003630021484153 1.0073929720015824
489 1.0033911479724205 1.006916167575055
488.5 1.0036319447460862 1.007398749867076
488 1.0033229636413135 1.006780519069834
487.5 1.0034513396993119 1.0070334813769244
487 1.0035056501981803 1.007147859333012
486.5 1.0036214264685261 1.0073792455183932
486 1.0033287596590588 1.0067911839830659
485.5 1.0033727945935953 1.0068802444456264
485 1.0035959801480638 1.0073250877035869
484.5 1.003269892013899 1.0066743290511404
484 1.0031133782876351 1.0063578363494539
483.5 1.00308151834761 1.0062987744307905
483 1.0030140336800395 1.0061621761934427
482.5 1.0028445119267844 1.005819940867933
482 1.0032190910727408 1.006570185811394
481.5 1.0027816590667953 1.0056979547581406
481 1.0031509505720335 1.006435545513281
480.5 1.002706637575973 1.0055484199389046
480 1.0027966125161327 1.0057253946152696
479.5 1.0028702704036436 1.0058709790775746
479 1.0028077934160682 1.0057459313301658
478.5 1.0027337001073107 1.0056022695488467
478 1.002701668213023 1.0055340861462125
477.5 1.0026145243412263 1.0053600343297064
477 1.002404208667762 1.00493542254799
476.5 1.0024801024421295 1.0050915406416026
476 1.0023329217790204 1.0047999005516606
475.5 1.0021695660375656 1.0044701325950705
475 1.0020140937359403 1.0041541118233481
474.5 1.0024422990471724 1.005014056101059
474 1.0019675715798517 1.0040621305536936
473.5 1.0018963631091804 1.0039188130614425
473 1.0017493358756087 1.0036252454427559
472.5 1.0019137569542993 1.0039549164396604
472 1.0019531612230874 1.0040330329634588
471.5 1.001849166697657 1.0038279990234356
471 1.0013692239432985 1.0028621607995523
470.5 1.0016557813655618 1.0034407391795879
470 1.0016050270607089 1.0033358098973635
469.5 1.0014689887756825 1.0030616928014304
469 1.001644480644673 1.003412252372128
468.5 1.0013791949649697 1.0028831121846937
468 1.0014026053925595 1.0029308775185006
467.5 1.0012996138154857 1.0027235263300887
467 1.0012260036032645 1.0025719075917348
466.5 1.0010741329451762 1.0022738431636173
466 1.0012116139694294 1.0025484124481185
465.5 1.0009217818504703 1.0019633947731927
465 1.0009879639768984 1.0020986280177377
464.5 1.0004516111281592 1.0010271994349786
464 1.0007718622447734 1.0016662670983965
463.5 1.00079537730629 1.0017120758370424
463 1.0004923138328967 1.0011056001626306
462.5 1.000620861787301 1.0013686048749926
462 1.0003881404671642 1.0009005213387485
461.5 1.0005883449337696 1.0013027142122397
461 1.0005606790808157 1.0012454333311847
460.5 1.0004604421669143 1.0010444902278262
460 1.0004052155845404 1.0009319395163085
459.5 1.000371344330646 1.000869465847799
459 1.0002923638283294 1.0007057105076065
458.5 1.000382879600518 1.0008916942084978
458 1.0003931265554593 1.0009086758252395
457.5 1.000428053791548 1.0009793137101235
457 1.0000762458100434 1.0002756343601935
456.5 0.9997554016315244 0.9996360061012348
456 1.0000710608471546 1.0002668869998579
455.5 0.999814720091377 0.9997515534298514
455 0.9997940218702616 0.999714739139466
454.5 0.9997086855391459 0.9995400552712013
454 0.9996036944985817 0.999330670239084
453.5 0.9997779249849051 0.9996770105185003
453 0.9997497304807154 0.999620151681908
452.5 0.9994703408138963 0.9990634290924586
452 0.9996403552802832 0.9994028421603839
451.5 0.9991674100546196 0.9984592194353787
451 0.9993826124478405 0.9988920933880586
450.5 0.9992800493898271 0.9986832189374827
450 0.9992121531344839 0.9985495746580869
449.5 0.999299141158149 0.9987212068197698
449 0.9993576354934788 0.9988402553020891
448.5 0.9989970222927232 0.998117704939593
448 0.9990814168927319 0.998288451430385
447.5 0.9988248754722825 0.9977768754711398
447 0.9988442662102192 0.9978157198313924
446.5 0.9988817892885441 0.9978899215264894
446 0.9987107846577379 0.9975459836870368
445.5 0.9984268792352491 0.9969784312567838
445 0.99866279312718 0.997449370482288
444.5 0.9986162561202224 0.9973576247482594
444 0.9986898624565818 0.9975046291231254
443.5 0.9988690689270008 0.9978645182396992
443 0.9983091560882832 0.9967473249782931
442.5 0.9984397175868001 0.9970061718269448
442 0.9982483122585493 0.996622725243084
441.5 0.998192065639268 0.99650959507068
441 0.9980595694358589 0.9962470328243448
440.5 0.9979889163108974 0.9961047776360734
440 0.9980684008595158 0.9962643351522764
439.5 0.9980638609340823 0.9962554506009397
439 0.9978346040546483 0.99579677795422
438.5 0.997800200689911 0.9957286137760905
438 0.9977577132390287 0.9956468756351958
437.5 0.9974504366345459 0.9950325403499208
437 0.9975849539314171 0.9952994196988334
436.5 0.9974930047743729 0.9951167843548276
436 0.997252933990755 0.9946365805899768
435.5 0.9972998669786962 0.994734350875155
435 0.997336410581528 0.994802171816835
434.5 0.9972356386340697 0.9946020159767301
434 0.9974583970397355 0.995047540678997
433.5 0.9970577972692659 0.994250247505909
433 0.9971360842701258 0.9944081795352753
432.5 0.9971745735730285 0.9944854993856685
432 0.9969890398355175 0.9941110751125714
431.5 0.9968688247683224 0.99387236632948
431 0.9968483925609017 0.993829649793607
430.5 0.9965783255218724 0.9932883726053046
430 0.9966131189872277 0.9933619929524047
429.5 0.9967481881888914 0.9936302779998113
429 0.9964244888943302 0.9929871987190072
428.5 0.9967543483107613 0.9936431445522501
428 0.9962560295995462 0.9926475389545167
427.5 0.9962553808065929 0.9926480893823635
427 0.996283079350988 0.9927048237432629
426.5 0.9961938615256508 0.9925283690444611
426 0.9962969911022891 0.992731453986902
425.5 0.9960646936422991 0.9922683940029235
425 0.995963323478267 0.9920669340835058
424.5 0.9957742532547049 0.9916911903841712
424 0.9957831181906185 0.9917069131542141
423.5 0.9958157473971988 0.9917760136633509
423 0.9957298994420459 0.9916003048392493
422.5 0.9953730096754314 0.9908950465828639
422 0.9956884680709643 0.9915215926895055
421.5 0.9957436108340578 0.9916281280012887
421 0.9954455880169979 0.9910379229164361
420.5 0.9953003979271996 0.9907489777534985
420 0.9953871202161807 0.9909173299916783
419.5 0.9953347150432359 0.9908138220882022
419 0.9952227021323137 0.9905932406677217
418.5 0.9951999646004096 0.9905449127633046
418 0.995073346724966 0.990296776900091
417.5 0.9947771913869993 0.9897065638993057
417 0.9948568286479379 0.9898613767302671
416.5 0.9948586510502052 0.9898695144197137
416 0.9946817725334821 0.9895151115582773
415.5 0.9942764843802874 0.9887086265956975
415 0.9945393156000466 0.9892343578169109
414.5 0.9944806616015186 0.9891172643727065
414 0.9948502260730395 0.9898483696373869
413.5 0.9945975343040251 0.9893509658913154
413 0.9943369510754697 0.9888317283791814
412.5 0.9940657435644613 0.9882936558375622
412 0.99428527576232 0.9887307727290652
411.5 0.9940197438850308 0.9881974675913306
411 0.9938315678857025 0.9878252330653169
410.5 0.9938485943988616 0.9878590171123381
410 0.9936357880204086 0.9874364652851181
409.5 0.9938759550213858 0.9879147565132553
409 0.9939491707744449 0.9880604918680181
408.5 0.9936441638912409 0.9874529511263976
408 0.9936729366714994 0.987511731696542
407.5 0.9932914191217771 0.9867536502955998
407 0.9935005565715592 0.9871680332310133
406.5 0.9933031180199933 0.9867760865710876
406 0.9931661691824288 0.9865080564510142
405.5 0.9931389044941932 0.9864513888614289
405 0.9930745151665428 0.9863215226248108
404.5 0.9932385853713547 0.9866485632649856
404 0.992824279150555 0.9858236032403572
403.5 0.9931520918831752 0.9864794295765132
403 0.9928516323583823 0.9858776661794925
402.5 0.9926217057014509 0.9854229959642953
402 0.9924579507395196 0.98509497525533
401.5 0.9928271609027668 0.9858294484370174
401 0.9926004354193564 0.9853775130186513
400.5 0.9923149515658967 0.984817052559281
400 0.9924371062663542 0.9850565803650839
399.5 0.9920655433708755 0.9843186344920313
399 0.9919357529716315 0.984061468471436
398.5 0.992206016351175 0.984601211594618
398 0.9921054066026398 0.9844026281587022
397.5 0.9916025700895251 0.983401811638483
397 0.992211545748998 0.9846074814833581
396.5 0.9918359202804956 0.9838635279404848
396 0.9919638327027265 0.9841163145981078
395.5 0.9915466564613695 0.9832914302465188
395 0.991711546119831 0.9836145718622921
394.5 0.9914834752359903 0.9831639878852917
394 0.991477590542983 0.9831563860248504
393.5 0.9915564615940718 0.983311177159701
393 0.9911785162318915 0.9825636738646661
392.5 0.9910382655116723 0.9822829258380082
392 0.9908333439411242 0.9818773021656357
391.5 0.9909071698829091 0.9820257555152306
391 0.9911270150067641 0.9824597217207732
390.5 0.9908544836977873 0.9819174986406126
390 0.9906516045157211 0.981513387369431
389.5 0.99035075502557 0.9809239148765722
389 0.990249980990497 0.9807221495590632
388.5 0.9902465934784921 0.9807116515296814
388 0.9904430757510234 0.9811057232947423
387.5 0.990458536072122 0.981132759221232
387 0.9902814805206699 0.980784494255283
386.5 0.9899388356885218 0.9801046220807534
386 0.9899739797046658 0.9801740195182804
385.5 0.9897849400113771 0.9797992737683244
385 0.989953407777793 0.9801331011020948
384.5 0.9898667202142445 0.979964793614998
384 0.9895009500602813 0.9792355193086117
383.5 0.9894458925838687 0.9791307961893517
383 0.9897007299229831 0.9796332687330311
382.5 0.9894144218964016 0.9790650269231929
382 0.9891700180744721 0.9785848902617875
381.5 0.989449036945748 0.9791363935649346
381 0.9892920347976649 0.978820941729098
380.5 0.9892580785053392 0.9787565777035057
380 0.9891659873870535 0.978571762787159
379.5 0.9887193812931918 0.9776925262564562
379 0.988848692742732 0.977947643895985
378.5 0.9888589813782532 0.9779649767406204
378 0.9886278089119723 0.9775110875938408
377.5 0.9882256177220439 0.9767170976820513
377 0.9885389349363009 0.9773355720072329
376.5 0.9883282530218437 0.9769221129162504
376 0.9884524398837738 0.9771595718339392
375.5 0.9879909625158764 0.9762524226466134
375 0.9883358960220885 0.9769365640164945
374.5 0.9879129011823992 0.9760954966305122
374 0.987608469824036 0.975497855963532
373.5 0.9879069796940536 0.9760852680228262
373 0.9876860201065879 0.9756503851375112
372.5 0.9876076638628005 0.9754971441598114
372 0.9877288467305048 0.9757352583372639
371.5 0.9874331136807935 0.9751464544752916
371 0.9873236856132884 0.9749365411858606
370.5 0.9874898851431364 0.9752614760945781
370 0.9868677733136016 0.9740364763096431
369.5 0.9870389445662789 0.974372977561844
369 0.9870349395912893 0.9743659201500285
368.5 0.9866611985613124 0.9736240456787295
368 0.9867896966387179 0.9738808846676831
367.5 0.9865747706205089 0.9734522214730578
367 0.9865623164922285 0.9734342400752909
366.5 0.9865159625722224 0.9733407909149833
366 0.9867086806913584 0.973717806478016
365.5 0.9863454343088487 0.9730048616724266
365 0.9862380729844349 0.9727911039730405
364.5 0.9861467222498117 0.9726097611441235
364 0.9859205048298992 0.9721676650613017
363.5 0.9860528293527288 0.9724295374255812
363 0.9858444763371761 0.9720156519491036
362.5 0.9856889338066279 0.971709551472049
362 0.9856131550498837 0.9715633539053874
361.5 0.9855119795340126 0.9713590557408548
361 0.985506835819809 0.9713522485374494
360.5 0.9857717857132026 0.9718738642460374
360 0.9852684744900436 0.9708828566793076
359.5 0.9849618885049825 0.9702793036750147
359 0.9849358263784702 0.9702246399289137
358.5 0.9850328231399376 0.9704172759140611
358 0.9847075244910302 0.969778028159067
357.5 0.9846645765949364 0.9696914632096064
357 0.9847996427994034 0.9699592460639734
356.5 0.9849229483858484 0.9702025053149649
356 0.9842539153941495 0.9688841318713374
355.5 0.9843306683091934 0.9690332613055938
355 0.9844568413560411 0.9692847163186061
354.5 0.9842884442739218 0.9689522956492604
354 0.9841796918801262 0.9687406228666998
353.5 0.9838733386700463 0.9681344113112933
353 0.9841186844953095 0.9686158991505519
352.5 0.9839468349210145 0.9682807208759239
352 0.9837300440360692 0.9678518906393656
351.5 0.9834920346565142 0.9673828779238611
351 0.9838037224564689 0.9679976756219568
350.5 0.9833785957281419 0.9671580195554788
350 0.9834417981619268 0.9672814945543914
349.5 0.9830930457935415 0.9666006320867421
349 0.9832028398516561 0.966818217569125
348.5 0.9829283910611447 0.9662775540148648
348 0.9832381106207654 0.966882344662382
347.5 0.9827073364270678 0.9658446261663071
347 0.9825173099312894 0.965466782749751
346.5 0.982723718084286 0.9658722792000592
346 0.9825475212985562 0.9655265553694378
345.5 0.9819835941171631 0.9644195401258993
345 0.9822282677100618 0.964896684288564
344.5 0.9819831229196497 0.9644184279105428
344 0.9818871548630795 0.9642318667299072
343.5 0.981677842466882 0.9638190879252023
343 0.9819745199336519 0.9644016072140441
342.5 0.9816296327279865 0.9637240296427629
342 0.9817231988187936 0.9639095021749197
341.5 0.9814706925351819 0.9634104547434374
341 0.981392794427447 0.9632614631321728
340.5 0.9812777252150824 0.9630366633766028
340 0.9809325092729239 0.9623566641889832
339.5 0.9810040722423095 0.9624992366419377
339 0.9810949655664839 0.9626756994149458
338.5 0.9809923684317318 0.9624747803911438
338 0.980772507436179 0.9620417421429158
337.5 0.9803380388327532 0.9611909651452536
337 0.9802607609797792 0.961037908942005
336.5 0.9804393382821597 0.9613866936757086
336 0.9802632857707234 0.9610464307626753
335.5 0.9800600179216443 0.9606442616331717
335 0.9800948539083081 0.9607123928631367
334.5 0.9799673268584037 0.9604665463094466
334 0.9797569381824803 0.9600489455704786
333.5 0.9799908067004679 0.960512366227605
333 0.9793313202093743 0.9592207136716961
332.5 0.9796250470068654 0.9597950795156691
332 0.9792580036931231 0.9590735032317814
331.5 0.9792360866220461 0.9590326875244115
331 0.9790865035093264 0.9587378779584907
330.5 0.9790591188272805 0.9586825520021899
330 0.9787100615243067 0.9580046294284273
329.5 0.9789279619663559 0.9584252264963483
329 0.9785185442526932 0.9576235908702474
328.5 0.9786678467123459 0.9579164788178572
328 0.9788572183753834 0.9582884365175911
327.5 0.9780785659490755 0.9567651637652417
327 0.9784778330492995 0.9575471016312359
326.5 0.9780296831692372 0.9566712952369988
326 0.9781194252140569 0.9568463457706914
325.5 0.9779835719919218 0.956581168525025
325 0.9775131792613316 0.9556614120539775
324.5 0.9775261078678141 0.9556868141734707
324 0.9773627820352183 0.9553691286552835
323.5 0.9771804068672708 0.9550111157959961
323 0.9772258814039932 0.9551006863648216
322.5 0.9767020347985902 0.9540802756029125
322 0.977104460172744 0.9548644146987064
321.5 0.9767296686697025 0.9541303373122234
321 0.9767680719852166 0.9542067962075838
320.5 0.9762919026321615 0.9532740996702355
320 0.9765301337127736 0.953739445743171
319.5 0.9761548409208906 0.9530071606091985
319 0.9763218103125068 0.9533326630169541
318.5 0.9760652974091554 0.9528295442351189
318 0.976033939764495 0.9527699176073469
317.5 0.975698791604078 0.9521152530824228
317 0.9755844682016852 0.9518937279935469
316.5 0.9755045748443751 0.9517422333029437
316 0.9757051031179657 0.95212754833245
315.5 0.9751585350044482 0.9510667668121463
315 0.9752404449342612 0.9512224242160414
314.5 0.9749797116874747 0.9507153741695347
314 0.9748476937341682 0.950457671322702
313.5 0.9742408631101037 0.9492754613757594
313 0.9743878772119079 0.9495592740855247
312.5 0.9740975585454184 0.9489937062484861
312 0.9742908308971319 0.9493734769720558
311.5 0.9741277083219838 0.9490544655488737
311 0.9740694573570423 0.9489379433389376
310.5 0.9741007722367535 0.9490012889343339
310 0.9738362277369509 0.9484873518024286
309.5 0.9734289343997365 0.9476943451204911
309 0.973589450199338 0.9480066288615985
308.5 0.9733554440495469 0.9475479916529017
308 0.9735158762609378 0.9478636827631259
307.5 0.9731232475344608 0.9470981035076879
307 0.9728625241637497 0.9465879571654034
306.5 0.9726290130666317 0.9461364203094242
306 0.9728500770124333 0.9465711611106942
305.5 0.9725054747577349 0.9458992623718103
305 0.9722228188506824 0.9453483608953954
304.5 0.9727543425289886 0.9463809019695072
304 0.9719468495927981 0.944813631260225
303.5 0.9721940824167798 0.9452879519364469
303 0.97179891485115 0.9445202399433917
302.5 0.9715663983699053 0.9440731558891153
302 0.9714848291189716 0.9439134769507417
301.5 0.9714617542506189 0.9438650326778798
301 0.9714383484791713 0.9438225862089592
300.5 0.9712535562053825 0.9434644063892551
300 0.9710755457011764 0.9431185389546751
299.5 0.9709897913941767 0.9429539148473636
299 0.9706376711116869 0.9422637773212358
298.5 0.9706659553809968 0.9423244383268157
298 0.9703525129482145 0.9417164809255605
297.5 0.9702320394551223 0.9414768490806817
297 0.9701119649656067 0.9412470400833343
296.5 0.9698557369590283 0.9407529370794269
296 0.9701424202802654 0.9413049157800878
295.5 0.9698975124408793 0.9408293248896679
295 0.9694044044535364 0.9398755647917348
294.5 0.9697315944657068 0.9405121543375242
294 0.969472826295754 0.9400075369008747
293.5 0.969308098817929 0.9396881049071311
293 0.9687754337357019 0.938659681889347
292.5 0.9687341226433606 0.9385789900397596
292 0.9684053508756058 0.9379441866116421
291.5 0.9687278627607617 0.9385622031648033
291 0.968371871529392 0.9378757842927828
290.5 0.968017158666662 0.9371903997983095
290 0.9683305754060627 0.9377917107796392
289.5 0.9678968833743723 0.9369520220762046
289 0.9676373318621361 0.9364557919139304
288.5 0.9679121148646839 0.9369858151809387
288 0.9675459039775316 0.9362733997180095
287.5 0.9673077704731321 0.9358121599424298
287 0.9672484912295454 0.9357017784550055
286.5 0.9669506940557634 0.9351251552843651
286 0.9669376526981532 0.9350964472578841
285.5 0.9670281495465086 0.9352733523529175
285 0.966644171919938 0.93452992585526
284.5 0.9663096312881209 0.9338855535358278
284 0.9662004368306424 0.9336714199232569
283.5 0.9661624898219109 0.9336002239677864
283 0.9655844468216239 0.9324839937114362
282.5 0.9654573352607713 0.9322413195798321
282 0.9654853838162071 0.9322948196466492
281.5 0.9651628040500874 0.9316685809816722
281 0.9651447456803088 0.9316346676294931
280.5 0.9648897529414137 0.9311426585372586
280 0.9651654690243283 0.9316773500649225
279.5 0.9647111498021562 0.9307972424086857
279 0.9646172072896588 0.9306159318027724
278.5 0.9637709564612292 0.9289826517844948
278 0.9641287154799949 0.9296775260076645
277.5 0.9637873654513056 0.9290142343147472
277 0.9638776907110478 0.9291889846458031
276.5 0.9635770688103413 0.928609465431446
276 0.9631523380015907 0.9277903862605288
275.5 0.9630888928374152 0.9276731183736104
275 0.9633718878767131 0.9282200493973128
274.5 0.9632960580059837 0.928072940471143
274 0.9626560865370727 0.9268379161211582
273.5 0.9626575898687092 0.9268415005223716
273 0.9623446167160067 0.9262376694752673
272.5 0.9620809906676913 0.9257329892484206
272 0.961908580468583 0.9253997634344396
271.5 0.9617628794344488 0.9251218364686177
271 0.9617222613026379 0.9250406165602084
270.5 0.9616042788433059 0.9248130425186957
270 0.9612137676672646 0.9240639029063986
269.5 0.9613113202902207 0.9242514127910056
269 0.9610664734757598 0.9237777947262646
268.5 0.9607649316883264 0.9231994784483942
268 0.9608032304394452 0.9232759473279727
267.5 0.9606547448827776 0.9229876034380649
267 0.959905303986242 0.9215501051794535
266.5 0.9600992545495247 0.9219205210130248
266 0.9602257426626276 0.9221688226802727
265.5 0.9596309839778414 0.9210224925973065
265 0.9591453806867203 0.9200929402786839
264.5 0.9593383741275479 0.9204627222777478
264 0.9589345988044304 0.9196917395787647
263.5 0.9589600653642641 0.9197354528359283
263 0.9586290157693736 0.9191002402915294
262.5 0.9585175241041184 0.9188895671787514
262 0.958491397455708 0.9188350342763036
261.5 0.9583182910202884 0.9185092082746872
261 0.9579940885045752 0.9178873659903444
260.5 0.9576321304519404 0.9171926333803698
260 0.9576328966278527 0.9171930954708772
259.5 0.9573518177823245 0.9166540785224004
259 0.9571068146507361 0.9161878043387098
258.5 0.957064951632409 0.9161066306651922
258 0.9568202431122067 0.91563758333213
257.5 0.9566210406531077 0.9152536525757181
257 0.9561051942977334 0.9142670363958371
256.5 0.9561462778660543 0.9143437742781797
256 0.9555800332793832 0.913267240052711
255.5 0.9557242062208522 0.9135386523148388
255 0.9555641270359582 0.9132328634278621
254.5 0.9552722167627222 0.9126776508681169
254 0.955136891284214 0.9124220798006506
253.5 0.9552751468334418 0.9126845995882004
253 0.9545671323809438 0.9113270422003209
252.5 0.9549165683082569 0.9119990946627099
252 0.9543372563293511 0.9108940260036857
251.5 0.9540874740575733 0.9104166726024423
251 0.953916458566298 0.9100902160126422
250.5 0.9536495759085691 0.9095816961921306
250 0.953464060810559 0.9092281865357423
249.5 0.9530343471448018 0.9084086953754965
249 0.9530561600390471 0.9084485745697746
248.5 0.9527071082893176 0.9077856741316677
248 0.9528684364635933 0.9080914446937861
247.5 0.9522323185235417 0.9068821158417184
247 0.9518684682610489 0.9061881065545245
246.5 0.952055785459392 0.9065417553098556
246 0.9522191269317579 0.9068536369394143
245.5 0.9515884657209528 0.9056523967502116
245 0.9509349054882614 0.9044104135966243
244.5 0.9511099909313049 0.9047385306566931
244 0.9508296980516638 0.9042145401658725
243.5 0.9504252115632144 0.9034436597928899
243 0.9503676563212848 0.9033358818748477
242.5 0.9501558181144495 0.9029318695241448
242 0.9501716625998186 0.9029583822722849
241.5 0.9502045737207007 0.9030203672947534
241 0.9493557021944208 0.9014105212673622
240.5 0.9491321113966833 0.9009854000844888
240 0.9490184859035783 0.9007729033816158
239.5 0.9486403036846784 0.9000512370348388
239 0.9482354083800196 0.8992860012456598
238.5 0.9480308443369627 0.898898424817634
238 0.9479235921177339 0.898697536932648
237.5 0.9479281481661685 0.89870377945081
237 0.9477929805045516 0.8984509721838624
236.5 0.9474640897743465 0.8978211998290518
236 0.9469865580409508 0.8969170851833784
235.5 0.9465673633550812 0.8961240279312839
235 0.9466269143398548 0.8962447962604296
234.5 0.9462427043314315 0.8955093134874844
234 0.9461121043003784 0.8952622266122353
233.5 0.9459406192718254 0.8949349535674811
233 0.9455406373455154 0.8941860274709871
232.5 0.9453626672673034 0.8938442837794516
232 0.9447727022308082 0.8927300384807972
231.5 0.9450370187705796 0.8932297374761542
231 0.9441557340456964 0.8915645609113236
230.5 0.9440690044747178 0.891402527458665
230 0.9439646730873353 0.8912000071348497
229.5 0.9441783256373814 0.8916079701944664
229 0.9437934869162388 0.8908823218503876
228.5 0.9435748170391971 0.8904659656252095
228 0.9432352600013524 0.8898331692667291
227.5 0.9430187216127252 0.8894190465404263
227 0.9426707243512911 0.8887664951275447
226.5 0.9426318447892106 0.8886893656819956
226 0.9417830058568548 0.8870877818909244
225.5 0.9415864722291648 0.8867185637093469
225 0.9415212749803477 0.886600617117092
224.5 0.9414501671770946 0.886462074613555
224 0.9407532046948491 0.8851504565308301
223.5 0.9406827745994234 0.885019067223968
223 0.9406700699407726 0.8849983997471
222.5 0.9403969974781731 0.8844833363456573
222 0.9398975529363096 0.8835404684408696
221.5 0.9395649941027274 0.8829204512223515
221 0.9394374505892973 0.8826759965512115
220.5 0.9388107769190078 0.8815030884772214
220 0.9384756602113875 0.8808750357764673
219.5 0.9382578040217293 0.8804662612468784
219 0.9378043523752426 0.8796152362276428
218.5 0.9378827244001389 0.8797615873163313
218 0.9374955277303277 0.8790331796665731
217.5 0.9370038334096739 0.8781133368633743
217 0.9373035653818643 0.8786761252468517
216.5 0.9366927339721541 0.8775252363304266
216 0.9364702814181094 0.8771082811513728
215.5 0.9361753233126643 0.8765602225017428
215 0.9358647060052269 0.8759818769964488
214.5 0.9357689110513865 0.8758013711720036
214 0.935058151289447 0.8744681617868658
213.5 0.9350119375229402 0.8743831198711379
213 0.934558337805445 0.8735362452853949
212.5 0.9343193449332807 0.8730887892766425
212 0.9344453530317537 0.873327021663058
211.5 0.9334473909696461 0.8714636978969779
211 0.9334374211728967 0.8714458028310669
210.5 0.9327474713600684 0.870153071566466
210 0.9326482439431828 0.8699702851600997
209.5 0.9324172441231274 0.8695343681540583
209 0.932502360862739 0.8696956137273908
208.5 0.9315829328038842 0.867981572334153
208 0.9317336395041759 0.8682652055909338
207.5 0.9315090250727374 0.8678424628366904
207 0.9312073856735869 0.8672818825745675
206.5 0.9304768462754105 0.8659223742448214
206 0.9303212600748769 0.8656347903755581
205.5 0.929725537611109 0.8645292164469772
205 0.9294352744755773 0.8639892806966303
204.5 0.9295190840682892 0.8641393282007034
204 0.9290176788250247 0.8632088424150847
203.5 0.9282167470478387 0.861722567242743
203 0.9284602551568635 0.8621788747556769
202.5 0.9281836810175371 0.8616652510106863
202 0.9279937379441031 0.8613115238177058
201.5 0.9273505182772926 0.8601184277862901
201 0.9268877238047311 0.8592595077309364
200.5 0.926727627841875 0.8589613652009264
200 0.9263976140415591 0.8583506916227559
199.5 0.9260716741340553 0.8577458812428769
199 0.9255734145188037 0.8568218450162777
198.5 0.9250212397016471 0.855806120340476
198 0.9252566569341091 0.8562358543682728
197.5 0.9242957901835197 0.8544608933967647
197 0.9245809173460486 0.8549842030713638
196.5 0.9239221132759466 0.8537736251667951
196 0.9234046856418254 0.8528160166639321
195.5 0.922898813412472 0.8518821307961927
195 0.9227051998155579 0.8515170906609906
194.5 0.9222976970488979 0.850766223635538
194 0.9219807944677108 0.850185560416321
193.5 0.9215410123871355 0.8493768040803475
193 0.921492322311907 0.8492864787040574
192.5 0.9208765818430835 0.8481555454104647
192 0.920500898311279 0.8474568292534806
191.5 0.9202787522546707 0.8470519448761161
191 0.9201333207051918 0.846788557848575
190.5 0.9189222767204418 0.8445576901929159
190 0.918635366094654 0.84403343652597
189.5 0.9189244047575026 0.8445617821058525
189 0.9184026208007937 0.8436025213649442
188.5 0.917581534611288 0.8420921707035302
188 0.9171824054093154 0.8413610466009106
187.5 0.9171241807877668 0.8412545976613636
187 0.9168260039210453 0.8407084070812483
186.5 0.916057002077372 0.8392998237003544
186 0.915834081583072 0.8388867065056503
185.5 0.9154690060511813 0.8382224019325336
185 0.9152319151351226 0.8377916587277444
184.5 0.9146740172588322 0.8367705857376085
184 0.9141721540366298 0.8358519394059974
183.5 0.9139782304855527 0.8354952443880271
183 0.9128924648629787 0.8335161918588356
182.5 0.9130746553313374 0.8338459192073231
182 0.9126653731357237 0.8331010303534978
181.5 0.9118697654332706 0.8316491561724919
181 0.9111895835893606 0.8304053859002711
180.5 0.9114887549842986 0.8309533755081606
180 0.9108105821898878 0.829713357019835
179.5 0.9103572448924652 0.8288887449567436
179 0.909724932379841 0.827737613500745
178.5 0.9095951548872343 0.8274979418178968
178 0.9091242617448552 0.8266452938477185
177.5 0.9083606165559324 0.8252587950895226
177 0.9079148301942882 0.8244537537219853
176.5 0.9073821602520915 0.8234827012635019
176 0.9072658780049992 0.8232722404062421
175.5 0.906772311209601 0.8223779820376206
175 0.9065885322069908 0.8220422928702679
174.5 0.9057384046739018 0.8205017025494284
174 0.9052786033423658 0.8196718729942037
173.5 0.9051340456799356 0.819409154911749
173 0.9042106592154809 0.8177393157684015
172.5 0.9042666339958971 0.8178382541400009
172 0.9033908179548418 0.8162531015003724
171.5 0.9034761712027571 0.816406274902645
171 0.9025497847936323 0.81473728118888
170.5 0.9022949254089551 0.814279916100576
170 0.901666344650214 0.8131474573612872
169.5 0.9010257274233565 0.8119895074848595
169 0.900554150977111 0.8111398328076459
168.5 0.900251961549492 0.8105929941205258
168 0.9002423427408788 0.8105801319911563
167.5 0.8991950993144706 0.8086917364707485
167 0.8984494666243148 0.8073556821301882
166.5 0.8981267074154032 0.8067776862294944
166 0.8975752222272234 0.8057884594859367
165.5 0.8970935417380163 0.8049184098617514
165 0.8969180526769459 0.8046054140220353
164.5 0.8957122502486298 0.8024406465228887
164 0.895454139998608 0.8019856144078852
163.5 0.8948124193280753 0.8008346083997909
163 0.8944771895878327 0.8002308206299331
162.5 0.893908580017166 0.7992139585721951
162 0.8930459373589662 0.7976710620466118
161.5 0.8926910075673237 0.7970353898700674
161 0.8924265958243484 0.7965694860585836
160.5 0.8915241165330913 0.7949640024793745
160 0.8913284046198141 0.7946062541442559
159.5 0.8904939663663805 0.7931252196010422
159 0.8901812805394305 0.7925624013518598
158.5 0.8895177236525499 0.7913863994479429
158 0.8886835232418838 0.7899002463920316
157.5 0.8890438695980968 0.7905423731613124
157 0.8875855894838391 0.7879538647398966
156.5 0.8871686752942181 0.7872088266002993
156 0.8867269754912647 0.786427202288715
155.5 0.8861521163970935 0.7854092819508228
155 0.885628425395752 0.7844813904215158
154.5 0.8848550737904265 0.7831093580651528
154 0.8840742289323067 0.781724682718338
153.5 0.8836715867815885 0.781024888286798
153 0.8834320157410993 0.7805986688876683
152.5 0.8826295827887678 0.7791714580283352
152 0.881784203910618 0.7776860261548422
151.5 0.8812200603818704 0.7766927909676752
151 0.8807288965752729 0.7758271687287894
150.5 0.8792135033212991 0.7731598566135605
150 0.8791174208072617 0.7729875192826412
149.5 0.8784434886786073 0.7718032680687673
149 0.8780138687588463 0.7710444809069764
148.5 0.8777179809937482 0.7705330627331174
148 0.8763905777577866 0.7682029207144648
147.5 0.8757691955093301 0.7671186790357353
147 0.8756315598733652 0.7668738423668767
146.5 0.8743559954225845 0.7646394683668113
146 0.8744902269535448 0.7648741450135929
145.5 0.8739590617078449 0.7639419036490636
145 0.8726387445476983 0.7616457060686549
144.5 0.8720998078263011 0.7607026965546486
144 0.8711927082451199 0.7591205902139605
143.5 0.8709659669608315 0.758725750854172
143 0.8699073329121441 0.756876862913645
142.5 0.8685593211301113 0.7545415999315906
142 0.8683832996045266 0.7542381651524259
141.5 0.8675009368006986 0.7527073716787506
141 0.866777536381803 0.7514495954542292
140.5 0.8663116568881628 0.7506461514497879
140 0.8658630030525227 0.749859494538071
139.5 0.8651739557079762 0.7486703897904295
139 0.8639402896698654 0.7465329365626153
138.5 0.8632622552653287 0.7453663891202945
138 0.8629331778204121 0.7447969208929531
137.5 0.8623513098093143 0.7437971556965463
137 0.8611103798262779 0.741657703355903
136.5 0.8604091861329665 0.7404514976689911
136 0.8599751466073201 0.7397001254075674
135.5 0.8588088388384587 0.7376991014293248
135 0.8577179710511749 0.7358231668835151
134.5 0.8575143019061455 0.7354761822279818
134 0.8564380002051817 0.7336245441109063
133.5 0.8559924287374893 0.7328745882408095
133 0.8552740921579395 0.7316448629251505
132.5 0.8541106980407642 0.7296477547407924
132 0.8534140336199393 0.7284632948376276
131.5 0.852843580880447 0.7274923429337918
131 0.8518337608094951 0.7257610184524961
130.5 0.8507470827357372 0.7239128075536361
130 0.8498888567635311 0.7224558170769789
129.5 0.84975592369509 0.7222279928934523
129 0.84842638335073 0.7199751832125405
128.5 0.8465742559896691 0.7168299947858808
128 0.8461748356785729 0.7161583598158836
127.5 0.8453829482572691 0.714816937428335
127 0.8450469856011488 0.7142419337373055
126.5 0.8439580943188737 0.7124060202375555
126 0.8433370466616509 0.7113685368904971
125.5 0.8419002041061409 0.7089353586458238
125 0.8411879848634718 0.7077410328242422
124.5 0.8397547663170258 0.7053300812306436
124 0.839181037833069 0.7043675337585411
123.5 0.8382564362813396 0.7028136067662426
123 0.8372191589640303 0.7010821767037771
122.5 0.8363004592987402 0.6995419679774177
122 0.8356056022438283 0.6983815444799254
121.5 0.8339868647899342 0.6956731246036025
121 0.8329661030965297 0.6939811046612099
120.5 0.832365828617874 0.692968258505208
120 0.83125063440284 0.6911277294263428
119.5 0.8301607713543518 0.6893089690967039
119 0.829414988343917 0.6880694128031287
118.5 0.8287468522681948 0.6869649944080742
118 0.8271369973683461 0.6842989064677893
117.5 0.8268615593839626 0.6838456592341096
117 0.8252100175061898 0.6811135445783619
116.5 0.8249016612278057 0.6806077207475438
116 0.8227152725618434 0.6769993772905772
115.5 0.8218727636961258 0.675620956105169
115 0.8205484223152846 0.6734476549472463
114.5 0.8196561110811174 0.6719770394609742
114 0.8186658918853794 0.6703535632464704
113.5 0.8173951657703309 0.66827336902399
113 0.8165227372110504 0.6668479642736707
112.5 0.8149739133342928 0.6643309964820909
112 0.8137109338899522 0.6622550561971284
111.5 0.8136032791080666 0.6621014982099607
111 0.81146294267211 0.6586164554257992
110.5 0.8109306944724775 0.6577600484114452
110 0.8094907236730744 0.6554135714493317
109.5 0.8083587046862688 0.6535892810847229
109 0.8069653219102259 0.6513433899005822
108.5 0.8061599500203936 0.6500391913862374
108 0.8050810323095482 0.6483006624723829
107.5 0.804043459736966 0.6466247988968776
107 0.8028199939254708 0.6446590374497492
106.5 0.8014589067914281 0.6424787562185493
106 0.7994447432041433 0.6392403869689615
105.5 0.7988195979371209 0.6382534312422938
105 0.7978136046667017 0.6366508464384943
104.5 0.7960331573835522 0.6338103182942916
104 0.7949416509542013 0.6320679980557113
103.5 0.7935403513396919 0.6298544978418208
103 0.7918842204418136 0.6272223420112729
102.5 0.7912022532846478 0.6261473136729787
102 0.7894271267792169 0.6233320227996925
101.5 0.788598742171994 0.6220320435663773
101 0.785869068625893 0.6177300635441788
100.5 0.7854463862623449 0.6170606303389993
100 0.7838147790870235 0.6145015598545263
99.5 0.7824716208320533 0.6124023144860524
99 0.7813691526748843 0.6106728085058859
98.5 0.7794333156688488 0.6076552045108945
98 0.7776189918810011 0.6048270320324225
97.5 0.7769122679957811 0.6037253023775156
97 0.7750475978034378 0.6008396574208316
96.5 0.7733275409003643 0.5981750387756828
96 0.7719969627573205 0.5961188233022108
95.5 0.7706261245507965 0.5940016282282012
95 0.7684649087921438 0.5906812979047156
94.5 0.7680868957265965 0.590092326185344
94 0.7661287868570911 0.5870860497243003
93.5 0.7646293300764277 0.5847911425424561
93 0.7641034874741275 0.5840005773331446
92.5 0.7614325212881783 0.5799143658043889
92 0.7581596651249994 0.5749486119961319
91.5 0.7578890337025532 0.5745320510490232
91 0.7565936643541425 0.5725671255932426
90.5 0.7546038910919486 0.5695656760451563
90 0.7533862434736487 0.5677293439540798
89.5 0.7517941334054273 0.56532010948854
89 0.7498782833912033 0.5624509735405944
88.5 0.7488486754451465 0.5609131372565715
88 0.7460854242946782 0.5567748678651493
87.5 0.7450867075673024 0.5552878708999991
87 0.7435299706964574 0.5529731228319255
86.5 0.7405461010532784 0.5485489848453828
86 0.7385482857155152 0.5455893582167216
85.5 0.7374068519783841 0.5438913078706376
85 0.7352647149566711 0.5407505386535151
84.5 0.7330067224840626 0.5374289791223669
84 0.7322305154403174 0.53629878183992
83.5 0.7304349350753708 0.5336599538772474
83 0.7281960796877149 0.5304021250305871
82.5 0.725789882344141 0.5269076801753195
82 0.7241650636173744 0.5245529615894083
81.5 0.7212131113802995 0.5202881685913932
81 0.7201437922417777 0.5187254470754677
80.5 0.7191772846133743 0.5173399508602169
80 0.7171011032492458 0.5143642346662907
79.5 0.7146738247711337 0.5108749071647795
79 0.7130857797344443 0.50860462391587
78.5 0.7103186634765626 0.504669431868491
78 0.7081450057384214 0.5015980186709259
77.5 0.7064516704471816 0.4991934423997884
77 0.7037604886714043 0.49540555846148443
76.5 0.7031075244170403 0.4944799715411332
76 0.6991947179662235 0.48899472611241374
75.5 0.6985799400721211 0.4881392160603956
75 0.6957815400744509 0.484222607966246
74.5 0.6941727492954833 0.4819911426856421
74 0.6920934727987721 0.4791144225705393
73.5 0.6892262878967704 0.4751386318726494
73 0.6872491991191908 0.47243280447439767
72.5 0.6858356897588105 0.4704867729067389
72 0.6825501419150265 0.4659873433578094
71.5 0.6797106052745961 0.46211159142167185
71 0.6783177474101728 0.4602213357016002
70.5 0.6760132074580681 0.457110714466106
70 0.6750513215809515 0.45581107187886877
69.5 0.6718543268743301 0.451497906290314
69 0.6686935241088992 0.4472623192286566
68.5 0.6663275677332737 0.4441024872072005
68 0.6651412037124487 0.4425436616711982
67.5 0.6614364992837345 0.43760279576718025
67 0.6594789946011766 0.4350264901838992
66.5 0.6568294739027792 0.4315383285702068
66 0.6545892254639417 0.4285869367365571
65.5 0.6509540802234689 0.42384761403597815
65 0.6507428135507368 0.423567009138612
64.5 0.6475775579092751 0.4194645027275725
64 0.6455830420936953 0.41687710357605806
63.5 0.6419593777387024 0.41221269783148046
63 0.6403663595300872 0.4101677715140036
62.5 0.6373211882572128 0.40629321414071673
62 0.633955601301899 0.4020034443010025
61.5 0.6327449979453522 0.40046156605495076
61 0.6293816835133159 0.39622212328887013
60.5 0.6280797329093973 0.39457374565764236
60 0.6240149463264211 0.38948511561677907
59.5 0.6200955676591864 0.384611012913645
59 0.6197513434657014 0.3841800096106809
58.5 0.6174884811924078 0.3813848527005529
58 0.6118639641920973 0.3744592204266814
57.5 0.6096006702785333 0.3717034227849328
57 0.6076670930485635 0.3693425041008648
56.5 0.6052292297947999 0.36638055922441404
56 0.6037696405089533 0.3646252445521031
55.5 0.6000935729123974 0.3601951203924816
55 0.5988501655160386 0.3586988805085372
54.5 0.5952540034727932 0.3544159933613527
54 0.5922562472337917 0.35084916059838533
53.5 0.5911643932015052 0.3495638149062829
53 0.5861677168776436 0.3436613274845058
52.5 0.5844216793272525 0.34162566628933366
52 0.5805386764914624 0.33710171335461697
51.5 0.5778210999890979 0.3339582998663357
51 0.5760879835706134 0.33195399365928163
50.5 0.5725110280121933 0.32784337400258556
50 0.5690917998171855 0.32394180483557916
49.5 0.5672577703563245 0.32184090316690284
49 0.5639859655253205 0.31814537235790125
48.5 0.5627866348164133 0.3167911123259184
48 0.5582672785697818 0.3117222257427865
47.5 0.5563094315567441 0.3095316137360509
47 0.5528350100245745 0.3056937435082165
46.5 0.5496397491937712 0.3021846084253701
46 0.546286956019769 0.29847936807729064
45.5 0.545026877356447 0.29711104970650976
45 0.5401992270840915 0.2918639774730478
44.5 0.5397283542687729 0.2913637318252158
44 0.5363684456784339 0.2877418252708634
43.5 0.533327474314189 0.28450665531396974
43 0.5303395992116606 0.28131767411551656
42.5 0.5280466690106032 0.27887444125409505
42 0.5249613624038383 0.27562811974480744
41.5 0.5219934710372458 0.2725259564037841
41 0.5216037128271769 0.2721104084776603
40.5 0.517545110602405 0.267893952392388
40 0.512748907832694 0.262958733864937
39.5 0.5118397894196781 0.2620165087047267
39 0.5103458392581891 0.2604906236514364
38.5 0.5085339338614027 0.25864678834425553
38 0.5025899259978377 0.25263076262818873
37.5 0.5011425656716516 0.251181338507591
37 0.4992295872149214 0.24926538668306708
36.5 0.49532156076337186 0.2453760285035017
36 0.4921417643491641 0.24223053599052524
35.5 0.49108578176821926 0.24119625258567004
35 0.4903779948034371 0.2405061907855542
34.5 0.48879393054721587 0.2389478902999686
34 0.48606083245035514 0.23627407510971363
33.5 0.4833414062762144 0.2336346747380452
33 0.4807429512173443 0.23113344051412935
32.5 0.4779938276855655 0.22850683052908746
32 0.4736488389490069 0.22436287407159625
31.5 0.4734153285616932 0.2241386401999057
31 0.47037876693092084 0.2212771859256705
30.5 0.46909730994036386 0.22006691672592182
30 0.46778105973045275 0.21884159641226558
29.5 0.46289182504632287 0.21428313636025628
29 0.4623323152725919 0.21377209967458644
28.5 0.46008949358353196 0.21170378452937758
28 0.4591543499575569 0.21083464957959022
27.5 0.45486614898684097 0.2069317699509975
27 0.4525021469728529 0.20477365166379602
26.5 0.45220549211152017 0.20450465439149684
26 0.4496143561571179 0.202167276249606
25.5 0.4474511224043321 0.2002261411005676
25 0.44652319531656176 0.1993925480073206
24.5 0.4446488562977499 0.19771907712232023
24 0.4433193971413819 0.1965404036529868
23.5 0.43881915887297446 0.192571274615945
23 0.44004406683821895 0.1936459125218945
22.5 0.43976167358015866 0.19339840103459446
22 0.4364197822170328 0.19046862174421653
21.5 0.4339355573086761 0.188303424684517
21 0.434642530392874 0.18891907524483464
20.5 0.4322413811154455 0.18683752306256823
20 0.4313963891996796 0.1861079354008348
19.5 0.42803527127296487 0.18321613735505718
19 0.42854450921221615 0.1836532917430398
18.5 0.4271642580657111 0.18247152353150886
18 0.42704523137401523 0.18237315318610503
17.5 0.4246582971983082 0.18033655561543926
17 0.42349362251274864 0.17934856547738043
16.5 0.4198641895499592 0.1762879645425641
16 0.423756536411954 0.17957109438729324
15.5 0.4228717940709327 0.1788216106508432
15 0.42063496228131736 0.17693526531135606
14.5 0.41922412677276016 0.1757495910380887
14 0.41816598779355013 0.17486342727693466
13.5 0.4163992207274929 0.17338891290667657
13 0.41700038239123316 0.17388959485406003
12.5 0.4162498472647182 0.17326464913173795
12 0.41627687349312736 0.17328691803108015
11.5 0.4162325235418146 0.1732497338598742
11 0.41584217206288443 0.17292504191127633
10.5 0.41591768925232514 0.1729877204595003
10 0.4155380398426136 0.17267196725313527
9.5 0.4156400002767955 0.1727567324851447
9 0.41584195208810193 0.17292465771082524
8.5 0.4154682821922002 0.1726139725199816
8 0.41578213696713423 0.17287488713672317
7.5 0.41583247223613773 0.17291668094496937
7 0.4158295257611445 0.17291422671827786
6.5 0.4157727700299309 0.17286701154816483
6 0.4154827453309225 0.17262596111836626
5.5 0.4152571001765348 0.17243847086687988
5 0.4151130728630519 0.17231887337126792
4.5 0.4150190946115266 0.17224085334862285
4 0.41503657730870347 0.17225536416287052
3.5 0.4149843015414034 0.17221197259286788
3 0.4149516881290648 0.17218490455169586
2.5 0.4149283417189244 0.17216552904788876
2 0.41492588670796815 0.17216349175416587
1.5 0.4149288141295059 0.17216592121681717
1 0.41491458221636096 0.17215411054606136
0.5 0.4149131276132222 0.17215290346717432
