1000 0.5071598065406753 0.25734141314283876
999.5 0.5074308844685899 0.2576193589252477
999 0.5072445538799358 0.25742538763965794
998.5 0.5073842327184125 0.25756828536559134
998 0.5070775142221202 0.25726199046574955
997.5 0.5074368077836922 0.25762101356792116
997 0.5073160848568512 0.2575030356154307
996.5 0.5074096908745191 0.2575995670144629
996 0.507600348206466 0.25778930799422717
995.5 0.5072843525017569 0.25746586896482854
995 0.5070704735413388 0.2572559185631077
994.5 0.5073124321865363 0.2575004639112675
994 0.5072177742500471 0.25740517050922596
993.5 0.5071967616667744 0.2573798417192262
993 0.5069505179003594 0.25712866918828436
992.5 0.5070763069314256 0.25725693132704497
992 0.5073775620484386 0.2575629024010571
991.5 0.5071629079973488 0.25734376081760835
991 0.5070658073659897 0.2572482482647243
990.5 0.507106578929928 0.25728842571017135
990 0.5071651609382352 0.25735225594834577
989.5 0.5072929092571139 0.2574808763307014
989 0.507110390186338 0.25729037626629164
988.5 0.5071464479243957 0.2573301658101973
988 0.5070322346027132 0.25721586041159145
987.5 0.5070585125148003 0.2572426713063048
987 0.5069589973066596 0.2571411151590804
986.5 0.5072080838878531 0.25739578415478404
986 0.5071607760658906 0.2573514670575297
985.5 0.5069757957140786 0.25715807056083584
985 0.506974093989972 0.2571550657593295
984.5 0.5069794558064636 0.25715867219032973
984 0.506905534737551 0.2570881168472589
983.5 0.5068914546891946 0.2570718630111774
983 0.5069383016132131 0.2571161434244405
982.5 0.5070019048452552 0.2571811093302221
982 0.5067201517217245 0.25690130577787595
981.5 0.5069421494713028 0.25712564809006655
981 0.5067429137692193 0.2569227175249629
980.5 0.5071372484585454 0.25732232446893727
980 0.5069406890758582 0.25711896607436807
979.5 0.5069328861475277 0.2571093338551436
979 0.5067665698579695 0.2569437936345722
978.5 0.5064965963522854 0.25667516719761146
978 0.5067925653909902 0.25697149682601544
977.5 0.5067424526502732 0.2569225187891674
977 0.5068172535290959 0.25699326072636736
976.5 0.5069815809044653 0.25716381912615827
976 0.5066409815243009 0.25681755912879706
975.5 0.5067585809326232 0.2569381378590034
975 0.5067644161921481 0.25694221073282625
974.5 0.5066163944620442 0.25679016476386013
974 0.5066251134211623 0.2568026858966676
973.5 0.5067704212762553 0.25695088609106526
973 0.506687003352653 0.25686152297482223
972.5 0.5067577941297532 0.2569360912663404
972 0.5064962753192298 0.25666930291240303
971.5 0.5066662199789916 0.25684198374696077
971 0.5062387355598829 0.2564093217616157
970.5 0.5065541694682072 0.25672966694305166
970 0.5068182727298371 0.25699861611914276
969.5 0.5065782027617016 0.2567531933041496
969 0.506412769950076 0.25658696377553264
968.5 0.5065737210601057 0.256749248656134
968 0.5065150649244438 0.256691781198845
967.5 0.5064991692789178 0.25667502068604436
967 0.5067259708579076 0.25690562947561124
966.5 0.5065280103393232 0.2567035127909269
966 0.5067722139020965 0.25694729387223064
965.5 0.5065685569315896 0.2567419656629184
965 0.5064213511979133 0.2565956077460962
964.5 0.506198836236018 0.25636894726077397
964 0.5063780561938704 0.2565521683596321
963.5 0.5062496057118414 0.25642418937795863
963 0.5063552914242478 0.2565299021276159
962.5 0.5062987082734132 0.2564719747214002
962 0.5063675800840968 0.25653957124292537
961.5 0.5063046319754922 0.25647929475232506
961 0.5063602415111069 0.2565327987870007
960.5 0.5063788561009309 0.256553586224588
960 0.5065543124488473 0.2567269982724792
959.5 0.5064354024337289 0.25661257442075136
959 0.5064016138860843 0.2565764914080039
958.5 0.5061348019185409 0.25630288994173156
958 0.5062073617837441 0.256376097109641
957.5 0.5061538675699516 0.2563239675818018
957 0.5065361277356335 0.25671110745486136
956.5 0.5060491282154278 0.2562161974587114
956 0.5059577971598732 0.25612741662880834
955.5 0.5062118250122194 0.25638377764158327
955 0.5062063786569446 0.2563750642597569
954.5 0.5059462555963978 0.25611135191954165
954 0.5061547023801952 0.25632412320079206
953.5 0.5061284574261121 0.25629716688831733
953 0.5060036474299887 0.2561705439091497
952.5 0.5060694289208121 0.256239578720216
952 0.5062369390237883 0.25641010353523463
951.5 0.5060655330603863 0.2562332950177668
951 0.5061976254842856 0.25636916839091123
950.5 0.5060297461577398 0.2561992532207631
950 0.5060096380276244 0.2561792388409242
949.5 0.5058972548848303 0.2560644769824651
949 0.5061292402699412 0.2563000650909499
948.5 0.506068111802889 0.2562364302367381
948 0.5059026437669579 0.2560701015093568
947.5 0.5059384482332547 0.2561087901782072
947 0.5059433209850397 0.2561066269590594
946.5 0.5059848532642442 0.2561556303676875
946 0.5058101689393882 0.2559764972285354
945.5 0.5060110873908256 0.2561795952357567
945 0.5059244596284986 0.2560939024530572
944.5 0.5060023634487852 0.2561700638630683
944 0.5059154951317936 0.2560855451189248
943.5 0.5058955425062256 0.25606251218085724
943 0.5058419477520408 0.2560123717933021
942.5 0.5057629728326973 0.25592821909464436
942 0.505762023568118 0.25592777387408044
941.5 0.5057135682424454 0.25587864470685995
941 0.5056997449220947 0.2558650051541299
940.5 0.5057832105157415 0.2559504843758137
940 0.5058900251237994 0.25605905714966737
939.5 0.5058398679718775 0.25600554797535574
939 0.505617045859225 0.2557807509463965
938.5 0.5058129180025256 0.2559770438556638
938 0.5057795575297079 0.2559486345746428
937.5 0.5057810884519546 0.25594806156898614
937 0.5055577198345023 0.25572237722980623
936.5 0.5057373237089806 0.2559048119500489
936 0.5054464246785803 0.25560799152633634
935.5 0.5056142875688445 0.255779349239567
935 0.505572708349401 0.2557349022427541
934.5 0.5058813145035662 0.2560519720416211
934 0.5053745556595924 0.2555337675292514
933.5 0.5055277684371372 0.25568922812218475
933 0.5056299125117836 0.2557915910645562
932.5 0.5053489614865203 0.2555108195509265
932 0.5057454251621876 0.25590753855351417
931.5 0.5056673612862751 0.25583384361518335
931 0.5055584719442947 0.25571742315788526
930.5 0.5054056532154493 0.2555681586940604
930 0.5052061113891176 0.25536702591606913
929.5 0.5055207703354556 0.2556836367153787
929 0.5054818735573318 0.2556424562929971
928.5 0.5051884876416021 0.25534907661807654
928 0.5052592688075846 0.2554215293188192
927.5 0.5054241562257492 0.25558578786387076
927 0.5053135353523375 0.2554754034906743
926.5 0.5055482317236909 0.25570991583309427
926 0.5051459621335966 0.2553081210805453
925.5 0.5052119867814914 0.25536968454050335
925 0.5052576145645807 0.2554191088725111
924.5 0.5051585482597406 0.2553185044529436
924 0.505250525713194 0.2554122399625041
923.5 0.5053139002819427 0.25547774686587127
923 0.5051081119725758 0.25526941282551247
922.5 0.5050335809586043 0.2551923333371064
922 0.505221577548375 0.25538160748442956
921.5 0.5052296115625124 0.2553890877190212
921 0.5052477843829778 0.25540895495625693
920.5 0.5051151299559713 0.2552695965415002
920 0.5050760859761522 0.2552356148670359
919.5 0.5050637072878157 0.25522101218051674
919 0.5051993459012636 0.25535904706159407
918.5 0.5051265976793481 0.25528719643881
918 0.5051505227004262 0.25531149833263894
917.5 0.5049522191295566 0.2551084262902549
917 0.5052077366018374 0.2553629224832533
916.5 0.5048201529126666 0.2549767128075326
916 0.5051900103361429 0.25534565559095795
915.5 0.5048642048199243 0.2550194384180955
915 0.505015843367085 0.25517526893018866
914.5 0.5049918977272606 0.25514825890602
914 0.5047295372045792 0.25488725644307986
913.5 0.5046232947935386 0.25477987331883395
913 0.5047607421338192 0.2549178269244204
912.5 0.5049332814042462 0.2550892258668281
912 0.5047768944692369 0.254936124583758
911.5 0.5048242930803395 0.2549820255014642
911 0.5050402626997701 0.2551968737646771
910.5 0.504955589415886 0.2551155104528695
910 0.5046243032227969 0.2547801485937773
909.5 0.5047128645546465 0.25486705908087753
909 0.50488605248432 0.2550426564106965
908.5 0.5048254618329304 0.25498242837599944
908 0.5049361660653773 0.2550940483932807
907.5 0.5047794423013665 0.25493606576847033
907 0.5047105184613659 0.2548663029740792
906.5 0.5046217495973528 0.2547777947612643
906 0.5044389481638126 0.2545926737603303
905.5 0.5046293560813477 0.2547833904692434
905 0.5046149704253962 0.25476803208625365
904.5 0.5046404942135858 0.25479230080929977
904 0.5044414301433946 0.25459558490459633
903.5 0.5045930094181394 0.25474785847822357
903 0.5045725336988942 0.254723916805523
902.5 0.5044294750206061 0.25458194071392837
902 0.504550613479112 0.2547047159741863
901.5 0.5045816682304471 0.25473467630153457
901 0.5046289491965317 0.25478381974325975
900.5 0.5046033700147836 0.2547559769934189
900 0.5043742912932436 0.25452415763313396
899.5 0.5042785386541642 0.2544317934205188
899 0.5046596638036369 0.25481409552893974
898.5 0.5043657497573351 0.254517747881144
898 0.50472311806495 0.25488038693041687
897.5 0.5043751487278741 0.2545242365118783
897 0.5042109581889311 0.25435802304840877
896.5 0.5040670614228628 0.254218166869013
896 0.5047448736046587 0.2549034559950055
895.5 0.5045932155731403 0.25474625266754225
895 0.5046751624290595 0.25483173656082203
894.5 0.504150012424218 0.2543010637880679
894 0.504306878795834 0.2544592492807508
893.5 0.5041233137066384 0.2542721063229659
893 0.5042664321953078 0.25441970642055245
892.5 0.5040056173542019 0.2541512842508781
892 0.5041822986776346 0.2543317563390675
891.5 0.5041817782335555 0.2543341846480524
891 0.5042235864677599 0.25437605154511733
890.5 0.5039840724909889 0.25413603871849655
890 0.5041482287742146 0.2543010146768586
889.5 0.504262699619636 0.25441404051229216
889 0.5039878052081505 0.25413773917428745
888.5 0.5042483048068396 0.25439941293628543
888 0.5041188001917706 0.2542667082256773
887.5 0.5041494930823321 0.25430071607365
887 0.5039946083121895 0.2541473568465151
886.5 0.5040287135074917 0.2541778097287214
886 0.5037688899276415 0.2539181871258705
885.5 0.503946833786898 0.2541001409568263
885 0.5037155653429499 0.2538602872445184
884.5 0.5041024591018965 0.25425217760874036
884 0.5041099102950874 0.25426003783089496
883.5 0.503811391018032 0.2539555869979679
883 0.5038984150353517 0.2540470692688284
882.5 0.503949053290462 0.25409724443257137
882 0.503810143886935 0.25395869964938866
881.5 0.503896820339468 0.25404468396810065
881 0.5039217704975734 0.2540731544610269
880.5 0.5037395355362321 0.2538848089561898
880 0.5037704333636744 0.25392277127271046
879.5 0.5037264374686918 0.2538717797292245
879 0.5039281366342772 0.25407285364580234
878.5 0.5037143711815549 0.25386194603217743
878 0.5039005609536883 0.2540460515839513
877.5 0.5038301245784302 0.2539800032911468
877 0.5036866009905945 0.2538317941949432
876.5 0.5036876430556494 0.25383348136820616
876 0.5036190705600498 0.2537689859985947
875.5 0.5036067666380959 0.25375555980030046
875 0.5037083509028389 0.2538572879276325
874.5 0.5036586901083939 0.25380568125810987
874 0.5033665979741451 0.2535131633926748
873.5 0.5036627087698488 0.25380810807017423
873 0.5036183124407211 0.2537648126978066
872.5 0.5035453804311053 0.25368858632996116
872 0.5035313066623156 0.25367890484851247
871.5 0.5036700349675134 0.2538145259525378
871 0.5034845443040972 0.25363051824595306
870.5 0.5035663065461783 0.2537131968886111
870 0.5034938027593755 0.2536351912222258
869.5 0.5036514323235124 0.25379793311620413
869 0.5034816752555962 0.25362468468284827
868.5 0.5033648352522822 0.2535096265832743
868 0.5033396320242559 0.25348598968038427
867.5 0.5032464842263012 0.25338847373033857
867 0.5032358187172977 0.2533752894289742
866.5 0.5034498427877894 0.25359495722543357
866 0.503243376704854 0.25338702099576665
865.5 0.503411611148283 0.25355409271891666
865 0.5033997961691024 0.2535457281000974
864.5 0.5029918715505625 0.2531362306643814
864 0.5032737234092844 0.25341508059669393
863.5 0.5031957918384037 0.25333966998573
863 0.5032922905896022 0.2534362937822856
862.5 0.5030782164075055 0.253224187822079
862 0.5032024688819073 0.2533452910871429
861.5 0.5031820942422389 0.2533257589757039
861 0.5030378339212731 0.25318236843967334
860.5 0.5031501324882319 0.25329231763277826
860 0.50317613682666 0.25332179959896794
859.5 0.50316150018398 0.2533042432326785
859 0.503215205388498 0.2533583080443411
858.5 0.5031843103000785 0.2533289014262415
858 0.5029931459927899 0.25313519527508216
857.5 0.5028252615639407 0.25296616930912
857 0.5030174938257156 0.25316182884971555
856.5 0.5030565048503908 0.2531968934298649
856 0.5028811655042849 0.2530234577575184
855.5 0.5028365798241167 0.25297788643511077
855 0.5030024854069888 0.25314498734515717
854.5 0.5028927512406235 0.25303845999801816
854 0.5027558570091111 0.2528970437855224
853.5 0.5027524389587682 0.25289677877394284
853 0.5030245031825858 0.25316812172139896
852.5 0.5028318767675795 0.252975110178811
852 0.5027816088939048 0.2529220012718158
851.5 0.5028261644180049 0.25296579127176216
851 0.5026456836154883 0.2527859926086919
850.5 0.5026683294054832 0.25280987949075134
850 0.5029544690229261 0.2530975463616893
849.5 0.5026690923003094 0.25281239194641625
849 0.5023588759107315 0.25249517881285427
848.5 0.502691740231775 0.2528330959834415
848 0.5024373527399287 0.2525763357194342
847.5 0.5026415382142007 0.25278227198927056
847 0.5026284456879856 0.2527679794352638
846.5 0.5025096449282234 0.2526517390883555
846 0.5027382246140357 0.25288057548697607
845.5 0.5025718786425477 0.25271121419352943
845 0.5023043492002266 0.25244640377193406
844.5 0.5023566231416762 0.25249509158788563
844 0.5023431669385116 0.2524833137907092
843.5 0.5022293169324092 0.2523667883171213
843 0.5024156369050942 0.25255497950567835
842.5 0.5024431758776514 0.2525812489628788
842 0.5021939012761033 0.25233129642472724
841.5 0.5024001212209478 0.2525421099140178
841 0.5025725203897207 0.2527135377143952
840.5 0.5022137831152168 0.25235305577630324
840 0.5026562781823471 0.25279920100531883
839.5 0.5023850727879146 0.25252454910821764
839 0.5020753279588032 0.25221295566518653
838.5 0.5023287552621629 0.25246902648311004
838 0.5023614858174724 0.2525015813457182
837.5 0.502169001183651 0.25230559899985106
837 0.502287131607229 0.25242171752110326
836.5 0.5023748400855652 0.2525179936974001
836 0.5019867834677595 0.25212451106727674
835.5 0.5020343083201586 0.25217083706628707
835 0.5021331072256999 0.2522687116029091
834.5 0.5023424281617139 0.2524823559360222
834 0.5020786818575075 0.2522195750196512
833.5 0.5019794409356269 0.25211988672462654
833 0.5023264352988531 0.25246302102102847
832.5 0.5020550816900264 0.2521921923682039
832 0.5023367199135292 0.2524755609871946
831.5 0.5019264029028501 0.25206373319543307
831 0.5020772046981994 0.2522158896212681
830.5 0.5019694512349132 0.25210803578238805
830 0.5020978407883956 0.2522370095086802
829.5 0.5019987030436445 0.2521371132949327
829 0.5018548922215902 0.2519905052248217
828.5 0.5016943491626493 0.25182836011718884
828 0.501706445452633 0.2518422016047049
827.5 0.5018811838554182 0.2520174994132546
827 0.5018584843120025 0.25199584732276736
826.5 0.5018720347693004 0.25200900174887575
826 0.5016964494382842 0.25183059169085104
825.5 0.5018632370347723 0.2520009618766597
825 0.5020158572948006 0.2521534694022104
824.5 0.5017966248935732 0.25193179884832634
824 0.5017129578443036 0.25184541387390713
823.5 0.501606228635564 0.25174258910771935
823 0.5017683555568533 0.2519048070576519
822.5 0.5018209732409415 0.2519594869038837
822 0.5014245253573409 0.2515582152781982
821.5 0.5013413716111813 0.2514747555509588
821 0.5015068530366893 0.2516404072590246
820.5 0.5016148119583708 0.2517538341394578
820 0.5014699482791677 0.25160819139287877
819.5 0.5016714715604823 0.2518084456167403
819 0.5015495121219039 0.25168811693019166
818.5 0.501589404931379 0.25173166533112273
818 0.5013415701652255 0.251473267562554
817.5 0.5013604904503922 0.25149681794462914
817 0.5014438165602875 0.2515788325679505
816.5 0.501297546588503 0.25143365064481465
816 0.5015560631785052 0.2516915505970777
815.5 0.501403931969498 0.25153792404468317
815 0.5014359378108916 0.2515722527327412
814.5 0.5015774917065717 0.2517132400982777
814 0.5012546877782811 0.2513897366916496
813.5 0.5013531553066654 0.25148889098785865
813 0.5013300238105494 0.25146648509382435
812.5 0.5012946681553792 0.2514315492290495
812 0.5013153713145679 0.2514494458039547
811.5 0.5010546942659406 0.25119197979527746
811 0.5011979546696976 0.2513336475999088
810.5 0.5012190313474766 0.25135433466515106
810 0.5011448462076894 0.25127900124872204
809.5 0.5013421095051576 0.2514795705234391
809 0.5010780241573298 0.25121342993574425
808.5 0.5011896951904605 0.25132501135478025
808 0.5012807766859778 0.2514190995560005
807.5 0.5009998490121191 0.2511347595267455
807 0.5009957023459956 0.25113285467002155
806.5 0.5010332645608976 0.25116963249119933
806 0.5010658905556598 0.2511981947195015
805.5 0.5010594489903368 0.25119595676294587
805 0.5010822671816136 0.2512178943289379
804.5 0.5008765771046906 0.25101524807626463
804 0.5009466467546457 0.2510803812443206
803.5 0.5006733105312726 0.25080766654854914
803 0.501045365818238 0.25118079271446286
802.5 0.5008819529588409 0.2510204405622234
802 0.5010529771791079 0.25119151597077566
801.5 0.5007713427587698 0.2509066389879899
801 0.5007078140376476 0.25084028656829666
800.5 0.5008095286606749 0.25094378494113057
800 0.5006310979172783 0.25076172622676574
799.5 0.5007177933040369 0.25085247215418965
799 0.50079534028039 0.25092866086883475
798.5 0.5007931594804621 0.25093143569589077
798 0.5008026073417755 0.2509357703638593
797.5 0.5009596871805762 0.25109615905061955
797 0.5006242752708637 0.2507599267586391
796.5 0.500427541365956 0.25056265521570376
796 0.5007643589463334 0.250895657273542
795.5 0.5005238107599931 0.25065720985721895
795 0.5004075051400599 0.2505439455226405
794.5 0.5006248411424413 0.25075828703348413
794 0.5004751762083813 0.2506092127235223
793.5 0.5005724932536358 0.25070681805058836
793 0.5006422508944828 0.2507775436926709
792.5 0.5003616044465402 0.25049682378207816
792 0.5004385855119681 0.25057308384766525
791.5 0.5001905898777912 0.2503247944481664
791 0.5005618202931759 0.25069576953303596
790.5 0.5004918889905579 0.250629801589728
790 0.5003076107526071 0.25044490174420075
789.5 0.5005329494825101 0.25066716733539796
789 0.5000416673990974 0.2501752055518646
788.5 0.5001961367167945 0.25033009296187936
788 0.5001788413550977 0.250311191000621
787.5 0.5002517293973722 0.2503819435007576
787 0.5004695173722036 0.25060150228046474
786.5 0.500107908705177 0.2502439234695077
786 0.49998694959737505 0.2501203009221368
785.5 0.5001432255598104 0.2502771016565716
785 0.4998705357668029 0.2500067325762306
784.5 0.500155060080042 0.25029079669395626
784 0.5002447444956869 0.25037936945617945
783.5 0.5001357745779792 0.25026963756008275
783 0.4999468497251107 0.2500829018511332
782.5 0.4999826925299316 0.250116421627217
782 0.4998587771430746 0.24999406239926364
781.5 0.5002667372641607 0.25039921750010213
781 0.4998926800832176 0.25002899975921855
780.5 0.4996105209136033 0.24974315929030078
780 0.49988422320419196 0.25001746175193507
779.5 0.49972090214692333 0.24985559747820776
779 0.4996719969167231 0.24980427399161806
778.5 0.4996734219654573 0.2498095265988807
778 0.49984339130428523 0.24997674171522852
777.5 0.49997053022313653 0.2501078629394002
777 0.4999516249732587 0.25008611226130123
776.5 0.4999113065760017 0.2500453483702959
776 0.4995360577254093 0.24967021497652378
775.5 0.4995763139817626 0.24971434418290317
775 0.49982759028400936 0.24996578650850407
774.5 0.49968732541935407 0.24982177884900422
774 0.4996368795244035 0.24976920110263784
773.5 0.49956942549998057 0.24970399518948688
773 0.4996147498140177 0.24975060522869605
772.5 0.4997860055464169 0.24991963160360517
772 0.4994933738805217 0.24962662429082097
771.5 0.49965966176969523 0.24979507876483656
771 0.49960560619992017 0.2497347058733874
770.5 0.499285358109333 0.24942231951679528
770 0.4996266336884635 0.24975972477992886
769.5 0.4995580872247454 0.24969137647562692
769 0.49932674528333204 0.24946338120406836
768.5 0.4992512612048351 0.2493903862790149
768 0.4996434907643526 0.24977876127219437
767.5 0.49917528224213675 0.2493091398748183
767 0.49933708397650306 0.2494727962020576
766.5 0.4992784989731089 0.24941677899210574
766 0.4994679189874842 0.24959955334042586
765.5 0.49930000173987005 0.24943556678330206
765 0.49896753521449494 0.249104769759824
764.5 0.4994792492831467 0.24961350515805483
764 0.4990769427732258 0.2492108410363477
763.5 0.49919812499631516 0.24933229593745704
763 0.4993134351817649 0.24944932486027296
762.5 0.4989380967104319 0.24907305290049778
762 0.4990455937630705 0.2491803396019187
761.5 0.49929018508714074 0.2494240400770657
761 0.4989990610003159 0.249131393439795
760.5 0.4988220776215398 0.24895496574237783
760 0.49885191927335437 0.24898913145224957
759.5 0.49918912743376015 0.2493297157290691
759 0.4990664466817833 0.24919837483514448
758.5 0.4987621344171919 0.24889968732490433
758 0.4988769371316029 0.24901295225742467
757.5 0.49906189782957766 0.2491967900507716
757 0.4989676394943769 0.24910499499239985
756.5 0.4987946851947296 0.24892965957375016
756 0.4990238258909487 0.2491589775953633
755.5 0.4988437978503989 0.24897551178300686
755 0.49864178924322433 0.24877957592766034
754.5 0.498643131954136 0.2487784817201788
754 0.4985835945958771 0.24872147255735505
753.5 0.4987994146180069 0.24893307333929315
753 0.49841788309993 0.24855524005408375
752.5 0.49854547118451287 0.24868058924864825
752 0.49883535066661244 0.24897038657573753
751.5 0.4984296069645794 0.24856801248983648
751 0.4987151840313753 0.24885320111361972
750.5 0.4984025150918126 0.24853690655494654
750 0.49854074161471734 0.24867476913103975
749.5 0.4985761043278455 0.24871037260301476
749 0.49859349498318456 0.24873174835673148
748.5 0.49823111963695776 0.24836820888324396
748 0.4987122373096341 0.24884859813707405
747.5 0.49856259937285996 0.24869866602834437
747 0.49829723126501574 0.24843640334747719
746.5 0.4983788810024838 0.24851502858690405
746 0.49851349591987615 0.24864943478659052
745.5 0.49819305299709704 0.24832648148237688
745 0.49821938857297454 0.2483590034725633
744.5 0.4983992139289457 0.24854012526509195
744 0.4980808859631531 0.24822092930735817
743.5 0.4983675638282166 0.24850321160562128
743 0.4982289297136034 0.248367732295154
742.5 0.4981478254901914 0.24828445352860473
742 0.4981920414085601 0.24833124053256747
741.5 0.4980652449091279 0.24820302907024777
741 0.4979122648014217 0.24805173888443638
740.5 0.49806225943516164 0.24820272052151574
740 0.498140031987243 0.24828287391621415
739.5 0.4981924449482912 0.2483319539209532
739 0.49785490140354616 0.247996371072582
738.5 0.49793866881257 0.2480758229138221
738 0.49802282971422296 0.2481610403179564
737.5 0.49771502263481987 0.24785968597263708
737 0.4979731713946089 0.24810956497485226
736.5 0.4980189439833012 0.2481578142878291
736 0.49799555931399986 0.2481366238965368
735.5 0.49771108825387533 0.24784713751184034
735 0.4976564846210646 0.24779475123478556
734.5 0.4979247720327186 0.2480661739034487
734 0.49764945511111786 0.24778895778659402
733.5 0.49758228047506614 0.24771981022590894
733 0.497726002429935 0.2478660611339295
732.5 0.49760650116951904 0.24774782003553172
732 0.49766448884431264 0.24780789111177157
731.5 0.49750442953534585 0.24764371394969714
731 0.4975230583005 0.24766259147807082
730.5 0.4976452705387504 0.24778601637028802
730 0.49777117822186995 0.2479070495918903
729.5 0.49760101581339206 0.24774080118448089
729 0.4975245116174227 0.2476632054019397
728.5 0.49754744087919855 0.24768573045830788
728 0.4971535822233857 0.24729355141357237
727.5 0.49733704971106757 0.24747743758054563
727 0.4975354397827214 0.2476727491667174
726.5 0.49712134238581557 0.24726457309550745
726 0.49752836636055003 0.24766820644331528
725.5 0.49700891886913545 0.24715137018680558
725 0.49728878650830133 0.24743359739828316
724.5 0.4969923567615317 0.24713380696018558
724 0.49723833304966497 0.24737936474976854
723.5 0.4973114801204976 0.24745367555728415
723 0.49718171202148725 0.24732128524728508
722.5 0.4972203886037106 0.2473622126659111
722 0.49708415550569945 0.24722889850475566
721.5 0.4971792645831221 0.2473238896468675
721 0.4970289744305765 0.24717240715450597
720.5 0.4971391954891418 0.247284932127662
720 0.49690949574576404 0.24705520231193426
719.5 0.49698467379896677 0.24712617349867103
719 0.4970733467426291 0.2472151938030861
718.5 0.49708431878771825 0.24722911929584512
718 0.49688311753027936 0.24702736847322007
717.5 0.4970052361360274 0.2471490516870432
717 0.49700837698374045 0.2471517683919771
716.5 0.49674249143563387 0.24688492590396566
716 0.49706408581995104 0.24720799324617082
715.5 0.49674883653954754 0.24689416384603574
715 0.49664223314537936 0.24678811091358907
714.5 0.49647879253851407 0.2466279627911713
714 0.49676315941686483 0.24690761044197868
713.5 0.4967342038319376 0.2468815102391055
713 0.496887845813909 0.24703296368141392
712.5 0.4967410525577288 0.24689087033048507
712 0.4968056298024973 0.2469511085407689
711.5 0.4967362146402513 0.24688155292316788
711 0.49662239650129125 0.24676973223648052
710.5 0.4965690996273382 0.24671383761703364
710 0.4964826519404587 0.2466317845375608
709.5 0.4964238296012188 0.24657224309151604
709 0.4963699502883071 0.24652163115142828
708.5 0.4964584953685747 0.2466070254078342
708 0.4966312645182089 0.2467783878118608
707.5 0.49651728130875383 0.24665936276658254
707 0.49644543377197486 0.24659258904856254
706.5 0.49647214242208376 0.24662216919676208
706 0.49608753961498714 0.24623820348841294
705.5 0.4960791399268361 0.24623019277250302
705 0.4959674533135562 0.2461170710195231
704.5 0.49641188383966783 0.2465577889597125
704 0.49625178728768327 0.24640096017449875
703.5 0.49621533383034216 0.2463671707110445
703 0.4960862767894218 0.24623426216509567
702.5 0.4959714277842977 0.24612049417392468
702 0.4962321995005896 0.24638445064673825
701.5 0.4961321276056398 0.24628057746488657
701 0.49606036374426815 0.24620911492433273
700.5 0.4961174076381619 0.2462660929481331
700 0.49594570599002274 0.2460994344651309
699.5 0.4958260621403473 0.24597874838954106
699 0.4957117698047744 0.24586287127192546
698.5 0.4958601312338512 0.24601329941502656
698 0.4958177892278133 0.24597075801124554
697.5 0.4960891873355222 0.24624063398228618
697 0.49591281076602156 0.24606205425614958
696.5 0.49594346887664476 0.24609861334055871
696 0.49595928546956286 0.24611374796656393
695.5 0.4953689905940732 0.24552681044576125
695 0.495634360995193 0.24578677555574704
694.5 0.49576725423980433 0.24591995014582058
694 0.4956892741562405 0.2458372757540529
693.5 0.49554434734378844 0.2456985628095029
693 0.49551010794839834 0.24566589528430538
692.5 0.4955811583772729 0.24573416161807177
692 0.4956878413438772 0.24584292886029516
691.5 0.4956362073037366 0.24579446545297592
691 0.4954980331455788 0.2456533606819329
690.5 0.49551678208194805 0.2456720203145141
690 0.49544161615348326 0.24559494341753454
689.5 0.49522371099647056 0.24538298989579496
689 0.49536469251735604 0.2455234879473734
688.5 0.49523088982244523 0.2453875601111282
688 0.49554370100204925 0.24569647520063945
687.5 0.49534968863003975 0.24550829754250952
687 0.4950275770269238 0.2451904568572161
686.5 0.4952280024396496 0.24538430878809647
686 0.49522972107539076 0.24538689395841073
685.5 0.4952682607216426 0.24542470771825464
685 0.4951035124157567 0.24526128992528695
684.5 0.495114951304134 0.24527414009670687
684 0.4952812289244609 0.2454342729962843
683.5 0.494988757043293 0.24514570021409293
683 0.4947773324496057 0.2449398186458284
682.5 0.49520023637504457 0.24536057956077048
682 0.49499267082725645 0.24515291039356263
681.5 0.4949166869868689 0.24507793692539742
681 0.49475081440214014 0.2449117968680957
680.5 0.49497674705010797 0.24513642925586426
680 0.49495445104493374 0.24511401019887527
679.5 0.49500333886722053 0.2451650773957519
679 0.49502060882455806 0.24517973085652633
678.5 0.4946108948883842 0.24477787502871753
678 0.49478226489653065 0.24494565339633212
677.5 0.4946392447371323 0.24480712403467608
677 0.49477266198576053 0.24493557230324695
676.5 0.4947782212092086 0.24494350285073044
676 0.4947289514992261 0.24489193019693647
675.5 0.4946664880344537 0.24482859442708335
675 0.49472333098494936 0.24488822519786116
674.5 0.4945558582574683 0.24472114128014125
674 0.4943683502997692 0.24453748065736866
673.5 0.4944197606169298 0.2445873979471367
673 0.4946829332876266 0.24484843341093734
672.5 0.4942439113833278 0.2444151671601059
672 0.49429813580736337 0.2444655076124839
671.5 0.4943128666837173 0.24448033988244947
671 0.49422293988055305 0.24439141775234063
670.5 0.4944214212599885 0.24458992219366876
670 0.4942082310419874 0.24437808440012215
669.5 0.49423686997142363 0.24440300105141596
669 0.49411473979894005 0.2442854019827087
668.5 0.4942227327616424 0.24439204975109102
668 0.4941392869646005 0.24431004820692567
667.5 0.49396309457543863 0.24413378490050996
667 0.49430175735188747 0.24447284957636933
666.5 0.4939637567966888 0.244132857725353
666 0.4941507766990587 0.24431996744345116
665.5 0.4939113514372753 0.24408023058225722
665 0.4938015042640033 0.2439780182663746
664.5 0.49387621354892075 0.24404895558054027
664 0.4940314555361259 0.24420720302307425
663.5 0.4938511731064553 0.2440240684409462
663 0.4936817596492691 0.24385536070083913
662.5 0.49359091149314654 0.24376742254285497
662 0.4938447430613857 0.24401559326391292
661.5 0.49345258868332204 0.24362994235060798
661 0.4936203931994739 0.24379846726223098
660.5 0.4933368593054211 0.24351431872852847
660 0.493603271251531 0.24377750045574675
659.5 0.49364660989897835 0.24382207625345692
659 0.4935433005829733 0.2437199906420908
658.5 0.49358892265916443 0.24376738707081996
658 0.4935050673555269 0.24368099062668835
657.5 0.49369607137576077 0.24387380552640747
657 0.4932571351254945 0.24343608528135918
656.5 0.49315723830938063 0.2433397662103151
656 0.4931177027899118 0.24330053526918874
655.5 0.49326662067121846 0.24344739815199812
655 0.4932691278235493 0.24344595512388117
654.5 0.49335528808575874 0.24353476681341005
654 0.49338463889859446 0.24356061923131733
653.5 0.4928865854669943 0.24307441431362942
653 0.4931816636670712 0.2433606193725802
652.5 0.49321171070117187 0.24339480891885074
652 0.4930132028355385 0.24319918813847347
651.5 0.49303489698788733 0.24321908529624595
651 0.4931335917323602 0.24331693571495036
650.5 0.493030803707043 0.24321444082414237
650 0.49287832200757253 0.2430642197893739
649.5 0.4929615318934317 0.24314965203098687
649 0.49277482868592065 0.24296304195968427
648.5 0.49300961189173265 0.24319603604341003
648 0.4926110503912504 0.24280016258493517
647.5 0.4928439202068757 0.24303205290608867
647 0.49314054463798146 0.2433221309762036
646.5 0.4929257616516148 0.24310801424642922
646 0.4926308490668608 0.242820816220463
645.5 0.4925838464343838 0.2427742646761813
645 0.49261743024202337 0.24280687617325555
644.5 0.49281196065028965 0.2430018451202552
644 0.4926226646643768 0.2428153120423377
643.5 0.4922076178196985 0.2424058868065784
643 0.4927019247265531 0.24288979340762923
642.5 0.4925583203993279 0.2427526157498124
642 0.4922133101274252 0.24241032419339953
641.5 0.4927862182611296 0.24297253428760554
641 0.49265151495901893 0.2428414031695891
640.5 0.49249648333448964 0.24269141831441574
640 0.4923393558343406 0.2425331920562962
639.5 0.4920871401589797 0.2422867083956336
639 0.49213400729206186 0.24232995555483325
638.5 0.4923621973683561 0.2425575043568996
638 0.49220187338679655 0.24239915421140495
637.5 0.49229577928074436 0.2424873770961719
637 0.49210887940299486 0.24230674704925675
636.5 0.491983574634791 0.24218536224108878
636 0.49201855271762085 0.24222008329585007
635.5 0.49202712259009473 0.2422283467403666
635 0.49222682122487893 0.24242355607003538
634.5 0.49201079388805996 0.24220915962990933
634 0.4919673674359229 0.24216769956050221
633.5 0.4919530383820946 0.24214948121196814
633 0.49177720600113106 0.2419755535896466
632.5 0.49221963912609185 0.24241867704101633
632 0.49170132349248147 0.24190548243545484
631.5 0.4917277607648908 0.24193172511344202
631 0.49170971332852476 0.24190908688144022
630.5 0.491736794052373 0.24194233065757223
630 0.49141156987037105 0.241622409468099
629.5 0.4917594294380454 0.24196476693400534
629 0.4915054339856449 0.24171447093854753
628.5 0.49144530103000317 0.24165622366548706
628 0.49130123500553513 0.24151372704788668
627.5 0.4916403584638881 0.24184711915797755
627 0.4917804825377301 0.24198480767514122
626.5 0.4916111939552491 0.24181652028210257
626 0.4912261224193764 0.24143887399527858
625.5 0.49137073826948113 0.2415797790186518
625 0.4914004339839334 0.24161033053320496
624.5 0.49161416457380064 0.24182019762387116
624 0.49098980227454864 0.24120556721812106
623.5 0.4912691532012985 0.24147969665993418
623 0.49093663227018935 0.24115172305577093
622.5 0.49101498650508635 0.24123128346695133
622 0.4911377257954563 0.24135253679181667
621.5 0.4910944365851599 0.24130965810649171
621 0.49110165789076843 0.24131477911652277
620.5 0.4907540472233747 0.24097237182308234
620 0.4908505979361609 0.24107092572539285
619.5 0.4908257765889206 0.2410449911381155
619 0.4909304114284364 0.24114834527464632
618.5 0.4910460872165683 0.24125962208079027
618 0.4908702999904281 0.24109429525109602
617.5 0.49090172697106277 0.24111923349442985
617 0.4907850721220136 0.2410055590214845
616.5 0.4904881491113272 0.24071663867964282
616 0.4906354077595784 0.24086078358475768
615.5 0.4906232589414756 0.2408458023182187
615 0.4909059153406879 0.24112332984292117
614.5 0.49045495339252265 0.2406848703743748
614 0.4904867274152666 0.24071171041909395
613.5 0.49057980447880384 0.2408044472016811
613 0.4904909299624213 0.2407175980924733
612.5 0.49044709163437666 0.2406723200170149
612 0.4901362706485348 0.24036923942355456
611.5 0.4903360724060406 0.24056144409699692
611 0.4902217945517455 0.24045115981109352
610.5 0.490749840934156 0.24097162768894534
610 0.49036708800546636 0.24059445138184937
609.5 0.49025991107375755 0.24049147067502094
609 0.490135603979906 0.24037099442193094
608.5 0.4904157852557309 0.24064492115589492
608 0.4902298790380154 0.2404667644622419
607.5 0.49001355446410205 0.24025025484038698
607 0.4899720050441951 0.24020398421514716
606.5 0.4901615239824925 0.24039296830595683
606 0.48996403513530173 0.24020185194479718
605.5 0.490140922177623 0.24037496411292547
605 0.4897688088111072 0.24001188342304253
604.5 0.48990316847854887 0.24013971781582846
604 0.48983262591532833 0.24007249163086583
603.5 0.4897291922255886 0.23996931376516648
603 0.4898215606296118 0.24006341240356735
602.5 0.4897673556272836 0.24000804358024969
602 0.4896169592513848 0.2398602475345382
601.5 0.489521700279169 0.23976568279889363
601 0.4894843910467742 0.23973207788003817
600.5 0.48952153245304286 0.23977107132475273
600 0.48979830260946516 0.240040240154645
599.5 0.48947479003459604 0.2397192692182032
599 0.48971648220440644 0.2399521668410462
598.5 0.4896642054354689 0.23990779695707204
598 0.4894408252754564 0.23968902236544914
597.5 0.4895010845154605 0.23974811230276372
597 0.48942748256985336 0.23967431132282757
596.5 0.4894345619799282 0.2396861401539844
596 0.48917950353842615 0.23942962495432282
595.5 0.4891619523480601 0.23941554601659626
595 0.488993477524209 0.23925049916424235
594.5 0.48938517659796715 0.2396320481553736
594 0.489046358262973 0.23929957949366043
593.5 0.48895494400667094 0.23921172601224142
593 0.4892291045522752 0.23948260492031329
592.5 0.4888434655766756 0.23910502293933086
592 0.4887298839388661 0.23899491404009507
591.5 0.48881755749210365 0.2390797719091282
591 0.48866540259355784 0.23892855692267648
590.5 0.4888005497183436 0.2390636231876715
590 0.4886591745640975 0.23892900205026352
589.5 0.48868309458640846 0.23894982533279313
589 0.48853291259111614 0.23880023486128507
588.5 0.48870789709427365 0.23897020098978594
588 0.4888229647226691 0.23908473924168103
587.5 0.48845401795277127 0.2387255735272175
587 0.488540176112489 0.23880615465103872
586.5 0.48851923443096174 0.23878642531521757
586 0.48850044967829087 0.23877007628703614
585.5 0.48844956592068756 0.23871579738692497
585 0.48842746031615497 0.2386994952706184
584.5 0.48828635803237835 0.2385582931027137
584 0.4883229472683069 0.2385953457964822
583.5 0.48845179338829237 0.2387209310787627
583 0.4879776238505893 0.23825466321281594
582.5 0.4882489360129067 0.23852047184092992
582 0.4880181341993606 0.23829700465548645
581.5 0.48810589062384285 0.23838664678579768
581 0.48802663841755717 0.23830891837745918
580.5 0.48767991864340177 0.23796771216824472
580 0.48794966640699666 0.23823150107194171
579.5 0.4880120090278123 0.2382886791837844
579 0.48804946549924244 0.23832779869713525
578.5 0.4877624613371133 0.2380491323601495
578 0.48778063362226154 0.2380674267465258
577.5 0.4876545373355371 0.23794196377131382
577 0.4878841623175504 0.23816485247447458
576.5 0.4879595583200829 0.23823667715283767
576 0.48749912663518474 0.23779305267109585
575.5 0.48730806349571265 0.2376069202201887
575 0.4873638673376433 0.23766209403761143
574.5 0.48710589631834583 0.23740605901805859
574 0.4877815384693338 0.23806925666380652
573.5 0.48730293657257 0.23759953322113003
573 0.4875794342236814 0.23786545916548638
572.5 0.4873186979005766 0.23761682566185383
572 0.48704571124282325 0.23735084032682513
571.5 0.48731204305442155 0.23760899271205504
571 0.4875290695869761 0.23782306510198906
570.5 0.48722907632584517 0.23753037373890745
570 0.48702227516462077 0.23732663734785395
569.5 0.4871616831842021 0.23746294415966293
569 0.4870761877734507 0.2373782814736487
568.5 0.48674213630357865 0.23705433240521046
568 0.48679510244098045 0.23710594678614932
567.5 0.4870279928474309 0.23733194384835823
567 0.48702475424460506 0.23733176165557415
566.5 0.4866190052452242 0.23693532623670585
566 0.4869884194434175 0.2372934769969572
565.5 0.48668594868531007 0.23700278875144515
565 0.4867433063798649 0.23705209685101863
564.5 0.4865738781732815 0.2368873223441093
564 0.48672787349889945 0.237041765374975
563.5 0.4863096189571593 0.2366341532470533
563 0.486460555778252 0.23677861059774216
562.5 0.4865073468864309 0.23682800172034052
562 0.4864757006057898 0.23679183980533128
561.5 0.48619648597815923 0.23652025390372172
561 0.4865329650503178 0.23685268860334724
560.5 0.4862548424532651 0.23657835030444044
560 0.4864218494547681 0.23674651447644282
559.5 0.4862468272457863 0.23657012389302415
559 0.48620956833588197 0.2365378259547479
558.5 0.4860310940601058 0.23636408638315426
558 0.48604504103540597 0.23637335351772715
557.5 0.4858677712558432 0.2362058421598954
557 0.48603058311865543 0.23636033232788403
556.5 0.4858709218438425 0.2362059473338109
556 0.48564512031495227 0.23598779311236712
555.5 0.48598613775058563 0.23631790381866707
555 0.48572844316438896 0.23606760051729997
554.5 0.48596827171410406 0.23630371418558369
554 0.48597013823067164 0.236301959869016
553.5 0.4855713074906672 0.235918208502004
553 0.48554155077260486 0.23588692465545497
552.5 0.48592842011965043 0.23626085396997443
552 0.4853414119987646 0.2356917664712339
551.5 0.4854059498810319 0.23575636183893517
551 0.4853690334694117 0.23571812067957837
550.5 0.48526314292555195 0.23561435161068683
550 0.4852109320961776 0.23556912264845145
549.5 0.4854346149888995 0.23578424299984438
549 0.4849721481024677 0.23533110889008801
548.5 0.4852164153692887 0.23557221431018815
548 0.485085165903234 0.23544542202770258
547.5 0.48532578815102 0.23567921627454433
547 0.48524234532657207 0.23559339061287227
546.5 0.48509378576813345 0.23544968677744804
546 0.48505994178774087 0.23541423704771453
545.5 0.484779464675446 0.23515123693561543
545 0.4851620032348084 0.2355160300719706
544.5 0.485027649741566 0.23538754226257774
544 0.4848474691141136 0.23521223185377393
543.5 0.48462681179647166 0.23499878933543636
543 0.48473796690404264 0.2351087806466472
542.5 0.4847649531851953 0.23513340771065727
542 0.48469234807502115 0.23506214909497297
541.5 0.4848906691931811 0.23525464220534972
541 0.4846907810595098 0.23506274104891617
540.5 0.48452225964307305 0.23489836379653597
540 0.484452160512165 0.2348292020685599
539.5 0.4842434790707255 0.23462623937564087
539 0.48403824963093117 0.23442737407480152
538.5 0.48482131734553036 0.23518626656719388
538 0.4842591382553806 0.23464315053822982
537.5 0.4844321239842588 0.23480918997191932
537 0.4840682517665824 0.23446054120452364
536.5 0.4841387245671359 0.23452544141569118
536 0.4840668654617694 0.23445886882665712
535.5 0.4839781927899308 0.23437635501338816
535 0.48395258704340216 0.2343492972874372
534.5 0.4838349205419382 0.2342360319465285
534 0.48397174789829056 0.23436469651179936
533.5 0.48376417508396036 0.2341656124685416
533 0.4841757124357246 0.23456763214869633
532.5 0.483934456364784 0.23432681132967956
532 0.4836149742368053 0.23402177468693164
531.5 0.48374333198074504 0.2341439320219948
531 0.48345819817645685 0.23386906816052258
530.5 0.4835904784815573 0.23399510480473004
530 0.48332775434820546 0.23374266877642333
529.5 0.483225670592095 0.23364682175756843
529 0.4833432202441267 0.23375779899184226
528.5 0.4834252393469502 0.2338349238833579
528 0.48343327774939276 0.23384479225351257
527.5 0.4832070814598858 0.23362459385198872
527 0.4835295511181677 0.2339356274233879
526.5 0.4831784683805516 0.23360000500884964
526 0.4830319913831521 0.2334616332768029
525.5 0.4831452680831299 0.23356753733915062
525 0.4829143594085428 0.23333988535907804
524.5 0.4829114235874421 0.23333953352362086
524 0.4825747441673511 0.23301322572018962
523.5 0.48292501394237786 0.2333546497971461
523 0.4826785955896506 0.23311590901301785
522.5 0.48271969472771376 0.23315785980860224
522 0.4826891115321104 0.23312778146620194
521.5 0.48257566008576336 0.23302124507752286
521 0.4824701378799542 0.23291486828071387
520.5 0.4827860352786609 0.23321684052129038
520 0.48279433836930424 0.23322891205908777
519.5 0.48232516790514607 0.23277273022003575
519 0.4826253938809327 0.23306687062164083
518.5 0.4823904390930456 0.23284197406227644
518 0.4825641015050317 0.23300556084913726
517.5 0.4825327230719802 0.23297197661519434
517 0.4819816818253593 0.23244161946270722
516.5 0.4821021792609039 0.23255815361210927
516 0.48229070735802304 0.23274126139773244
515.5 0.48199759320623187 0.23245799483351293
515 0.4818859727827543 0.23235157918488952
514.5 0.4820303224999052 0.23248725139199433
514 0.4818457997505538 0.23231380117531808
513.5 0.4815570225313334 0.23203299773392355
513 0.48181673741078757 0.232284658900928
512.5 0.4819237526191308 0.23239010046923028
512 0.48169872868418634 0.2321762090608889
511.5 0.4816447015626427 0.23211853768041055
511 0.48163969280274976 0.23211916023970328
510.5 0.481333209817961 0.2318181368738522
510 0.4813169404690908 0.23180502261277547
509.5 0.481358657292686 0.2318417070902067
509 0.4814174234734561 0.23189942702256103
508.5 0.4814232851253735 0.23190464527039514
508 0.4810378715575321 0.23153425014684503
507.5 0.48137251619592764 0.23185656182710718
507 0.4811502272549509 0.23164264234263704
506.5 0.48116650733970134 0.23166199010313418
506 0.4811652029535189 0.2316553575650068
505.5 0.4812900962968335 0.23178168977619293
505 0.48081147078860575 0.23131697433928156
504.5 0.48102980540332185 0.23152719327417318
504 0.4806614602571848 0.23117356637025907
503.5 0.4809689656919417 0.23146895843149054
503 0.4807993673422897 0.2313085997137253
502.5 0.48082653517934976 0.23132978340449364
502 0.480746071306387 0.23125395569453192
501.5 0.48059217650965524 0.2311076287694775
501 0.4806705582920068 0.2311799414107189
500.5 0.4802309096923356 0.23076053362327492
500 0.4807447970227563 0.23124992140566242
499.5 0.4802953051726738 0.2308214126363245
499 0.4802096804407915 0.23073868525193647
498.5 0.48022361110402484 0.23075246357707122
498 0.48018468580135454 0.23071631153321456
497.5 0.4803348529161038 0.2308609940342463
497 0.4798526454323959 0.23039458597619586
496.5 0.48016904738889815 0.23069877269602743
496 0.480103833774984 0.23063435535679563
495.5 0.4797498749315343 0.230295347363085
495 0.47988347028556483 0.23042857466132471
494.5 0.4793712654206841 0.22993588596016593
494 0.479850341661243 0.23039336006873812
493.5 0.4796938717240022 0.23024060021479023
493 0.47963414922010755 0.23018710940409126
492.5 0.4793123191237828 0.22987964071266828
492 0.47953893173952533 0.23009495237632824
491.5 0.4794747813627042 0.23003438664776238
491 0.4795437815485944 0.2301016327335203
490.5 0.47947789423361625 0.23003490974742247
490 0.47895309672168707 0.2295326480972381
489.5 0.47942235264074795 0.22998397173697935
489 0.4790697032755909 0.2296452712821818
488.5 0.4790509876209929 0.22963005661484245
488 0.47917370454045005 0.2297481214536622
487.5 0.4789239031501214 0.22950533090445802
487 0.4789382576833485 0.22952066058427856
486.5 0.4790056998457213 0.22958686163955846
486 0.478796706188445 0.2293816376613228
485.5 0.4787794045376494 0.22936913083374122
485 0.47863370266813465 0.22922608684062223
484.5 0.47846150395866116 0.22906206121936443
484 0.4784676108073155 0.2290692607770178
483.5 0.4787564432973463 0.22934196721530561
483 0.47851317358939793 0.22911324250969384
482.5 0.4784817709381142 0.22908013406925223
482 0.47810382443827243 0.22872497128468777
481.5 0.4781932477335032 0.2288059214865586
481 0.4782202165907858 0.22883521313804972
480.5 0.4781374301791053 0.22875275164019976
480 0.47774350735257665 0.2283786041581487
479.5 0.47794889915917754 0.22857312868240118
479 0.4780973078097973 0.22871676652420483
478.5 0.47787483396282404 0.22850175875142328
478 0.47818812626125917 0.22880072445990593
477.5 0.4777146646617395 0.22835121265264277
477 0.47764949984345867 0.22828556367873465
476.5 0.47781583293530006 0.22844666249258175
476 0.47750076957395093 0.22814142463016437
475.5 0.477678245754931 0.22831225657529258
475 0.4771802143122891 0.22783685347993207
474.5 0.4773681008140662 0.2280207473774123
474 0.47734035977427564 0.22799060446096375
473.5 0.4773734804486571 0.2280190828430143
473 0.47737768809215997 0.22802677576643168
472.5 0.4771952780390863 0.22785431110996082
472 0.47701280863479234 0.22767946696157906
471.5 0.47696642014066465 0.22763673200414616
471 0.47710505151250543 0.22776352422986665
470.5 0.47691203003350446 0.2275853511219871
470 0.4770008722650005 0.22766399545728172
469.5 0.47697730581960873 0.2276486450962254
469 0.47700165618785095 0.22767163044869607
468.5 0.47687120593817783 0.22754715093160843
468 0.47661335888949213 0.22730104093746192
467.5 0.47664551484313367 0.22733068666098183
467 0.47628067992165385 0.22698229455147323
466.5 0.47623834814746563 0.22694119116638808
466 0.4762473714868589 0.2269478496680395
465.5 0.47614307873181266 0.22685191831116164
465 0.4760355827082485 0.22674581520751255
464.5 0.476023619911582 0.22673633770033233
464 0.47652799827465664 0.22721742810594772
463.5 0.47627357217148863 0.22697404620424952
463 0.47599973550444746 0.22671716550341567
462.5 0.4759648494743835 0.2266782662095193
462 0.4757664355761015 0.2264948457021556
461.5 0.4757297973149634 0.2264564420898468
461 0.47556407352050417 0.22630272844116192
460.5 0.4756617383168532 0.22639409811411698
460 0.47579933664618307 0.2265216829679948
459.5 0.4758963028850701 0.2266137446174999
459 0.47543629246484287 0.22617860806899995
458.5 0.4753018245338821 0.22604789114609575
458 0.4750141717062815 0.22578020146939792
457.5 0.47548841642509465 0.22623133328718456
457 0.4753214490751848 0.22606745740333958
456.5 0.4751236801394726 0.22588175582110923
456 0.4750941749797399 0.22585311213453454
455.5 0.4747100496892145 0.22548800413952816
455 0.47513864358269764 0.22589171767891866
454.5 0.47465325072913095 0.22543654799709692
454 0.47521625486014785 0.22596565759097464
453.5 0.47486200256969924 0.225633435599397
453 0.47445686281937566 0.2252472498946878
452.5 0.4744024700651602 0.22519789331108211
452 0.4745068822432159 0.2252950034809148
451.5 0.47440441108901127 0.22519929663538513
451 0.4744118297525306 0.22520544783618374
450.5 0.47451567435944414 0.22530428454339907
450 0.4741078067527291 0.2249156439045641
449.5 0.4740863677660398 0.22489457969283813
449 0.47413255293958373 0.22494405689432934
448.5 0.4738735448663243 0.2246946074909827
448 0.4736986167198237 0.22452831925499386
447.5 0.4739743055983182 0.2247885894050484
447 0.47379910237972017 0.2246248686757123
446.5 0.4737020466146774 0.2245317207892333
446 0.4736180222630781 0.22445092776396253
445.5 0.4735305804700794 0.22436960676725706
445 0.47369022133384925 0.2245198670804592
444.5 0.47373050062918376 0.2245603468554425
444 0.47334981227419903 0.2241987842842168
443.5 0.4734549609485078 0.22429511764949125
443 0.47313804574909385 0.22400036190696915
442.5 0.4734307672941137 0.2242759871183486
442 0.4730103589700116 0.22387868958769883
441.5 0.4730641079338649 0.22392727252448577
441 0.4730619634053529 0.22392634806738157
440.5 0.47282454176443567 0.22369829986665288
440 0.4728427005988029 0.22371508385860758
439.5 0.4727725876365194 0.22364992856277374
439 0.47260985296303304 0.2234956795196933
438.5 0.47240814848799423 0.22330681016440915
438 0.47253989671050795 0.2234314461814898
437.5 0.4725742240001958 0.22346443056044038
437 0.4721926437379468 0.22310634375560293
436.5 0.47211401334897046 0.22302800460818722
436 0.47213525228437025 0.2230489324824033
435.5 0.4724627382657305 0.22336236654534558
435 0.4719629574970365 0.22288285543649317
434.5 0.47203576108528195 0.22295829323582225
434 0.4721310904313959 0.22304960850904512
433.5 0.4718347723537194 0.2227693267494955
433 0.47176488481124335 0.22270079860991104
432.5 0.4720215864218337 0.2229430124215516
432 0.4717078355858946 0.22264389671933935
431.5 0.4715720573079179 0.22252054814887762
431 0.4715921497719172 0.22253829205594194
430.5 0.4714192666922456 0.22237463900494042
430 0.47126555578501533 0.2222325778522957
429.5 0.47111110648184873 0.22208680644683415
429 0.4708167832738861 0.2218059097230124
428.5 0.4708711672346451 0.22185689418345722
428 0.4708508488419855 0.22183953346500973
427.5 0.4709341779064991 0.22191813920948186
427 0.47064259653954493 0.22164485173409715
426.5 0.47084393247719514 0.22183453666138847
426 0.47078933383001953 0.2217798840066899
425.5 0.4706403624534912 0.2216446880626984
425 0.47073450095320424 0.2217269012903428
424.5 0.47041363308066103 0.22142698427625054
424 0.4705176738942041 0.22152600542104492
423.5 0.47058340365868656 0.22158847026233985
423 0.469986124227613 0.22102701031288385
422.5 0.4702384854699797 0.22126707484675015
422 0.47024998426707043 0.22127604191979203
421.5 0.4702886446536244 0.22130771911993188
421 0.469967891284533 0.22101014629989182
420.5 0.47000681920139936 0.22104390859162867
420 0.4699680334117794 0.22100938433186693
419.5 0.469605147302062 0.22066687650720718
419 0.4696055563579928 0.22066632788891125
418.5 0.46942667854599857 0.2205036276447902
418 0.4693534072968351 0.2204324421934995
417.5 0.4695357217926892 0.22060091764277515
417 0.46930365015422876 0.22038289559738977
416.5 0.4691272134894223 0.22021468488525395
416 0.46888255970433645 0.21998716652941844
415.5 0.4692442029946781 0.22032797623841113
415 0.4690387481517063 0.220136596218769
414.5 0.4689382582898785 0.2200417003290743
414 0.4685202934826595 0.21964966632590066
413.5 0.46881308648729836 0.21992771858844462
413 0.4684494454561857 0.21958079454836277
412.5 0.46855495439577816 0.2196823112582886
412 0.46849171914685417 0.21962326962499842
411.5 0.4683246145945504 0.21946806173533415
411 0.46856894268745847 0.21969826133602363
410.5 0.4684075324991394 0.21954332852560504
410 0.4680893499833248 0.21924715500640016
409.5 0.4682818138439471 0.21942699074277938
409 0.46836087438453405 0.21949988094519124
408.5 0.46789593460759493 0.21906501050529725
408 0.4678877831716425 0.21906310793403347
407.5 0.4680067357328111 0.21916869503657535
407 0.46785034666134023 0.219023345778558
406.5 0.46771693543745063 0.21889645810124758
406 0.46720741196308585 0.21842198735171306
405.5 0.46725516508527026 0.21846538038981778
405 0.4672432438405902 0.21845507137257536
404.5 0.4673869863280735 0.21858799444872198
404 0.46740935230326697 0.2186091920679722
403.5 0.4672591161927221 0.2184725996285509
403 0.46663086455799074 0.21788693696948602
402.5 0.4669693450973375 0.2181977371298335
402 0.4670624748453122 0.2182883546111435
401.5 0.4668148721878182 0.21805418349156036
401 0.46684729082437204 0.2180894812466786
400.5 0.466520788952905 0.21777708010408992
400 0.4664941821708308 0.21775976246438003
399.5 0.46640164660428346 0.21767260514742645
399 0.4662160767775029 0.21749643441812258
398.5 0.4663354135318788 0.21760559029483292
398 0.46610237421677747 0.21738960246894015
397.5 0.4664359256999861 0.21770314791465317
397 0.46587518754088575 0.2171800497560216
396.5 0.46604150655660304 0.2173383746641486
396 0.4656683295058269 0.21698630441813394
395.5 0.46593205948860233 0.21723043240763984
395 0.4655392211039239 0.2168668620337565
394.5 0.46565752990124615 0.2169760056023202
394 0.4654478361138773 0.2167790167014895
393.5 0.4653068973615054 0.21665186898529482
393 0.46520891966787 0.21656094971570328
392.5 0.4652938715608074 0.21663969166535138
392 0.46516505607353 0.21651684985910624
391.5 0.4653282310004772 0.2166736766942943
391 0.4650077321650795 0.2163712431033839
390.5 0.46524480621362335 0.21659116162918038
390 0.46473115902931206 0.216113819786982
389.5 0.46482068710096586 0.21619897419807987
389 0.46469187015256963 0.21607627827149664
388.5 0.4643205118641916 0.21573356381047012
388 0.464301739088458 0.215713722625632
387.5 0.46446664095697726 0.21586793626984324
387 0.4642262224846569 0.21564717480810996
386.5 0.4641825073096222 0.21560869854757875
386 0.4638787302871589 0.21532083547556571
385.5 0.46404565266267467 0.21547666927356102
385 0.46400033330766605 0.21543487277992562
384.5 0.46369595631933147 0.21515166106266942
384 0.4636060229630161 0.21506932385893285
383.5 0.4634754375453831 0.2149498136383951
383 0.4632858542654903 0.21477186007089796
382.5 0.4636177621491855 0.21507844695214592
382 0.46347725406319884 0.21495626056458866
381.5 0.46312194863744666 0.21461915647669486
381 0.4631226809888357 0.21462257867874102
380.5 0.4628014586518205 0.21432216171139443
380 0.463097165616455 0.2146006927749661
379.5 0.46278341841596116 0.2143077680885353
379 0.46268006955226265 0.21420931719793937
378.5 0.4629268100036767 0.21443718419446733
378 0.46242034896405476 0.21397051284700083
377.5 0.4623425303017005 0.21390311743793253
377 0.4620905566863826 0.2136685870101512
376.5 0.4622318965671672 0.21380032030327495
376 0.46218352426879966 0.21375501178357253
375.5 0.46202269882395314 0.21360705521287607
375 0.46199981379431343 0.21358798927914485
374.5 0.46183333604833654 0.21343048147363966
374 0.4615823537015294 0.2131980230343222
373.5 0.4614485615995867 0.21307473661255108
373 0.4617551766445508 0.2133546490306548
372.5 0.4613143738732745 0.21294653697329546
372 0.46134275397051 0.21297593691169053
371.5 0.46102563528164625 0.21268486557379762
371 0.4610780719755266 0.21273207944832281
370.5 0.46118643952833377 0.21282980384598246
370 0.46066203017392116 0.21235011952939828
369.5 0.46088930684225776 0.21256169889353202
369 0.4606194993937137 0.21231093972073797
368.5 0.46074933079324426 0.21242729809948335
368 0.4605208048302558 0.21221735232734976
367.5 0.46034973381256034 0.21206110622864996
367 0.46006640786076775 0.21179878123916793
366.5 0.460145297779244 0.2118711285924172
366 0.46013572055514285 0.21186394405920808
365.5 0.45985967954943563 0.2116090540652071
365 0.45975076087729094 0.2115094769621307
364.5 0.4597087554891602 0.21147583301478926
364 0.45973737410591253 0.21150135250445426
363.5 0.45950315560829336 0.2112862773794735
363 0.4595883892082817 0.21135853559738965
362.5 0.4594610237178311 0.21124312861063432
362 0.4594087077501952 0.21119728612862418
361.5 0.4591080905880084 0.21091730268178485
361 0.4590952123160435 0.21090773798754095
360.5 0.45861576102973844 0.21046814163745445
360 0.4590464395908304 0.2108656305886391
359.5 0.4590343003086886 0.21085344077281784
359 0.45869157205538064 0.21053628909532665
358.5 0.4587437637522896 0.21058609479197993
358 0.45867046292604025 0.21052101847765356
357.5 0.45789029807795445 0.20980339337922305
357 0.4582259634493008 0.21011460528499812
356.5 0.45770308702795126 0.20963420656686402
356 0.4577961028249913 0.20972339942137835
355.5 0.45794490609704924 0.20985204413425843
355 0.45771823242360377 0.20964577339169
354.5 0.45763032459683306 0.2095651068088403
354 0.4571269491342268 0.20910622343936414
353.5 0.45749917403547274 0.20944416229219434
353 0.457056748410492 0.2090415522819783
352.5 0.4570434423586838 0.20902306893461484
352 0.45672626436693814 0.2087370589646694
351.5 0.45668577350250555 0.2087064340354007
351 0.45677937944430963 0.20878861277851582
350.5 0.45676186043607264 0.20877209713957406
350 0.45667408629927625 0.20869105011013184
349.5 0.45645367841423734 0.20848699641346433
349 0.45665516956804214 0.2086732457547359
348.5 0.4562106996035688 0.2082680653937883
348 0.45590623683105924 0.20799024709698355
347.5 0.45608751367677747 0.20815619405645766
347 0.4560787896231119 0.2081472294516813
346.5 0.4559304328757357 0.20801251085079772
346 0.4556989139495803 0.2078026307673932
345.5 0.4553695509251663 0.2075037925865033
345 0.4553763781871234 0.20750526077218348
344.5 0.45537366764086407 0.2075025666035464
344 0.454983690368119 0.20714567791058766
343.5 0.45515695146843715 0.20730842323262652
343 0.45509275683294675 0.20724876062100692
342.5 0.4549039399820256 0.207079710814463
342 0.4544206813040099 0.20663673889331027
341.5 0.45472596154383715 0.20691658709572747
341 0.4543510989314617 0.20657712898957828
340.5 0.45419933915148936 0.2064327028715771
340 0.4540793191282887 0.2063269202026811
339.5 0.4541517385170783 0.20639437707077152
339 0.4540098443177978 0.20626705869223122
338.5 0.4538091934851967 0.20608762398378355
338 0.4535479480396076 0.20584567011678992
337.5 0.45354076832833967 0.20583846137246964
337 0.45366720186236653 0.2059523381244044
336.5 0.4536741783661173 0.20595910418602328
336 0.4531062917837948 0.20544183556691906
335.5 0.4532565937915171 0.2055799697147666
335 0.45319237371450083 0.20552605438930283
334.5 0.4527749608925154 0.20514344871146725
334 0.45269503921633225 0.2050735806715564
333.5 0.45233991523559686 0.20475265925143535
333 0.4523267697922929 0.20474441022027196
332.5 0.4522489208478339 0.20466981854219238
332 0.45205412569339526 0.20449572976428562
331.5 0.4520377548720618 0.20447505995207
331 0.4521329987057836 0.20456508954142585
330.5 0.4519620346876037 0.20440744594213578
330 0.4517678434461256 0.20423280484280645
329.5 0.4517017932880554 0.20417558211284426
329 0.45187934149700965 0.2043332405614305
328.5 0.45154023311851094 0.20402786697989644
328 0.45110787210954867 0.20363592244007242
327.5 0.45123389116698914 0.20376097086284128
327 0.45079990790831176 0.20336212054158972
326.5 0.4505566106950252 0.20314047849306507
326 0.45087869807503456 0.20343461893758236
325.5 0.4506346471094102 0.20321352353230698
325 0.4503750482314149 0.20298154334657942
324.5 0.4505610763219083 0.2031466745419607
324 0.4502139904835245 0.20283255210300094
323.5 0.4502505883436566 0.20286585457170989
323 0.4499820833552518 0.20262494665210878
322.5 0.44979822205896436 0.20245928588506573
322 0.44988226110057544 0.20253334993188263
321.5 0.4496849884550408 0.20235408272157437
321 0.44948065273515203 0.20217368836522043
320.5 0.44937502579154204 0.20207587490319973
320 0.44894958243777616 0.20169405773551702
319.5 0.4492221929630876 0.2019339262243479
319 0.44869692426886343 0.20147038248654364
318.5 0.44882922919442647 0.20159093150280966
318 0.4481862735072678 0.20101047751126613
317.5 0.44838407076046866 0.20118834769630664
317 0.44827226624897526 0.2010894369297885
316.5 0.4481270118324222 0.20095676027433035
316 0.4482802475052613 0.20109423785848488
315.5 0.4477534742650296 0.20061983037287676
315 0.44790085011896835 0.20075194484232747
314.5 0.44741261116849124 0.20031724432357154
314 0.44749669786174556 0.2003889602051046
313.5 0.44711923952922455 0.2000557775989562
313 0.4470045304399374 0.1999516047962751
312.5 0.44705069447575385 0.1999946889996687
312 0.44695822539307084 0.19991226280221464
311.5 0.4465325828666739 0.19952772766055937
311 0.4466892667797349 0.19967348948070374
310.5 0.446311874380483 0.1993344021189572
310 0.4463759638991528 0.19939421585456177
309.5 0.4456749317418894 0.1987634778123413
309 0.4460108168356208 0.1990666587183241
308.5 0.4456924227030752 0.19878112313717286
308 0.4458054992093272 0.19888233284459267
307.5 0.4452131984355096 0.19835453477433246
307 0.4454256494450186 0.19854313943845114
306.5 0.4453089440876339 0.19843973676858567
306 0.44481375227117526 0.19800080162404124
305.5 0.4451688290637227 0.19832088947634743
305 0.4448264992719678 0.19800863696833026
304.5 0.44468466748339286 0.19788452321634856
304 0.4443188039578339 0.19755576267738964
303.5 0.44409684191373205 0.1973644876755458
303 0.44440456432143066 0.1976394114266804
302.5 0.4441642130822212 0.1974217819936089
302 0.4439349789014397 0.19721873818960148
301.5 0.4439176399234274 0.19720201865260106
301 0.44380583033314885 0.1971034271203993
300.5 0.4436190445965807 0.19693371715064087
300 0.44335403554647734 0.19670228804938938
299.5 0.4434426567913699 0.19677771202723374
299 0.4429063685703118 0.19630699298176554
298.5 0.44271466251458974 0.19613501175938153
298 0.44255875516466014 0.19600059931975503
297.5 0.4426202775104798 0.19605257038537152
297 0.4423704048141624 0.19583058191623098
296.5 0.4424434754988034 0.1958949299085957
296 0.442228574252945 0.19570835109437673
295.5 0.4422486652584327 0.19572296758780966
295 0.44215240927575417 0.19563682601812982
294.5 0.44166442773784526 0.19520879140175693
294 0.44136233413149606 0.19493856089697476
293.5 0.4409028995088965 0.19453584121994602
293 0.44085415186985705 0.19449283120750632
292.5 0.4407770601471275 0.19442223169437922
292 0.4408012186458782 0.19444642900257372
291.5 0.44053594422678344 0.19421254158341722
291 0.4407076375505938 0.1943613076613343
290.5 0.44021842080713014 0.19393087886912727
290 0.4403858708093377 0.19408217643321393
289.5 0.43985973064720607 0.19361717258873942
289 0.43970194617633757 0.19347633116851762
288.5 0.4396427446339682 0.193420958300189
288 0.43934080927342833 0.1931586314032936
287.5 0.4388331768220459 0.19271228331062285
287 0.4391461153081622 0.19298974443540215
286.5 0.43903403820164016 0.19288875919416867
286 0.43896911047220233 0.19283455921147094
285.5 0.43858572643921484 0.19249956254683712
285 0.4381569011383091 0.19211927543742832
284.5 0.4378292275340433 0.1918333257018495
284 0.43824049028370077 0.1921970412812371
283.5 0.437826794312943 0.19183205373075113
283 0.4381061049965334 0.19207418832971476
282.5 0.4377690590868446 0.1917796018058362
282 0.4372034820848586 0.19128392737721264
281.5 0.4371685476283979 0.19125550789061124
281 0.437126414991675 0.19122370737999672
280.5 0.43676972894368254 0.1909091328728101
280 0.43656039840052635 0.19072157581083765
279.5 0.4370075493077834 0.19111504760878523
279 0.4361575101461469 0.19037451057607302
278.5 0.43651583605150307 0.19068376366908305
278 0.43607925011626686 0.19030448421822457
277.5 0.43592817681899254 0.19017623149852933
277 0.43561514622752295 0.18989392788787943
276.5 0.4354006919516938 0.18971141907593395
276 0.43505266052797265 0.18941353011145678
275.5 0.4354303714994693 0.18974125327144797
275 0.4344188166795307 0.1888605266427246
274.5 0.434788638145043 0.1891799583610127
274 0.4344406560626188 0.1888798910460695
273.5 0.4345062112873902 0.18892947057075832
273 0.43408934441547775 0.1885710061710239
272.5 0.43385313965067834 0.18837292290784086
272 0.4336352309394729 0.1881770631397802
271.5 0.43335726632222665 0.18794086336911653
271 0.43361192189349196 0.1881563452786753
270.5 0.43311440441657556 0.18772716463877617
270 0.4330320746186105 0.18765674388569473
269.5 0.4330670018521245 0.18768732299091914
269 0.4324959327683112 0.18719113566294734
268.5 0.4326355362923736 0.18731326602964665
268 0.4320382048003365 0.1867937048146826
267.5 0.43198872695369556 0.18674931302911202
267 0.43209815955412173 0.186847020139605
266.5 0.43167587460473233 0.1864827176095045
266 0.4314105498872764 0.1862544810842288
265.5 0.4315264637735119 0.18635154456110672
265 0.43130166290930516 0.18616174288403117
264.5 0.43085644902536174 0.185773845577162
264 0.4308021987419267 0.18573144711243614
263.5 0.43044062798607857 0.1854149285714768
263 0.43008397492110423 0.18510715993857085
262.5 0.4301860331416585 0.18519959059022098
262 0.4298189031799825 0.18488429723112704
261.5 0.42983732267108987 0.184901368661963
261 0.42950581065107124 0.1846143885497227
260.5 0.4291621223788077 0.18431714080961434
260 0.428840701629481 0.18404531762781617
259.5 0.42876399441803276 0.18397707710462058
259 0.4286454685528047 0.18387016730115066
258.5 0.4285245900799023 0.18377227632575246
258 0.427998510351126 0.18332443420141206
257.5 0.4280508656397905 0.18336303763561168
257 0.42785937030844634 0.18320354965085622
256.5 0.4275491107871797 0.18293800793835432
256 0.4275482344336201 0.18293738127056566
255.5 0.4275330133867054 0.18292312845319042
255 0.426727358253095 0.18223496861320926
254.5 0.4267492262235818 0.18225195923184542
254 0.42651492668594343 0.18205333179548444
253.5 0.42630493241801853 0.1818740572047687
253 0.4259099358759593 0.18153542346521848
252.5 0.42591611618214625 0.18154251221400353
252 0.42580756597843755 0.1814495948254491
251.5 0.4258204821658198 0.18146090610415383
251 0.4250563216739066 0.18081257418095115
250.5 0.4250537647412529 0.18080839450371614
250 0.42467549375157015 0.18048764360610858
249.5 0.42429452865240513 0.18016605488941637
249 0.4240574906392635 0.1799620541279068
248.5 0.4241500411004822 0.18004187443833317
248 0.42406299022575883 0.17996675354558997
247.5 0.4237038789824667 0.17966022513163896
247 0.42361325677133965 0.17958680888175427
246.5 0.42298142049211956 0.17905131926411344
246 0.42287162799862316 0.17895483961971195
245.5 0.42306370109368213 0.17911883690836788
245 0.422364738307861 0.17852645509076734
244.5 0.4223372067743005 0.17850726099611008
244 0.4218246324165663 0.17807070456273702
243.5 0.4220281419803291 0.17824463228726234
243 0.42146568622232217 0.17777135399693722
242.5 0.42128651780069876 0.17761753864105131
242 0.42136629821529553 0.1776877123483641
241.5 0.4209163986364405 0.17730530099167388
241 0.42097942603329924 0.17736623920841507
240.5 0.4206511991148051 0.17708570797604384
240 0.4198702665979027 0.1764274721684757
239.5 0.4197177760176521 0.176305561315295
239 0.41974622775458276 0.17632287551660333
238.5 0.4194909315065062 0.17610846475405476
238 0.41939282860911326 0.1760250957088061
237.5 0.41911592690068233 0.17579375051725699
237 0.41846227169973693 0.17524505175349786
236.5 0.4184665671895008 0.17525174210455058
236 0.4180522196020254 0.17490195422795873
235.5 0.4180576945717066 0.17491112226232386
235 0.4173095406456287 0.17428897950261207
234.5 0.41727401480001086 0.17425596638876792
234 0.41700060779183074 0.17402781978228912
233.5 0.4170784392016855 0.17409256727737446
233 0.4169301761951937 0.17396978474617866
232.5 0.4167476956037844 0.17381675802856772
232 0.41643753968043506 0.1735553280972462
231.5 0.41603952753836676 0.1732225642180867
231 0.4156377170522914 0.17289278124226182
230.5 0.4155936491726732 0.17284971127893595
230 0.4155480455861042 0.1728185336805423
229.5 0.4151458045159838 0.17248130744131798
229 0.41477529277829955 0.17217733607334704
228.5 0.41439235317400386 0.17185705273247673
228 0.4141099261986332 0.17162376433399215
227.5 0.4139396734419261 0.17147816740926805
227 0.41378667740329167 0.17135566726746806
226.5 0.41339891274179336 0.1710366262494926
226 0.4132723356861423 0.17093457514453564
225.5 0.41261902338111334 0.17039031567559498
225 0.4125497389712195 0.1703325620407443
224.5 0.4125006179416817 0.17029275342676078
224 0.41230265527977233 0.17013114384098474
223.5 0.41132463690267046 0.1693314569303116
223 0.41138130270573986 0.1693756121160573
222.5 0.4112324059771133 0.16924508470063196
222 0.4109534443092708 0.16902385449241827
221.5 0.4103472540943976 0.16852435440624208
221 0.41018532065763685 0.16838856666650476
220.5 0.4100390963669231 0.16826667977768806
220 0.40977543354876894 0.16804860196799928
219.5 0.4095307552761425 0.1678519038740225
219 0.4090470203621203 0.16745574086742784
218.5 0.40912126040827934 0.16751836537988815
218 0.40861849041637865 0.1671060842457525
217.5 0.4085843896337502 0.1670759896966231
217 0.4080748704266957 0.16665609364410053
216.5 0.4077867030790438 0.16642940065512005
216 0.40722728680589565 0.16596649017229764
215.5 0.4070686279014551 0.16583888465867577
215 0.40681019271090435 0.1656338299454784
214.5 0.4065121790824429 0.16538992420806548
214 0.40604924979012347 0.16501544169274565
213.5 0.4059802617251142 0.16495837874082153
213 0.40583604891026154 0.1648387542933685
212.5 0.4053783238256121 0.16446641565539863
212 0.4051811324634584 0.16431119554642315
211.5 0.40525671534363006 0.16436811564511022
211 0.4044392015207694 0.1637063216681318
210.5 0.40417301497891517 0.16349401556036824
210 0.4038302412208003 0.16321383828393468
209.5 0.40405330585759563 0.16339178825898587
209 0.40274730935865927 0.16233877389627085
208.5 0.4030690679244659 0.16259807874030874
208 0.40297336885933716 0.16252375995724072
207.5 0.40253603410223554 0.16216820192843812
207 0.40222505635575034 0.16192009169750898
206.5 0.4015649362976811 0.16139305030023132
206 0.40126181281790596 0.1611405868121183
205.5 0.40111995048559584 0.16103256208250571
205 0.4004163814745046 0.16046895721924748
204.5 0.4003095446930901 0.16037961651076182
204 0.4000194682290918 0.16015079244768657
203.5 0.39932329383687265 0.1595931019691692
203 0.3994999905162905 0.1597380333660092
202.5 0.39896620434199415 0.15930889504099832
202 0.39857026803408635 0.15898976611736856
201.5 0.3981866630643407 0.15868586398962425
201 0.39791928433130946 0.1584737600130998
200.5 0.3977457837654809 0.15833697979355466
200 0.397461804178581 0.15810660348162786
199.5 0.3970547913871599 0.15778728603297573
199 0.39716552868432364 0.15788021974246333
198.5 0.3965263345554743 0.1573677521653693
198 0.39638113301303246 0.1572538571762951
197.5 0.3958499252588859 0.15682555581005683
197 0.3954540324532545 0.15651793751330403
196.5 0.395245216614157 0.1563581332771541
196 0.3943836116364126 0.15567358339810738
195.5 0.39459362728322606 0.1558341669803987
195 0.39398463225827957 0.15535643696880655
194.5 0.39373774004244166 0.1551624087101059
194 0.3932471523766275 0.15477343107782007
193.5 0.392864607971694 0.15448085067794123
193 0.39291542604182716 0.15451641526459134
192.5 0.3922472493324382 0.15399041784522524
192 0.3921157759791746 0.15389052060889585
191.5 0.3914888305678733 0.1533946542372985
191 0.3910860627144604 0.1530817205537686
190.5 0.39114655050655994 0.1531252940604914
190 0.3903501996947646 0.15250669327705102
189.5 0.3900389759333254 0.15226681300986877
189 0.38984570680629677 0.15211339098794996
188.5 0.389691997554813 0.15199017219653765
188 0.38911742688054796 0.15154528402522838
187.5 0.38874803709204675 0.15125561963727902
187 0.38829194835910485 0.15090550792150842
186.5 0.38789441628517396 0.1505927541781448
186 0.3877509750439003 0.15048000692166888
185.5 0.3870514718978311 0.14994356458865388
185 0.38640140851797566 0.1494377005403652
184.5 0.3861222339174285 0.14921860694298938
184 0.3861430400390565 0.14923789399592177
183.5 0.3861594815117214 0.14924974065445326
183 0.38498553396864 0.14834502356473425
182.5 0.3846078310972322 0.1480525770610519
182 0.38431055304488504 0.14782565056257796
181.5 0.3840129978322352 0.1475955951116009
181 0.38329508346454433 0.1470419527007647
180.5 0.38321981823270607 0.14698801666457456
180 0.3826192336644475 0.1465243925552942
179.5 0.38263010135054987 0.14653589343861415
179 0.3817007804053917 0.14583021761467926
178.5 0.3815344207073131 0.14569884433853741
178 0.38132835458246184 0.14553890151169593
177.5 0.38100554794577174 0.14528839936354443
177 0.38058813111694784 0.1449758285098648
176.5 0.38004623475439153 0.1445622097813026
176 0.3797817988443684 0.14436402692900285
175.5 0.3792576510485106 0.14396105532224787
175 0.37852120008007895 0.143408035238412
174.5 0.37891492264616444 0.14370204108452705
174 0.37807894304764533 0.14307276904855895
173.5 0.37745551875983246 0.1426016293475728
173 0.3769318103820288 0.14220380963706827
172.5 0.3768365210827449 0.14213534892284901
172 0.37580221753531245 0.14135849436892853
171.5 0.37558548587331375 0.1411860849142042
171 0.3753631134224663 0.14102281288699325
170.5 0.3750733891020919 0.14080511502959217
170 0.37453910785831535 0.14040523993210025
169.5 0.37374553371692215 0.13981317915859467
169 0.3735424890840005 0.1396619439270943
168.5 0.3731495507044428 0.13936527258358652
168 0.3726841710855609 0.13902117536639128
167.5 0.37263459373820385 0.13898244914361296
167 0.3717534883107456 0.1383257505634636
166.5 0.3714447350351121 0.1381003198141911
166 0.3709643466490604 0.1377426200290564
165.5 0.3700484524433867 0.13706008366936906
165 0.36978132219205695 0.1368674229201801
164.5 0.3693304755811779 0.1365287970746909
164 0.36896147910029176 0.1362552770040923
163.5 0.36867828773909894 0.13605188975119462
163 0.3677460559693828 0.135360578275235
162.5 0.3674844256615634 0.13517370242084
162 0.366778226077691 0.13465151270362058
161.5 0.3666088645070161 0.13452460313734327
161 0.3659031761279688 0.13400742871238036
160.5 0.3657048944781937 0.1338585552933507
160 0.36502419815053866 0.13336234909586456
159.5 0.3645626401797711 0.13303016512131038
159 0.3637526143751338 0.13244127652194757
158.5 0.3633437354546838 0.1321425466893571
158 0.3631369519604953 0.13199261045515462
157.5 0.36287025967030256 0.13180136582349622
157 0.3622056596905976 0.13131716007920663
156.5 0.3615439465862102 0.13083653244403798
156 0.3613376178869783 0.1306874207413989
155.5 0.3609309457190885 0.13039208400355654
155 0.3603255477793423 0.12995423228539138
154.5 0.35947810799968666 0.12934580971578172
154 0.3592542382872407 0.12918650859745587
153.5 0.35895130002918835 0.1289680488104993
153 0.35785299328242465 0.1281800420707314
152.5 0.3575538846008224 0.12796625298815653
152 0.3571283472584657 0.1276597715694785
151.5 0.35645377594744376 0.12717838302888348
151 0.35567899476536136 0.12662934813062524
150.5 0.3555561586128855 0.12653940645787823
150 0.3548439016737631 0.12604065262945716
149.5 0.3543057214333469 0.12565441096554672
149 0.35407737590175303 0.12549346160467162
148.5 0.35349796038732 0.12508527044768866
148 0.3526490057310256 0.12448390005188242
147.5 0.3522569660779523 0.12420449805980172
147 0.35160636295431574 0.1237505550972316
146.5 0.3513583152980776 0.12356814177309965
146 0.3503698590128556 0.12287764398697001
145.5 0.3499300504264447 0.12256859829051635
145 0.34934338374752333 0.12215775960572875
144.5 0.3485979283567549 0.121636280866114
144 0.34814075312672055 0.12131543880409264
143.5 0.3474642984977973 0.1208522751101779
143 0.3476150954082885 0.12095694348283147
142.5 0.3468946772243702 0.12045410115747664
142 0.34597783445644315 0.11981657202193333
141.5 0.3453059300198223 0.11935264628613167
141 0.3447519639088505 0.11897418852404162
140.5 0.3441637687586779 0.11856429003850051
140 0.3438263548328616 0.11833062686313761
139.5 0.3430134021731984 0.11777298944344852
139 0.3422529641834212 0.11725493573057681
138.5 0.3416168286191754 0.11681812297768192
138 0.3411893119580438 0.11652726890321008
137.5 0.34010543367296003 0.11578622132756208
137 0.3402758574536951 0.11590546098740906
136.5 0.3399092681863431 0.11565559323653568
136 0.33875508284912975 0.11487651013197317
135.5 0.3379571771127345 0.1143272476637084
135 0.33772692995508613 0.11417514170852325
134.5 0.3372820425069381 0.11387561060624414
134 0.33618944472741963 0.11313621701756826
133.5 0.3359306555622272 0.11296603360808412
133 0.33518628183536847 0.11246502583365668
132.5 0.3347859447756374 0.11219803219297607
132 0.33296389981170205 0.1109785743461733
131.5 0.33340356594828513 0.1112743359629397
131 0.3328063341935942 0.1108762888456405
130.5 0.33194174508695273 0.11029712239196801
130 0.331065427248311 0.10972037641627205
129.5 0.3299300847032389 0.10896773510460975
129 0.3297632910623537 0.1088519943614211
128.5 0.32927497742761064 0.10853566902894463
128 0.32838268536402865 0.10794087746633801
127.5 0.32809929022325407 0.1077629508898799
127 0.3270757292952738 0.10708709495238063
126.5 0.3260783138561648 0.10643983399773799
126 0.32587664395683535 0.10630612930996114
125.5 0.32455118389999454 0.1054444929075158
125 0.3239629420212869 0.1050640387143648
124.5 0.323973439096012 0.10506466857280496
124 0.3222210077948404 0.10393209773459049
123.5 0.32144284039520765 0.10343255940938924
123 0.32131382887268173 0.10334832056167513
122.5 0.3205083931828483 0.10283367527004203
122 0.3204293132274107 0.10278319406303564
121.5 0.31935668600028483 0.1020988528237429
121 0.31883765310870404 0.10176120628153615
120.5 0.3182463940975492 0.10138821349745702
120 0.3169600481277595 0.10056754450205617
119.5 0.31659235394633123 0.10033251251931628
119 0.31534931170682307 0.09955081914798614
118.5 0.31463289328151156 0.09909569717958328
118 0.31425500137637913 0.09886110920427596
117.5 0.3138985165884623 0.09863414027669032
117 0.3126975016736161 0.09788329142749957
116.5 0.3120062548533957 0.09745014464611951
116 0.3110371857319552 0.09684311636122922
115.5 0.31020550831562277 0.09633195158117043
115 0.30985314756161186 0.09611050405549068
114.5 0.30895454155930746 0.09555391594600221
114 0.307941295531709 0.09493045987268856
113.5 0.3077614965817873 0.09481604034673491
113 0.3071110103149088 0.09441951954578909
112.5 0.30578920015111677 0.0936065426320062
112 0.305147277036196 0.09321774498714507
111.5 0.30442212992564566 0.09277112668325346
111 0.30362150596430715 0.0922870089526995
110.5 0.3026686788474752 0.0917011310911953
110 0.3021403472251421 0.09138657801650012
109.5 0.3004857601434129 0.09038907863290996
109 0.3000694420050998 0.09013897296314324
108.5 0.2994920043510323 0.08978991724242283
108 0.2987244831367867 0.08933315786569697
107.5 0.29774590907522464 0.08874795835041281
107 0.29657180640177383 0.08804971975624225
106.5 0.2956196289481748 0.0874825725464589
106 0.2952049626934086 0.08723797987474075
105.5 0.29476289486528545 0.086978269871974
105 0.2935678250728249 0.08627796862711891
104.5 0.29247533445196705 0.08563361550323856
104 0.29105567049510767 0.084804253913177
103.5 0.2907098825145781 0.08460241546925852
103 0.2901005333830947 0.08425114066068631
102.5 0.28951665849841496 0.08391021969293806
102 0.2882727615277597 0.08319663797039784
101.5 0.2873250215059319 0.08264366372991597
101 0.2866097319242055 0.0822340084023717
100.5 0.28571206859482967 0.08171780070335424
100 0.2850485118678133 0.08134026566457235
99.5 0.28373435435630817 0.08059008755035951
99 0.2832391693757316 0.0803113752303552
98.5 0.2822773148687636 0.07976512315031296
98 0.28133389747818655 0.07923240542502841
97.5 0.28039067075024654 0.07870592114857508
97 0.2794713782836922 0.07819437659330492
96.5 0.2786084750368354 0.07770756196335561
96 0.2773301338693124 0.07699963679180659
95.5 0.276596359030804 0.07658977568116544
95 0.27594720772984693 0.07623544002551744
94.5 0.27490872352406875 0.07565932381778101
94 0.2734454858667505 0.07485378050513254
93.5 0.2727874509944459 0.07449526517876018
93 0.27171596009069743 0.07391190386540612
92.5 0.27089227548279554 0.07346585035865351
92 0.2700465007473701 0.0730087296042576
91.5 0.2690149255614738 0.07245042467309185
91 0.2676846260525372 0.07172989924195733
90.5 0.26691991902737605 0.07132845889053303
90 0.26604536772218096 0.07085820211048774
89.5 0.2649257221484144 0.07026951258056743
89 0.2644334993756948 0.07000269467959236
88.5 0.26323796259117493 0.06937316164138756
88 0.2626760997553537 0.06907710665773827
87.5 0.26126453519838866 0.06833841306243446
87 0.2598874737843509 0.06761835050173902
86.5 0.2586812760915181 0.0669908593200746
86 0.25809612297336043 0.06668598209426833
85.5 0.2568999627243734 0.06607083135177473
85 0.25569711708213155 0.0654564737051583
84.5 0.2551117884624746 0.06515820010554668
84 0.25441893665349885 0.06479921833894964
83.5 0.253166941437268 0.0641660942824717
83 0.2518772215474973 0.06351493489629782
82.5 0.25077973560760897 0.06295879619831014
82 0.24994891865841043 0.06254471433562656
81.5 0.24833260127413515 0.06174014123316201
81 0.24764668095007702 0.06139976910015194
80.5 0.24610731565826321 0.06063838176983333
80 0.24567897068919728 0.060426908829901024
79.5 0.24421137072508378 0.059708187395048476
79 0.2425732871507425 0.058909933099872726
78.5 0.24198295429771116 0.05862267442567965
78 0.2409229719662252 0.05811136792326192
77.5 0.2398610376333576 0.05760043399403864
77 0.2388951657844867 0.05713510700678749
76.5 0.2378511678173571 0.05663966323843924
76 0.2367304407623446 0.05610820929440466
75.5 0.23548209722347832 0.055516961940308446
75 0.2344046907536971 0.055013827258075604
74.5 0.23272056067711713 0.0542205689930658
74 0.23214033280467491 0.053952952076334465
73.5 0.23089435049413667 0.053373888297572454
73 0.22948624801955828 0.05272447158912418
72.5 0.2287465271863169 0.05238474864333529
72 0.22720797586251523 0.05168455695525214
71.5 0.2263465649367748 0.0512907150602102
71 0.22471568949230208 0.05055804699537521
70.5 0.22415844236291638 0.05030570684082956
70 0.22244280754852777 0.04953631956872323
69.5 0.22161649446527562 0.049171168616217634
69 0.22006376234973152 0.04848223293543056
68.5 0.21917104921591757 0.04809122820486071
68 0.2177577914577907 0.04747504861089682
67.5 0.2162624029013812 0.046825136856166016
67 0.2152285845662669 0.04637514927826208
66.5 0.21461599752536317 0.04610784379856791
66 0.21318286039286358 0.04550126380962919
65.5 0.2120853457167206 0.0450330633600375
65 0.21117156982602636 0.04464635996586149
64.5 0.20963921884998057 0.04399836647578386
64 0.20861621188430235 0.043572547768472254
63.5 0.20669489321162027 0.04276829314757443
63 0.20576059412938058 0.04238626652777349
62.5 0.20457446393320372 0.04190360122258624
62 0.2037678128241235 0.041569842652139984
61.5 0.20186885748684064 0.04079727464044641
61 0.20041434079396533 0.04021556206268376
60.5 0.2001662186607758 0.04011054464187563
60 0.1981390829468089 0.03930589384755588
59.5 0.19699892710395206 0.03885360519520373
59 0.19591455004314534 0.03842749713008408
58.5 0.1945990850111607 0.03791219819001097
58 0.1929927512341335 0.03728977033886626
57.5 0.1917135515405509 0.036797590117886775
57 0.1908100777463321 0.036452350890746554
56.5 0.18927910627376276 0.03587183640010275
56 0.18807271485520213 0.03541369005449464
55.5 0.186024277602394 0.03464224866863955
55 0.1851515771185934 0.03432130129839198
54.5 0.18332228760868338 0.03364834158401672
54 0.18212568674981466 0.03320623359114955
53.5 0.18100749668442107 0.03280108999147887
53 0.18008856300853243 0.032469900942632815
52.5 0.17835995990776274 0.03185236888412512
52 0.1770608593448228 0.031387346645754544
51.5 0.17598007788204006 0.031006841375424442
51 0.1745705865409763 0.030509086137694395
50.5 0.17327339191591407 0.03005813844550358
50 0.17150005951898495 0.029448573916730107
49.5 0.16984087384482213 0.028880567117329576
49 0.16868490410023673 0.02848839465646444
48.5 0.1676689406899013 0.028147182980842202
48 0.1665475725151592 0.027771878677024287
47.5 0.16497243478354717 0.02724722362683504
47 0.1626256695810065 0.026478123808656388
46.5 0.1621507168994335 0.026326344012964152
46 0.16028895254319384 0.025721264105358608
45.5 0.159421775548459 0.02544627503751353
45 0.15765350165414083 0.024885181341120163
44.5 0.15558238131717295 0.02423575891079958
44 0.1550072071387803 0.02405626710081231
43.5 0.15327289800572821 0.023521624777818963
43 0.15163690841313965 0.023021192670430245
42.5 0.1503101673534037 0.02261773400938233
42 0.14881859046809612 0.022172758827501915
41.5 0.14704755253196197 0.02164916949918635
41 0.14571328815954726 0.0212555437696499
40.5 0.1446555375997603 0.02094762520559963
40 0.14299279344751545 0.02047091241421799
39.5 0.14234275848619793 0.020283519597871086
39 0.1401289602192207 0.01966049714021766
38.5 0.1391228898471676 0.019376131340132552
38 0.1366553507798312 0.01869878195627291
37.5 0.1356482072705027 0.018421016432808524
37 0.1340030200687381 0.017978847086819103
36.5 0.13263180446788872 0.017610463818216328
36 0.13123894604488265 0.017243627372666586
35.5 0.129237670733426 0.01672105758100443
35 0.12799470658671094 0.016399501037046484
34.5 0.12666084967516694 0.016061573956253832
34 0.12512964301646523 0.01567488134343792
33.5 0.12351796615950139 0.015273808110944207
33 0.12190927633257193 0.01487609672881461
32.5 0.12039563263785107 0.01451002701911274
32 0.11870543946602857 0.014107993729276022
31.5 0.1170497493773328 0.013716171520444308
31 0.11582565814280511 0.013431797738260656
30.5 0.11467324423991852 0.013164638331845495
30 0.11305876767695616 0.012794626380189621
29.5 0.11160501689691722 0.01246958493999605
29 0.1097961720482091 0.012067369449465586
28.5 0.10815827256716841 0.01171112703174683
28 0.10629322652406602 0.011309792915668224
27.5 0.10512078905391231 0.011061864304421694
27 0.10334747799827985 0.010691093806672209
26.5 0.10170286814650288 0.010354233013196209
26 0.09972068152358844 0.009957080843983938
25.5 0.09889595375934362 0.009791289572597093
25 0.09726318649014169 0.00947036980552578
24.5 0.09593643386952079 0.009213802548604837
24 0.09351042118423927 0.008753790118148445
23.5 0.09241600391749548 0.008549175656289237
23 0.09069631958810011 0.008233848800230453
22.5 0.08890440404095108 0.007912011292971055
22 0.08781835091981384 0.007719968118881245
21.5 0.08570919068577172 0.007353631629129667
21 0.08461338728186618 0.0071671179784957755
20.5 0.0826708055060161 0.006840088961174255
20 0.08114769363991496 0.006591389857860713
19.5 0.07998433760515737 0.006403808756034034
19 0.07805168055689007 0.006097243090720028
18.5 0.07641410365671208 0.005844917053213158
18 0.07507165056091927 0.005641890817693083
17.5 0.07348793624062808 0.005404618518775935
17 0.07185057432486605 0.005167100957723936
16.5 0.0703568815279305 0.004954775099415895
16 0.06872082518158339 0.0047267760150479995
15.5 0.06715467213696343 0.004513808755277586
15 0.06560413894349182 0.004307432544823151
14.5 0.06420026360687021 0.0041243174792514724
14 0.0626632161296298 0.003929355348217986
13.5 0.06115152976483055 0.0037423042565515215
13 0.05967372982988012 0.003563634689183662
12.5 0.0578079675078108 0.00334359460812385
12 0.05627865205444489 0.003169687472964504
11.5 0.05529274711771606 0.0030590750731853923
11 0.053754482548857736 0.002891472055583623
10.5 0.052434920946134785 0.002750848269965099
10 0.0513565753915339 0.002638520381993444
9.5 0.05019770339701387 0.0025210745872304356
9 0.04851395697306922 0.002354368711695967
8.5 0.04741521629279821 0.0022491572446667937
8 0.04632177839138487 0.0021467121801928045
7.5 0.044870922434041 0.002013870577099631
7 0.043940418672826075 0.0019311243433660099
6.5 0.04267505376570639 0.001821515808293149
6 0.042290023049748736 0.001788847603556047
5.5 0.0416663744347294 0.001736289358550751
5 0.041141041050230934 0.0016927164029722527
4.5 0.04050877531376326 0.0016410971787381378
4 0.03999003094035308 0.0015992891659673434
3.5 0.03970184646074069 0.0015762719662225275
3 0.03935193184980417 0.0015485861984062673
2.5 0.03911685391274065 0.001530138891881519
2 0.03893456191752754 0.0015159041820369265
1.5 0.038754907134587346 0.0015019454988859661
1 0.03867554419028232 0.0014957981163616488
0.5 0.03864514821549283 0.0014934475466808473
