1000 0.8457336421460081 0.7153814211880908
999.5 0.8458151526740499 0.7155178920341505
999 0.8457668238863528 0.7154372167904282
998.5 0.8456983534625973 0.7153196193645742
998 0.8457959234339271 0.7154872219083612
997.5 0.8458502752449933 0.7155776412525521
997 0.8457317743423617 0.7153759361124159
996.5 0.8459196015710255 0.71569569739306
996 0.8457060216956824 0.7153338818277452
995.5 0.8458248744782606 0.7155341694894279
995 0.8456836217789001 0.7152973305120536
994.5 0.8456330793441453 0.715208569826708
994 0.8454684285668126 0.71493326707815
993.5 0.8454296645786253 0.7148672067821602
993 0.8455140783412834 0.7150075958734995
992.5 0.8457739901768735 0.7154495707507189
992 0.845421251825862 0.7148501072700948
991.5 0.845745912559826 0.7154010856178695
991 0.8457141993601415 0.7153470701503236
990.5 0.8455324300087281 0.7150389551554412
990 0.8457464799818265 0.7154055077536794
989.5 0.845494501849496 0.7149740631756679
989 0.8453322923712911 0.7147030397177655
988.5 0.8456099160091093 0.7151721103032254
988 0.8455791204263386 0.7151193854333802
987.5 0.8453523094212649 0.714735475349705
987 0.8453735265458789 0.7147746297168024
986.5 0.8456639103566809 0.7152624840414852
986 0.8453475692560468 0.7147307457136451
985.5 0.8454611607815008 0.7149200489073264
985 0.8454233082199302 0.7148568449287825
984.5 0.8455110382096701 0.7150087619682393
984 0.8456551997318389 0.7152466153737216
983.5 0.8455710627146122 0.7151062633557348
983 0.8453850464085891 0.7147903758453465
982.5 0.8454597192251064 0.714919725227886
982 0.845396021849709 0.7148101997391434
981.5 0.8452670995184483 0.7145906955995968
981 0.845500325923225 0.7149868173278449
980.5 0.8452921862035887 0.714636740536685
980 0.8451812177193861 0.714452357503322
979.5 0.845156942390441 0.7144084145639891
979 0.8454348505670942 0.7148763991538555
978.5 0.8451999797404757 0.7144763769657394
978 0.8453925171598168 0.7148043429523054
977.5 0.8454256383804727 0.71486151955774
977 0.8451575420147829 0.714405374364176
976.5 0.8454264102036224 0.714860426114076
976 0.8451522466432172 0.7143960713665628
975.5 0.8450841038582273 0.7142823450922142
975 0.8454662379591291 0.714928636886381
974.5 0.8448247403540834 0.7138427892445927
974 0.8451401938357335 0.7143766539775745
973.5 0.8454905900236522 0.7149682064272844
973 0.8451169674424975 0.7143396229029862
972.5 0.8450414707100721 0.7142098524616153
972 0.8454687710474814 0.7149311038815409
971.5 0.8453235443070657 0.714687491387343
971 0.8452385037874723 0.7145430360963613
970.5 0.8452501732741099 0.7145645439340618
970 0.8451697816755331 0.7144277555753185
969.5 0.845127908789624 0.714358316441157
969 0.8449604269107794 0.7140737779386899
968.5 0.8452745332207623 0.7146074825622936
968 0.8451905452290481 0.7144622015289362
967.5 0.8449628841759321 0.7140791971735313
967 0.8450170848267234 0.714166660873279
966.5 0.8448255870264129 0.713845860468394
966 0.8451311586592282 0.7143625591154378
965.5 0.8447352112618055 0.7136947072649957
965 0.8450104009070748 0.7141602301626694
964.5 0.8449817834275667 0.7141106174877042
964 0.8450022757821783 0.7141463158014484
963.5 0.8451968274461227 0.7144739392817747
963 0.8450491498065215 0.7142242884899954
962.5 0.8450334791745868 0.714198305067152
962 0.844866583885981 0.7139143840093516
961.5 0.8444901608371644 0.713279191248138
961 0.8447237117585222 0.713673020003256
960.5 0.8447330382376409 0.7136873292830263
960 0.8449552786122195 0.7140658791115347
959.5 0.8448598435685164 0.7139031623845393
959 0.8446756887428836 0.7135912679790003
958.5 0.844927564693587 0.7140215633622228
958 0.8446026263299645 0.7134690626599809
957.5 0.8448024618602077 0.7138074478014653
957 0.8449339867265647 0.7140311371846466
956.5 0.8447199314116088 0.7136673815069389
956 0.8448826306111369 0.7139432088303704
955.5 0.8446914589883838 0.7136183514300121
955 0.8446704075873019 0.7135830322557912
954.5 0.8447279551989113 0.7136823038514923
954 0.8448673187471359 0.7139176284078871
953.5 0.8447803692100467 0.7137681006622801
953 0.8447420847428567 0.7137072290858927
952.5 0.8446585322197623 0.7135617954271205
952 0.8446852869597176 0.7136077023203191
951.5 0.8445577479445782 0.7133914441800426
951 0.8446773784235565 0.7135978979712997
950.5 0.8448015698401142 0.7138052445664536
950 0.8444562818421802 0.7132252697061208
949.5 0.844368754699003 0.7130757417280462
949 0.8445779518385279 0.7134289146423226
948.5 0.8445729502864 0.7134169712397747
948 0.8446104347732559 0.713484673736021
947.5 0.8447155783596855 0.7136600457192708
947 0.8446552378622869 0.7135610732719027
946.5 0.8444749666424048 0.7132539129248446
946 0.8444462886472887 0.713207642645751
945.5 0.8446231862487409 0.7135011360240467
945 0.8443899933861804 0.7131093206463289
944.5 0.8443495744465551 0.71303897873086
944 0.8443859527942662 0.7131036296150272
943.5 0.8444518205041591 0.7132123151392366
943 0.8444692706763115 0.7132462577769579
942.5 0.8440851075393443 0.712595735824974
942 0.8445010437678707 0.7132942432437861
941.5 0.8445853652146426 0.7134402105027272
941 0.8443970208159124 0.7131234943313991
940.5 0.8442557640504976 0.7128832008764734
940 0.8446400400822561 0.7135300259140497
939.5 0.8444038372052549 0.7131318736479947
939 0.8444021469995385 0.7131312033851139
938.5 0.8443511855579726 0.7130462993845362
938 0.8444811538892953 0.713262337674926
937.5 0.8444905339650438 0.7132830163321294
937 0.8439560800104747 0.7123746332968575
936.5 0.8441941955701733 0.7127821436134905
936 0.8442971606372581 0.7129536762008405
935.5 0.8440690260293173 0.7125682074960586
935 0.8443127142195798 0.7129822868758314
934.5 0.8442497063491137 0.7128757831100181
934 0.8441050027399639 0.712628965420885
933.5 0.8443050480405905 0.7129660890968327
933 0.8440953292912472 0.7126134497965505
932.5 0.8442683015959735 0.7129046004963808
932 0.8440578285723226 0.7125520344596433
931.5 0.8442214295757816 0.7128268721909464
931 0.8441550700125325 0.7127131918674698
930.5 0.8443241867305735 0.713000337258197
930 0.8436569344153848 0.7118730663691574
929.5 0.8441007803161156 0.7126244547614314
929 0.8440473284445563 0.7125326918623598
928.5 0.8442865770832707 0.7129354913930432
928 0.8440734221238028 0.7125756696515028
927.5 0.8442374657401975 0.712852262323585
927 0.8440278589968914 0.7125011103378075
926.5 0.843968919665178 0.7123965328043378
926 0.843911878801215 0.7123031295464508
925.5 0.8441264694641882 0.7126655772422786
925 0.8436987351570273 0.7119434834869559
924.5 0.8438830701521389 0.7122577690077319
924 0.8439908334883183 0.7124364466618189
923.5 0.8439509993168258 0.71236650755552
923 0.844020281579382 0.712486908465635
922.5 0.8440399960001405 0.7125223284677096
922 0.8436420011529909 0.7118469696541203
921.5 0.8437009102018945 0.7119497207363573
921 0.84376538637804 0.7120574334571773
920.5 0.8438543638350807 0.7122054684826871
920 0.8438080975211522 0.7121294416329905
919.5 0.8438210560952683 0.7121502624362565
919 0.8438248939004634 0.7121589774717598
918.5 0.8438382133286731 0.7121803851866367
918 0.8438639169094297 0.7122206638315082
917.5 0.8436174012176068 0.7118090555131215
917 0.8439850872776721 0.7124265113091619
916.5 0.8436803039189317 0.7119148570708509
916 0.8436755107273364 0.7119028701484983
915.5 0.8437144539719293 0.7119713568850747
915 0.8436495834162429 0.7118611389286695
914.5 0.8436058928818377 0.7117879866272185
914 0.8436583164173675 0.7118738927768283
913.5 0.8440189346186665 0.7124840979377247
913 0.8436024663296048 0.7117822276617723
912.5 0.8436884573113345 0.7119257991309005
912 0.8436855318638959 0.7119227491087554
911.5 0.8435679404604339 0.7117252981314134
911 0.8435229265339492 0.7116490097767517
910.5 0.8433756088344464 0.7113990270993549
910 0.8433549154688195 0.7113618132439586
909.5 0.8435257751880588 0.7116563758414762
909 0.8434993448222373 0.7116077655406772
908.5 0.8433868932709676 0.7114172103482347
908 0.8431288779767007 0.7109863630499355
907.5 0.8433231883926692 0.7113101360636592
907 0.8434311586297668 0.7114888119729063
906.5 0.8435773177951431 0.711739477920374
906 0.8433775501367504 0.7114007265062522
905.5 0.8433315331272877 0.7113273187372399
905 0.8434274493030416 0.7114882153823672
904.5 0.8435250381749666 0.7116520318508072
904 0.84315796507716 0.7110318725902519
903.5 0.8434388006643573 0.7115062499309439
903 0.8432777480308731 0.7112319382365138
902.5 0.8431064063208222 0.7109459685790156
902 0.8434899087007351 0.7115931432280895
901.5 0.8433234702854059 0.7113087270012436
901 0.8431880441538965 0.7110833845871313
900.5 0.8431917286044122 0.7110887194286816
900 0.8432013195620666 0.7111065966466336
899.5 0.84314282686996 0.7110067817392466
899 0.842987448436547 0.7107440539840061
898.5 0.8432715831613946 0.7112212392289993
898 0.8433319574480279 0.711323833652979
897.5 0.8432063963753684 0.7111124460932177
897 0.8429504092515749 0.7106836820235869
896.5 0.8428160084131615 0.7104545913611073
896 0.8434468126614614 0.7115160998500506
895.5 0.8430368697202008 0.7108291984097493
895 0.8430678663739825 0.7108776780945237
894.5 0.8430651978105704 0.710874614013259
894 0.8428131589951413 0.710448875245698
893.5 0.843255602780765 0.71119720595556
893 0.8432358087008498 0.71116282905931
892.5 0.8430832485390326 0.7109038170749161
892 0.8429128351777124 0.710618192122945
891.5 0.8433943674247969 0.7114321577430953
891 0.8430223641478873 0.7108051907621449
890.5 0.8429371224293415 0.7106599935253709
890 0.8429531329674886 0.7106887132797904
889.5 0.8429491580588552 0.7106782168910291
889 0.843020425704701 0.7108009075855498
888.5 0.8427186982601476 0.7102921428183678
888 0.8427492854705068 0.710342354143434
887.5 0.842691849386627 0.7102449827436942
887 0.8429720469520493 0.7107167428013272
886.5 0.842811827816436 0.7104485851000503
886 0.8428649284129924 0.7105359869407448
885.5 0.8427445100267158 0.7103337986126904
885 0.84263492674803 0.7101510338510877
884.5 0.8428977892927837 0.7105922220563611
884 0.8428158979295745 0.7104559374147029
883.5 0.8426246765162285 0.7101321463758978
883 0.8427699554965373 0.7103793449193376
882.5 0.842593378264661 0.710082861185999
882 0.8427180509092804 0.7102913665011842
881.5 0.8426800720060531 0.7102272181200415
881 0.8426417896158152 0.7101615945988703
880.5 0.8427062331675086 0.7102724113326119
880 0.8428037916622452 0.7104337317789238
879.5 0.8426855122374044 0.7102367468076479
879 0.8428032827415924 0.7104331146376689
878.5 0.8426886446806421 0.7102395910079295
878 0.8427607982863209 0.7103627800629758
877.5 0.8425723240962987 0.7100464485722181
877 0.84281885791661 0.7104601130256467
876.5 0.8424080233346056 0.7097675434619655
876 0.8428143638320131 0.7104530159591258
875.5 0.8424019205029993 0.7097562541757529
875 0.8425448246737741 0.7099981102419061
874.5 0.8425229216746549 0.709961975812032
874 0.8424814240194347 0.7098938682377225
873.5 0.8427561319520487 0.7103541122625047
873 0.8427053595473828 0.7102693125921871
872.5 0.8425526588427343 0.7100139775642125
872 0.8422973097004879 0.7095816342917419
871.5 0.8426694087533178 0.710210441120746
871 0.8426292029864064 0.7101426275741916
870.5 0.8421917565497392 0.7094052889321413
870 0.842248689259025 0.7094975240244581
869.5 0.8423106617727374 0.7096028708194595
869 0.8424408193226165 0.709821347544082
868.5 0.8423242791878617 0.7096262158912843
868 0.8424056082759362 0.7097633955004717
867.5 0.8422500718041351 0.7095006915262602
867 0.8422333885538477 0.7094746787144872
866.5 0.8422083670461451 0.7094296492191786
866 0.8422469121935595 0.7094962628905712
865.5 0.8420733929374038 0.7092048820503447
865 0.8422555832303495 0.7095155592833837
864.5 0.8420321648625924 0.7091359997594128
864 0.8423313198761008 0.7096409069481878
863.5 0.84201672571595 0.709111256022735
863 0.8423066940864441 0.7095979674074043
862.5 0.8420612855519422 0.7091856080394657
862 0.8421278589710505 0.7092958813534846
861.5 0.8417968559445994 0.7087371877694875
861 0.8420372044401894 0.7091457730019161
860.5 0.8420466232789354 0.7091603329009509
860 0.8420303178425822 0.7091310612341263
859.5 0.8421292496317322 0.7092965082972817
859 0.842023409764435 0.709118737016568
858.5 0.8420506123776409 0.7091647070065761
858 0.8421062276367002 0.7092599157183186
857.5 0.8416131105869773 0.7084325165860685
857 0.8419457902871479 0.7089876131651567
856.5 0.8420038959553966 0.7090885054016232
856 0.8418611974356548 0.708846256560787
855.5 0.8418392924839703 0.7088080709617084
855 0.8416781959925608 0.7085363390683512
854.5 0.841606540150407 0.7084219501493417
854 0.8418291557193512 0.7087950075552278
853.5 0.8414878636556138 0.7082164719572331
853 0.8418117439203353 0.7087629215878586
852.5 0.8417411457921008 0.7086449544756844
852 0.8418022989544497 0.7087473813800578
851.5 0.8416743110650092 0.7085354754620491
851 0.8417665051275444 0.7086872241748479
850.5 0.8417358492849896 0.7086356627357694
850 0.8416279319266844 0.7084537187483136
849.5 0.8418009989056622 0.7087460212671332
849 0.841636261218454 0.7084699943750243
848.5 0.8417770813341903 0.7087020071981504
848 0.8417549143113393 0.7086694816251657
847.5 0.8415273025511879 0.7082865949285864
847 0.8413966477494716 0.7080663373200868
846.5 0.8418357532381577 0.7088073814739118
846 0.8416340010972823 0.7084649151789714
845.5 0.8416041360360653 0.7084181578820025
845 0.8415874613360763 0.708389608379484
844.5 0.8414377417729864 0.7081349838337921
844 0.8416387490625474 0.7084689649927098
843.5 0.8414181666161834 0.7081033289884339
843 0.8414647305119474 0.7081786747597617
842.5 0.8414776291609013 0.7082036823402428
842 0.8414223404060079 0.7081070337369382
841.5 0.8411700084832073 0.7076822285046903
841 0.8414807981747826 0.7082048235790539
840.5 0.841484024901469 0.708215056897892
840 0.8415469804521926 0.7083196484615577
839.5 0.8413431135354947 0.7079773981310821
839 0.8412629405705647 0.7078400364735004
838.5 0.84128205901523 0.7078743746394236
838 0.8413471892029634 0.7079834058994379
837.5 0.8413807285029886 0.7080391795615324
837 0.8412385858034497 0.7078006567308841
836.5 0.8411877395429319 0.7077157701538923
836 0.8413300481392539 0.7079521970163953
835.5 0.841104276944447 0.7075706860377756
835 0.8413023906761862 0.7079062044436014
834.5 0.8414105804807652 0.7080877391052682
834 0.8412494850425716 0.7078208987307728
833.5 0.8411209864333932 0.7076003868255057
833 0.8412711572557753 0.7078533407203464
832.5 0.8410312134085368 0.7074500926940619
832 0.8414104519199959 0.7080897053277656
831.5 0.8413381377289935 0.7079688199884641
831 0.8410142068556385 0.7074188982016384
830.5 0.8410306373933192 0.707449824549956
830 0.8409125417655444 0.7072517879926439
829.5 0.8408328664185429 0.7071177102450817
829 0.8409133676674551 0.7072519652334011
828.5 0.8409488614280817 0.7073102846050138
828 0.841142980664398 0.707639427230982
827.5 0.8412017490465139 0.7077383581945008
827 0.841138075069672 0.7076336694616572
826.5 0.8406536431543584 0.7068155783257114
826 0.8407777225778778 0.707022271834804
825.5 0.8410667979976002 0.7075101357321659
825 0.8411140981868336 0.7075908524891742
824.5 0.8409686010322809 0.7073434310268792
824 0.8408096225252675 0.7070777490722936
823.5 0.8406546249386402 0.7068172358437392
823 0.8409202760348685 0.7072673471200217
822.5 0.8407904139977812 0.7070433836401354
822 0.8409485368828422 0.7073101149645169
821.5 0.8408378614453251 0.7071235266906416
821 0.840674984412327 0.7068525748943589
820.5 0.8407401672880184 0.7069614127564742
820 0.8406225600023653 0.7067642632941475
819.5 0.840683896865336 0.7068660012573577
819 0.8408230503654034 0.7071021765244249
818.5 0.8405237929639551 0.7065974602057807
818 0.8405959000475082 0.7067170914378945
817.5 0.8405081101071207 0.7065711673691603
817 0.8406461198989339 0.7068048022882917
816.5 0.8404642834422368 0.7064977177491754
816 0.8407985959082671 0.7070596290232869
815.5 0.8403782931185536 0.7063524526419501
815 0.8404139692313958 0.7064120906416952
814.5 0.8404217343698761 0.7064245025444652
814 0.8405696401368606 0.7066749655930138
813.5 0.8405877696863037 0.7067046262130469
813 0.840539318979642 0.7066215151036243
812.5 0.8404183515451262 0.7064201847367539
812 0.8402476009180668 0.7061307735333275
811.5 0.8403388461284184 0.706286149646565
811 0.8404981626438799 0.7065546671321523
810.5 0.8405222993845077 0.7065954596484694
810 0.840318571059781 0.7062486244974986
809.5 0.8401987796013926 0.7060530777455578
809 0.8400996773616622 0.7058843724963997
808.5 0.8401682297274993 0.7060014082247839
808 0.8402055658262435 0.706064780878802
807.5 0.8400980005196593 0.7058812984030071
807 0.8405156075319884 0.7065837675620211
806.5 0.8401964892974577 0.7060473127668349
806 0.8401723970341469 0.7060065776152261
805.5 0.8401626478055847 0.7059881045250206
805 0.8401647351774338 0.7059934147053406
804.5 0.8401701427924806 0.7060014877492837
804 0.8398382790917179 0.705444921287846
803.5 0.8401745423063425 0.7060105036502407
803 0.8402620019151771 0.7061594767748807
802.5 0.8399483659250754 0.7056312450656934
802 0.8402154234660683 0.706079391571739
801.5 0.8400387362753768 0.7057790019128659
801 0.8400695337948232 0.7058348334199247
800.5 0.8399348663035281 0.705606537844093
800 0.8400692348761251 0.7058340192385669
799.5 0.8400748222112172 0.7058403111046675
799 0.8401968211265165 0.7060510977222998
798.5 0.8398945217812595 0.7055418197893927
798 0.8399252595162858 0.7055922759334591
797.5 0.8400511764994207 0.7058034163293411
797 0.839818002476204 0.7054095017401432
796.5 0.8399965798680631 0.7057115942239469
796 0.8399164647804227 0.7055814504364505
795.5 0.8397643944625719 0.7053236752075703
795 0.8398469589117079 0.7054609837262765
794.5 0.8398951163289001 0.7055412350636633
794 0.8398376328213446 0.7054417531998566
793.5 0.8394184849902583 0.7047398901832425
793 0.8399538639152486 0.70564037994634
792.5 0.8397422849940048 0.7052806416335433
792 0.8396960624933473 0.705206354848832
791.5 0.8395236184740733 0.7049186570283746
791 0.8395168867311482 0.7049041360969385
790.5 0.8395472514872575 0.7049589769665164
790 0.83989565685345 0.7055423501849111
789.5 0.8396835299859968 0.7051847064720607
789 0.8396761517015776 0.7051745549580336
788.5 0.8394751238676884 0.7048355475566417
788 0.8395835831133679 0.7050188021529383
787.5 0.8395059419917373 0.7048882042023552
787 0.8394560583883308 0.7048039070010719
786.5 0.8397668890683582 0.7053256669460513
786 0.8395408362295105 0.704944620362586
785.5 0.8394005808862859 0.7047093716562973
785 0.8392014061539003 0.7043778771434743
784.5 0.839406312391225 0.7047218890076209
784 0.8395585291341656 0.7049741427362703
783.5 0.8394376871006879 0.7047748874931418
783 0.8392500760214373 0.7044589598392896
782.5 0.839363611200315 0.7046456667019088
782 0.8392720914532971 0.7044924262306546
781.5 0.8392887729670429 0.7045226619125552
781 0.8393235820861012 0.7045829531259576
780.5 0.8393381555155802 0.7046035830146726
780 0.8393117671099256 0.7045601679960259
779.5 0.8394249944879664 0.7047545306728067
779 0.8390618787503762 0.704146798732825
778.5 0.8393933150904045 0.7047008896555077
778 0.8391644971689846 0.7043128603679804
777.5 0.8391804247618514 0.704342220211662
777 0.8391993759789901 0.7043751615189333
776.5 0.8391598167374554 0.7043082666122223
776 0.8391401399399031 0.7042730602073786
775.5 0.8389216369762065 0.70390566206064
775 0.8392408654424144 0.7044429184056272
774.5 0.839001900564932 0.7040417736535107
774 0.8389811359441945 0.7040063595635895
773.5 0.8388866377573198 0.7038454276926973
773 0.8388099309211402 0.7037204132968393
772.5 0.8389258323175469 0.7039150243121896
772 0.8389264634531856 0.7039163420865027
771.5 0.8390460978745137 0.7041153338970271
771 0.8387656377085022 0.7036435813832796
770.5 0.8386848568613444 0.7035095721138321
770 0.8388814042899576 0.7038352347312614
769.5 0.8386867701052979 0.7035171735431246
769 0.8389344658890094 0.7039240367712463
768.5 0.8388571706409814 0.7037988890095475
768 0.8385748848012382 0.7033271244085826
767.5 0.8388277932328967 0.703749916658679
767 0.8385431050597466 0.7032718446736725
766.5 0.8387783989224445 0.7036651500322479
766 0.838559442087749 0.7032981768379137
765.5 0.838697063727855 0.7035275570246675
765 0.8388433052624948 0.7037753696305591
764.5 0.8386142461741964 0.703390472586026
764 0.8385959284173157 0.7033586662461714
763.5 0.8384273059935453 0.703078322681649
763 0.8387773096851543 0.7036673024332584
762.5 0.8383309517219617 0.7029205876354644
762 0.8384086900389799 0.7030450670038153
761.5 0.8385172950002141 0.7032296561827539
761 0.8385693337791773 0.703316060689335
760.5 0.838583064952086 0.7033394636040445
760 0.8383269513369737 0.7029076402888694
759.5 0.8384068760188701 0.7030469049243452
759 0.8384888253688682 0.7031823612514381
758.5 0.838426843763951 0.7030768789518874
758 0.8383321133777594 0.7029208195632469
757.5 0.8381620145739289 0.7026345792438047
757 0.8384183423690291 0.7030641662692249
756.5 0.8383044480114145 0.7028713596103051
756 0.8383021563099594 0.7028670006442345
755.5 0.8380379155172726 0.7024234099313983
755 0.8381153233370638 0.7025578739848344
754.5 0.8384096255851764 0.7030469526544757
754 0.8381493574581713 0.7026140902139028
753.5 0.8383009567781226 0.7028646298726285
753 0.838312156242844 0.7028892656153968
752.5 0.837951260351779 0.7022795664823018
752 0.8381070692834469 0.702541879065019
751.5 0.8379818077789356 0.7023296921896581
751 0.8383075142348578 0.7028749740171204
750.5 0.8381586323258937 0.702626610920773
750 0.8378915826021117 0.7021813129909148
749.5 0.8380371452090378 0.7024218196756669
749 0.8380799941381708 0.7024958108407235
748.5 0.8380768098645094 0.702490394233068
748 0.8377138194107089 0.7018787495476271
747.5 0.8377688125663677 0.7019744682943448
747 0.8378616533103131 0.7021314495768807
746.5 0.8379903982341537 0.7023460819698155
746 0.8377353388882333 0.7019184367304937
745.5 0.8378754108162061 0.7021513893440048
745 0.8378392216691403 0.7020913163128032
744.5 0.8375874736894768 0.7016687067543288
744 0.8376652284541919 0.7018021106150393
743.5 0.8377286077491065 0.7019094045289371
743 0.8377157429160429 0.7018847657441317
742.5 0.837717191163722 0.7018861798919488
742 0.8377624346027646 0.7019652646835133
741.5 0.8378802137602418 0.7021572638904937
741 0.8373029166351886 0.7011909604015215
740.5 0.8375993420033304 0.7016906586082645
740 0.8375530606688706 0.7016132170970939
739.5 0.8374187028947068 0.7013867182153832
739 0.8375579140608038 0.701619701490047
738.5 0.8375490869408996 0.7016035937284102
738 0.8374733937978036 0.7014801905671245
737.5 0.8375779556118622 0.7016582579870217
737 0.837626367765741 0.7017362548708544
736.5 0.8372711031377676 0.7011385375683685
736 0.8372014288553925 0.7010229789406063
735.5 0.837345106495544 0.7012663079842856
735 0.8373361567090242 0.7012500987951708
734.5 0.837411341853131 0.7013736153878991
734 0.8374362542285112 0.70141883584505
733.5 0.8373475028505584 0.7012670146568297
733 0.8372849096785553 0.7011638683129916
732.5 0.8372099558395961 0.7010410368835283
732 0.8372367788347549 0.7010835844446018
731.5 0.8374285643230904 0.7014013902793282
731 0.8374269474117396 0.7013999965109583
730.5 0.8371459725540138 0.7009323502723461
730 0.8370951285404286 0.7008451748464519
729.5 0.8370657447431842 0.7007935404603955
729 0.8372440017614201 0.7010950450438844
728.5 0.8369769822374387 0.7006449611710994
728 0.8372137605312475 0.701041809284386
727.5 0.8369495840978497 0.7006025223255512
727 0.8368580386597979 0.700448358161612
726.5 0.8371147570323348 0.7008815096208141
726 0.837001620863062 0.7006912784984044
725.5 0.8368006175077899 0.7003520113119539
725 0.8369345388561945 0.7005783911590885
724.5 0.8370787763943556 0.7008209217245135
724 0.8369226753596344 0.7005567852553621
723.5 0.8369344445178394 0.7005777624211892
723 0.8367337727546328 0.7002393520531258
722.5 0.8369578926140188 0.7006172017459634
722 0.8366510327072154 0.7001022779935998
721.5 0.8367750993642913 0.7003094420816213
721 0.8367130994183697 0.7002058158464475
720.5 0.8366947502728693 0.7001793613589792
720 0.8365711510436535 0.699967684542407
719.5 0.836681151608606 0.7001547743924792
719 0.8368329993033332 0.7004074449269142
718.5 0.836602269203552 0.7000210866890689
718 0.8363719279336785 0.699636235959745
717.5 0.8368748013883311 0.7004756644708036
717 0.8365159984108537 0.6998759699839446
716.5 0.8366351970000806 0.7000789121797272
716 0.8362429681044634 0.6994214112585572
715.5 0.8361127915478413 0.6992038495032906
715 0.8366677313784269 0.7001298139807693
714.5 0.8363764336664244 0.6996418145207021
714 0.8367285334343877 0.7002321789457666
713.5 0.8362979193283114 0.6995118431532641
713 0.8364866960373301 0.6998277075276771
712.5 0.8363922190918588 0.6996686630084568
712 0.8364050423915312 0.6996924904119023
711.5 0.8364517577781172 0.6997679211121158
711 0.8366645890018548 0.7001280205171497
710.5 0.836273744737461 0.6994744975938777
710 0.8363722525221012 0.6996352259906484
709.5 0.8363039444148391 0.6995233001455173
709 0.8363523871711803 0.6996001032158657
708.5 0.8360636831406563 0.6991200294279796
708 0.8362004619357425 0.6993496053426423
707.5 0.83610989232175 0.6991930214663153
707 0.8360404824646603 0.6990815212174439
706.5 0.8362456093363206 0.6994242690564257
706 0.8362347660679137 0.6994081898775318
705.5 0.8360204991804012 0.6990487272201403
705 0.8360640429034022 0.6991200537631707
704.5 0.8359487943134483 0.6989259916844223
704 0.8359992739172918 0.6990116525436856
703.5 0.8357587900326323 0.6986133733361009
703 0.8361480627089143 0.6992643179380293
702.5 0.8357629609296864 0.6986168769691368
702 0.8357824817806148 0.698651641636006
701.5 0.8360914390620934 0.6991650675460089
701 0.8359698915595565 0.6989624305923522
700.5 0.8358857469499095 0.6988214919629491
700 0.8356886197903061 0.6984943339760603
699.5 0.8355765452610194 0.6983062063743111
699 0.8357782231887931 0.6986444680161886
698.5 0.8356449823278556 0.6984243443688308
698 0.835640846623409 0.6984138995667606
697.5 0.8359147158128523 0.6988709018825664
697 0.8359930450506542 0.6990031487603553
696.5 0.8355908460734117 0.6983313672743294
696 0.8355702898281998 0.6982950987656353
695.5 0.8355959234756886 0.6983419287124168
695 0.8354706095105359 0.6981294662208894
694.5 0.8356086098670643 0.6983578724240551
694 0.8355144445495478 0.6982029100347606
693.5 0.8353491927136485 0.6979238636895955
693 0.8353544867020909 0.6979388942177066
692.5 0.8356623027497359 0.698449654112351
692 0.8355528895382325 0.6982660420372279
691.5 0.8355312030839995 0.6982293680280958
691 0.8355360246863742 0.6982391986850609
690.5 0.8354407138708803 0.6980790195169556
690 0.835522029961598 0.6982159381783585
689.5 0.8351348683124746 0.6975662654450845
689 0.8350875463557601 0.697489904523045
688.5 0.8351091716381226 0.697524419494156
688 0.8351351157107072 0.6975687184010583
687.5 0.835334529403738 0.6979043169273881
687 0.834996599807896 0.6973363019110048
686.5 0.8352291493040009 0.6977258495946248
686 0.8350508408263346 0.6974291477967863
685.5 0.8349000658763905 0.6971767538539326
685 0.8350107478153119 0.6973578765401964
684.5 0.8348359722905937 0.6970708440525454
684 0.8347903733040538 0.6969927127148972
683.5 0.8348028469650374 0.6970150891886958
683 0.8351773715340739 0.697638778193284
682.5 0.8348517248732867 0.697095599560008
682 0.8347812064086667 0.6969780896184168
681.5 0.835034053842754 0.6974005419834614
681 0.8347746944783054 0.6969697215666445
680.5 0.8345735562976152 0.6966326009785714
680 0.8348927820865455 0.6971681529694056
679.5 0.8348086382657298 0.6970209369782068
679 0.8347830569171384 0.696978218836522
678.5 0.8349139217320138 0.6972012870198032
678 0.8347155025278871 0.6968660115721435
677.5 0.8347775704725343 0.6969753420624193
677 0.8349427073857046 0.69724865066583
676.5 0.8345447158949199 0.6965833127718182
676 0.8345328021251938 0.6965635676189929
675.5 0.8345541888148038 0.6965997325045451
675 0.8343581014550718 0.6962704496018383
674.5 0.8344531280112243 0.696429458726066
674 0.8342914146073052 0.6961606984946084
673.5 0.8344184531984428 0.6963695078119415
673 0.8344860867061049 0.6964850023452548
672.5 0.8343130178151649 0.6961998956121329
672 0.8345772836100456 0.696640659685354
671.5 0.834279352111721 0.6961418164604875
671 0.8345719892019935 0.6966336918220952
670.5 0.834243859351762 0.6960792089342301
670 0.83460598904483 0.6966858992888358
669.5 0.8343072354063426 0.6961895825029585
669 0.8342020667627524 0.6960119712981107
668.5 0.8343648409210457 0.6962826841762255
668 0.8341188461580158 0.6958719749158951
667.5 0.8339814585553973 0.6956435763878196
667 0.8340814471157212 0.6958112574623588
666.5 0.834415853591139 0.6963687297584468
666 0.8341386764827758 0.6959050989465415
665.5 0.8339593568815505 0.6956061058537993
665 0.8341452245311121 0.6959176519157878
664.5 0.8342113830943806 0.6960324693321741
664 0.833999133802904 0.6956717776454677
663.5 0.834033131301716 0.6957312802762521
663 0.8339648055257304 0.695616559233645
662.5 0.8340714090882708 0.6957910894138039
662 0.8339662693653253 0.6956176718645848
661.5 0.8335768845761372 0.6949704632949405
661 0.8339216441515496 0.6955426288906432
660.5 0.8338931040175322 0.695494144945908
660 0.834004868349624 0.6956824098959549
659.5 0.8337833586933928 0.6953110023075382
659 0.8339097067000238 0.6955236496015542
658.5 0.833582608669042 0.6949811001558219
658 0.8338411123920599 0.6954082446072709
657.5 0.8334771006176445 0.6948002162951133
657 0.8336284871872301 0.6950577670242616
656.5 0.8336258815616153 0.6950498109139016
656 0.8335392798364795 0.6949088592234385
655.5 0.8335373285885311 0.6949055091475057
655 0.8336562925546013 0.6951004942028807
654.5 0.8333600367529808 0.6946080721237959
654 0.8336331511352769 0.6950604684511371
653.5 0.8333169090224644 0.6945350720059094
653 0.8334706848338297 0.6947943394625862
652.5 0.8331492439568 0.6942570350101867
652 0.8335123781282476 0.6948620324343029
651.5 0.8331973453514655 0.6943393855900504
651 0.8333519847152938 0.6945934284591693
650.5 0.8332343224880528 0.6943972508798466
650 0.8330845632460864 0.6941478897717304
649.5 0.8332329669218439 0.694394599279719
649 0.8330809710367891 0.6941391567231242
648.5 0.833437038289375 0.6947317085842972
648 0.8330516897987672 0.6940882322416732
647.5 0.833024086422897 0.694048447444097
647 0.8331016455974294 0.6941779581189085
646.5 0.8331188160476662 0.6942086666963756
646 0.8327580599874493 0.693604540144866
645.5 0.8329925458403317 0.6939925327270385
645 0.8328405346258236 0.6937403374366704
644.5 0.8326644939997414 0.6934455203186031
644 0.8329413533312862 0.6939118428369455
643.5 0.8327825612815181 0.6936448308371456
643 0.8329335582083683 0.6938975627478544
642.5 0.8327565874854002 0.6936052329455651
642 0.8326733737746067 0.6934655724073725
641.5 0.8324041636534045 0.6930170316621193
641 0.8326518976176791 0.6934295981058384
640.5 0.8326051300629974 0.6933506021897237
640 0.8323788694025391 0.6929771060795743
639.5 0.8328366796705039 0.6937382188237571
639 0.8324537193834733 0.6930964400994255
638.5 0.8326489583177376 0.6934191936752857
638 0.8322904268185558 0.6928266718686675
637.5 0.8324547413683527 0.6930978071611796
637 0.8320418261160557 0.6924129212293332
636.5 0.832623405541747 0.6933818506171067
636 0.8325849030019036 0.6933190594247598
635.5 0.8324042060184157 0.6930129526789129
635 0.832382695625825 0.6929814032799542
634.5 0.8325034201231533 0.6931796931356918
634 0.8321872236180582 0.6926546868441897
633.5 0.8322235894145912 0.6927129390891903
633 0.8323024830652447 0.6928476063200772
632.5 0.8321004044747492 0.6925109496794933
632 0.8321886268305654 0.6926561089686128
631.5 0.8322705779885557 0.6927933814959414
631 0.8322618471564941 0.6927789200224006
630.5 0.831906249777544 0.6921877172091526
630 0.8321047296095734 0.6925164987439756
629.5 0.8323251654538703 0.6928838428122717
629 0.8320735847397694 0.6924665912520164
628.5 0.8317777014513579 0.6919727467659417
628 0.8317972105304837 0.6920065057325486
627.5 0.8319199098139495 0.6922092975810186
627 0.8318793015140364 0.6921436010174734
626.5 0.831766314666925 0.6919535591706876
626 0.8316810353079837 0.691813362882423
625.5 0.8315205783825116 0.691543301111082
625 0.8317446444791063 0.6919219335275457
624.5 0.8316633675742607 0.6917836269385522
624 0.831616059539392 0.6917026910596
623.5 0.8316013743828358 0.6916773961109394
623 0.8315530795351629 0.6916005465175871
622.5 0.8317101710326221 0.6918606408215591
622 0.8315924332823035 0.6916673258285405
621.5 0.8313540228233671 0.6912679065154262
621 0.8315066391445318 0.691521490940288
620.5 0.831427976345858 0.6913960334046255
620 0.8312377153213985 0.6910756965055589
619.5 0.8314781790815824 0.691476995164233
619 0.8311948270981073 0.6910041609454436
618.5 0.8315066161558623 0.6915199640973408
618 0.8313162985392113 0.6912067103769873
617.5 0.8315019447265357 0.6915151777276113
617 0.831416898987274 0.6913735626677014
616.5 0.8312238616016199 0.6910527797604397
616 0.8309286048433653 0.6905601302228247
615.5 0.8309795581543559 0.690647564546895
615 0.8310807508385936 0.6908172922337297
614.5 0.8309436179371865 0.6905870485346556
614 0.8310201734499573 0.69071302110552
613.5 0.830951414804377 0.6905980366919554
613 0.8309765142509176 0.6906424366492954
612.5 0.8308605411261551 0.6904465442556054
612 0.831148141393583 0.6909269112952944
611.5 0.8307114656097291 0.6901991970678298
611 0.8307027339589913 0.6901847841254327
610.5 0.8311412286588822 0.6909171614900527
610 0.8308770164284719 0.6904757340472301
609.5 0.8306544515848084 0.6901093660221367
609 0.8307467058922965 0.6902653409014499
608.5 0.8307984390421578 0.6903432294019364
608 0.8307950052107841 0.690339674690428
607.5 0.8304300527778624 0.689736127861892
607 0.8305786621619211 0.6899808369344388
606.5 0.83047401011953 0.6898075705034221
606 0.8305875109295439 0.6899946556765071
605.5 0.8306699758082873 0.6901319630015365
605 0.8304980944943019 0.6898468196202329
604.5 0.8304672465733972 0.6897959220700486
604 0.8304987348593958 0.6898500338687067
603.5 0.8304077179635114 0.6896967071845717
603 0.8302841035006818 0.6894944888121063
602.5 0.8299438069967531 0.6889287476451036
602 0.8302157678501203 0.6893785960296267
601.5 0.8306299900655343 0.6900647322414492
601 0.8301725214053007 0.6893086584524455
600.5 0.8298417834665746 0.6887573639169505
600 0.8299863153945752 0.6889978315055312
599.5 0.8298445757915169 0.6887597809934042
599 0.8296830647526098 0.6884917923046494
598.5 0.8302083305098401 0.6893641908771108
598 0.8298893129254483 0.6888362427204312
597.5 0.8299883846467067 0.6889996084355792
597 0.8297762134761062 0.6886496884200535
596.5 0.8298113590891645 0.6887053501511331
596 0.8298865987494466 0.6888311018877118
595.5 0.8300324131926986 0.6890736738694349
595 0.8298227908227448 0.6887294698517634
594.5 0.8299997028252204 0.6890193749720344
594 0.8296632026628994 0.6884623219378967
593.5 0.8295320980763116 0.6882417100530177
593 0.8295652069211567 0.6882973052213552
592.5 0.8294364027823752 0.6880873507154157
592 0.8295729241717754 0.6883107014903876
591.5 0.8293850546828997 0.6879955187790202
591 0.8294447531303833 0.6880970310070885
590.5 0.8294248597348122 0.6880664446221693
590 0.8294498520153281 0.6881074161961006
589.5 0.8293976895879808 0.6880207168107769
589 0.8292798950980449 0.6878237247888497
588.5 0.8292661721300483 0.687802302618079
588 0.8290819200716247 0.6874955635818157
587.5 0.8289644329361935 0.6873026411725354
587 0.8292825052951673 0.6878302362150643
586.5 0.8292085284590839 0.687706515277442
586 0.8292924937893746 0.6878479673386158
585.5 0.8289630038000358 0.6872993365791249
585 0.829059453264205 0.6874599474377018
584.5 0.8288793018346805 0.6871627350423747
584 0.8290041209665981 0.6873698127802399
583.5 0.8289605285627911 0.6872937476210791
583 0.8287109619950399 0.6868816512533634
582.5 0.8289159923387126 0.6872183027852098
582 0.8289876001641984 0.6873424107718753
581.5 0.8288761716234087 0.6871582904767517
581 0.8286958138281696 0.6868546710206134
580.5 0.8288862911513425 0.6871742292147105
580 0.828654398770154 0.6867858695493763
579.5 0.8287341108346377 0.686921765509191
579 0.8285564285907946 0.6866255494416839
578.5 0.8286055002723057 0.6867062977640317
578 0.828686636829855 0.6868424776382168
577.5 0.8288851105531554 0.6871685782191929
577 0.8283438376517187 0.6862744512987289
576.5 0.8283397598101461 0.6862663256087309
576 0.8283484759256879 0.6862794712061607
575.5 0.8285081032202684 0.6865466547581792
575 0.8282927223353517 0.6861934924724826
574.5 0.8282187952257204 0.6860666750082988
574 0.8285330433122042 0.6865894879567527
573.5 0.8283212596168356 0.6862356832110729
573 0.8283846789464935 0.6863429553394093
572.5 0.8282234782421543 0.6860758896306224
572 0.8281136844751698 0.6858942187267185
571.5 0.8281171220427462 0.685902765192754
571 0.8281298466097116 0.6859200275691832
570.5 0.8281012160785697 0.6858705696987294
570 0.8278234225006903 0.6854127381050855
569.5 0.8283678032641945 0.6863132978572558
569 0.8280056148546865 0.685715188749025
568.5 0.8278975901875175 0.6855334800269653
568 0.8277104621790149 0.6852252355233327
567.5 0.8279082213145061 0.6855504482569689
567 0.8277720224270925 0.685327623437405
566.5 0.827774940507352 0.68533403286212
566 0.8275887568356537 0.685024603893383
565.5 0.8276876902957557 0.68518570449994
565 0.8275229600259396 0.6849132167477573
564.5 0.8274944206245526 0.6848670926334596
564 0.8276548994151541 0.6851298335905419
563.5 0.8274970946340997 0.6848715654563414
563 0.8275523886500814 0.6849588414305132
562.5 0.827443913545904 0.6847828289419051
562 0.827499279002398 0.6848766735414327
561.5 0.827439279176265 0.6847722804339503
561 0.8270949606075249 0.6842045610103402
560.5 0.8270020844178088 0.6840517063777193
560 0.8273164604120898 0.6845720888342203
559.5 0.8271442739323022 0.6842881479364908
559 0.8272464058355133 0.684457953615796
558.5 0.8270233373006997 0.6840861588264805
558 0.826981431103139 0.6840128865167099
557.5 0.8271189177012686 0.6842459495758049
557 0.8271559532552843 0.6843069849039579
556.5 0.8270359555809933 0.6841118845232601
556 0.8272435469933435 0.6844555375583965
555.5 0.8268553478378677 0.6838110432242486
555 0.8267563477418403 0.683645155338239
554.5 0.8270524259408599 0.6841369990056553
554 0.8266796957288989 0.683520727321941
553.5 0.8269621174502317 0.6839869205871906
553 0.8266249116885038 0.6834271747091991
552.5 0.8264453992856323 0.6831346314651829
552 0.8263735323679433 0.6830146825470678
551.5 0.8266468600809342 0.6834670966954389
551 0.8265946735278396 0.6833766750508729
550.5 0.826587598773197 0.6833696687514709
550 0.8264687069429671 0.6831721403462817
549.5 0.8264380087460612 0.6831241276002794
549 0.8263108831870188 0.6829084834525189
548.5 0.8262596689166496 0.6828247247577789
548 0.8262391522059064 0.682792621774993
547.5 0.8263999069312846 0.68305829106402
547 0.8262636816384107 0.6828344083834071
546.5 0.8260068086566775 0.682406778919569
546 0.8262319212870679 0.682778759169489
545.5 0.8264303409057249 0.6831084919948732
545 0.8260154737555018 0.6824201802581428
544.5 0.8263417508155438 0.6829618410243085
544 0.8259946179026441 0.6823859739822276
543.5 0.826022400329589 0.6824327366717423
543 0.8258991885950396 0.6822326005304884
542.5 0.8259875009625562 0.6823744425997746
542 0.8257355162336205 0.6819592586549486
541.5 0.8259653233126364 0.6823413623232418
541 0.8257885064872603 0.6820460515055562
540.5 0.8257587684159495 0.681995645136929
540 0.8258169092452685 0.6820908289633577
539.5 0.82569328496796 0.6818884040998308
539 0.8255055511748105 0.6815791018104704
538.5 0.825582695375788 0.6817092869154795
538 0.8254497304974354 0.6814885336768786
537.5 0.8252426986142312 0.6811454347137733
537 0.8252506402834804 0.6811607175878823
536.5 0.8250958330258938 0.6809016523364525
536 0.8255743933723498 0.6816958041736239
535.5 0.8253961651415302 0.6813977149971545
535 0.8253456014670495 0.6813163279028847
534.5 0.8251239228490452 0.680952201727244
534 0.8253375681935855 0.6813010972551483
533.5 0.8252874150435187 0.6812211734589352
533 0.8252267197245108 0.6811201985521148
532.5 0.8247858168763654 0.6803907952555496
532 0.8250157046753545 0.6807735480539951
531.5 0.8246989270968251 0.6802526609543725
531 0.8250618877037664 0.6808491406589595
530.5 0.8250131664939215 0.6807636135734173
530 0.8249561102632773 0.6806723299240777
529.5 0.8244020347985029 0.6797587639776624
529 0.8245343826916767 0.6799771072539842
528.5 0.8248743464905715 0.6805375983385226
528 0.8244054514305429 0.6797664647950136
527.5 0.8247388945761538 0.6803159137654589
527 0.8247285612476818 0.6802994261425623
526.5 0.8243368168166526 0.6796517498314495
526 0.824453387036705 0.6798460148312352
525.5 0.8244882832248354 0.6799026144501121
525 0.8245073435722129 0.6799333675752889
524.5 0.8244273827331693 0.6798019556356577
524 0.824267811006505 0.6795396152638741
523.5 0.8240084467400715 0.6791082055807983
523 0.8241866559041569 0.6794044944451676
522.5 0.8241202907652122 0.6792941534327194
522 0.8240298735731069 0.6791500759785093
521.5 0.8243462342697213 0.6796695776097307
521 0.8240601329527774 0.6791967757163763
520.5 0.823904712428104 0.6789396758615382
520 0.8240268060039839 0.6791392190353374
519.5 0.8240063179352235 0.6791079622453966
519 0.8236851852391945 0.6785787331987833
518.5 0.8237007355859084 0.6786045954218893
518 0.8238254217633569 0.6788077828629274
517.5 0.8235726378179447 0.6783950449123199
517 0.8238824613273453 0.6789035281706686
516.5 0.8235283869417553 0.6783181335156419
516 0.8235461197381383 0.678354266105854
515.5 0.8237670881452233 0.6787091232106593
515 0.8236247676760967 0.6784810428709653
514.5 0.8237589209392069 0.6786997579870021
514 0.8230664974165961 0.6775613277358938
513.5 0.8231974225178887 0.6777731928917622
513 0.8234970586366448 0.6782690299418911
512.5 0.8231861414663468 0.6777564468589643
512 0.8232289029680518 0.6778266855403575
511.5 0.8231025777284586 0.6776203611321763
511 0.8231637753337872 0.6777201224706585
510.5 0.8230254783930174 0.677493189129649
510 0.8230402538243462 0.6775144979132521
509.5 0.822949116776035 0.6773636084728396
509 0.8227124283527145 0.6769760007681511
508.5 0.8228779999660955 0.6772488612348679
508 0.8226054522394672 0.6768010848086641
507.5 0.822679062411051 0.676919859912701
507 0.822547490024281 0.6767049689219501
506.5 0.8227955111277746 0.6771125442501318
506 0.8226315664206987 0.6768425399141775
505.5 0.8226205344254013 0.6768294003774602
505 0.8224397134003854 0.6765307089730029
504.5 0.8226537442138249 0.6768803306140618
504 0.8224326441873617 0.6765177591619952
503.5 0.82232072033782 0.6763338435291694
503 0.8227507239171182 0.6770396374188956
502.5 0.822438141693754 0.6765266212584411
502 0.8223195515676817 0.676332047356174
501.5 0.8221323489570429 0.6760241351985964
501 0.8220852556036343 0.6759463364780309
500.5 0.8221361028586142 0.6760315176057692
500 0.8220520150357578 0.6758910213174945
499.5 0.8220651189899768 0.6759113851983092
499 0.8222101363979111 0.6761543341602122
498.5 0.8219289912155217 0.6756899671390793
498 0.8220007053753401 0.6758064283750282
497.5 0.8218470447174031 0.6755532605079099
497 0.8217413200327977 0.6753813985804237
496.5 0.8219053489979817 0.6756491470683959
496 0.8217608957219718 0.6754144754983961
495.5 0.8215976716812153 0.6751430482941025
495 0.8215475148906757 0.6750632523091478
494.5 0.8214438796848045 0.6748922377651329
494 0.8214738787297043 0.6749402065182293
493.5 0.8215353964118766 0.6750450794820241
493 0.8213028151580088 0.6746602935086327
492.5 0.8213246414570182 0.6746966218190541
492 0.8212041420192361 0.6744979981894552
491.5 0.8212323702604083 0.6745447240663707
491 0.8209948053286822 0.6741543534034453
490.5 0.8214819648994415 0.6749538198515727
490 0.8209862176332419 0.6741390668014067
489.5 0.8211447834864497 0.6743999425319404
489 0.821060485616002 0.674263650979151
488.5 0.821271410782778 0.6746098345455793
488 0.8207875826808589 0.6738151416982596
487.5 0.8211467204150599 0.6744036182100567
487 0.8207208720975467 0.6737060995293512
486.5 0.8206492609131881 0.6735899452850426
486 0.8206700274539247 0.6736211389293183
485.5 0.8206786702736372 0.6736333178473018
485 0.8206153833199814 0.6735304647058533
484.5 0.8205364290386342 0.6734020082129202
484 0.8205544162639404 0.6734325198342074
483.5 0.8202652812697637 0.6729587314090407
483 0.8202911928130225 0.6729990963597331
482.5 0.8201370404673853 0.6727489502312571
482 0.8204143083113808 0.673198436126126
481.5 0.820256827198857 0.6729468258197736
481 0.8201405187278203 0.6727530413996702
480.5 0.8201287678113361 0.672733173656454
480 0.8198712458048879 0.6723125219408256
479.5 0.820149055490426 0.6727659635003617
479 0.8201263909606324 0.6727288366980758
478.5 0.8196808599866932 0.6720006051643077
478 0.8197336339512837 0.6720853090925594
477.5 0.8198072574449565 0.6722050657229601
477 0.8196923661486344 0.6720189292035619
476.5 0.819894378651435 0.6723477633561193
476 0.8195265482400022 0.6717431615102948
475.5 0.8193064145524548 0.6713858519274052
475 0.8195587947696279 0.6717976384858935
474.5 0.8194942924572317 0.6716914671262472
474 0.8195366986320173 0.671762761006518
473.5 0.8194332404695784 0.671595034770323
473 0.819359213156747 0.6714720324801745
472.5 0.8191389405272578 0.6711106638100724
472 0.8194429663367301 0.6716076700367717
471.5 0.819289972133951 0.6713623180991193
471 0.8193750998221105 0.6715002139364782
470.5 0.8193012663643502 0.6713772174646078
470 0.8190393927292776 0.670945929334511
469.5 0.8189531577951482 0.6708071065764626
469 0.8189972506516288 0.670877056984253
468.5 0.8186740092715202 0.670350614420039
468 0.8187877047394267 0.6705347973734622
467.5 0.8185713776160606 0.6701808884270182
467 0.8185539636405811 0.6701527437726564
466.5 0.8185875674718316 0.6702103413825194
466 0.8183738214876656 0.6698599756489994
465.5 0.8183063004788537 0.6697480756495193
465 0.8184236993246145 0.6699358630586677
464.5 0.8184209070727694 0.6699351576004998
464 0.8184735407503482 0.6700201725121514
463.5 0.8180196104443815 0.6692792952483639
463 0.8182284808429591 0.669620466129058
462.5 0.8183010599790728 0.6697382562317341
462 0.8181524240389606 0.6694966330815783
461.5 0.8181511748723284 0.6694925395255927
461 0.8181075468681601 0.6694281090374731
460.5 0.8180273225400806 0.6692909596078698
460 0.8178590123687141 0.6690174367424291
459.5 0.8181403471377046 0.6694775715752852
459 0.8177893813652738 0.6689036174102276
458.5 0.8177383106942304 0.6688169111507628
458 0.8171452046059853 0.6678493915360892
457.5 0.8175696473819398 0.6685425627650275
457 0.8174736543770412 0.6683879327265504
456.5 0.8174585416567486 0.6683626222680893
456 0.8171808466739906 0.6679084405851945
455.5 0.8174125679884474 0.6682858924114737
455 0.8172646070089798 0.668045428221346
454.5 0.8170164980597384 0.6676395345412222
454 0.8171899289524801 0.6679221673322816
453.5 0.8169974232617175 0.6676119001072417
453 0.8172244997893853 0.667978012194252
452.5 0.8170097458636142 0.6676285499064923
452 0.8168804219955776 0.6674154517360098
451.5 0.8167220399170179 0.6671572146465241
451 0.816893792838472 0.6674396315354335
450.5 0.8167102225075662 0.6671422735267326
450 0.8167237861720946 0.6671565758592876
449.5 0.8165542907266387 0.6668841044237256
449 0.8165162871305776 0.6668207480370827
448.5 0.8165065610351916 0.6668004539734596
448 0.8164107796518626 0.6666477995374696
447.5 0.8164701013953114 0.6667464697667812
447 0.8159266039964889 0.6658610862895644
446.5 0.8163490359355452 0.666550491900217
446 0.8161669192716856 0.6662539363064689
445.5 0.8162602851232226 0.6664048904416954
445 0.8159580469409542 0.6659087567870613
444.5 0.8157830610004275 0.665625537807604
444 0.8158477447747958 0.665732810224145
443.5 0.815768782738991 0.6656019297802122
443 0.8156465446035582 0.6654015703460109
442.5 0.8156028097130419 0.6653286272125903
442 0.8158419002656099 0.6657207256982159
441.5 0.8159260192530235 0.6658589873672646
441 0.8158166312934063 0.6656796498383926
440.5 0.8153230140177086 0.6648751165851458
440 0.8153069374220705 0.664848325367751
439.5 0.8153280345557614 0.6648825151375252
439 0.8156626099126971 0.6654279122152691
438.5 0.8153851291948159 0.664972400040895
438 0.8151965663575547 0.6646679179151498
437.5 0.8153116185223498 0.6648542806813625
437 0.8151010718077977 0.664514541194008
436.5 0.8147166395873887 0.6638867675824189
436 0.8145709434651338 0.6636528216128522
435.5 0.8151072675504868 0.6645206147591768
435 0.8146931521884547 0.6638482853666322
434.5 0.8146892445168294 0.6638424590880357
434 0.8145739770093392 0.6636501809709525
433.5 0.8143449035097379 0.6632816566023565
433 0.8144370142347119 0.6634306624554325
432.5 0.8142728973054044 0.6631643605430706
432 0.8144295717077594 0.663420779834869
431.5 0.8144221960054585 0.6634065654991338
431 0.8140946888369088 0.6628746949475379
430.5 0.8140893496146775 0.6628657983088584
430 0.8140794753086581 0.6628502292676137
429.5 0.813955190204208 0.6626443212533271
429 0.8140789115962193 0.662845238396423
428.5 0.8139327188790475 0.6626125202402022
428 0.8136929739921848 0.6622220228418856
427.5 0.8139084587876394 0.6625726888280277
427 0.8139488557604189 0.6626348246236063
426.5 0.8136594356985042 0.6621630260725622
426 0.8135182018001963 0.6619348094136511
425.5 0.8133138936610048 0.661600297922158
425 0.8132658730520795 0.6615245036232829
424.5 0.8135460676132226 0.6619815029419811
424 0.8132259017003484 0.6614590068408306
423.5 0.81318349780051 0.6613902984648551
423 0.8131102414813555 0.661271712009705
422.5 0.813210286117004 0.6614337232620053
422 0.8130228231907723 0.6611312901572824
421.5 0.813100417278343 0.6612562331235277
421 0.8129982330185451 0.6610885021798016
420.5 0.8127892500389754 0.6607500388774377
420 0.812904113053455 0.6609410596614478
419.5 0.8125992020232693 0.6604414863032932
419 0.8127454024298041 0.660685009072247
418.5 0.812376907777599 0.6600815477502915
418 0.8124334078814527 0.6601689126979295
417.5 0.812442185605551 0.6601845313577589
417 0.8121405404179122 0.6596951406483441
416.5 0.812307189732189 0.6599649288179688
416 0.8121058137260331 0.6596407549443878
415.5 0.8119276528330709 0.6593497352180858
415 0.811989796001103 0.6594514310883917
414.5 0.8121780565145311 0.6597561577188735
414 0.8117156618846171 0.6590079986650258
413.5 0.811701729063509 0.6589864509117751
413 0.8115182085423777 0.6586863334432903
412.5 0.8118163187955383 0.659168972634687
412 0.8114911812826656 0.6586429608755977
411.5 0.8113857026486161 0.658472968627522
411 0.811353842574922 0.6584181728870222
410.5 0.8112219418530244 0.6582031237918105
410 0.8110736241433609 0.6579632935864276
409.5 0.8110451459937985 0.6579156326944063
409 0.8112750190919632 0.6582918003363084
408.5 0.8110790426684236 0.6579712100588222
408 0.8111689161337217 0.6581163099122546
407.5 0.8109777528790492 0.6578091488365756
407 0.8107955065628378 0.6575147988506032
406.5 0.8109196533621231 0.6577137493665114
406 0.8107709395091847 0.6574749831219998
405.5 0.8107307359439367 0.6574066838566954
405 0.8106806297673896 0.6573246827753171
404.5 0.8106652878698599 0.6573026399615884
404 0.8105967251335666 0.657191400094022
403.5 0.8101360718087596 0.656445711559403
403 0.8101751001252505 0.6565080741348504
402.5 0.8101758523970201 0.6565127027680994
402 0.8102238900528093 0.6565882045052205
401.5 0.8100882922683412 0.6563659212043919
401 0.8098906372112957 0.6560461030957196
400.5 0.8097689736238268 0.6558534303651617
400 0.8097274962906122 0.6557846379763992
399.5 0.8097535525268409 0.6558255249687254
399 0.8095629404054281 0.6555182297818896
398.5 0.8094395622838554 0.6553153433376361
398 0.8094742358046274 0.6553726449726858
397.5 0.8094878917484499 0.6553933250451361
397 0.809260460957014 0.6550270763819266
396.5 0.8092993032797837 0.6550906173398584
396 0.8091033564805306 0.6547708516948304
395.5 0.808972399028986 0.654561051295857
395 0.8090297692746286 0.654657689531592
394.5 0.8091300533158283 0.6548145638724093
394 0.8090071185810103 0.6546157545420037
393.5 0.808914028012173 0.6544652611105332
393 0.8086514281464419 0.6540394942781484
392.5 0.8084064846127597 0.6536454679157814
392 0.8083391492311504 0.6535352586057939
391.5 0.8084062765852331 0.6536457468330249
391 0.808304459221697 0.6534799133922141
390.5 0.8082161639505752 0.6533355319512277
390 0.808325236152143 0.6535073730261369
389.5 0.8082762652429758 0.6534352695907553
389 0.807871969013821 0.6527857047658814
388.5 0.8077554801938414 0.6525933207705621
388 0.8081062758214584 0.6531608099040591
387.5 0.80743353747364 0.6520768059808639
387 0.807783072615998 0.6526408410459822
386.5 0.8073920921863196 0.6520053084243451
386 0.8074353788306317 0.6520787903790544
385.5 0.8075189975301107 0.6522120223963989
385 0.8069923568300814 0.6513608663489429
384.5 0.8071871483947164 0.651676299663371
384 0.8069732730102696 0.6513338528686479
383.5 0.8071798148599553 0.6516644996867951
383 0.8071673067381137 0.6516429235634604
382.5 0.8071733702811179 0.651654217051359
382 0.8068573528629617 0.6511456112144525
381.5 0.8067808699369343 0.6510185210719516
381 0.8064779137708925 0.6505302093741324
380.5 0.8065314832262954 0.6506154772118348
380 0.8067339763613743 0.6509454627284729
379.5 0.8062806005150661 0.6502155692441014
379 0.8062854548503795 0.6502217735224668
378.5 0.8062337263534912 0.6501373069576439
378 0.8063656381013222 0.6503493454044866
377.5 0.8061966807721361 0.6500810213302406
377 0.8058402287273961 0.6495038689553716
376.5 0.8058366625194485 0.6494992305137774
376 0.8060723001525856 0.6498773954649404
375.5 0.8056132789230267 0.649138645960553
375 0.8058886864568987 0.6495810490832856
374.5 0.8054681746096714 0.6489045898185914
374 0.805471163226944 0.6489097049347238
373.5 0.8056130710174919 0.6491374309496762
373 0.805116662513527 0.6483371429822734
372.5 0.8052915883499672 0.6486196829660964
372 0.8047688485240342 0.6477782180983159
371.5 0.8050221882520625 0.6481849026295955
371 0.8048523769490081 0.647911180675827
370.5 0.8048569943807676 0.6479197204881129
370 0.8045902892696543 0.6474912049903346
369.5 0.8047742224190011 0.6477867180704983
369 0.8045313489399741 0.6473940269629233
368.5 0.8042289888260932 0.646911422901205
368 0.8042215203271909 0.6469027419688849
367.5 0.8042169551105676 0.6468941901191223
367 0.8040079282917568 0.6465549612455064
366.5 0.8038551913057083 0.6463080010643565
366 0.8037115325874616 0.646080907949464
365.5 0.8037317632653889 0.6461086230525849
365 0.8037164609209987 0.6460827692808789
364.5 0.8038299354958254 0.6462667745699611
364 0.8035622807193922 0.645838167659575
363.5 0.8032669175649353 0.6453622505909697
363 0.8033983567615859 0.6455781803856085
362.5 0.8032673585559924 0.6453657546243169
362 0.8030267552381619 0.6449786658282625
361.5 0.802909433125088 0.6447905997071222
361 0.8028225487204 0.644646260853675
360.5 0.8032641936688145 0.6453617973157932
360 0.8027672477236946 0.6445623325563786
359.5 0.8026118301127922 0.6443124621027658
359 0.8028541236792275 0.6447019942131681
358.5 0.8025772659422099 0.6442548876375103
358 0.8024557693561944 0.6440637927214811
357.5 0.8022265858218667 0.6436949587461352
357 0.802515922828264 0.644159959935749
356.5 0.8020341677619928 0.6433875618098764
356 0.8022109132624188 0.6436695607433358
355.5 0.8018467947775667 0.6430827769472044
355 0.8017175169797383 0.6428773101193975
354.5 0.8017751683382148 0.6429693598628299
354 0.8015978033032437 0.6426860148625428
353.5 0.8014965170437789 0.6425238250746227
353 0.801532068011004 0.642582207965585
352.5 0.801478277101504 0.642492782185346
352 0.8008543842234224 0.6414932006842916
351.5 0.8010179299435559 0.6417527449081297
351 0.800927636057058 0.6416101294691573
350.5 0.8010485726862475 0.6418035704054228
350 0.8007249885430338 0.6412898026587975
349.5 0.8006507605762365 0.641167096825559
349 0.8005604589265424 0.6410250525200057
348.5 0.8005877764027322 0.6410695291442776
348 0.8004364750639352 0.6408222955233702
347.5 0.8003165304846768 0.640634807037725
347 0.8003264697044353 0.6406449572319757
346.5 0.800314992700246 0.6406335412093748
346 0.7998457079044492 0.6398787377787848
345.5 0.7998132500024947 0.6398274820965141
345 0.7999047607962287 0.6399711596806938
344.5 0.7992906470564555 0.6389931798446596
344 0.7995529626060816 0.6394143523306564
343.5 0.7996000579743798 0.6394855355138873
343 0.7993029942327127 0.6390145698744389
342.5 0.798974060989698 0.6384874866874284
342 0.7992162040344386 0.6388761234190277
341.5 0.7990383256029386 0.6385890269199879
341 0.7992365799908208 0.6389065465804308
340.5 0.7986093261013437 0.6379031775526477
340 0.7985547983420669 0.6378176949112881
339.5 0.7986714868239331 0.6380031488443911
339 0.7987634218828215 0.6381526859498136
338.5 0.7986496519709754 0.6379667750540325
338 0.7980753581303828 0.6370545367913292
337.5 0.7978416321512196 0.636678266643402
337 0.7979963085513572 0.636925519935748
336.5 0.7978764159645357 0.6367340172177891
336 0.7978112432011484 0.6366282703996644
335.5 0.79790250974026 0.6367756547046775
335 0.7976955147790484 0.6364467839534385
334.5 0.7976018711523162 0.6362942059383421
334 0.797126764269873 0.6355412296895822
333.5 0.7971775412860905 0.6356165771308308
333 0.797089101061488 0.6354776232224871
332.5 0.7969232350853959 0.6352153545376124
332 0.7966695550123084 0.6348105332381097
331.5 0.7966639767786515 0.6347977648687672
331 0.7967843666125497 0.6349922126680043
330.5 0.7962103764525176 0.634078313305587
330 0.7965476260126872 0.6346149613970613
329.5 0.7964425331878645 0.634450829303264
329 0.7961507075093112 0.633984059289887
328.5 0.795865261587733 0.6335283529685208
328 0.7956431682399304 0.633173344542172
327.5 0.7957798428591321 0.6333910227848888
327 0.7952505151231888 0.6325495390045482
326.5 0.7956576041641422 0.6332031047535449
326 0.7952171696595437 0.6324936105856781
325.5 0.7954611626752117 0.632887550501371
325 0.7957018279855189 0.6332666699695906
324.5 0.79498864016339 0.6321359615349201
324 0.7947105299494737 0.6316935245533709
323.5 0.7949411160836448 0.6320567317224068
323 0.7950270475666322 0.632195299518017
322.5 0.7945479731034577 0.6314372352608534
322 0.7944197852942952 0.6312354470483854
321.5 0.794582840769975 0.6314897722676882
321 0.7943771277575192 0.6311624418800884
320.5 0.7939205909669655 0.6304375558670037
320 0.7940722533794805 0.630675382802351
319.5 0.793874126065435 0.6303623289732905
319 0.7936640965876254 0.6300289868012326
318.5 0.7933435384741282 0.629521989186813
318 0.79378562834609 0.6302227942093392
317.5 0.7936639019462498 0.6300286192790333
317 0.7931754635533208 0.6292535126296283
316.5 0.7930492382556713 0.6290510337006934
316 0.7931448428680559 0.6292056874428028
315.5 0.792799295876321 0.6286630955439666
315 0.7929722638974169 0.6289315781430869
314.5 0.7926543234481109 0.628432370764791
314 0.7922872844820578 0.6278447180175775
313.5 0.7922281589291401 0.6277525568318194
313 0.7918707367184179 0.6271885769947829
312.5 0.792056790920319 0.6274825193958525
312 0.7920250997241268 0.6274299039521982
311.5 0.7918789432873852 0.6272021504920067
311 0.7912244670597389 0.6261670873283084
310.5 0.7917004449393631 0.6269179649190342
310 0.7913482492800342 0.6263607062451468
309.5 0.7913829255752821 0.6264136154175028
309 0.7912659708236249 0.6262304110364846
308.5 0.7908137097591369 0.6255116267909705
308 0.7907462638213695 0.6254089077776387
307.5 0.7908401161002985 0.6255588892375973
307 0.7908936465365338 0.6256409780081017
306.5 0.7906945299329368 0.6253248333784168
306 0.7905911308722469 0.6251644201401086
305.5 0.7903099761646382 0.6247199436138291
305 0.7898770503563706 0.6240330670536628
304.5 0.7900584563925197 0.6243210055109485
304 0.7895968319949339 0.6235910723782293
303.5 0.7895211206034534 0.6234720732507928
303 0.7896496725343842 0.6236751123731575
302.5 0.7891900325922911 0.6229503165398657
302 0.7889933440445296 0.6226414940680243
301.5 0.7891739388471428 0.6229226195322962
301 0.7890998723966285 0.6228065253399803
300.5 0.788700404642516 0.6221756958475804
300 0.7884064036173993 0.621715016917922
299.5 0.7888261909029561 0.6223770455191502
299 0.7883760974028365 0.6216675150334141
298.5 0.7880276787669628 0.6211181159787322
298 0.7879009007936536 0.6209151038769146
297.5 0.7878261492389129 0.6207993905480241
297 0.7879025449112966 0.6209198933122213
296.5 0.7876512650001697 0.6205195737904408
296 0.7876852619272996 0.6205747498141867
295.5 0.7873378312540292 0.6200302824518326
295 0.7873670648688761 0.6200740597079685
294.5 0.787038458088411 0.619557921240065
294 0.787066210036494 0.6196029961238047
293.5 0.7867982946063233 0.619177320986276
293 0.7865581033037511 0.618805057283614
292.5 0.7866963928842914 0.6190206330349162
292 0.7860061723526192 0.6179385971179209
291.5 0.7864758218562153 0.6186743645489828
291 0.7859410585725265 0.6178322472368996
290.5 0.7858370694674599 0.6176669349524048
290 0.7854462477344432 0.6170568515580479
289.5 0.7854820847382411 0.6171082945899556
289 0.7853655654049844 0.6169289466915978
288.5 0.7855256004283965 0.6171789382376116
288 0.7852401761038099 0.6167309899567978
287.5 0.784651014262379 0.6158089742484418
287 0.784791005683544 0.616028133492686
286.5 0.7848430561595137 0.6161096194795301
286 0.7844049072539304 0.6154214678047639
285.5 0.7845030789383197 0.6155734394822375
285 0.7841061087423322 0.6149521150628168
284.5 0.7839662753514353 0.6147363556117971
284 0.7838412750458814 0.6145360216807696
283.5 0.783370007117885 0.6137949338948558
283 0.7836411055242039 0.614220881888591
282.5 0.7828868334672766 0.6130349305890823
282 0.7832235901753346 0.6135681943811573
281.5 0.782966801845154 0.613167537279923
281 0.7828892886565769 0.6130464803384422
280.5 0.7825374101620889 0.6124924256407331
280 0.7826124664308524 0.6126145747400733
279.5 0.7822789650444781 0.6120891514517651
279 0.7822369397768594 0.612025411133544
278.5 0.7818726925779941 0.6114596346507875
278 0.7817758313200518 0.6113054614622587
277.5 0.7813685152176617 0.6106674219030915
277 0.7815230512270701 0.6109099981599636
276.5 0.7810982500437403 0.6102451735628404
276 0.7814059085498719 0.6107251466375747
275.5 0.7807397109119203 0.6096862925956457
275 0.7808974328482805 0.6099299612404814
274.5 0.780721100575895 0.6096550370834045
274 0.7805403149574747 0.609372951775932
273.5 0.7805846241777016 0.6094420737566614
273 0.7798295670010058 0.6082637842145245
272.5 0.7801496249468384 0.6087608975241924
272 0.7799872363570605 0.6085107915532626
271.5 0.7795276504692105 0.6077936617135339
271 0.7791421198719086 0.6071910778002833
270.5 0.7792628533296578 0.6073804426080878
270 0.7793371550641396 0.6074962491218729
269.5 0.7786960422839839 0.6064969625613815
269 0.7785213578979799 0.6062282673642632
268.5 0.77861161519236 0.6063621765147305
268 0.7780735173284473 0.6055313773425385
267.5 0.7780998800351119 0.605569166425367
267 0.7779815607715076 0.6053845793549002
266.5 0.7778064570105776 0.6051136171728712
266 0.7774456563601528 0.604552706760511
265.5 0.7777237977913275 0.604984997077284
265 0.777321828080661 0.6043579465323753
264.5 0.7768824617197602 0.6036760542810067
264 0.7771125232016971 0.6040357405369484
263.5 0.7766450004547517 0.6033091570772738
263 0.7766608492341608 0.6033361469177355
262.5 0.7759767808754282 0.6022736743567854
262 0.7762383633293538 0.6026753995090015
261.5 0.77592465888895 0.60218924471223
261 0.7759262603237557 0.6021915755115669
260.5 0.7757654453773465 0.6019424182070856
260 0.775334393827887 0.6012723022169502
259.5 0.7750853562310914 0.6008855339145299
259 0.7752511113132731 0.6011460006105912
258.5 0.7748666246069689 0.6005468545522806
258 0.7745985739500006 0.6001343327336993
257.5 0.7742404249077476 0.599576733784186
257 0.7740287004895171 0.5992523483879407
256.5 0.7740983598957052 0.5993612410342063
256 0.7739735529047664 0.5991642582490349
255.5 0.7735035059411682 0.59843878173449
255 0.7734565383249876 0.5983703712948311
254.5 0.7732961691139931 0.5981191854595075
254 0.773127607796695 0.5978554644234622
253.5 0.7726302307531165 0.5970899653983145
253 0.7728669746705763 0.5974543233580406
252.5 0.7723101548999365 0.5965959831893703
252 0.7722469253656719 0.5964946054015219
251.5 0.7721050042198813 0.5962774940500029
251 0.7716277624501833 0.5955415262814836
250.5 0.7715948095058294 0.5954880756827827
250 0.7710198569500195 0.59460362688886
249.5 0.7714727732364371 0.5953012481007952
249 0.7708894289400399 0.5944044906755109
248.5 0.7703443214023966 0.5935641716482704
248 0.7702902099541057 0.5934802481758932
247.5 0.7703748160508905 0.593606718557715
247 0.7702491075043565 0.5934211371338101
246.5 0.7699488554092037 0.5929503695114557
246 0.7699923896706029 0.5930196098508457
245.5 0.7696239836528058 0.5924507034048246
245 0.76905270484889 0.5915744187870756
244.5 0.769128915989007 0.5916875626879821
244 0.768823840992948 0.5912244859429621
243.5 0.7687391184924703 0.5910884427871468
243 0.7686267343379178 0.5909171461695354
242.5 0.7678480637293196 0.5897200035648712
242 0.7681186230752158 0.5901402531389578
241.5 0.7676849688767042 0.589471183271228
241 0.7672890405853063 0.5888638347504784
240.5 0.7671978867981581 0.5887255119514705
240 0.7670971718236059 0.5885731943091328
239.5 0.766481453493656 0.5876298830053409
239 0.7665003573475561 0.5876544028240662
238.5 0.7659027913609978 0.5867392519936334
238 0.7660056241184863 0.5868974374586939
237.5 0.7656230044204861 0.5863153295521553
237 0.7655603296980968 0.586210673349254
236.5 0.7654646674472141 0.5860669958960988
236 0.7652208097699612 0.5856957317655699
235.5 0.7648652079386413 0.5851486589793907
235 0.764650606964908 0.5848226546414814
234.5 0.7645280074706212 0.5846366317385823
234 0.7643849094851652 0.5844188654109507
233.5 0.7640617284538531 0.5839254260766061
233 0.763572846721323 0.5831756875563842
232.5 0.7633055657998153 0.5827702118913181
232 0.7629387060919279 0.5822067435075283
231.5 0.762681944607677 0.581816878690696
231 0.7623693762010119 0.5813350748005546
230.5 0.7622662870331721 0.581179020057052
230 0.7620881949271332 0.5809119373246117
229.5 0.7618599345946989 0.5805618453026533
229 0.7618091107631579 0.5804831383476078
228.5 0.7612557815910962 0.579646273023924
228 0.7614368031492169 0.5799210323758981
227.5 0.7609733088027618 0.5792122338948811
227 0.7607844074963667 0.5789267266439063
226.5 0.7600525007374827 0.5778148832610358
226 0.7604086944427993 0.578353657930727
225.5 0.7599713183578213 0.5776852997073993
225 0.7596108128209058 0.5771424447358493
224.5 0.7594085307056707 0.5768372943786148
224 0.7590506699733932 0.5762884391992021
223.5 0.7587910626937041 0.575895249253552
223 0.758470819816576 0.5754100066158172
222.5 0.7584157498199945 0.575329701174011
222 0.7580943327603317 0.5748389333702124
221.5 0.7571699318720946 0.5734433824369163
221 0.7572374251474195 0.5735423202762684
220.5 0.7572284337666131 0.5735252817232266
220 0.7569856937562435 0.5731601480413174
219.5 0.756207631791129 0.5719856746841314
219 0.7563099404580982 0.5721397255038183
218.5 0.7563233963761171 0.5721571076459058
218 0.7557304073731969 0.571257879975186
217.5 0.7555217899724609 0.5709448267529794
217 0.7556487973843575 0.5711378048871272
216.5 0.7548883989759825 0.5699929709913174
216 0.754413671762571 0.5692771603430498
215.5 0.7545213541837538 0.569437404007389
215 0.7540031328868938 0.5686573811064959
214.5 0.7540060439724542 0.5686584112300593
214 0.7530616668839545 0.5672360791826211
213.5 0.7534699120038537 0.5678509627600709
213 0.7525614913418642 0.5664842697894781
212.5 0.7523685524664545 0.5661969333991876
212 0.7522715414654918 0.5660429065945002
211.5 0.7520824586263434 0.5657605954000874
211 0.7518855681540418 0.5654691486095923
210.5 0.751281293526791 0.5645595246991284
210 0.7509341942716162 0.5640357304980121
209.5 0.7507489836617357 0.5637588856849113
209 0.7505191830327225 0.5634080520661736
208.5 0.7500398562177519 0.5626985215265026
208 0.7495762194503786 0.5620004624794854
207.5 0.7494997818122874 0.5618890460340973
207 0.7491689939126718 0.5613872992500917
206.5 0.7491730358964573 0.5613925764047284
206 0.7490597302407388 0.5612225760043322
205.5 0.7483768558737175 0.5602002564967081
205 0.7477402290453916 0.5592519037746556
204.5 0.7474534785607623 0.5588233974096392
204 0.747317376985995 0.5586172290549727
203.5 0.7470520737805812 0.5582200947545628
203 0.7469045473518778 0.5580028950098125
202.5 0.7461590680866059 0.5568892820066357
202 0.746218610071177 0.5569767383953155
201.5 0.74600859241495 0.5566642121446789
201 0.7456015843106464 0.5560579854798051
200.5 0.7449170691750958 0.5550373371025233
200 0.7450531315670049 0.5552398355688006
199.5 0.7444682426967949 0.5543689415806572
199 0.7440801950379227 0.5537892533038763
198.5 0.7437733966886128 0.5533381342984082
198 0.743114871239779 0.5523548326890202
197.5 0.743073398096651 0.5522937569107723
197 0.7426043466555073 0.5515991695960389
196.5 0.7421900848286628 0.550982135673983
196 0.7420557802070665 0.5507828238889558
195.5 0.741289785349254 0.549649734452049
195 0.741156622999702 0.5494479123741733
194.5 0.7409274026489594 0.5491127473133232
194 0.7404505462282843 0.5483988459187028
193.5 0.7398573604467676 0.5475213920911665
193 0.7397055347273147 0.5473012809847696
192.5 0.7396305332198345 0.5471883943777403
192 0.7391570605568848 0.5464901100879129
191.5 0.7390075974968691 0.5462650803089387
191 0.7387405922030824 0.54587225390393
190.5 0.73774427276212 0.5443952714588448
190 0.7375292619026999 0.5440841554252448
189.5 0.7368800790377351 0.5431295535193854
189 0.7371040713463878 0.543455992340156
188.5 0.7365077587556373 0.5425786693229304
188 0.7361906477293396 0.5421077407751428
187.5 0.7357215914248445 0.5414262488259377
187 0.7352868303704917 0.5407799888565236
186.5 0.7349765711908244 0.5403219298080704
186 0.7342001064025251 0.5391865323597146
185.5 0.7343332952711616 0.5393850668541788
185 0.7337199192723647 0.5384790141129788
184.5 0.7335725073111116 0.5382668895817342
184 0.7333185933639906 0.5378951262919959
183.5 0.7325015169334399 0.5366969532498091
183 0.7322684733015079 0.5363515993964216
182.5 0.7315936922301873 0.5353685975504192
182 0.7309796453743743 0.5344690861944738
181.5 0.7313685041946598 0.5350371218456599
181 0.730858472165794 0.5342848046125367
180.5 0.730050042997986 0.5331112767259777
180 0.7294469772125843 0.532232583914326
179.5 0.7292131469022622 0.531888130613452
179 0.7284202480557802 0.5307332843010767
178.5 0.7285366961537011 0.5309001497219898
178 0.7273999817235244 0.5292438015479891
177.5 0.7276008736806412 0.5295413475685156
177 0.7266376724313638 0.5281416120134379
176.5 0.7270900615238874 0.5287922543455602
176 0.7262994205157811 0.5276473032643814
175.5 0.7261925762790556 0.5274912362169326
175 0.7253433975216428 0.5262653284882339
174.5 0.7251720502946075 0.5260067390480269
174 0.7244292047582 0.5249362888623733
173.5 0.7238520644863743 0.5241074512631796
173 0.7233695578595574 0.5234020648705356
172.5 0.7230465118043246 0.5229299223076601
172 0.7227824125437723 0.5225479915460619
171.5 0.7219563791691272 0.5213537077295165
171 0.7219567003529809 0.5213588604564244
170.5 0.7210561982045697 0.520059135142058
170 0.7205542943842657 0.5193335406779506
169.5 0.7204822934581283 0.5192355925933079
169 0.7197840235556521 0.5182233663056665
168.5 0.7193497977237518 0.5176022920102135
168 0.7192403686869769 0.5174400015987001
167.5 0.7183081635991893 0.5161011734029668
167 0.7180384368281717 0.5157151698311007
166.5 0.7173621721531278 0.5147476912590194
166 0.7171197919620831 0.5143981774247615
165.5 0.7166157296868392 0.5136678158891806
165 0.7158842625359609 0.5126240706075024
164.5 0.7150874242722873 0.5114855433724831
164 0.7150597182339044 0.5114486733364392
163.5 0.7146135941708263 0.5108058488810504
163 0.7141423598720839 0.5101331783910389
162.5 0.7132413052066368 0.5088501717839771
162 0.7130932245863594 0.5086329503942585
161.5 0.7124365069624768 0.5077057394656946
161 0.7119368074546178 0.5069872058767962
160.5 0.7115230220423535 0.5064075893811101
160 0.7105628364229328 0.50503716745095
159.5 0.7104461344741199 0.5048715909611784
159 0.7098036700642445 0.5039584041064786
158.5 0.7092171209591699 0.5031295091369988
158 0.7082778024033134 0.5017926067683796
157.5 0.7076114407358383 0.5008521628584421
157 0.7075778014208978 0.5008072614939685
156.5 0.7065506006718584 0.4993495019477391
156 0.706487346997294 0.4992606800486365
155.5 0.7060632634160519 0.4986617222926018
155 0.7051430345525559 0.4973636364461454
154.5 0.704723413185327 0.49677484586617915
154 0.7039552464713091 0.49568688234694835
153.5 0.703690928956824 0.49531630959585876
153 0.7023814477529642 0.4934825653047262
152.5 0.7023605607620638 0.49344768880579554
152 0.7018615011928877 0.4927448066068132
151.5 0.7011341653084859 0.4917213192955436
151 0.7008675673155833 0.49135320083680767
150.5 0.6997163537158995 0.4897395135440078
150 0.6994518304094639 0.489361009487723
149.5 0.6987675737089716 0.48841457324492227
149 0.6984336302792572 0.48794433300177303
148.5 0.6971004644542746 0.48608631952305
148 0.6968268508953877 0.4856957605095504
147.5 0.6967422086181617 0.4855919981541308
147 0.6955485643165794 0.4839263770557422
146.5 0.6950919998851577 0.4832912520349872
146 0.6940427459663145 0.48183614659198815
145.5 0.6932929470609127 0.4807941969774629
145 0.6932711915774978 0.4807606812967685
144.5 0.6928207578871622 0.4801404881697338
144 0.6917347132865928 0.4786332627199684
143.5 0.6914225253964427 0.4781952629702895
143 0.6898512090049506 0.47602518255019205
142.5 0.690083745426127 0.4763511181157216
142 0.689187250697171 0.4751142021858686
141.5 0.6883458393568537 0.4739566342340857
141 0.687400806252697 0.4726579550023464
140.5 0.6870987626629328 0.4722410412195943
140 0.6864758213081025 0.4713827664091939
139.5 0.6858232864813367 0.47049012474562546
139 0.6846938165339368 0.4689376025360253
138.5 0.6844611360585942 0.4686251942131057
138 0.6833562740526855 0.4671108717555547
137.5 0.6828889285060251 0.4664714744896175
137 0.6814349436013895 0.46449412651133
136.5 0.6816712662466479 0.4648163808424499
136 0.6808694373544627 0.4637179424145837
135.5 0.6794554124742936 0.4617953631832343
135 0.6793435813060729 0.4616448772352571
134.5 0.6781315536507305 0.4599986024983184
134 0.6771933241655808 0.4587257529889349
133.5 0.676664315424046 0.4580081983469775
133 0.6755281863017589 0.45647781351079
132.5 0.6750791304659114 0.4558709071069804
132 0.6746122566084434 0.4552365699352217
131.5 0.6739882103248926 0.4543958407154403
131 0.6735140276914723 0.45375316632636414
130.5 0.6724136238032089 0.4522741894387329
130 0.6710679754468996 0.4504656377869722
129.5 0.6706331522741549 0.44988504959778686
129 0.6699587291231677 0.44898072322944266
128.5 0.6689396663486888 0.4476152219508856
128 0.6676171693088467 0.4458494206754418
127.5 0.6673229646936517 0.4454590103069191
127 0.6663085796591152 0.4441054556370099
126.5 0.6656311707594957 0.44320429601544703
126 0.6650703866715033 0.44244892751642984
125.5 0.6640757956186198 0.4411311337822062
125 0.6624451078430691 0.4389691816291603
124.5 0.6624627307348999 0.43899018257387507
124 0.6608828196249164 0.4368974216602363
123.5 0.6604082479429825 0.43627821189050525
123 0.6598840167294641 0.43557737649266076
122.5 0.6587116279662938 0.4340351141800811
122 0.6582239488711157 0.43339385209079306
121.5 0.6566636333696181 0.4313366529015409
121 0.6563442945277914 0.4309152974509731
120.5 0.65488300260753 0.42899951084294313
120 0.6541248680776612 0.42801121094979017
119.5 0.6530897366653582 0.42665805908972104
119 0.6522701532124636 0.42558858202941274
118.5 0.6518822501508836 0.42508203634121045
118 0.6504935417495924 0.4232728979851613
117.5 0.6491451274895211 0.42152688296761853
117 0.6484507654239086 0.4206199824347499
116.5 0.6477341587064719 0.4196947163956525
116 0.6462235598789461 0.4177372419035978
115.5 0.6450163356120344 0.4161827955777345
115 0.6441530344185634 0.41506511765804166
114.5 0.6434650217090878 0.41418571467222104
114 0.6414637390018039 0.41161891810402423
113.5 0.6412498003676314 0.41133167257788794
113 0.640015310366698 0.4097543225864069
112.5 0.639558481186165 0.4091720527232721
112 0.6378972886737794 0.4070453705906386
111.5 0.6375002175899765 0.40654535867738056
111 0.635779011262286 0.4043475281101239
110.5 0.6346364417620796 0.40289510846793986
110 0.6341992885357994 0.4023399856297401
109.5 0.6330011277584248 0.4008258500587735
109 0.6316122054315081 0.39906567893078315
108.5 0.6305432266293443 0.39771678961718576
108 0.6294275753145406 0.3963134920676958
107.5 0.6284028697005569 0.3950216087378761
107 0.6270524008494145 0.3933238135368727
106.5 0.626399410353258 0.39250676158532705
106 0.624645402106552 0.390309281047458
105.5 0.6238909050243479 0.3893832510507205
105 0.6230670415588538 0.3883427782875456
104.5 0.6210809167342396 0.38587318339416204
104 0.6200162336460832 0.38454010579001624
103.5 0.6186191092898212 0.3828191538973107
103 0.618318732058082 0.3824467826172207
102.5 0.616099231864989 0.379709882327021
102 0.6157551967814695 0.37928557350375547
101.5 0.6133428328968686 0.37631313027687063
101 0.6124628664841251 0.3752437728927067
100.5 0.6115638648617672 0.3741386848634799
100 0.6097591504771246 0.37192484286244815
99.5 0.6092226519953143 0.37128177378782623
99 0.6078484544588879 0.36960193082276904
98.5 0.6069930757105678 0.3685719418076919
98 0.6055997292223861 0.36687831268921284
97.5 0.6039353702593788 0.3648643820848139
97 0.6020015215402507 0.3625295326474167
96.5 0.6009438241474383 0.36125971574667115
96 0.600002499724816 0.3601267160490636
95.5 0.599083735076871 0.35902087943189737
95 0.5976621985874039 0.35732831668170273
94.5 0.5956399775568054 0.3549128794583777
94 0.5940697415552727 0.35304506580956757
93.5 0.5932745683021227 0.3520995411311193
93 0.591388909209184 0.34986358150463026
92.5 0.5897460641074548 0.34792131337605947
92 0.5891261349915747 0.34718456995450203
91.5 0.5873560669775211 0.3451068878927054
91 0.5854010137864056 0.3428166437970123
90.5 0.5841540888947204 0.3413517667213437
90 0.5819086692873138 0.33873599212458416
89.5 0.58103368636315 0.3377208135958756
89 0.5805263360733205 0.33714107623241835
88.5 0.5775598408614255 0.33368728446197127
88 0.5772144400288232 0.3332978777793577
87.5 0.5754379338343142 0.33123945482971706
87 0.5733461311200417 0.32885091848181003
86.5 0.5716136551062307 0.32685557108449587
86 0.570580018281089 0.32568222436449307
85.5 0.5688140103253765 0.3236655460477798
85 0.5670036737122134 0.3216144957608907
84.5 0.5653368596399994 0.31972119527739923
84 0.563730261912368 0.3179083489844426
83.5 0.5621436199992604 0.3161207856387864
83 0.5607731101211563 0.31458901963599
82.5 0.5589205570718226 0.31250982064056504
82 0.5572161606971964 0.310596235767071
81.5 0.5556202795275723 0.3088312561001344
81 0.5541100759419891 0.30714674538240405
80.5 0.5519405378470739 0.3047581258260034
80 0.5512748136440268 0.3040168822140295
79.5 0.5484824018061376 0.3009513111469256
79 0.5474117080672983 0.29976820500652746
78.5 0.545658090378268 0.2978530486596672
78 0.5432437930663946 0.2952203611678964
77.5 0.5408886031866308 0.29267123498622133
77 0.5397584994316705 0.2914430826930901
76.5 0.5380435751261412 0.2895938406780087
76 0.5361901767962872 0.28760679512802334
75.5 0.5336703310130443 0.2849131860403581
75 0.5321933437202844 0.28333211567876704
74.5 0.5293585080690371 0.2803262947676052
74 0.5284097518520299 0.2793183877497013
73.5 0.5262726929227759 0.2770705775551016
73 0.5247280705363361 0.2754369093108565
72.5 0.5222167459111083 0.27283372030709846
72 0.5192729631513909 0.2697430964637427
71.5 0.5184265889490235 0.2688642794772912
71 0.5169562768672886 0.26734810197164494
70.5 0.5145109560068228 0.2648202100116179
70 0.5126096367719795 0.26286677055887947
69.5 0.5095724110003289 0.25975960851036123
69 0.5078189421715519 0.2579763550511964
68.5 0.5062728756336636 0.2564098426826034
68 0.5044515880451499 0.2545685207513927
67.5 0.5030044859265066 0.25311537887889296
67 0.4996305772572743 0.2497208587739479
66.5 0.49710647435288124 0.24720816410067767
66 0.49594565062807033 0.246061258734105
65.5 0.494278044854849 0.24440008944609323
65 0.4913880442342505 0.24154992139910827
64.5 0.4881480365123242 0.23838939932320957
64 0.4872569871167695 0.23752060677526646
63.5 0.48499165627147506 0.23529945711824418
63 0.48366537074367905 0.23401398871351875
62.5 0.48049308861765355 0.2309572815493265
62 0.47888340783968625 0.2294131521434878
61.5 0.4751463190902249 0.22585336811588827
61 0.4732500870039156 0.2240475560286841
60.5 0.47165054741777973 0.22253911578829524
60 0.47016264095257565 0.2211343829701302
59.5 0.46625334008991154 0.21747515590733302
59 0.4653134568550292 0.21659546306865876
58.5 0.46238535863507974 0.21388203494044156
58 0.4612236356511259 0.21281321731250066
57.5 0.4560351064954475 0.20804613757032056
57 0.4557360298229606 0.2077743042978515
56.5 0.45338128717672455 0.2056350167006402
56 0.44983076460163074 0.20241909989427528
55.5 0.4476382984262794 0.2004535599649693
55 0.44571746054443684 0.19874294081290617
54.5 0.4438275303756694 0.19704990153066376
54 0.44077341594115943 0.1943494696865696
53.5 0.43833754994662416 0.1922023663688654
53 0.4366146751527415 0.1907100979508619
52.5 0.4325355523687963 0.18715767695418495
52 0.43003933153623114 0.18500089318968116
51.5 0.427146962685474 0.18252602052754469
51 0.42704472346967665 0.18243610788787368
50.5 0.4226232614235592 0.1786694735435207
50 0.4216519412833003 0.1778463596345553
49.5 0.4176626061826153 0.17449642449578015
49 0.41613183758389516 0.1732250984320037
48.5 0.41263779302540826 0.1703248424059567
48 0.41075848490752825 0.168782294491642
47.5 0.4097593910408168 0.167958822418619
47 0.4055171689580987 0.1644999407846393
46.5 0.4026965688077779 0.1622225886040869
46 0.4005665234005961 0.1605157593074382
45.5 0.39871712916870894 0.15903304872566917
45 0.3955911606137794 0.15654501142519767
44.5 0.393207607600573 0.1546540422001725
44 0.3900065076099066 0.15215604718315495
43.5 0.38841068368301523 0.1509003382019759
43 0.38664675308521773 0.14954039236916813
42.5 0.3844479196948324 0.14784502590147636
42 0.3815901432801023 0.14565035611049573
41.5 0.37863596958589474 0.14340766629979576
41 0.37558116829774796 0.14109597157779122
40.5 0.3736942647822777 0.13968537433029843
40 0.37159072506287344 0.138117475718756
39.5 0.36926095345403587 0.13639014127156537
39 0.36744205695167076 0.13505491911784773
38.5 0.36203563689829465 0.13110282387355934
38 0.36146439900176364 0.13068991993380724
37.5 0.3578579980652212 0.12809288967995822
37 0.356578612252546 0.12717662438096544
36.5 0.3527610022161119 0.1244708494579475
36 0.351692850557538 0.12371672709272968
35.5 0.348994640831315 0.12183096022700123
35 0.3458108372972668 0.11961378591187441
34.5 0.3438765175559369 0.11828176028851337
34 0.3426136062893227 0.1174133772777582
33.5 0.3398097032557842 0.11549666374003846
33 0.33703851689958425 0.1136226251283397
32.5 0.3338506923487909 0.11147496216833981
32 0.3316925308742461 0.11003764412946519
31.5 0.32868777954793355 0.10805306020579321
31 0.32813355495502156 0.10768716422574734
30.5 0.3253252458181561 0.10585388535162103
30 0.3219217221131662 0.10365102935259662
29.5 0.32223424790092636 0.10385178146805922
29 0.3177041575136895 0.10095700718625289
28.5 0.31578118170029934 0.0997323102006385
28 0.3134052851713503 0.09823892701061494
27.5 0.31260003098705386 0.09773025404106904
27 0.31019266100112125 0.09623530262712832
26.5 0.3064605826018627 0.09393057955841703
26 0.30566002197709435 0.09343978152383008
25.5 0.3042343359396443 0.09256625057854896
25 0.30219899218626584 0.09133712046907806
24.5 0.3013462500657947 0.09082148148278338
24 0.29762140250849806 0.08859100161862742
23.5 0.2968608701346679 0.08813925955222715
23 0.2939938816675253 0.08644250279046647
22.5 0.2915113871168421 0.08498450858389171
22 0.29249288550383795 0.08555705824761445
21.5 0.2902655367734859 0.08426227127003387
21 0.28788755586034764 0.08288355019546484
20.5 0.28535338315038244 0.08143276852138898
20 0.2833074084914154 0.08026765122819106
19.5 0.28226807040933083 0.07968088507612446
19 0.2836438564575325 0.08045721535918746
18.5 0.27948811444398486 0.07811712285863798
18 0.2784609760839219 0.07754300160339835
17.5 0.27676435978853275 0.07660313124699623
17 0.2757737079159906 0.07605450065092377
16.5 0.27561759860914786 0.07596819672296373
16 0.2728511843495421 0.07445068604776704
15.5 0.2717850741406105 0.07387010835720628
15 0.2718342692355541 0.07389506290380328
14.5 0.27061609768554873 0.0732349662940697
14 0.2695857484823774 0.07267729499626646
13.5 0.2698993916010074 0.07284683107783513
13 0.26720290768948374 0.07139918920437004
12.5 0.2674627222845184 0.0715373224888046
12 0.2667827310847758 0.07117393719530483
11.5 0.2665159824955853 0.07103143886895974
11 0.26523527307762595 0.07034995172139305
10.5 0.26464031229100576 0.07003477119887634
10 0.2644877411880855 0.06995402945519429
9.5 0.2640071172047103 0.06969987589612435
9 0.2642696328338208 0.06983857832274204
8.5 0.2639754307932795 0.06968327612672252
8 0.26383229464086805 0.06960757916553861
7.5 0.26355587448992696 0.06946175214256531
7 0.26333665493128067 0.06934626748756306
6.5 0.26304023948177047 0.06919019778145645
6 0.2630747111044055 0.06920832526162722
5.5 0.2628777981551983 0.06910476083307623
5 0.26269020870416393 0.06900615402925686
4.5 0.2626219992078831 0.06897032157046674
4 0.2626872514567232 0.06900459907990035
3.5 0.26264585821290387 0.06898285414068038
3 0.2625874879565748 0.06895219007946791
2.5 0.26251165939399224 0.0689123725540456
2 0.2624849499034659 0.06889834950580255
1.5 0.2624688245587323 0.0688898840087445
1 0.2624680481724334 0.06888947634343895
0.5 0.2624566089279669 0.06888347157926142
