1000 0.8520592511928956 0.7261220359611407
999.5 0.8518904258269865 0.7258364868382504
999 0.8521647990069265 0.726303174732092
998.5 0.8517559295246167 0.7256063362035763
998 0.8519549412590018 0.7259444102096797
997.5 0.851800682781134 0.7256829382156753
997 0.8517708631677109 0.7256331835883917
996.5 0.8521364044164723 0.7262549438403272
996 0.8517177458918572 0.7255439358654903
995.5 0.8517888689144485 0.7256654384240802
995 0.8521058597140473 0.7262017980788428
994.5 0.8519005514536995 0.7258556782035722
994 0.8518584775061854 0.7257828142118611
993.5 0.8518293955155226 0.725734386044561
993 0.851788969903297 0.7256666679031855
992.5 0.8517897598749817 0.7256639096818559
992 0.8519331226971747 0.7259039060757697
991.5 0.8517249900403067 0.7255520044025561
991 0.8515073546507564 0.7251807100015083
990.5 0.8517931150364063 0.725669834598174
990 0.8515197977883823 0.7252063250444095
989.5 0.8515810700124499 0.7253125942814512
989 0.8516129761820779 0.7253624216983181
988.5 0.8516856581387636 0.7254905182430975
988 0.8515126643659228 0.7251910850452312
987.5 0.8514781866429929 0.7251333469951874
987 0.8515666288129884 0.7252829495703335
986.5 0.8516117151762999 0.7253628964949208
986 0.8516693817449057 0.725457062900708
985.5 0.851838872808425 0.7257483972657486
985 0.8515274874700044 0.7252168254206717
984.5 0.8514331291071566 0.7250576275516589
984 0.8516114442509458 0.7253607426909492
983.5 0.8515903692763791 0.7253243192158157
983 0.8517181069313695 0.7255447561734975
982.5 0.8515606397607548 0.7252725437991714
982 0.8513351789482206 0.7248923353535704
981.5 0.8516537042216534 0.7254297109082122
981 0.8512963659643983 0.7248261456323559
980.5 0.8515202157635856 0.7252047626278023
980 0.8512392979978313 0.7247276979199836
979.5 0.8513641687213572 0.7249395769607269
979 0.8513851837868615 0.7249772321373833
978.5 0.8513389442227418 0.7248987597519803
978 0.8514815734941208 0.7251403910595241
977.5 0.851384666308829 0.7249734280244597
977 0.8512900323867458 0.7248144478799995
976.5 0.8516151136611055 0.7253667249162267
976 0.8513358333190708 0.7248929161321739
975.5 0.8511628798191913 0.7245938600896847
975 0.8516815150889435 0.7254810515967303
974.5 0.8512262568870329 0.7247048429041931
974 0.8511656583430515 0.7246038390737674
973.5 0.8515318277557467 0.7252227398203847
973 0.8515256574867809 0.7252197049359148
972.5 0.8512040517208974 0.7246701306119855
972 0.8512461511028436 0.7247357179570528
971.5 0.8511635895125558 0.7245988698217917
971 0.8511464594667428 0.7245695449012091
970.5 0.8513805175452882 0.7249678472290555
970 0.8512558894229056 0.7247586236477098
969.5 0.851251589868578 0.7247474078418522
969 0.8513088157212992 0.7248494854955756
968.5 0.8510402244508546 0.7243888628028669
968 0.8511419507124803 0.7245589506231327
967.5 0.8512163266048111 0.7246870610043185
967 0.8511263096990778 0.724535045961801
966.5 0.8511540477752296 0.7245799863180014
966 0.8512170239518038 0.7246899879568506
965.5 0.8511308045240541 0.7245430344926472
965 0.8511146457427176 0.7245171164308036
964.5 0.8510196097371007 0.7243532189049648
964 0.8510322093073418 0.7243765920701596
963.5 0.8512297651604104 0.7247099236626802
963 0.8509518858331362 0.72423770779757
962.5 0.8509568466937691 0.7242461106836204
962 0.8510459514991698 0.7243961511254728
961.5 0.8510208280019314 0.7243541951277044
961 0.8510478805182379 0.7243997846517157
960.5 0.851104010406708 0.7244951181051008
960 0.851280452448864 0.7247964240016769
959.5 0.8508775321531777 0.7241108491326578
959 0.8508605282557835 0.724083378663471
958.5 0.8507736219221438 0.7239391783382695
958 0.850691428143177 0.7237940935044547
957.5 0.8509359406054363 0.7242152383661278
957 0.8508469785487959 0.7240585191054137
956.5 0.8508048392887938 0.7239888525809003
956 0.8507392115375697 0.7238773435032271
955.5 0.85107699461451 0.7244535903302812
955 0.8508612224609595 0.7240838982568217
954.5 0.8509933801907564 0.7243108539814239
954 0.8507688842378894 0.72392836904165
953.5 0.8507962068835571 0.7239685453060458
953 0.8506152576849842 0.7236667412637598
952.5 0.8508639203116015 0.7240869143951832
952 0.850825034290376 0.7240221867025889
951.5 0.8506918197320124 0.7237969208199625
951 0.8505795061704107 0.7236070728365163
950.5 0.8507739858252095 0.7239357646443817
950 0.8508073495611497 0.7239908928911136
949.5 0.850649930411928 0.7237234650957158
949 0.8507853927439725 0.7239559011572628
948.5 0.8508471386418947 0.7240600196350176
948 0.8505338046716086 0.7235247719589383
947.5 0.8505462873018795 0.7235509899338044
947 0.8504729235558384 0.7234205557716127
946.5 0.8506634053883179 0.7237464994595297
946 0.8505536122895546 0.7235617087495398
945.5 0.8504843188217107 0.723440233190473
945 0.8506040775218361 0.7236453337762078
944.5 0.8506266818609768 0.7236826985909477
944 0.8505498469834982 0.7235529838111109
943.5 0.8503404738628532 0.7231980727540507
943 0.8503209591035682 0.7231641890556325
942.5 0.850453985723832 0.7233908190182599
942 0.850495580612578 0.7234612109250936
941.5 0.8505318416107169 0.7235238685647397
941 0.8504595165079916 0.7234004317180819
940.5 0.8502532657321807 0.7230485601928653
940 0.8503164615045502 0.7231581957603846
939.5 0.8502610986644841 0.7230584427725167
939 0.8503519801147664 0.7232201332463539
938.5 0.8504179088388355 0.7233275327891138
938 0.8504626323620865 0.7234075555258306
937.5 0.8503482050268522 0.7232094259137083
937 0.8502891296422331 0.7231137782904926
936.5 0.8503227126527199 0.7231683784450293
936 0.8505734205391311 0.7235931459470152
935.5 0.8501595463728048 0.722888345410191
935 0.8502579667223243 0.7230570142505381
934.5 0.8505046218970923 0.7234775887435924
934 0.8502940892227274 0.7231197299969453
933.5 0.8501551370613637 0.7228812968350311
933 0.8502559713336313 0.7230558981213964
932.5 0.8501238435152223 0.7228275304493533
932 0.8504540789485914 0.723391381437885
931.5 0.850228600339992 0.7230082863970935
931 0.850192839921589 0.7229451926793506
930.5 0.850246542902554 0.7230389127685439
930 0.8498637017567074 0.7223863682787053
929.5 0.8500612799391694 0.7227254680101163
929 0.8503023110999122 0.7231335580764203
928.5 0.8501842593638785 0.7229310779765069
928 0.8499104199005695 0.7224648545683517
927.5 0.8501197826303988 0.7228226730210249
927 0.850128919534964 0.7228353127109575
926.5 0.8501081907074337 0.7228018368433019
926 0.8499078220180094 0.7224644005919372
925.5 0.850128851766043 0.7228400743233565
925 0.8501446360465094 0.722861059823612
924.5 0.8500658633261651 0.7227321813787244
924 0.8501955421291019 0.7229508884860387
923.5 0.8500117658141045 0.7226386514976368
923 0.8500659967242793 0.7227319516998226
922.5 0.8500085183090467 0.7226333152257339
922 0.8499101889302204 0.7224687944974503
921.5 0.8499891503978348 0.7225989746539423
921 0.8499130957922865 0.7224739762742817
920.5 0.8500487625350562 0.7227016143236646
920 0.8499917648512932 0.7226054033282097
919.5 0.849872413667158 0.7224042387030452
919 0.8501665967688078 0.7229010373033821
918.5 0.84989814068138 0.722445552971568
918 0.8496723687166999 0.7220618021068035
917.5 0.8496772841078583 0.7220729710436742
917 0.8498024390700095 0.7222836883290707
916.5 0.8498179629289909 0.72231297233887
916 0.8497057255650378 0.7221204867170719
915.5 0.8495473759229831 0.72184768750885
915 0.8496841801441946 0.7220809963839012
914.5 0.8497173667609096 0.7221393207035488
914 0.849921053382564 0.7224844174932207
913.5 0.8499418538700548 0.7225218830646141
913 0.8497858749766973 0.7222547299094677
912.5 0.8497420282472359 0.7221816656169245
912 0.8497582879372425 0.7222047041092415
911.5 0.849630097088894 0.7219922720808236
911 0.8498734365698399 0.7224061193600616
910.5 0.8495932870938167 0.7219292431568067
910 0.8496956691312234 0.7221012906157251
909.5 0.8494978441872574 0.7217644148138895
909 0.8497245326771109 0.7221497909035189
908.5 0.8495995131461418 0.721941516424385
908 0.8495971017562566 0.7219375625202269
907.5 0.8495153102492138 0.7217957351736308
907 0.8495035236771448 0.7217744303202988
906.5 0.8494348471399514 0.7216605211920283
906 0.8494438317794757 0.7216765074913148
905.5 0.8496239514295764 0.721979349510649
905 0.8495637705938665 0.7218779279653535
904.5 0.8491708598828579 0.7212090648235582
904 0.8495182018903793 0.7218008167993233
903.5 0.8494731985429493 0.7217255212882154
903 0.8492598683454682 0.7213606252659659
902.5 0.8494633474896254 0.7217072986348447
902 0.8493212874957969 0.7214664043581528
901.5 0.8494317953980014 0.7216532187343616
901 0.8495446378812768 0.7218439565165047
900.5 0.8493106180220629 0.721448841097563
900 0.849478800590515 0.7217353530414847
899.5 0.8492426104936414 0.7213336748301267
899 0.8492528598153726 0.7213491648410555
898.5 0.8492765193865459 0.7213901183119346
898 0.8490790581219199 0.7210531858146635
897.5 0.8492909316149584 0.7214135464353526
897 0.8493127358659905 0.7214520486822911
896.5 0.84915223227695 0.7211823740866192
896 0.8489276253181095 0.7207970136022227
895.5 0.849165947252109 0.7212040172250693
895 0.8490424201906138 0.7209906511390711
894.5 0.8490071051652979 0.7209360984147911
894 0.8490787597409796 0.7210540027084775
893.5 0.8488885691222922 0.7207341565263192
893 0.8489698473539355 0.7208707106354332
892.5 0.8493379542468126 0.7214966519754228
892 0.8491620761571462 0.7211947277801916
891.5 0.8488772004340696 0.7207131908582715
891 0.8489227477091221 0.720789048006406
890.5 0.849122326609982 0.7211295238047637
890 0.8489791407564122 0.7208833742248812
889.5 0.8488085050416554 0.7205933540784544
889 0.8490602600464356 0.7210221722502224
888.5 0.8490439129172346 0.7209976398924264
888 0.8486317407359638 0.7202956059116932
887.5 0.8489941628000549 0.7209116525084245
887 0.8487538939114664 0.720504167648947
886.5 0.8488761171570467 0.7207114482270555
886 0.8489265813185548 0.7207935995107102
885.5 0.8489056988623759 0.7207593762794803
885 0.8489179255008895 0.7207824035590219
884.5 0.8488400938385314 0.7206514545324821
884 0.8486260415742457 0.7202844435427288
883.5 0.8489713863984137 0.7208693879732189
883 0.8486985078655367 0.7204049144058184
882.5 0.8490411028025059 0.7209911258693871
882 0.8487347808164827 0.7204684360458653
881.5 0.8489678958121524 0.7208670526117508
881 0.8486100860069367 0.7202591146241675
880.5 0.8487240802747497 0.7204501375321387
880 0.8488888062189287 0.7207326104110772
879.5 0.8487115762043507 0.7204349664726106
879 0.8486194099415554 0.7202722214791946
878.5 0.8485010284761617 0.7200744330210133
878 0.8484900215664299 0.720054874328156
877.5 0.848563251717059 0.7201755555929122
877 0.8489918100061512 0.720905741380912
876.5 0.8484909115518615 0.7200569270865246
876 0.8486758296893884 0.7203728837008284
875.5 0.8486825520383248 0.7203807019615259
875 0.8485840822224 0.7202155184319982
874.5 0.8487350410163921 0.7204734358721587
874 0.8486298229002908 0.7202908938098975
873.5 0.8487589290185261 0.720510710220692
873 0.8484037838856824 0.7199068510896124
872.5 0.8488368688533734 0.7206431004992329
872 0.848591561110456 0.72023018821668
871.5 0.8482247870382168 0.7196079835902305
871 0.8482551583100311 0.7196600871674428
870.5 0.8481881032772011 0.7195431558795414
870 0.8484602339014806 0.7200040660543858
869.5 0.8484272593579283 0.7199464828067204
869 0.8482797606370419 0.7196969624728238
868.5 0.8482677038741543 0.7196772019572572
868 0.8485970429676009 0.7202338378162605
867.5 0.8483956903095048 0.7198944665476181
867 0.8483944533433749 0.7198940140932655
866.5 0.8484108173893601 0.7199223462161617
866 0.8483092111128391 0.7197469443499285
865.5 0.8481387749500993 0.719457924588105
865 0.8482468241066866 0.7196411134503933
864.5 0.8482180891393394 0.7195929009646961
864 0.8482271513610724 0.7196060320504701
863.5 0.8481242648765458 0.71943568722044
863 0.8483183340291351 0.719764929161718
862.5 0.8482431701352169 0.7196407889590478
862 0.8481487589287177 0.719475929263742
861.5 0.8483587544623198 0.7198316174701392
861 0.847800619544184 0.7188893045384283
860.5 0.8480973297427435 0.7193873124173173
860 0.848342389407161 0.7198055638832981
859.5 0.8480524430902138 0.7193119113787566
859 0.8479604916440595 0.719156714970784
858.5 0.8477624632816528 0.7188217224052083
858 0.8477740411363626 0.7188430070477597
857.5 0.8478073356761638 0.7188970010520381
857 0.8479939852238343 0.7192124241108561
856.5 0.8480687659678794 0.7193395125650741
856 0.8478524971108591 0.7189731566648417
855.5 0.8479695642982725 0.7191721278097017
855 0.8480192388553184 0.7192561801497761
854.5 0.8479883239242517 0.7192027097666087
854 0.8479683017669282 0.7191705029933935
853.5 0.8479322601914051 0.7191054415529109
853 0.847632547883992 0.7186011044145095
852.5 0.8478213354327779 0.7189230105576287
852 0.8475656483152175 0.7184860070613444
851.5 0.8478099435743012 0.7189002382984586
851 0.847816247078034 0.7189098485303997
850.5 0.8476192066418916 0.7185798304938971
850 0.8478954788202429 0.7190480350538299
849.5 0.8474760681008712 0.7183324077822957
849 0.8478728648971359 0.7190056443254772
848.5 0.8476096638272566 0.7185642446875236
848 0.8478092919733168 0.7189023799676986
847.5 0.8478924528053098 0.719037218978308
847 0.8476826519583526 0.7186866346938408
846.5 0.8478006517991511 0.7188855007410927
846 0.8476042860483654 0.7185537411492475
845.5 0.8474942176735785 0.7183654264671206
845 0.8474924600504307 0.7183638703990313
844.5 0.8474873710286945 0.7183537733051935
844 0.847517066352352 0.7184025318458919
843.5 0.8477537098404073 0.7188095441060789
843 0.8476738065871606 0.7186706583030001
842.5 0.847449787875611 0.7182955060536431
842 0.8474484072133297 0.7182880535513702
841.5 0.8473026400279561 0.7180467147845816
841 0.8472137655135387 0.7178891546993196
840.5 0.8472699159980008 0.7179882067941319
840 0.8475024343681671 0.7183812604559806
839.5 0.8477059756408509 0.7187220028312916
839 0.8473584911432831 0.7181388706952415
838.5 0.8473130391043301 0.718058804042836
838 0.8474743091748138 0.71833285161734
837.5 0.8473532480664548 0.7181268036151796
837 0.8471062302316179 0.7177089809068125
836.5 0.8473482450485068 0.7181208720814577
836 0.847452214645244 0.7182967750845904
835.5 0.8471779037757582 0.7178320199284792
835 0.8471606553619059 0.7178038469561632
834.5 0.8473774629594699 0.7181687588375483
834 0.8470830955576992 0.7176701250356968
833.5 0.8474471773354415 0.7182853433452514
833 0.8473698995641401 0.7181566102211663
832.5 0.8472277269172578 0.7179150792523175
832 0.8473301105477657 0.718092114207959
831.5 0.8472264401265717 0.7179144221563133
831 0.8470051522731027 0.7175365739738847
830.5 0.8472850980714445 0.7180126016013044
830 0.8469307992685755 0.7174134151083623
829.5 0.8472295953046494 0.7179193487314647
829 0.8472164391128608 0.71789604440694
828.5 0.8467723183286179 0.7171442710579242
828 0.8472067920427293 0.7178779289005025
827.5 0.8471144776697404 0.7177227524480502
827 0.8471539873638273 0.7177940590862345
826.5 0.8471503268921856 0.717785108576306
826 0.8468088533512389 0.7172047350899617
825.5 0.8469365795803185 0.7174222920319131
825 0.846976063178352 0.7174879854349181
824.5 0.846886582255341 0.7173353901992283
824 0.8471591213283652 0.7177995802006639
823.5 0.846850393548412 0.7172758547656827
823 0.8471401059930723 0.7177688179816042
822.5 0.8468467537967614 0.7172704105896839
822 0.8467615831899008 0.7171278638240313
821.5 0.8467481152429766 0.7171038629674359
821 0.8468420710071705 0.7172624523046116
820.5 0.8469054572766089 0.7173716067352739
820 0.8467549165208961 0.7171134804629606
819.5 0.8468980522245201 0.7173578940144653
819 0.8471096137105427 0.7177157108297003
818.5 0.8466377604976203 0.716915190161275
818 0.8467151208228507 0.7170464553408926
817.5 0.8467853775661952 0.7171642351204295
817 0.8465604213547668 0.7167793459555247
816.5 0.8468401833755778 0.7172612728454424
816 0.8465262706356851 0.7167246515511149
815.5 0.846592330681563 0.7168387830668849
815 0.8463525419345163 0.716431905478255
814.5 0.8464790427809534 0.7166484384808225
814 0.8464976310396535 0.7166772699189491
813.5 0.8465570015524386 0.7167748176221815
813 0.8466539214531569 0.7169444463207509
812.5 0.8465274561970921 0.7167295343395331
812 0.846446041289963 0.7165899463494879
811.5 0.8464746012923673 0.7166411789172185
811 0.8461690806778926 0.7161238857532625
810.5 0.8464117920869576 0.7165318480848835
810 0.846409160670122 0.7165287469204876
809.5 0.8461381635056484 0.716071607264479
809 0.8461013787011714 0.7160086159816228
808.5 0.8462740259806235 0.7163021101063025
808 0.8463627986447011 0.716451504546977
807.5 0.8464541790032688 0.7166070550007398
807 0.8460798636721865 0.7159717450164128
806.5 0.8459698736802852 0.7157835679586065
806 0.846244693365019 0.7162475483484457
805.5 0.8463788249913939 0.7164751971499035
805 0.8460964592356254 0.7159998352011575
804.5 0.8461303398579878 0.7160572260883017
804 0.8459858805094177 0.7158084023892886
803.5 0.8460467508890939 0.7159148932687931
803 0.8460144611236626 0.7158601403218365
802.5 0.8461641467783569 0.7161119836434544
802 0.8460202654191318 0.7158712608710578
801.5 0.846102827267142 0.716012727490802
801 0.8460810974996874 0.7159731810626887
800.5 0.846055975125559 0.7159303211085858
800 0.8460266417295298 0.7158823755948287
799.5 0.8457967181068576 0.7154920473138613
799 0.8459810257058016 0.7158045164735194
798.5 0.8458946532201664 0.7156568415915859
798 0.845756112534762 0.715421669051303
797.5 0.8459637473477094 0.7157751476669391
797 0.8456608686678556 0.7152616973157223
796.5 0.8459123641859577 0.7156840572194602
796 0.8460191152876305 0.7158687718624969
795.5 0.8457215889668325 0.7153662340733986
795 0.84591033378364 0.7156846424461912
794.5 0.8457048440437008 0.7153385447857395
794 0.8456065003021568 0.7151719085885739
793.5 0.8455255787293919 0.7150340569628908
793 0.8457280233589013 0.7153784027983241
792.5 0.8456160213778585 0.7151860871832627
792 0.8456079530513315 0.7151747575689388
791.5 0.8457173068199865 0.7153561673225398
791 0.845595039410892 0.7151503907996714
790.5 0.8455308482430032 0.7150412929674649
790 0.8454596876825711 0.7149230135915291
789.5 0.8455991162196995 0.715160735414335
789 0.8455373584403969 0.7150540943972573
788.5 0.8457382805540383 0.715394669464163
788 0.8454536703372123 0.7149132584123781
787.5 0.8453859756589462 0.7147991249106488
787 0.845691517356168 0.7153152216429816
786.5 0.8454567845280433 0.7149187830259915
786 0.845391021127662 0.7148063532840702
785.5 0.8454545674820128 0.7149110197938364
785 0.8455138967088744 0.7150150135726774
784.5 0.8454561204176534 0.7149174097236773
784 0.8451489249357534 0.7144007291180874
783.5 0.8451554552035172 0.7144074216731384
783 0.8451952614197682 0.7144758306755272
782.5 0.8452497623421121 0.7145696233672737
782 0.8455148151752816 0.71501545599397
781.5 0.845150810030383 0.7143990375683027
781 0.8452919602703128 0.7146376878858175
780.5 0.8448381986366598 0.7138739563851698
780 0.8452584656141773 0.7145815320548031
779.5 0.8452983658651819 0.7146472262212493
779 0.8453058983549099 0.7146630324036792
778.5 0.8451753489169438 0.714441544690603
778 0.8455126888762268 0.7150168708663566
777.5 0.8450833110856033 0.7142878343980976
777 0.8450998971640067 0.714312744304999
776.5 0.8450145949738436 0.7141733067325722
776 0.8451238446529497 0.7143514835670854
775.5 0.8452296919502369 0.7145336833551871
775 0.8450235637007145 0.7141865611305741
774.5 0.8448882685147128 0.7139607418629196
774 0.8451296281819229 0.7143621557300264
773.5 0.8445437518350953 0.7133740881901772
773 0.8448060006311287 0.7138154678599964
772.5 0.844578896793138 0.713435298338761
772 0.8450023056344108 0.7141512547205381
771.5 0.8449333211839275 0.7140337438371548
771 0.8449555984363651 0.7140706539532441
770.5 0.8448710537810199 0.7139276118121276
770 0.8444019936983027 0.7131323691751554
769.5 0.8445606631686978 0.7134049531879764
769 0.8450058022424753 0.7141570513340967
768.5 0.8449157735492581 0.7140052371557429
768 0.8446519502152378 0.7135580643461644
767.5 0.8447305373249866 0.7136943416104717
767 0.8446685201947204 0.7135840219473493
766.5 0.8445653691709295 0.7134101573238733
766 0.8446546181068345 0.7135642973165601
765.5 0.8446709660108463 0.7135897487639971
765 0.8445015554701518 0.7133015432857912
764.5 0.8444776674738057 0.7132666763077468
764 0.8445989854201066 0.7134678002972535
763.5 0.8443320264833123 0.7130172461836517
763 0.8445792382332712 0.7134364798469809
762.5 0.8445669974877755 0.713411610503819
762 0.8442747930250798 0.7129195800804269
761.5 0.8445940267872416 0.7134604373993697
761 0.8443273625876686 0.7130059782038266
760.5 0.8445567741404272 0.7133937796541122
760 0.8446426518278389 0.7135394915281995
759.5 0.8445508100518326 0.7133837322155513
759 0.8444146883003546 0.7131573990454513
758.5 0.844749719324577 0.7137232877159795
758 0.8442047359316565 0.712805002976514
757.5 0.8444565360260461 0.7132279972120578
757 0.8443149016874939 0.7129913938921966
756.5 0.8442478381856398 0.7128745721809083
756 0.8441790806265425 0.712760397586238
755.5 0.8442074800789986 0.7128052408230027
755 0.8440038435379168 0.7124621821811676
754.5 0.8441415823887839 0.7126937384244257
754 0.8440941040243799 0.7126145747846718
753.5 0.8441679396321367 0.7127399805640977
753 0.8438891246978847 0.7122717904500624
752.5 0.8441020940351568 0.7126276354965019
752 0.843991878724295 0.7124399451043543
751.5 0.8437555108323818 0.7120436675228239
751 0.8436294030116874 0.7118333180428378
750.5 0.8440933217512034 0.7126150814523167
750 0.8440256499263411 0.7125004221953039
749.5 0.8440907439828346 0.7126112570802291
749 0.8438462111549865 0.712195734608343
748.5 0.8436899564275853 0.7119354757683769
748 0.844095438792848 0.7126197469843978
747.5 0.8438359203529694 0.7121776555739311
747 0.8437745819593173 0.7120773025296634
746.5 0.843786394473233 0.7120971792706733
746 0.8438284367656151 0.7121669820824599
745.5 0.8436367853692605 0.711845673281675
745 0.8438014381559014 0.7121224568348876
744.5 0.8439582827541096 0.7123876675020855
744 0.8435648364848548 0.7117202509629722
743.5 0.8434823417306998 0.7115823641828286
743 0.8439787859332325 0.7124217511217786
742.5 0.8437315138105882 0.7120039670783749
742 0.8436588402931361 0.7118828419976417
741.5 0.84358491278219 0.7117585190702175
741 0.8435524283304289 0.7117011799103434
740.5 0.8435397958572713 0.7116783751932352
740 0.8436722066908965 0.7119021483534854
739.5 0.843641013305351 0.7118513826634894
739 0.8435281121595973 0.7116625884854498
738.5 0.8433352086797807 0.7113351623597017
738 0.8435289554925425 0.7116644826767897
737.5 0.8434895288275871 0.7115917931390544
737 0.843260774504336 0.711209331493482
736.5 0.8434859293738598 0.7115905046876425
736 0.8434959382381867 0.7116070900833139
735.5 0.8434194614490307 0.7114769894211762
735 0.8434629422069574 0.7115489360874698
734.5 0.8433084104672548 0.7112893592141013
734 0.843405808204867 0.7114532333275361
733.5 0.8434301022964962 0.711492849625099
733 0.843216220452739 0.7111343975648227
732.5 0.8431121495341624 0.7109581553205948
732 0.84326352804099 0.711215019456219
731.5 0.8429278511858584 0.7106484832972314
731 0.8429656390576411 0.7107132741152025
730.5 0.8431072854695802 0.7109519266060488
730 0.8431066442471751 0.7109509111871899
729.5 0.842911668396447 0.7106192433154597
729 0.8428867014096327 0.7105781041944965
728.5 0.8429676784716839 0.7107128621070964
728 0.8431100755034139 0.7109581933353352
727.5 0.842985891349961 0.710744342330556
727 0.8430707733137646 0.7108882956206838
726.5 0.8432114413685752 0.7111260874265171
726 0.8428206130675473 0.7104696065110591
725.5 0.843137275607339 0.7110014493569572
725 0.8428638061815854 0.7105390692130814
724.5 0.8430731269486825 0.7108944698345587
724 0.8427714495831337 0.710381020175343
723.5 0.8427182612037976 0.7102962645780238
723 0.842778159998842 0.7103976717492498
722.5 0.842724920588657 0.7103076805123322
722 0.8429206135499407 0.7106357810602635
721.5 0.8426763253227817 0.7102237792254211
721 0.8424210462780664 0.7097925952321061
720.5 0.8425231943539128 0.7099654293867423
720 0.8425101301353473 0.7099463523496425
719.5 0.8425792103819669 0.71005927275696
719 0.8424632856038352 0.7098651237799629
718.5 0.8428077358012114 0.7104468189218608
718 0.8424438902340686 0.7098324208364142
717.5 0.8423924985396514 0.7097477821050706
717 0.8426309164118101 0.7101504876754587
716.5 0.8426013059249524 0.7100970567229452
716 0.8420638789414499 0.7091900989110328
715.5 0.8423592736945904 0.7096898772307173
715 0.8425703451946662 0.7100469694469926
714.5 0.8423277301063279 0.70963374506864
714 0.8423512790936416 0.709678948964021
713.5 0.8420741425242912 0.7092081815567758
713 0.8421719534863534 0.7093752306731522
712.5 0.8422232704677193 0.7094615824695057
712 0.8423259330930376 0.7096335920491955
711.5 0.8422151783409437 0.7094486050771736
711 0.8421940738374992 0.7094113164320036
710.5 0.8421456271066318 0.7093307679122011
710 0.8420656816924952 0.7091996510903577
709.5 0.8423112223373397 0.7096080688200872
709 0.8422572200065652 0.709518445512282
708.5 0.8421639613968354 0.7093619349567805
708 0.8419256555383103 0.708957855946665
707.5 0.8418737295898177 0.7088740735362069
707 0.8419113016580396 0.7089339165316195
706.5 0.8417187028603993 0.7086111769807334
706 0.8415654915946019 0.7083530578820249
705.5 0.8420331048508234 0.7091424593918678
705 0.8418766345335846 0.708879349453819
704.5 0.8419545699916965 0.7090074413945238
704 0.8419137952829356 0.7089384301010355
703.5 0.8416531102006761 0.7085050673990683
703 0.8416593668135135 0.708507877797215
702.5 0.8418268631082995 0.7087902623654349
702 0.8414552440694902 0.7081724050804038
701.5 0.8416010790294108 0.7084142347017152
701 0.8416788677911353 0.7085437339099175
700.5 0.8414910803047443 0.7082267610498215
700 0.8417493197099737 0.7086628726568919
699.5 0.8417810722504748 0.7087155236365135
699 0.8414963815067996 0.7082373040674009
698.5 0.8415513291585719 0.708328245523216
698 0.8415882242930496 0.7083910485970505
697.5 0.8414752344952049 0.7082042105525508
697 0.8414342293902083 0.7081360064736081
696.5 0.8413412704390978 0.707977850682611
696 0.8414746641630021 0.7082027062810847
695.5 0.8415908089234903 0.708395144766279
695 0.8411594937245196 0.7076754033694346
694.5 0.8412472646730302 0.7078176799229557
694 0.8413018969287754 0.7079101950962008
693.5 0.8412856316262304 0.7078825178380795
693 0.8412490793307391 0.7078229227794429
692.5 0.8413007801947149 0.7079103214320664
692 0.8412877258302793 0.7078878851287669
691.5 0.8413739621324835 0.7080297813840324
691 0.8411794825454246 0.7077045003461455
690.5 0.8413519416664194 0.7079944280127869
690 0.8410457545499711 0.7074777587219713
689.5 0.8411012535682898 0.707572174087827
689 0.8412827448299397 0.7078803659902645
688.5 0.8412117673708079 0.7077590635355139
688 0.8410108096970808 0.7074221480644535
687.5 0.8410505023956562 0.7074893376807739
687 0.8410625461168959 0.70750631593072
686.5 0.8410111389113832 0.7074214465161351
686 0.8409140064336895 0.7072579160117612
685.5 0.8410997220103076 0.7075701356217784
685 0.8410053104473347 0.7074118143853136
684.5 0.8408563166707268 0.7071615864448819
684 0.8409551510068024 0.7073270791976778
683.5 0.8406321334338548 0.7067826475512884
683 0.8408978904824739 0.7072304750309696
682.5 0.8406080682698727 0.706741869844064
682 0.8407210173821986 0.7069316229002883
681.5 0.8404686210047707 0.7065103098232003
681 0.8406751268951842 0.7068577244172746
680.5 0.8405814485113147 0.7066977937135743
680 0.8403971667216866 0.7063893107593027
679.5 0.8406394542339265 0.7067949706387675
679 0.8405157194292386 0.7065886532921266
678.5 0.8404926463997353 0.7065537095675756
678 0.8406368492711572 0.7067919653637112
677.5 0.8401861551687795 0.7060353556625842
677 0.8407004839112745 0.7068983183742722
676.5 0.8405236292697579 0.7066035255601375
676 0.8404163440795646 0.7064223771881513
675.5 0.8402743133217907 0.7061871856760148
675 0.8405922024542954 0.7067147911539714
674.5 0.8404077365882587 0.7064089217672815
674 0.8402779829986451 0.7061886186746468
673.5 0.8404035197356804 0.7063989372569605
673 0.8401931884423802 0.7060468338974828
672.5 0.8403182582250546 0.7062562674519247
672 0.8403305245545966 0.7062777855556669
671.5 0.8403056352038507 0.7062384144439093
671 0.8400060339135206 0.705733402425233
670.5 0.8400726303815975 0.7058429601920759
670 0.8403264633634019 0.7062744016931429
669.5 0.8401012832360959 0.7058924097931111
669 0.8399785301583936 0.7056891467419809
668.5 0.8401049744462507 0.7058978603908868
668 0.8401239764160643 0.7059318813386658
667.5 0.8400351295639104 0.7057834802822608
667 0.839825453904313 0.7054303145075144
666.5 0.8399840906228393 0.70569418648803
666 0.8397467785030411 0.7052974800867445
665.5 0.8394748392097249 0.7048443548579582
665 0.8399855469561688 0.7056970075600275
664.5 0.839926811072313 0.7055991056171675
664 0.8398797948953243 0.7055219525109744
663.5 0.8396604621331025 0.7051537932304148
663 0.8396949902145904 0.705212961390789
662.5 0.8396862796956114 0.7051956563854488
662 0.8395150561410701 0.7049115482327767
661.5 0.8395135625657155 0.7049046581835235
661 0.8398866171092477 0.7055328348689025
660.5 0.8394770570368812 0.7048439701033292
660 0.8397773594673925 0.7053462234244362
659.5 0.8396438561488004 0.7051241532244967
659 0.8396026221564679 0.7050542747133028
658.5 0.8393445807222185 0.7046232287050903
658 0.8393478387354971 0.7046276138761525
657.5 0.8393563730735474 0.7046409042582316
657 0.8394193630504 0.7047489223207793
656.5 0.8393227418123328 0.7045844638923339
656 0.839147826665067 0.7042873194042314
655.5 0.839257993944174 0.7044725018271755
655 0.8393902573063049 0.7046978346158553
654.5 0.8392452362581819 0.7044535982126667
654 0.8391558055338192 0.7043048441660423
653.5 0.8388504590592137 0.7037923259901983
653 0.8389916885595857 0.7040279842872029
652.5 0.8390901095174229 0.7041952678553567
652 0.8389652754820841 0.703983860249312
651.5 0.8390289373695512 0.7040908331676082
651 0.8388403014315972 0.7037763365871543
650.5 0.8389274663895856 0.7039213310740166
650 0.83914269103279 0.7042861920470366
649.5 0.8385689890719257 0.7033226272224341
649 0.8388499232409052 0.7037919331753094
648.5 0.8393098124297071 0.7045606043792133
648 0.8388450144910875 0.7037824503197534
647.5 0.8388214265492031 0.7037454045594221
647 0.838766933946247 0.7036509219767848
646.5 0.8387124271045426 0.7035607972031741
646 0.8386540348235934 0.7034622875067347
645.5 0.838744562548923 0.7036127544905294
645 0.8385473887943218 0.7032856172126453
644.5 0.838626708652494 0.7034209125673208
644 0.8386439734043564 0.7034492694650888
643.5 0.8385416870255373 0.7032745905615142
643 0.8385147896554874 0.7032276538315637
642.5 0.8386112424514406 0.7033896324732408
642 0.838386032097905 0.7030139422130429
641.5 0.8387723795702811 0.7036601126737698
641 0.8385981690160615 0.7033722882940784
640.5 0.8382722227641403 0.7028228276390297
640 0.8384831576667362 0.7031791494725986
639.5 0.8382488529994646 0.7027821532638339
639 0.8384426791372883 0.7031082214597592
638.5 0.8382034430631224 0.7027100903621625
638 0.8381749047293597 0.7026579186574881
637.5 0.8383893469572933 0.7030172877209336
637 0.8382774486246051 0.70283235279939
636.5 0.8381959992757007 0.7026973185491591
636 0.8381548036004376 0.7026268648737851
635.5 0.8380750796058297 0.7024957146006908
635 0.8381776255774928 0.7026640234404044
634.5 0.8380043941625855 0.70237234813458
634 0.8381084052168859 0.7025494846353944
633.5 0.8380326579744091 0.7024228489510707
633 0.8377825033312126 0.7020014752074883
632.5 0.8380813585537313 0.7025034157508042
632 0.8381043563737016 0.7025401207517354
631.5 0.8379803577837168 0.7023340723392342
631 0.8380099712127906 0.7023805815922517
630.5 0.8379432714262085 0.7022690663354306
630 0.8379568284874838 0.7022929736463288
629.5 0.8376510637757593 0.7017783948796157
629 0.8378042132410262 0.7020390896934842
628.5 0.8374837954975927 0.7015033291304823
628 0.8378961185096399 0.7021941444741036
627.5 0.8378146486766067 0.7020540559407633
627 0.8374838755389996 0.7015041542440468
626.5 0.8374476609110335 0.7014441854358433
626 0.8373725389731937 0.7013179760147829
625.5 0.8377325594119434 0.7019184042617322
625 0.837381216760334 0.7013367515003166
624.5 0.8373220054453773 0.7012343474015625
624 0.8371480228869538 0.7009374944092449
623.5 0.8376393643699337 0.7017665754391058
623 0.8373030895706441 0.701202208351016
622.5 0.8370815558990677 0.700827105313357
622 0.8373063923440225 0.7012014287577999
621.5 0.8373944279986362 0.7013525690893729
621 0.8372206928242318 0.7010646996882923
620.5 0.8368527156504272 0.7004460090929382
620 0.8371971642998262 0.7010223638966872
619.5 0.836906937893753 0.7005345851026762
619 0.8368490712493932 0.7004377240372367
618.5 0.837077406149408 0.7008231424078553
618 0.8369451930247209 0.7006037642401745
617.5 0.8367874943340291 0.700337453698713
617 0.8366771852203907 0.7001518206182755
616.5 0.8370907372938048 0.7008440024996392
616 0.8369007192452846 0.7005271982243233
615.5 0.8368365578205594 0.7004174856932736
615 0.836786499987742 0.7003329934164223
614.5 0.8367828011230649 0.7003310597530181
614 0.8367340535940254 0.7002440081906783
613.5 0.8367989645207071 0.7003535998660809
613 0.8368984510629863 0.7005203888086438
612.5 0.8366410858753734 0.700091551189857
612 0.8368371585650616 0.7004171532973347
611.5 0.8366554364816228 0.7001167351969076
611 0.8366633915552243 0.7001293918212066
610.5 0.8368516391343331 0.7004439405646692
610 0.8363648889140811 0.6996315704866997
609.5 0.8365588956074949 0.6999547947493697
609 0.8361980977342752 0.6993521800786104
608.5 0.8365057930520018 0.6998683470404023
608 0.8364703498011224 0.6998055665638659
607.5 0.8364203242602187 0.6997219194352948
607 0.8362659710724807 0.6994649228862159
606.5 0.8361009755377954 0.6991890999639642
606 0.8361533684689669 0.6992745528915821
605.5 0.8360383018129433 0.6990824367287304
605 0.8363060665361991 0.699530921302396
604.5 0.8361445511142914 0.6992625812295614
604 0.8358576060693704 0.6987803277051082
603.5 0.8360535306585565 0.6991090959353724
603 0.8360083454992386 0.6990302776350514
602.5 0.8362100371726934 0.6993719964609451
602 0.8362241183831414 0.6993924130565757
601.5 0.8360980424889464 0.6991826681707571
601 0.8362789766085154 0.6994857494100566
600.5 0.835639389808352 0.698414076602425
600 0.8359741597297269 0.698974150464196
599.5 0.8356209813542234 0.698384793340659
599 0.8357131532366918 0.6985383410863263
598.5 0.8358240707102793 0.6987257924426312
598 0.8354380033878426 0.6980786578207998
597.5 0.8357435384503472 0.6985902738396379
597 0.8353327682703158 0.6979067258897248
596.5 0.8357418696734965 0.6985888585021566
596 0.8357952201414892 0.698676409770582
595.5 0.8355614856536101 0.6982882253344612
595 0.8354155572447333 0.698043630292591
594.5 0.8355845048516952 0.6983237871626048
594 0.8354508336921718 0.698100608783761
593.5 0.8353136744121945 0.6978695944381612
593 0.8353870066485984 0.697992899036529
592.5 0.8352917492751573 0.6978350179978264
592 0.8351637383204685 0.697621853577257
591.5 0.8352885858461385 0.6978329797946058
591 0.8350116998181106 0.6973685941160275
590.5 0.8350952860996436 0.6975069727434899
590 0.8349516071684064 0.697265816533531
589.5 0.8351439539657678 0.6975873079998928
589 0.8350279791381655 0.6973961606018854
588.5 0.8350274664506021 0.6973911698410108
588 0.8347087954494562 0.6968604222259072
587.5 0.8347690429194026 0.6969617394466797
587 0.8351163404198478 0.6975444924264855
586.5 0.8348186663109366 0.6970461187948704
586 0.834857825818303 0.6971071884951552
585.5 0.8347247216482404 0.696888577365589
585 0.8348702994619907 0.6971330420103808
584.5 0.8348658461275844 0.6971239591107797
584 0.8347322527515614 0.6968974312285005
583.5 0.8348138231783709 0.6970361392281285
583 0.8346827023356299 0.6968157618483073
582.5 0.8347559368559718 0.6969401647541074
582 0.8345426432702294 0.6965865566273454
581.5 0.8346932973730311 0.6968379393258503
581 0.8343347018955073 0.6962358914525777
580.5 0.8347187541212814 0.696879159457301
580 0.8345119012777741 0.6965327219865859
579.5 0.834475578919361 0.6964721736489482
579 0.8343265697258571 0.6962248781412528
578.5 0.834385243186095 0.696322393294261
578 0.8342679293357914 0.6961250671017326
577.5 0.8341938288703271 0.6960029965171227
577 0.8343375190150967 0.6962402746455256
576.5 0.8340909892967637 0.6958334246880167
576 0.8341376575274806 0.6959076110736381
575.5 0.8340903862982982 0.6958285946152523
575 0.8339218643141165 0.6955503852749219
574.5 0.8341195307733154 0.6958791384552873
574 0.8340195508432221 0.6957099059584837
573.5 0.8341021214586718 0.6958503881871748
573 0.8339071948489464 0.6955258686859273
572.5 0.8337631986556228 0.6952866253371119
572 0.8336435747163604 0.6950788543825319
571.5 0.8338022477862093 0.6953519592116462
571 0.8334875201152251 0.6948279457528921
570.5 0.8335936801390904 0.6950025009051519
570 0.8337994758026913 0.6953486091078253
569.5 0.8340024152347045 0.6956821141087853
569 0.8336001461780542 0.6950099255033366
568.5 0.8334586579937531 0.6947774538579115
568 0.8334988927701015 0.694843976342403
567.5 0.8337314367651392 0.695230140982893
567 0.8334352483810082 0.6947384520056644
566.5 0.8334534960764672 0.6947702459202811
566 0.8331988555170325 0.694342597726146
565.5 0.8333265006097071 0.6945566558576024
565 0.833434539210026 0.694736509069991
564.5 0.8333489362848087 0.6945924773612797
564 0.8330063326823876 0.694023694028481
563.5 0.8330957147894542 0.6941698879338197
563 0.8332654122303472 0.6944534003064926
562.5 0.83293476807245 0.6939041408187323
562 0.8331170107750621 0.6942078174645364
561.5 0.8331271470080694 0.6942216777278316
561 0.8330944637590744 0.6941699943781731
560.5 0.8328826534622908 0.6938171663165507
560 0.8329330891736231 0.6939013653169264
559.5 0.8327596646007255 0.6936108449567663
559 0.8324862610448821 0.6931582661558701
558.5 0.8327075065490086 0.6935240012735027
558 0.8326068152000621 0.6933605069847969
557.5 0.8328114061061266 0.6936989777338746
557 0.8325308722913523 0.693232463388706
556.5 0.832921183414029 0.6938823283853968
556 0.8326879441103707 0.6934958689101264
555.5 0.8324497370041924 0.6931001004488361
555 0.8326212024406131 0.6933800515519161
554.5 0.8322521299960725 0.6927672644620064
554 0.8326043624834453 0.6933517384221533
553.5 0.8321439749362765 0.6925909540674698
553 0.8323307270514576 0.6928939264388904
552.5 0.8323427426823802 0.6929177110150553
552 0.832387660980429 0.6929917258154222
551.5 0.8321604345390233 0.6926143095743217
551 0.8321426260196039 0.6925916030019088
550.5 0.8320924276798094 0.6925023369884267
550 0.8319845552782431 0.692318553956453
549.5 0.8321090704753512 0.692529230128892
549 0.8320359748866485 0.6924086557364911
548.5 0.8320772873258184 0.6924757260752531
548 0.831735662368493 0.6919085326715964
547.5 0.8318220445940763 0.6920486144539376
547 0.8320327471722844 0.6924014155642825
546.5 0.8319916936591347 0.6923352428785114
546 0.8318215447442193 0.6920540568131656
545.5 0.8314638264740227 0.6914570255482921
545 0.8317307142362271 0.691901898510527
544.5 0.8310888182981747 0.6908355050783327
544 0.8313404570626719 0.6912509025640692
543.5 0.831275298571152 0.691142710605168
543 0.8315437672291737 0.6915919263577807
542.5 0.8315077076164732 0.6915264243372399
542 0.8313617352443421 0.6912868410223758
541.5 0.8314850588938223 0.691491613636589
541 0.831411197825417 0.6913670676675376
540.5 0.8312049051973182 0.6910280598761857
540 0.8312510682711897 0.6911014071525091
539.5 0.8313730665310552 0.6913062776268536
539 0.8311461186994895 0.6909319048289971
538.5 0.830934043267795 0.6905743637403222
538 0.8310518012162907 0.6907678743766739
537.5 0.8310253289266347 0.6907280923902939
537 0.8309733077899247 0.6906424154133
536.5 0.8307463483081636 0.6902632262298579
536 0.831166956191968 0.6909574479568973
535.5 0.8308725406232098 0.6904691735880419
535 0.8307176967574096 0.690218712319921
534.5 0.8307117476226246 0.6902042318917463
534 0.8307493918742943 0.6902679110367221
533.5 0.8307281942240362 0.690233489165357
533 0.8305426183441724 0.6899221055904945
532.5 0.8306630942463894 0.6901251487746322
532 0.8307438613123227 0.6902617527619171
531.5 0.8307542645784235 0.6902780837637783
531 0.8304765128968039 0.6898146898256908
530.5 0.8305595565169489 0.6899529160102718
530 0.8302934453514945 0.689513795834985
529.5 0.8303019006198199 0.6895232375544098
529 0.8302694181277397 0.6894705751376398
528.5 0.8303335193946391 0.6895768914724532
528 0.8302722495055577 0.6894739595367904
527.5 0.8304129709828615 0.6897095984399434
527 0.8299355550326664 0.6889154420649632
526.5 0.8301610593316676 0.6892900482429326
526 0.8300898288845984 0.6891737259272951
525.5 0.8301211287926572 0.6892269443110063
525 0.8299271567027037 0.6889033334838064
524.5 0.8299091869239048 0.6888712877405726
524 0.8299748435704263 0.6889838076563544
523.5 0.8296522249272276 0.6884473129198183
523 0.8297737739689985 0.6886470978379778
522.5 0.8299184387798785 0.6888873583235787
522 0.8296424447731447 0.6884286354034072
521.5 0.8299269949324245 0.6889060252442128
521 0.8299245813116745 0.6888990749053104
520.5 0.8294279865302099 0.6880783464337276
520 0.8295492077638733 0.6882810361946654
519.5 0.829673342465257 0.6884816276907507
519 0.8292416804765916 0.6877646381224006
518.5 0.8295479059698876 0.6882756285509118
518 0.8291230287124421 0.6875670656921586
517.5 0.8292360422422511 0.6877547081815092
517 0.8292898189551207 0.6878445921049715
516.5 0.8290507534713745 0.6874524641711746
516 0.8291431265520532 0.6876054513662286
515.5 0.8288875522280925 0.6871752140970457
515 0.8291627395239883 0.6876372001976864
514.5 0.8290504984585195 0.687449612721439
514 0.8291545913061494 0.6876191167575365
513.5 0.8285645021924494 0.686643698673808
513 0.8288256505255661 0.6870772449063731
512.5 0.8288743781463196 0.6871574801812076
512 0.8288635441158085 0.6871366581893713
511.5 0.8286055383271285 0.6867112068817804
511 0.8285257579875384 0.6865817132410501
510.5 0.8285860147229138 0.6866768367827137
510 0.8285586141967757 0.6866342566363052
509.5 0.8284816786950633 0.6865093139116507
509 0.8282591467743187 0.686138155084884
508.5 0.8280926083894475 0.6858609602451249
508 0.8282693872254938 0.6861552589006781
507.5 0.8281434836492263 0.6859471067353154
507 0.8281291620625519 0.6859194893278554
506.5 0.8280475263383543 0.6857900737455243
506 0.8280663478567553 0.6858201808701488
505.5 0.8281271138680891 0.6859194380084223
505 0.8280929397723932 0.6858630400917745
504.5 0.8279401920676784 0.6856094537169284
504 0.8278122275956951 0.6853972859377924
503.5 0.8279426710718487 0.6856154664645802
503 0.8278219438785651 0.6854136888404097
502.5 0.8275529902099521 0.6849678049083088
502 0.8276213211620738 0.68508198116864
501.5 0.8277027807087312 0.6852176110662977
501 0.8276926732744668 0.685200238558225
500.5 0.8277050209474826 0.6852206023287355
500 0.8277162386013837 0.6852394805777045
499.5 0.8275083439900466 0.6848909141600535
499 0.8273157967902279 0.6845781550678364
498.5 0.8274577361438877 0.684810347760291
498 0.8273002393285442 0.6845498420653148
497.5 0.8273913394448545 0.6847040552229181
497 0.8273680298253275 0.6846655709164746
496.5 0.8271831977171442 0.6843583958877401
496 0.8271629221122745 0.6843206835068957
495.5 0.8270965122541954 0.6842141790423117
495 0.8272446118274209 0.68446083913045
494.5 0.8268270454561915 0.683767988506315
494 0.8268958197891535 0.6838830924212465
493.5 0.8267754494394064 0.6836850560122685
493 0.8270967866290798 0.6842110733147314
492.5 0.8269563343067208 0.6839799765971143
492 0.8269129790406113 0.6839079805438116
491.5 0.8266972204632065 0.6835509915173321
491 0.8268097270895326 0.6837400057448744
490.5 0.8264868884313029 0.6832072034429303
490 0.8263349958824534 0.6829550361602835
489.5 0.8266663009529661 0.683503410620175
489 0.826067928638251 0.6825161874849228
488.5 0.8264185249536993 0.6830907306010834
488 0.8265534420268392 0.6833148176131971
487.5 0.8264141835266693 0.6830835897759004
487 0.826249520229728 0.6828129988375009
486.5 0.8259153000526172 0.6822625395964067
486 0.8261947141128678 0.6827221307728181
485.5 0.8261499667669984 0.6826500853977627
485 0.8258323513793017 0.682125097736946
484.5 0.8258999642961674 0.6822350396241612
484 0.8256833958453045 0.6818794843403365
483.5 0.8259013740594786 0.6822396444667036
483 0.8258790849316191 0.6822007497239637
482.5 0.8257889676963535 0.6820530949275856
482 0.8257316193263738 0.6819586516462942
481.5 0.8256246724571439 0.681781518311562
481 0.8254969792768235 0.6815719332456392
480.5 0.8257200870493859 0.6819393467940921
480 0.8254720516356426 0.681532174481931
479.5 0.8255657318171208 0.6816867516533901
479 0.8253347834141143 0.6813010755431395
478.5 0.8251839616873572 0.6810525240685487
478 0.8250845974448726 0.6808877533110087
477.5 0.8252464311334227 0.6811588189895025
477 0.8251114439929385 0.6809368361442671
476.5 0.824839288514176 0.6804868593480989
476 0.8249205651739514 0.6806222130905115
475.5 0.824958246152433 0.6806852120409557
475 0.8248585646444999 0.6805160902562498
474.5 0.8248558574253769 0.6805126700675979
474 0.8248772336319579 0.6805449867595615
473.5 0.8245977118457847 0.6800881983483879
473 0.8246730940021277 0.6802150185205894
472.5 0.8248438762535553 0.6804954577501665
472 0.8245676654107041 0.6800407418064546
471.5 0.8246294739210119 0.680137069633064
471 0.8244803325844808 0.679893089800705
470.5 0.8244120905250073 0.6797810243309425
470 0.8244189710704098 0.6797917104644845
469.5 0.8242142502822042 0.6794573672348372
469 0.824077482267765 0.6792310715178543
468.5 0.8241428946370752 0.6793351171884223
468 0.8240701516595221 0.6792157705979
467.5 0.8242052568257575 0.6794429537463303
467 0.8238120014215804 0.6787949185960295
466.5 0.8237435743263924 0.6786792843891639
466 0.8237982444091453 0.6787716048283257
465.5 0.8236735161524766 0.6785645184550997
465 0.8237436005681532 0.6786800379689533
464.5 0.8237705932494762 0.6787251159691094
464 0.8239561072882089 0.6790315676315624
463.5 0.8239128880790759 0.6789568781097345
463 0.8233532698078114 0.6780360220397978
462.5 0.8234833785238517 0.6782489733410727
462 0.823431223525547 0.6781626734458884
461.5 0.8231860789358575 0.6777604400792617
461 0.8235199237662487 0.6783100381079921
460.5 0.8230771653961699 0.6775828368360496
460 0.8230091938267805 0.6774690397762637
459.5 0.8229744156508049 0.6774137451910159
459 0.8229998792362423 0.6774560273250503
458.5 0.8230047138120397 0.6774628948135759
458 0.8226625180042475 0.6769004646786375
457.5 0.8231247035260004 0.6776615541947458
457 0.8230081020650164 0.6774711273401656
456.5 0.822769481977433 0.6770770806277336
456 0.8229486517316363 0.6773721195140969
455.5 0.822636260122396 0.6768588257437588
455 0.8225532472912283 0.6767185217734054
454.5 0.8222091163508839 0.6761561092229125
454 0.8224417887325761 0.676534227247791
453.5 0.8223601985789971 0.6764036447138079
453 0.8225279384998844 0.6766817922518449
452.5 0.822274433428555 0.6762570150042486
452 0.8220979724891571 0.6759724299186131
451.5 0.8222779937088546 0.6762644299105609
451 0.8219137928549063 0.6756658706803125
450.5 0.8220438342160046 0.6758838300976715
450 0.821982071526212 0.6757798158742436
449.5 0.8218435837515035 0.6755478242561985
449 0.8221051934398081 0.6759828325333245
448.5 0.8218195545184028 0.6755133458648376
448 0.8214610856114262 0.6749224965375681
447.5 0.821625132156634 0.6751927342387491
447 0.8214429560087265 0.6748950479404253
446.5 0.8218254144583748 0.6755226321514111
446 0.8213959192213379 0.6748176845043075
445.5 0.8214280262703474 0.6748723818014517
445 0.8213887277155218 0.6748068040786231
444.5 0.8213589299517785 0.6747567826309254
444 0.8213068428729499 0.6746712125926908
443.5 0.8212091816327606 0.6745125030146873
443 0.8207173091932167 0.673700507082161
442.5 0.8211138487151737 0.6743530744351217
442 0.8208771791713125 0.6739646003754255
441.5 0.8210935944851445 0.6743225196253897
441 0.8209374042655397 0.6740673560793102
440.5 0.8205827184733585 0.6734802809067304
440 0.8206896072516767 0.6736560510271675
439.5 0.8203708215053003 0.6731361912127289
439 0.820496052924879 0.6733421138788376
438.5 0.8205598358592575 0.6734455797056074
438 0.8204985292528503 0.6733435135999057
437.5 0.8205978189784071 0.6735107261323143
437 0.8201246894170452 0.6727292990772147
436.5 0.8204107255111722 0.6732006288514631
436 0.8200232011492345 0.6725653232011798
435.5 0.8201014303006373 0.6726922828582308
435 0.8199429374430001 0.6724345067741964
434.5 0.8201515190169006 0.6727740066438991
434 0.8198317097110833 0.6722497519952115
433.5 0.8197265978106396 0.6720818741068522
433 0.8197250148142179 0.6720774587878439
432.5 0.8194287185428404 0.6715903177588387
432 0.8194234174580144 0.6715817924663264
431.5 0.8193304839585196 0.6714328966789256
431 0.8195063456218528 0.6717178313056249
430.5 0.8194038670115588 0.6715486958656526
430 0.8192287168701982 0.6712617780684781
429.5 0.8195273110616328 0.6717536072810868
429 0.819343099447779 0.671450199640752
428.5 0.8192288840027143 0.6712594881673556
428 0.8191305892402969 0.671105045926396
427.5 0.8188016587900399 0.6705621422419307
427 0.8187565675095699 0.6704916962303651
426.5 0.8187978607144345 0.6705554768576973
426 0.8188926629575707 0.6707118733411459
425.5 0.8189285269966096 0.6707705363098401
425 0.8184757113632416 0.6700292653949037
424.5 0.8183770655941249 0.66986864538425
424 0.8185211929077367 0.6701048648678172
423.5 0.8186898936357376 0.6703815171497293
423 0.818325582527659 0.6697838446106668
422.5 0.818369825967279 0.6698566939276211
422 0.8185223380844732 0.6701060149607329
421.5 0.818242956907321 0.6696484097846565
421 0.8179871526203899 0.6692360000758206
420.5 0.8179481087644191 0.6691692051376771
420 0.8181013329082416 0.669413860886956
419.5 0.8176371590649593 0.6686563552087622
419 0.8178098916599713 0.6689413198125549
418.5 0.8177104548303659 0.6687759262274228
418 0.8177594391466828 0.6688574488291466
417.5 0.8174817238453049 0.6684031770680918
417 0.8175348167795998 0.6684886421149011
416.5 0.8175463839892619 0.6685093450686783
416 0.8173199147291961 0.6681448172242693
415.5 0.8174244998225709 0.6683082605665555
415 0.8172795762361925 0.6680750694585025
414.5 0.8170586310120839 0.6677116952573502
414 0.817255505805409 0.668033884539637
413.5 0.8170400320722576 0.667678425670054
413 0.8169279559012124 0.6674975599354146
412.5 0.8167973118173651 0.6672857819812739
412 0.8167614749825707 0.667231639627008
411.5 0.8168950358467408 0.6674427450636358
411 0.8165990569709579 0.6669610514811453
410.5 0.8166994591727851 0.6671274402111889
410 0.8165021748989313 0.6668043090230708
409.5 0.8163312365148412 0.6665243263321718
409 0.8163505563944041 0.6665575703602462
408.5 0.8161354449613932 0.6662052337520932
408 0.8163375163085409 0.666537205431854
407.5 0.8159598010882169 0.6659192064750654
407 0.8159507631752175 0.6659051265655623
406.5 0.8159965236773195 0.66597727948642
406 0.8158665962823873 0.6657667034432482
405.5 0.8161489317984227 0.6662242463526803
405 0.8157335238869151 0.6655511964758986
404.5 0.8153326098046559 0.6648965495262487
404 0.8154706656767897 0.6651214879209231
403.5 0.8152742646691844 0.6648016653499955
403 0.8154432806541306 0.665077172931509
402.5 0.815093981223833 0.6645059809593579
402 0.8154007122507558 0.6650071455763983
401.5 0.8149968751668225 0.6643477263410146
401 0.8150304594648674 0.6644044329226202
400.5 0.8149755083335692 0.6643106148009549
400 0.8148134509647366 0.6640469149355446
399.5 0.8150003451157856 0.6643567319773762
399 0.8147062663477048 0.6638750523469938
398.5 0.8145395477216066 0.663602679879041
398 0.8145101876470805 0.6635558134513179
397.5 0.8147249023052094 0.6639029564627767
397 0.8143180213104754 0.6632447972855128
396.5 0.8143792687946783 0.6633409586763407
396 0.8143269495244243 0.6632551492163886
395.5 0.8141826704239633 0.6630201781696851
395 0.8138285261399354 0.6624459588938715
394.5 0.8139856479716207 0.6627019284176703
394 0.813979309113191 0.6626894056274165
393.5 0.8137539879973751 0.6623258573263805
393 0.813593586219658 0.662060459171008
392.5 0.8137922321606099 0.6623856966235698
392 0.8135927236388734 0.6620596002977263
391.5 0.8134333745567571 0.661805255501669
391 0.8135169283627183 0.6619400138216496
390.5 0.8133359224053527 0.6616413124940179
390 0.8129800991004272 0.6610665526280808
389.5 0.8128087139465927 0.6607857135860653
389 0.8129736074024503 0.6610520685101877
388.5 0.8132032368668848 0.661428533497437
388 0.8127533549230876 0.660697315163708
387.5 0.8128380823606022 0.6608342637618418
387 0.8124599103392943 0.6602206677874635
386.5 0.8128370764778168 0.6608326220436672
386 0.8126089332974642 0.6604616209851027
385.5 0.8123863257235434 0.6601000342815881
385 0.8124759103261954 0.6602459561144247
384.5 0.8122390668663254 0.6598630426802435
384 0.8122605274615953 0.6598941197949355
383.5 0.8122652771736525 0.6599035959588626
383 0.8119340037359214 0.6593661958965238
382.5 0.811832070928844 0.6592011671140908
382 0.8118487628857142 0.6592274254181192
381.5 0.8119517079627183 0.6593949535797826
381 0.8118127746563853 0.6591669053445728
380.5 0.8117050304154914 0.6589926290378904
380 0.8115593205426769 0.6587553493067979
379.5 0.8113396899774494 0.6584018973840349
379 0.8111872064852488 0.6581566332088212
378.5 0.8112561885149244 0.6582623358453382
378 0.8112126514751289 0.65819615384959
377.5 0.810978304402838 0.6578140597831353
377 0.8109910601695365 0.6578359057134512
376.5 0.8110654702698792 0.65795471641945
376 0.8110242976578892 0.6578907626312845
375.5 0.8103172621958367 0.6567476770651007
375 0.8107571724808876 0.6574574079863559
374.5 0.8103744141490726 0.6568340975130863
374 0.810140167536786 0.6564545743385843
373.5 0.8104641997759852 0.6569871020938912
373 0.8102373012163694 0.6566104949585495
372.5 0.810263296228529 0.6566575912219453
372 0.8100449461634391 0.6563038809311262
371.5 0.8100554690884293 0.6563167263061216
371 0.8096556577004059 0.6556699845867713
370.5 0.8098998029834648 0.6560656734590135
370 0.8095305702340435 0.6554674912873228
369.5 0.8098536473620093 0.6559929918285162
369 0.8095204297119022 0.6554508041328174
368.5 0.8093120247465566 0.6551136961517637
368 0.8093168445046146 0.6551209885560647
367.5 0.8091731986556463 0.6548903476388752
367 0.8095385179994031 0.6554814890942066
366.5 0.8090970207371259 0.6547676782470013
366 0.8087601914065294 0.6542196505097733
365.5 0.808665536400505 0.6540675123789421
365 0.808468558325705 0.6537494677412574
364.5 0.8089290511221576 0.6544975431631224
364 0.8084159725864837 0.6536684514853379
363.5 0.8084113996382097 0.6536606125287787
363 0.8083225740932026 0.6535159584534945
362.5 0.8081242239244444 0.6531970116148537
362 0.8081059985165605 0.6531648489019454
361.5 0.8082062385378024 0.6533285497259678
361 0.8079012855210176 0.6528336281227535
360.5 0.8079183473913792 0.6528611982977902
360 0.8080055407959364 0.6530003591491439
359.5 0.8077213333447913 0.6525438451111021
359 0.8076192111608069 0.6523763433338755
358.5 0.807300726085796 0.651860687504623
358 0.8074665381898535 0.6521363211118058
357.5 0.8070740094057064 0.6514984143919106
357 0.8072509195522298 0.6517832565760453
356.5 0.8071934952136562 0.6516889574853434
356 0.8068704801886872 0.651167407015774
355.5 0.8068213337309278 0.6510932969634733
355 0.806646745851614 0.650811270044974
354.5 0.8066812094428656 0.6508653765698842
354 0.806483015202721 0.6505448744997503
353.5 0.8067184631532736 0.6509289880384066
353 0.806034494066249 0.6498231711649098
352.5 0.8060773157699695 0.649890204443223
352 0.8061600755339603 0.6500217996267412
351.5 0.8060127630560172 0.6497859272628449
351 0.8062092091544459 0.6501020549751182
350.5 0.8058199764133589 0.6494748912051996
350 0.805893593965742 0.6495922114418275
349.5 0.8055254945887574 0.6490026034053122
349 0.8054256880832259 0.648837485082959
348.5 0.8052935435460513 0.6486297677900803
348 0.8054362717552903 0.6488580824151371
347.5 0.8050607945176625 0.648252708976642
347 0.8052135181615239 0.6485014542437768
346.5 0.805000185426152 0.6481573343593043
346 0.8047797497770683 0.647800453386406
345.5 0.8047711862819131 0.6477841860127376
345 0.8043686520798565 0.6471392247110453
344.5 0.8043048302999669 0.6470386256903413
344 0.8043198600326128 0.6470624838392172
343.5 0.8043232108282616 0.6470646999885404
343 0.804053730219678 0.6466334982915013
342.5 0.803741302188886 0.6461304923393881
342 0.8036601838198818 0.6460015035540903
341.5 0.8038302026642057 0.6462764960584118
341 0.8037054663541813 0.6460737383180192
340.5 0.803968811876063 0.6464977546054209
340 0.8035426069320301 0.6458065058380369
339.5 0.8035160014477349 0.6457669847351584
339 0.8031060654003611 0.6451095297664835
338.5 0.8031089095619588 0.6451150078240945
338 0.8029716772263195 0.6448932943163043
337.5 0.8026808773865985 0.6444260689916649
337 0.8028797265249312 0.644746247506012
336.5 0.8028223683743442 0.6446507044972537
336 0.8023369666221594 0.6438772652789676
335.5 0.8022973749050977 0.6438138056677063
335 0.8021556415416004 0.6435831107230314
334.5 0.8021356062450424 0.6435502903595256
334 0.8016838971839906 0.6428269134794822
333.5 0.8022618228967483 0.6437531670384209
333 0.8016959251463932 0.642847890781415
332.5 0.80202077456669 0.6433680228859243
332 0.8015284916047535 0.6425781235533048
331.5 0.8017252736278172 0.6428961437909095
331 0.8011136265725199 0.6419143495955131
330.5 0.8010608711318594 0.6418276466941719
330 0.8009326343526636 0.6416265831255712
329.5 0.8009377903801567 0.6416326784140797
329 0.8009146940909554 0.6415921665403305
328.5 0.8006775733062436 0.6412211673795695
328 0.8008965593687634 0.6415701809650647
327.5 0.8004648922234582 0.6408745103109841
327 0.800673958128895 0.6412091141663738
326.5 0.8003693446801184 0.6407231918461443
326 0.800253724797505 0.6405387433053441
325.5 0.8000753785864031 0.6402540663675488
325 0.7997954853012692 0.639803041718554
324.5 0.7996985224032426 0.6396484480859512
324 0.7994996687934638 0.6393348916783058
323.5 0.7998788246941188 0.6399410903254468
323 0.7993427365095931 0.6390813230522998
322.5 0.7994943647644095 0.639323461706731
322 0.7990998041492544 0.6386924560736407
321.5 0.7991440029764517 0.638760820842358
321 0.7987316835260979 0.6381046949245031
320.5 0.7988685091308492 0.6383202698137184
320 0.7984472750886809 0.6376511942879469
319.5 0.7986901488018295 0.6380407274032567
319 0.798763306599376 0.6381540103238889
318.5 0.7982727658115797 0.6373715439546883
318 0.7984253342806016 0.6376140156239384
317.5 0.7982697750337051 0.637369246096311
317 0.7979055014082219 0.6367838537813507
316.5 0.7975689139237088 0.6362488190073778
316 0.7974992559319303 0.6361356163622638
315.5 0.7976249557147175 0.6363382613739668
315 0.7976892850449374 0.6364423277580602
314.5 0.7976204565132257 0.6363253755598063
314 0.7968868020257878 0.635160216810501
313.5 0.7972558068865684 0.6357495127792452
313 0.7969698005669403 0.6352923203503948
312.5 0.7966721007422072 0.6348179884986916
312 0.796700990805539 0.6348632344937917
311.5 0.7962514859770586 0.6341461842332782
311 0.7963341271343445 0.6342827240908405
310.5 0.795964119450812 0.6336928749930812
310 0.7959228917943305 0.6336207701782812
309.5 0.7961667424254539 0.6340150400228078
309 0.7959181845001574 0.6336181079092196
308.5 0.7956984580649942 0.6332733059821253
308 0.7955031155726858 0.6329614563957318
307.5 0.7952252491836888 0.632511961995809
307 0.7951381388949146 0.632377084716282
306.5 0.79491380390054 0.6320231116580105
306 0.7946620636686532 0.6316205410058402
305.5 0.7945791503790319 0.6314881177534832
305 0.7945342091183129 0.6314203921008922
304.5 0.7944390584264612 0.6312625868954709
304 0.7941652865997395 0.6308353553816205
303.5 0.7941064385902755 0.6307356027463782
303 0.7940665935619482 0.6306744632436792
302.5 0.7938148640034625 0.6302734516403692
302 0.7935227823407095 0.6298108680415171
301.5 0.7936388872098237 0.6299917035395975
301 0.7937477251574722 0.6301684074075009
300.5 0.7932204463795536 0.6293306016635919
300 0.7932036899804555 0.6293069315286328
299.5 0.793073067561971 0.6290980442912546
299 0.7927611638130526 0.6286048939634956
298.5 0.7922549557355598 0.6278038362579251
298 0.7926418243744499 0.6284114455583136
297.5 0.7928497468050449 0.6287428661383442
297 0.7924113919989434 0.628053287568133
296.5 0.7921725755067487 0.6276691412811957
296 0.7921590422533147 0.627651230636653
295.5 0.7919387078967163 0.627298227325851
295 0.7919847804694 0.6273685854985775
294.5 0.7913635990669217 0.6263854878333849
294 0.7911883008497221 0.6261110472187217
293.5 0.7914112968654997 0.6264678417406107
293 0.7909010134032671 0.6256590825062432
292.5 0.7904676362648124 0.6249746067987828
292 0.7908569358291152 0.6255871990300002
291.5 0.7908307071353354 0.6255444874321114
291 0.7904120853187799 0.6248840152356561
290.5 0.7901211251736333 0.6244229660833074
290 0.7901683253568837 0.6244992831542967
289.5 0.7897247957378118 0.6238027732903052
289 0.7897645248996071 0.6238611536266809
288.5 0.789814523461235 0.623941721152755
288 0.7894699446785027 0.6233984275502716
287.5 0.789339799664072 0.6231940786376302
287 0.7894910883996793 0.6234302912387513
286.5 0.7888333741377096 0.6223918747171028
286 0.7889545266987609 0.6225793588841417
285.5 0.7887080736755939 0.6221956839808886
285 0.7884771904019428 0.6218286778841247
284.5 0.7882284067393475 0.6214363603639289
284 0.788245755032777 0.6214678647916695
283.5 0.7879234609382169 0.6209567416481063
283 0.7880942104115218 0.6212241772828668
282.5 0.7875269211073727 0.6203320643360107
282 0.78781270341368 0.6207837841148455
281.5 0.7877818811768139 0.6207353321462163
281 0.7873213845888314 0.6200065906348193
280.5 0.7868806477341636 0.6193177036655286
280 0.7867644370044572 0.6191328322978475
279.5 0.7869074995375633 0.6193584130230463
279 0.786287569182211 0.6183806332424091
278.5 0.7862824526816584 0.618371240577606
278 0.7862856249393334 0.618378002647988
277.5 0.7859409212210491 0.617836535885051
277 0.785907641419603 0.6177857038645578
276.5 0.7856246903226252 0.6173387102792446
276 0.7849489944231055 0.616276394810694
275.5 0.7853049889780646 0.6168405888734929
275 0.7851257559040266 0.616558855818198
274.5 0.7853926586672609 0.6169743664167057
274 0.7850492099447436 0.6164359555060738
273.5 0.7846465567787495 0.6158029917889069
273 0.7846314210296065 0.6157850201552356
272.5 0.7844110514361515 0.6154390160540091
272 0.7841443488382467 0.6150138102952327
271.5 0.783806118900412 0.6144874056306168
271 0.7836569585823904 0.6142539228177581
270.5 0.783063084184159 0.6133228374844188
270 0.7826264458318524 0.6126372961585441
269.5 0.7830824755781742 0.613353388492967
269 0.7829002002399792 0.6130649861264579
268.5 0.7826834265142106 0.6127273903773014
268 0.782427394568099 0.6123261326536547
267.5 0.7819852839489747 0.6116368018297927
267 0.7821080366557513 0.6118300750044317
266.5 0.781800581818247 0.6113507318944892
266 0.7819052118549761 0.6115110094246651
265.5 0.7813187764732238 0.6105967545840258
265 0.78139368874312 0.6107111906132412
264.5 0.7809672323786147 0.6100478349843528
264 0.781041455786828 0.6101625875843614
263.5 0.7807685054070461 0.609735929252804
263 0.780623935611344 0.609504986150487
262.5 0.7807188249093363 0.6096551228735221
262 0.7802053030130041 0.6088584471710712
261.5 0.7801814573705597 0.6088199182323913
261 0.7799101025655634 0.6083934065994259
260.5 0.7795739102825496 0.6078715789069286
260 0.7793959895410646 0.6075932540970971
259.5 0.7792815250142526 0.6074169858831674
259 0.7790586445486856 0.607068435656221
258.5 0.7789738442409103 0.6069341822311085
258 0.7787959246590807 0.6066576891201446
257.5 0.7783048638403727 0.6058957189575118
257 0.7785071643422045 0.6062113457540301
256.5 0.7780291714051428 0.6054631598896099
256 0.777693677312919 0.6049463150130828
255.5 0.7772708172846249 0.6042842071204255
255 0.7773499016799034 0.6044089132271465
254.5 0.7774855015817301 0.6046186706959061
254 0.7769719893623985 0.6038195722757643
253.5 0.7767256141906731 0.6034408404918605
253 0.7761005493439804 0.6024670238808465
252.5 0.776395214787969 0.6029252462516177
252 0.775949293030456 0.602225738981875
251.5 0.7759007330737691 0.6021589492884832
251 0.7755831590176793 0.6016643329786671
250.5 0.7755770827895454 0.6016530100283738
250 0.7754546737854696 0.601463842480473
249.5 0.7749471157680832 0.600679131143774
249 0.7746870027674626 0.6002762656614933
248.5 0.7744961333695668 0.5999817709441798
248 0.7742395157359091 0.5995823344771253
247.5 0.774424347320916 0.5998688915876613
247 0.7744460399563633 0.5999004266670468
246.5 0.7737089408058898 0.5987557251404954
246 0.7733005002645769 0.5981308890802989
245.5 0.7733038276994677 0.598135991103603
245 0.7729465069778242 0.5975828840695185
244.5 0.7728767236929522 0.5974777532659664
244 0.7728778072637484 0.5974784995790289
243.5 0.7723396738142828 0.5966441219302737
243 0.7720495055740082 0.5961926678132733
242.5 0.7720147148874826 0.5961416864918037
242 0.7714814296604491 0.5953178093600288
241.5 0.7714681908544637 0.5953021979263837
241 0.7709920997838545 0.5945652059518187
240.5 0.7713099135870569 0.59505413645292
240 0.7707498898529095 0.5941919457507161
239.5 0.7703468754302273 0.5935755397447808
239 0.7702548477418018 0.5934315112366146
238.5 0.7700119242105986 0.5930580293644271
238 0.7697299090994668 0.5926183904545598
237.5 0.7692169534609699 0.5918279644097261
237 0.769364376744226 0.5920557878614454
236.5 0.7694537696399961 0.5921919984386178
236 0.7688997542205569 0.5913392433805055
235.5 0.7684269712181001 0.5906138722720425
235 0.7680867109328914 0.5900940231027447
234.5 0.767763757894068 0.5895985508659023
234 0.7682122058003669 0.590282162652567
233.5 0.7675792747960114 0.5893141664323794
233 0.7675367803182888 0.5892504409019419
232.5 0.767418080452026 0.5890658915023942
232 0.766793878290838 0.5881122495693049
231.5 0.7663997926272939 0.5875042875095531
231 0.7663377664709381 0.5874160731455697
230.5 0.7665570809127189 0.5877441195559403
230 0.7661439126188601 0.5871115253228708
229.5 0.7658282073612558 0.5866280819244647
229 0.7653966752288172 0.5859691573298319
228.5 0.7650897022464986 0.5854942770502387
228 0.7651016392289103 0.5855174487742677
227.5 0.7646106500673969 0.5847660870852897
227 0.764343966737411 0.5843589396467469
226.5 0.7637912009173128 0.5835107542388248
226 0.7637660635263738 0.5834767837020433
225.5 0.7634242008770467 0.5829565842089843
225 0.7630977146322022 0.5824533659699733
224.5 0.7626431326783717 0.5817600595749886
224 0.7625231778816471 0.5815771932279106
223.5 0.7628445559111956 0.5820685016611957
223 0.7619402029349428 0.5806855858860406
222.5 0.7615786535374098 0.5801452462229223
222 0.7617509353500134 0.5803995373654598
221.5 0.7611645757071035 0.5795108479581808
221 0.7608454505539601 0.5790276106467382
220.5 0.7604447214713234 0.5784119908197785
220 0.7601993499746479 0.5780382573106879
219.5 0.7601754081178118 0.5780004602710749
219 0.7596778098059538 0.5772488091461371
218.5 0.7595761009428461 0.5770937290038035
218 0.7592188080836814 0.5765514399148983
217.5 0.7595106075616946 0.5769961375760987
217 0.7585462643174037 0.575531293844275
216.5 0.7583004392474504 0.575156703191735
216 0.7580133390347981 0.574723921871298
215.5 0.7582666869564574 0.5751023932780662
215 0.7571472541808846 0.5734084968283694
214.5 0.7574028322691206 0.5737995977864748
214 0.7567401138257478 0.5727923995181134
213.5 0.7564504371626833 0.5723565600950541
213 0.7564273867247423 0.5723210061182274
212.5 0.7557806357456832 0.5713451860750369
212 0.7553907878136511 0.570754853072451
211.5 0.7552791482479567 0.5705838012371421
211 0.7547577166937274 0.5697962847560938
210.5 0.7542675096763413 0.5690607997685848
210 0.7545705320175415 0.5695144103138132
209.5 0.7538167176133421 0.568376505643931
209 0.7540875998344672 0.5687899641922737
208.5 0.7536376179158576 0.5681125254867617
208 0.7532299112931725 0.5674922878256048
207.5 0.7527636059670613 0.5667919733835222
207 0.7526809009257733 0.566667046423584
206.5 0.7526156756100266 0.5665691959102394
206 0.7517448684866255 0.5652561459927472
205.5 0.7516418485157879 0.5651057422452275
205 0.7510262151759363 0.5641845547118609
204.5 0.7508455194446884 0.5639018628130549
204 0.7504828388093943 0.5633647574442998
203.5 0.7496407217275669 0.5621028054371797
203 0.7501513469626822 0.562863747849519
202.5 0.7494347411399096 0.5617924163813991
202 0.7490016485447295 0.5611434479038342
201.5 0.7486436466935339 0.5606051168557458
201 0.7484068827818671 0.5602511870045361
200.5 0.7479360958830713 0.5595431301990472
200 0.7480029133938548 0.5596484057720793
199.5 0.7474149302457668 0.5587667289112709
199 0.7470027131267295 0.558150322755955
198.5 0.747056973878943 0.5582313474598213
198 0.746235957856312 0.5570060614685843
197.5 0.7460668275747261 0.5567528496426646
197 0.7459279508385872 0.5565463705143592
196.5 0.7457032951290973 0.5562134725164205
196 0.7447433588603452 0.5547835052521651
195.5 0.7446058225481932 0.5545757056505464
195 0.7442148702818112 0.553998745920542
194.5 0.7440761668002576 0.5537893852942541
194 0.7435176191072151 0.5529554874623569
193.5 0.7431538518530229 0.5524167004300723
193 0.7423265026657868 0.5511870619615531
192.5 0.7423269926598353 0.5511873701432392
192 0.7422893975464802 0.5511352680413142
191.5 0.7414253622291787 0.549850102470198
191 0.7414142953693571 0.5498343189934395
190.5 0.7408882521501152 0.5490533395067853
190 0.7406705805636593 0.5487311519270246
189.5 0.7401597141696177 0.5479769077448455
189 0.7395832717516259 0.5471227496928671
188.5 0.7391821393151653 0.5465278319076017
188 0.7389682837171205 0.5462137631385031
187.5 0.7385369349785557 0.5455773536911032
187 0.7380558926168826 0.5448681908593118
186.5 0.7376575026184085 0.5442837292821181
186 0.7373030416456938 0.5437530478489049
185.5 0.73636408675026 0.542368236459738
185 0.7365653997127749 0.5426725478177621
184.5 0.7358714189922432 0.5416474240928887
184 0.735697937284966 0.5413891126316472
183.5 0.7356176792913213 0.5412715220966795
183 0.7342772013600855 0.5393015707561165
182.5 0.7343932098465843 0.5394770185418629
182 0.7340046428199204 0.5389024615268664
181.5 0.7332510800381679 0.5377960340608046
181 0.732777392169144 0.5371025315823735
180.5 0.7328857564008152 0.5372578442696839
180 0.7324114233748914 0.5365666668126581
179.5 0.7314096284333927 0.5351031306227215
179 0.731493653150851 0.5352234230393506
178.5 0.7308965330188837 0.534358682556318
178 0.7301347533855452 0.5332355076612547
177.5 0.729676175949133 0.532568147227294
177 0.7294445220229637 0.5322282032900505
176.5 0.7291801915489857 0.5318441009335703
176 0.7288643224595113 0.5313872267336123
175.5 0.7278146463106919 0.5298570267210364
175 0.7276404578562442 0.5296003036714516
174.5 0.7273430976299775 0.5291676889994907
174 0.7268809117901371 0.5284917938442742
173.5 0.7257127883428061 0.5268008457931973
173 0.7262481049077958 0.5275794160861361
172.5 0.7254156156055727 0.5263709803391508
172 0.72513852955211 0.5259669063974051
171.5 0.7249820460253692 0.5257406592401543
171 0.7242241987409287 0.5246382719335521
170.5 0.7233639299948734 0.5233941072172186
170 0.7233429939762268 0.5233623058852174
169.5 0.7226718258977937 0.5223963021314804
169 0.7218630746385013 0.521229555463143
168.5 0.7220272458768245 0.5214611327297805
168 0.7210193165087557 0.5200115630912653
167.5 0.7203214703939871 0.5190101280304934
167 0.7198205517852061 0.5182849264555757
166.5 0.7192111414343758 0.517405555392427
166 0.7188705208107289 0.5169171153315558
165.5 0.7188178494136936 0.5168407304394873
165 0.7184944554057905 0.516372785460199
164.5 0.7174601227257057 0.5148866311030631
164 0.7173106899386413 0.5146752903579058
163.5 0.7164783905780412 0.5134836447340478
163 0.7157852075992063 0.5124868955999691
162.5 0.7152766007225881 0.5117561097984894
162 0.7145241660669622 0.5106832306711079
161.5 0.7138905764344595 0.5097833651521235
161 0.7132203567437629 0.5088248805492697
160.5 0.7134008612320774 0.5090827063266433
160 0.7127313628412817 0.5081272851958283
159.5 0.7119510303528375 0.5070144833340399
159 0.7116425509874467 0.5065785147124194
158.5 0.7109636459631578 0.5056097120426682
158 0.709951979016841 0.5041756308708498
157.5 0.709784166855975 0.5039369045222094
157 0.7091795389050253 0.5030779038321834
156.5 0.7083348407000107 0.5018766124177941
156 0.708085704825441 0.5015235317457721
155.5 0.7077486456115788 0.5010548381634625
155 0.7067406254772293 0.4996267231150546
154.5 0.7060429643645084 0.4986365213647414
154 0.7054718493170208 0.4978340175903884
153.5 0.7056028388141581 0.49801288809626976
153 0.7042061070361914 0.4960465104269558
152.5 0.7039557266003533 0.4956925664108524
152 0.7033158974466341 0.49479545186230767
151.5 0.7029843307862959 0.494326923086427
151 0.7017925442532923 0.4926588837197297
150.5 0.7018519550287993 0.4927355005057653
150 0.7010405967870618 0.49159843351151405
149.5 0.7004017797413795 0.4907053253617975
149 0.6996015400495849 0.48959067635279335
148.5 0.6990529288726555 0.4888152932389466
148 0.6982591436322845 0.48770574210223505
147.5 0.6975166548308074 0.48666912228210235
147 0.6968515972963963 0.48574682219121407
146.5 0.6960621005525321 0.48464425491712554
146 0.695907048129745 0.484423751115446
145.5 0.6949405614224888 0.4830805357025779
145 0.6942195639977045 0.482085400402941
144.5 0.6938138501010512 0.4815208214631171
144 0.6924101494853333 0.4795734266407869
143.5 0.6924842917312638 0.47967565076712143
143 0.691912875660384 0.4788855595799174
142.5 0.6907633517958792 0.47729150597303943
142 0.6907403894556416 0.4772669736418857
141.5 0.6892130671745762 0.47515413613058444
141 0.6894250829527441 0.47545194738247143
140.5 0.6885811219408732 0.47428104223151096
140 0.6869097956499375 0.4719818879539882
139.5 0.6868291094285952 0.471874783585576
139 0.6859673925192243 0.47069860224733046
138.5 0.6849047306596765 0.46923309271540875
138 0.6841282119194567 0.4681696269009749
137.5 0.683662961805339 0.4675327973139806
137 0.6826958005789248 0.46621698608670586
136.5 0.6822682071163786 0.4656317491076177
136 0.6819870086798981 0.46524582976855045
135.5 0.681173634785344 0.4641408998583887
135 0.6803940079386319 0.46308400558607304
134.5 0.6787184084596226 0.460799322871804
134 0.6783288018243827 0.46027122848951096
133.5 0.6778848223599385 0.4596730484767325
133 0.676837088582799 0.4582477941253191
132.5 0.6759886191948186 0.4571031594649607
132 0.6751287369728916 0.4559408241080082
131.5 0.674167762553812 0.4546421770654836
131 0.6732919842524622 0.45345976197934584
130.5 0.672207346142076 0.45200104446136735
130 0.6719885683476939 0.45170749452825815
129.5 0.6714661193067364 0.4510089636273689
129 0.6701881622185001 0.44929485631026383
128.5 0.6693700264591633 0.44819679554886
128 0.6680850153308548 0.44647918220488375
127.5 0.6674823370357856 0.44567324834593675
127 0.6672911848963555 0.44542474584625935
126.5 0.6662181313973796 0.4439891688401026
126 0.6646621745065618 0.4419174263936337
125.5 0.6636549850509315 0.44058098296129494
125 0.6635716505990998 0.4404641358545951
124.5 0.6622314752672267 0.4386883944716074
124 0.6611237771263987 0.43722561403103843
123.5 0.661250695347197 0.4373931259509603
123 0.659196551293742 0.43467481106421757
122.5 0.6588337848066271 0.4341986643513466
122 0.6581012889234552 0.43324327239433197
121.5 0.6569606909952066 0.4317317879466686
121 0.6556088781454465 0.4299589141915094
120.5 0.6548149230930455 0.4289247826847964
120 0.6540408640470015 0.4279071666549931
119.5 0.653155259891845 0.4267531764511835
119 0.651882086434276 0.42509431748581306
118.5 0.6513672751612605 0.4244153265798232
118 0.6498458346548506 0.42244495876202054
117.5 0.6491960178821394 0.42159155477473065
117 0.6482308959484236 0.4203510284095459
116.5 0.646758037006738 0.41843444142655767
116 0.6457929939714628 0.4171846665661436
115.5 0.6456028777291771 0.4169465701595673
115 0.6442235744434799 0.41515360997123835
114.5 0.6437033244031961 0.4144909066261577
114 0.6417124546560515 0.41193664170814365
113.5 0.640952151081654 0.410959817620423
113 0.6395979474279184 0.40921733461135446
112.5 0.6385922663565913 0.40793795194009946
112 0.6373484214882482 0.4063489248021184
111.5 0.6364204183907023 0.40516977537935295
111 0.6352542468559598 0.40368171919325724
110.5 0.6346982504771145 0.40297538481404577
110 0.633478291414127 0.4014385473933225
109.5 0.6323195907636351 0.3999627221000388
109 0.6309312984887183 0.39820843408182915
108.5 0.630080125116662 0.39713805653509454
108 0.6281445539292813 0.3946983813578274
107.5 0.6278056007472609 0.3942759728595437
107 0.6258570637661094 0.3918336155220701
106.5 0.6248814117135759 0.39060915257300804
106 0.6239783381569026 0.389484712210445
105.5 0.6229606754135669 0.38821394409613547
105 0.6221325271080085 0.38718710932335565
104.5 0.6205890234647488 0.3852608202336439
104 0.6192216934165902 0.3835750440839705
103.5 0.6174282429022447 0.38134380489480335
103 0.6166858518040917 0.3804341545701805
102.5 0.6154576072370881 0.3789172806873298
102 0.6140832008056218 0.3772342773638251
101.5 0.6121904820779066 0.3749127907092921
101 0.6114282806108211 0.37396886606751784
100.5 0.6108332570555697 0.373252963466088
100 0.6095060014426272 0.3716257084933351
99.5 0.6073194127431346 0.3689661842244647
99 0.6064956560534327 0.36797021559228954
98.5 0.605003894603449 0.36615962332865076
98 0.6043912707523743 0.3654181859078782
97.5 0.6017344986181431 0.3622139343245039
97 0.6000075395724668 0.36014420183795615
96.5 0.5992371839875487 0.3592015509290729
96 0.5979321693662238 0.3576548383853054
95.5 0.5960627638985677 0.3554295808007352
95 0.5945211518223846 0.35358207351239923
94.5 0.5939641782479629 0.3529192934309909
94 0.5927083494425349 0.35143066019818037
93.5 0.5902768249323455 0.348562015007403
93 0.5889244132802083 0.3469521154851244
92.5 0.5878429057475328 0.34568664322302184
92 0.5863860974590819 0.3439751383862034
91.5 0.5836121746637001 0.34072516518547685
91 0.5836181472448176 0.34074003318205104
90.5 0.5822841765567413 0.33917540495202764
90 0.5804673736134016 0.337056921746532
89.5 0.578391703934288 0.33466353475343247
89 0.5774057144974026 0.3335132344109627
88.5 0.5754202273778563 0.33122523285247674
88 0.5744758011030572 0.3301478512972868
87.5 0.5714299823754908 0.326664221528697
87 0.5714575853607285 0.32668547156922784
86.5 0.5699526435256476 0.32497866493889216
86 0.56727942537342 0.3219388385611639
85.5 0.5664495386648828 0.32099364579775497
85 0.5645790084920246 0.3188738065817208
84.5 0.5625316538690719 0.3165649122884623
84 0.5618718375720615 0.3158251332153949
83.5 0.5587244110868349 0.31229513048492513
83 0.5576609100502411 0.31109498816971
82.5 0.5561049395061763 0.30936561140126123
82 0.5538022300846431 0.30682099061681767
81.5 0.5517248832932183 0.3045234787447827
81 0.5515929015684655 0.3043754008837633
80.5 0.5491983223057579 0.30173373359886885
80 0.5468993669486042 0.29920702668780336
79.5 0.5445089690605435 0.2966171310588635
79 0.5427800845880882 0.29472156948961753
78.5 0.5417299399847628 0.2935903500270636
78 0.5391345465136356 0.29078320763203075
77.5 0.5378679316157114 0.289415663260513
77 0.5362767462268582 0.28769734490447146
76.5 0.5341322698258747 0.2854100776948112
76 0.5318685642338485 0.282990306726384
75.5 0.5309262033892742 0.2819896175698049
75 0.5277533464023804 0.2786297597576226
74.5 0.5259116643524011 0.27668599464417193
74 0.5239471840428885 0.27462758166132617
73.5 0.5215173770223959 0.27209741653132935
73 0.5213428612398913 0.2719063600720708
72.5 0.5188812485683163 0.2693410341512755
72 0.5161641718643106 0.26652044413736725
71.5 0.5141242996398496 0.2644160962195662
71 0.5119947046822317 0.2622473122832626
70.5 0.5098259297707833 0.26001799857523644
70 0.5086273837589017 0.25880133577205916
69.5 0.5057444973300145 0.25588286163573853
69 0.5047731373373584 0.25489236372772145
68.5 0.5007779765130347 0.2508803967860326
68 0.4999141910918251 0.25000248181917284
67.5 0.49765898623553506 0.24775810812001012
67 0.4954859033889731 0.2456091600112376
66.5 0.49403431846959944 0.24416772228425274
66 0.4918711012563118 0.2420360963169462
65.5 0.48911715996670907 0.23934334897053333
65 0.4863108825131035 0.2365922538939728
64.5 0.4850128270158742 0.2353290546805039
64 0.482667164261623 0.2330705877842863
63.5 0.48069091757035953 0.23115809926500294
63 0.4781738052985012 0.22873243368816898
62.5 0.4757071401292803 0.22639906609858712
62 0.47401111503045684 0.22477083239138462
61.5 0.4714102593808038 0.2223262241575628
61 0.468307259263626 0.21939541185556216
60.5 0.46770787954074183 0.2188486389223694
60 0.4632509271349273 0.21469259510176875
59.5 0.46368357441244096 0.2150916900113406
59 0.45934704882330646 0.21108430063476769
58.5 0.4572915242773901 0.20919107937662626
58 0.45419984784947043 0.20637183475024226
57.5 0.45157348183182877 0.20400071891371926
57 0.4500913615713511 0.20266466279150058
56.5 0.4469196836007208 0.1998140965097077
56 0.4459542694365644 0.19894343194030328
55.5 0.44249166701513626 0.19587104393965096
55 0.4402640847561954 0.19390906507434238
54.5 0.43798779496703855 0.19190133659065461
54 0.43607275684649377 0.1902242429414141
53.5 0.4337153436011084 0.18817450124971394
53 0.4312306738766517 0.1860224574745648
52.5 0.4288840902755186 0.18400280691952856
52 0.4248855368134362 0.18059025526840145
51.5 0.4222813212113586 0.178378700093807
51 0.4200818444042516 0.17653185812328676
50.5 0.4173041573597571 0.17419959206684096
50 0.4162149169903837 0.1732910337437146
49.5 0.41444450502365426 0.17182920303290644
49 0.4094228936649661 0.16769262026377169
48.5 0.4079857944459374 0.16651392826051645
48 0.40563617614007674 0.16459506429413337
47.5 0.40223011752721066 0.16183538194370808
47 0.4013272474960842 0.1611215901615344
46.5 0.40035763236998795 0.16034149567681613
46 0.3947132138890454 0.15585634254098443
45.5 0.3933667959897733 0.15478850010784548
45 0.39092297314056623 0.1528689202920106
44.5 0.38721746755485736 0.14998953513120622
44 0.3854646178936437 0.1486423054676329
43.5 0.3839163210243321 0.14744380493668646
43 0.38103446519096573 0.14522793573393344
42.5 0.379026443604193 0.14370759711444844
42 0.3764898794573447 0.1417833577261391
41.5 0.372346611375174 0.13868282818166502
41 0.37010002947643283 0.1370138064382623
40.5 0.36766232001818294 0.13521018984926642
40 0.36539155275664664 0.13355781821399243
39.5 0.3622037297967492 0.13122739911679046
39 0.3609560266171792 0.1303198448402595
38.5 0.3582445238686428 0.12838037230524738
38 0.35567977586321636 0.12653617316958957
37.5 0.3534819427551869 0.1249817723419195
37 0.35095286831498324 0.12319934457472352
36.5 0.34842161713879627 0.12143149505690005
36 0.3459223618647334 0.11969385083164574
35.5 0.34214060304600047 0.11708492595190541
35 0.34135116576044633 0.11654872138753533
34.5 0.337800743847416 0.11413631647400013
34 0.33615164847194284 0.11302034100741519
33.5 0.3340336504765396 0.11161148914274127
33 0.3314313918220214 0.10986966799402717
32.5 0.32923449868807386 0.10841453964575296
32 0.3275918009969105 0.10734190213748643
31.5 0.3257862053077064 0.10615615250477481
31 0.3219364676571358 0.10367000578577977
30.5 0.3196030036737386 0.10217251462092367
30 0.31690208657794855 0.10044395529678626
29.5 0.315941240147557 0.0998312310390205
29 0.31333246042584495 0.09819823271002354
28.5 0.31182303306786674 0.09725007993458878
28 0.30969284293005517 0.0959268235100315
27.5 0.3079142585695655 0.09482829863195988
27 0.3068491126762946 0.09416708105451094
26.5 0.30385084789553607 0.09233658944023466
26 0.30166339183608804 0.09101262915063932
25.5 0.2977460978945066 0.08866424187456147
25 0.29723419752422725 0.08835573133662333
24.5 0.29579262126018746 0.08750196274479156
24 0.2940959563742009 0.0865031556018718
23.5 0.2919626582397982 0.08525182956970573
23 0.2917208607133179 0.08510828897464098
22.5 0.2883730578090814 0.08316531556544352
22 0.2866126584560143 0.08215556676124032
21.5 0.2854956745930992 0.0815120832253202
21 0.2831008968564959 0.08015450664239998
20.5 0.28175636425691103 0.07939155434140703
20 0.2813342806858558 0.0791532044005013
19.5 0.27927499150152546 0.07799996902064117
19 0.2788933635582872 0.07778476807764755
18.5 0.2753918399352086 0.07584557762775011
18 0.27308154645175325 0.0745755592928256
17.5 0.27198653505503856 0.07397989801833176
17 0.2724403121999759 0.07422754482732194
16.5 0.2726718054301855 0.07435355587180825
16 0.2698228789694286 0.07280713426240501
15.5 0.269267797733042 0.07250685597001885
15 0.26802497357389404 0.07183850712313126
14.5 0.26670952489449445 0.07113529503415443
14 0.26528612729492634 0.07037752782138056
13.5 0.2655869943262069 0.0705375998783535
13 0.26378383270843625 0.06958303366459297
12.5 0.26360894746546765 0.06949040300283388
12 0.26269031404678217 0.06900648761955655
11.5 0.261273905542277 0.06826452959378933
11 0.26082349455327236 0.06802925596620893
10.5 0.2611911522593626 0.06822136126739275
10 0.2609521796477788 0.0680963649560261
9.5 0.26136394142743824 0.06831158828757758
9 0.26053605134172675 0.06787919482669234
8.5 0.26015678144433363 0.06768162308617968
8 0.2601617046732855 0.06768431563645852
7.5 0.2598233179488387 0.06750827184817954
7 0.2592038787745751 0.06718669529101962
6.5 0.2590175611895704 0.06709011294851676
6 0.2590350202413312 0.0670991686586333
5.5 0.25889124857725704 0.06702469611625451
5 0.25880825034786137 0.0669817221036799
4.5 0.25877810248110744 0.06696611426984683
4 0.2587711015773951 0.06696248680852954
3.5 0.25874809689769007 0.06695058290054014
3 0.25869547382387026 0.06692335043877651
2.5 0.2586982415607924 0.06692478107466371
2 0.25866365040048683 0.06690688432083632
1.5 0.25865018572500853 0.0668999187461974
1 0.2586402233984499 0.066894765178866
0.5 0.2586388833627168 0.06689407199253848
