1000 0.30672655312786595 0.094188740696281
999.5 0.3068011715384975 0.09423836006718109
999 0.3068935455302794 0.09429351358570148
998.5 0.30663566113687835 0.09413482465820582
998 0.30667778925875006 0.0941600429505257
997.5 0.30658580374395245 0.0941054255579
997 0.30682239054771165 0.09425027147051403
996.5 0.3066107317935221 0.09412168299949106
996 0.30647295941368513 0.09403607601082514
995.5 0.30648122637060593 0.09403949612803371
995 0.3068641109199876 0.0942773696551397
994.5 0.30656113043682626 0.09409094550086053
994 0.3063585787749832 0.09396527747584166
993.5 0.3062670332485287 0.09391097992238
993 0.30651280381755436 0.09405987756460152
992.5 0.3063629245727425 0.09396903541670043
992 0.30636007343126287 0.09396534222399318
991.5 0.3064209154861932 0.09400184465991208
991 0.30634667195644344 0.09395838201241902
990.5 0.30655299115617524 0.09407982119324791
990 0.3064512148767068 0.09402607195260144
989.5 0.306569655149006 0.09409410780380342
989 0.30637943413499313 0.09397724710153976
988.5 0.30653904115957853 0.09407525578141926
988 0.3062472483622369 0.09389521278751867
987.5 0.3060677243623038 0.0937903015941399
987 0.30665917437046714 0.09414847806922516
986.5 0.306395765695287 0.09398639611268328
986 0.3065249440084668 0.09406705917084485
985.5 0.30653800487744226 0.09407693370678447
985 0.3062850564866935 0.09392060717660906
984.5 0.3064211673801858 0.09400289934880142
984 0.30644809161920417 0.09402009592766461
983.5 0.30640633136528594 0.09399758873048462
983 0.3060336830955173 0.0937685834304665
982.5 0.3064761557084054 0.09403867834887399
982 0.30626829736112166 0.093907981838301
981.5 0.3062342101579088 0.09388701799095477
981 0.30618793540944916 0.09385909101039953
980.5 0.30639909718603137 0.09399283196042865
980 0.30613569162930204 0.0938288293592132
979.5 0.30621378466240723 0.09387594524497131
979 0.30648656535770025 0.09404461939587533
978.5 0.3062022596035146 0.09386974987043885
978 0.3061541671827611 0.09384161041545887
977.5 0.3062911091148927 0.09392565324393523
977 0.3061514984219391 0.093838170656717
976.5 0.30616977397255385 0.09385204626945262
976 0.30617980789462573 0.09385333501484872
975.5 0.30614332171749203 0.09383486523381127
975 0.3061981927545694 0.09386620143612799
974.5 0.30592775247582815 0.09370105716503913
974 0.3062177217536032 0.09387826650666582
973.5 0.30621369646859725 0.09387838511069113
973 0.30614032430341215 0.09383485834529816
972.5 0.30602305911106165 0.09375778381425161
972 0.3060329763301943 0.09376409849579005
971.5 0.3059671580273359 0.09372475036385211
971 0.3060549809850169 0.09377881990364839
970.5 0.305965320416905 0.09372478509040652
970 0.306159090814384 0.09384344090562238
969.5 0.30583271931355976 0.09364280771807092
969 0.30601473176508176 0.09375525663504945
968.5 0.3058894943721633 0.09367570588950898
968 0.305883140017293 0.09367614650089023
967.5 0.30596215880901456 0.09372117079985426
967 0.306061206574059 0.09378460468421322
966.5 0.3060199409508261 0.09375790040147548
966 0.3061378659192184 0.09383162376403714
965.5 0.30591457352126483 0.09369609670937326
965 0.3058148816793285 0.09363211314417193
964.5 0.30594474716870224 0.09371289105888755
964 0.3057560783680229 0.09359304950595633
963.5 0.3058432409908399 0.09364949783454433
963 0.3058429684011731 0.09365229671325632
962.5 0.3058403149124305 0.09364924260017352
962 0.3058504674686076 0.09365424626920453
961.5 0.3057330155061894 0.0935827586752731
961 0.30576728634580846 0.09359932676263982
960.5 0.30580865356026965 0.09362838047303662
960 0.30586363937502764 0.09366405729795498
959.5 0.3057449265390578 0.09359067651909099
959 0.30568880563627965 0.09355664840912745
958.5 0.3057663646556958 0.09360194733373971
958 0.3056798194706179 0.09354987910393701
957.5 0.30563939570145204 0.09352447386502727
957 0.30573908362106056 0.09358674755131635
956.5 0.3055150904855471 0.09344690606749022
956 0.3057353729544419 0.09358489461818754
955.5 0.3056902042951169 0.09355625850573529
955 0.3055343808253519 0.09345970019711043
954.5 0.30541055844866927 0.09338610266994106
954 0.3057387949425654 0.09358549691257328
953.5 0.30580675307955374 0.09362708826449756
953 0.3057830308307056 0.09361181009041897
952.5 0.3056561199033148 0.09353653570005918
952 0.30556722447085977 0.0934826019204614
951.5 0.30551981034544257 0.09345109533422
951 0.3057908504034835 0.09361957656019479
950.5 0.3056658826472675 0.09354099126791897
950 0.305491349731254 0.0934366659532352
949.5 0.3057657804136403 0.09360150087826871
949 0.30548215323441386 0.09343335377709738
948.5 0.30564326610005704 0.09352623431443048
948 0.30556067468307024 0.09347597207797846
947.5 0.30533427784026757 0.0933398045764544
947 0.3056458209440355 0.09352976737608783
946.5 0.3055735627876499 0.09348643129885448
946 0.3051272024982801 0.09321236803020239
945.5 0.3053440962928839 0.09334434938140537
945 0.3054589205960603 0.09341582327454863
944.5 0.30535326878547797 0.09334876141949902
944 0.30513849378337937 0.09322012192715072
943.5 0.3054194814941764 0.09339178484024514
943 0.30537946579570263 0.0933658118301348
942.5 0.3053975423233666 0.09337801495049097
942 0.3054290008498214 0.09339607177603906
941.5 0.3055505900467619 0.09347422596271802
941 0.30539971187129855 0.09337716728297377
940.5 0.30557275619416163 0.09348294769152372
940 0.3051866446794613 0.09324449092184164
939.5 0.3052531627073234 0.09328762959043602
939 0.3054572211676924 0.0934152717647083
938.5 0.30522944330998747 0.09327559617858777
938 0.3054503331918974 0.09340742452344912
937.5 0.30519096629378145 0.09324789061375671
937 0.3051459715497769 0.09322284964372807
936.5 0.30509844967791655 0.09319386308003622
936 0.30507906117329564 0.0931822130559985
935.5 0.30520236753892305 0.09325905953609348
935 0.30502795552125106 0.09315427573207867
934.5 0.3051899315427959 0.09325095331513501
934 0.3051672199739951 0.0932351561556934
933.5 0.30495791761824226 0.0931090785979684
933 0.3050219932051006 0.09314791180800426
932.5 0.3050665510858009 0.0931729318152562
932 0.3052996474235247 0.09331617037984098
931.5 0.30519769040761324 0.09325532351677762
931 0.30506180902478797 0.09317343454707819
930.5 0.30499377185183685 0.09313108232524422
930 0.3049225370350555 0.09308840909377344
929.5 0.30502296111560745 0.09314842008607242
929 0.30496323127239994 0.09311343430792678
928.5 0.3051193445483184 0.09320581670252348
928 0.3049779017184059 0.09311996352629665
927.5 0.3050377146967619 0.0931555831914728
927 0.3050057728758563 0.09314291938134976
926.5 0.30485618764466976 0.09305081280716218
926 0.3050660537302471 0.09317260925922163
925.5 0.30499496610350857 0.09313037988560535
925 0.3050858566665491 0.09318469172072508
924.5 0.3049194770231459 0.09308209676775149
924 0.30475769913433276 0.09298539474729654
923.5 0.30480098925338034 0.09301289386386905
923 0.30469946668193665 0.09295394442545198
922.5 0.3046521316408319 0.09292436735301099
922 0.30486915003992643 0.0930551086967428
921.5 0.30476772345769626 0.09299111291026861
921 0.30467376152780495 0.09293559513119012
920.5 0.30481559589649315 0.0930245639118394
920 0.30448316948159293 0.09281784975157725
919.5 0.3049196067841491 0.09308844479446707
919 0.3047620275899522 0.09298981451089049
918.5 0.3046569446754553 0.0929261667336963
918 0.3044851412659803 0.09281998563368754
917.5 0.30461447664816926 0.09290021076975823
917 0.30466581858411856 0.09293086463883092
916.5 0.3046516063250325 0.09292186975698875
916 0.3044469618973956 0.09279801325223733
915.5 0.30468415447805147 0.09294268380670336
915 0.30457082946147185 0.09287721233745022
914.5 0.3043882749697277 0.09276233175957287
914 0.30486422691872467 0.09305409103613181
913.5 0.30453892022355844 0.09285218819785568
913 0.30461901744536374 0.09290109745831854
912.5 0.3043873275123468 0.0927629589098701
912 0.3046229183877432 0.09290548478631451
911.5 0.30449671400521006 0.0928289609946772
911 0.3044373113916139 0.09279520590009813
910.5 0.30476108521414563 0.0929859818007043
910 0.3045027773749331 0.09283185521914888
909.5 0.3046128960146645 0.09289749009300576
909 0.3045493105236051 0.09286047938366711
908.5 0.30447205111553954 0.09281236984161453
908 0.3042820522470727 0.09269747034422338
907.5 0.3044889183407718 0.09282188224945058
907 0.3042422858319508 0.09267314584241251
906.5 0.304047438719257 0.0925538256873313
906 0.304439118111573 0.0927963198686768
905.5 0.30447543024911705 0.09281636401189407
905 0.30433662378077186 0.09272685284042022
904.5 0.3042811062980597 0.0926954359162607
904 0.30451462315386374 0.09283607787640952
903.5 0.30446262090409 0.09280942741626859
903 0.30406846056852804 0.09256820855748195
902.5 0.3043757791412797 0.0927553726303791
902 0.3044834555366099 0.09282176030425299
901.5 0.30445164230113053 0.0927997874533548
901 0.3043097477154058 0.09271386921195644
900.5 0.3044207667056631 0.09278117076753033
900 0.3042959484286516 0.09270493472516442
899.5 0.3042360971638401 0.09266843270158996
899 0.30429654233569114 0.09271094614649582
898.5 0.3040568748450919 0.09255868042527812
898 0.3040586484826343 0.09256069521139462
897.5 0.3043183567896449 0.09271775467507433
897 0.3043166029560479 0.09272019426499378
896.5 0.30427391228669304 0.09269171624788768
896 0.30432154996054406 0.09271993719788044
895.5 0.30412742234168705 0.09260112027149515
895 0.3041599047219341 0.09262340473848718
894.5 0.30423622731150574 0.09266997938008123
894 0.30403029039198437 0.09254187698769863
893.5 0.30408145806656056 0.09257674957650457
893 0.3042286355629171 0.09266487160748745
892.5 0.3039507261051888 0.09249489486663877
892 0.3041023798329905 0.09258537768013067
891.5 0.30398696841836625 0.0925146339877033
891 0.3042201705470055 0.09266053607980915
890.5 0.303913927706925 0.09247508164499092
890 0.30410934164628023 0.09259023559081346
889.5 0.3043334395634762 0.09273058137938323
889 0.303956310534267 0.09249668304184783
888.5 0.3038347810555279 0.09242423830857062
888 0.30367103606016743 0.092327659734924
887.5 0.3037442748704182 0.09237044931841368
887 0.303825879502114 0.092419501604525
886.5 0.3037883551633088 0.0923988488996135
886 0.30379563301503 0.09240203005007047
885.5 0.30387553389794986 0.09245065610479868
885 0.30393828820871005 0.09248943034910537
884.5 0.3039697019885654 0.0925055516956375
884 0.3039735314733583 0.09250685847231326
883.5 0.3038552069164774 0.09243783895049008
883 0.30373328025782004 0.0923648830589496
882.5 0.30370432040247164 0.09234438778919025
882 0.3036001978704756 0.09228046234766211
881.5 0.30396367550738346 0.09250676450878297
881 0.3037279212325159 0.0923620115163391
880.5 0.3037819661025108 0.09238991451551723
880 0.3037199588673072 0.09235379157264441
879.5 0.3036027066836223 0.09228567389314506
879 0.30353530770534165 0.0922443005259064
878.5 0.30361386648965905 0.09228758888417367
878 0.30386214777387444 0.09244287831068279
877.5 0.30363610558330434 0.09230535362571682
877 0.30363914204513526 0.09230772409291066
876.5 0.303742875785365 0.09236951136304777
876 0.303555325048724 0.09225618469511548
875.5 0.3036915173512605 0.09233834867795652
875 0.30362080153681276 0.09229623570412342
874.5 0.303636688943035 0.09230474830581559
874 0.30354870878750173 0.09225161251391632
873.5 0.30370308031056686 0.09234665974145162
873 0.3034098782904969 0.09216858864869294
872.5 0.30344162574572736 0.09218457539669961
872 0.30341490990318587 0.09216996556839754
871.5 0.30353018219001315 0.09224290545940847
871 0.3036002783160731 0.09228438405115029
870.5 0.30364924573748503 0.09231684137291607
870 0.3037049540537257 0.09234930277237086
869.5 0.30316212770861256 0.09201762354330223
869 0.30331292859169146 0.09211010370314437
868.5 0.3033132887448224 0.09210703887190595
868 0.30357013045466824 0.09226435683828164
867.5 0.3035518515836462 0.09225415932893685
867 0.3033553145194987 0.09213495530586434
866.5 0.3033298783636158 0.09211933102631807
866 0.3032656243734383 0.09207620863549354
865.5 0.30351621139233986 0.09223052371609536
865 0.30321322635033854 0.09205091912097065
864.5 0.3033449234408661 0.0921291699929601
864 0.3033213926738979 0.09211144879865668
863.5 0.30287649330048355 0.09184369155642459
863 0.303158097409976 0.09201878540107206
862.5 0.30323197579692845 0.09205886192314723
862 0.3032182298607674 0.09205326884887301
861.5 0.3032453958896339 0.09206682869934653
861 0.3030433954168805 0.09194385323052431
860.5 0.30307623135509293 0.09196345222994737
860 0.3030401901901654 0.09194282661669227
859.5 0.3032266198639098 0.09205620443853056
859 0.30332611547242505 0.0921185693939075
858.5 0.30304404926688644 0.09194172794338061
858 0.3031372808861411 0.09200295112979545
857.5 0.3034079703623353 0.09216560485009957
857 0.30300102490176073 0.09191938700726178
856.5 0.3027976144829374 0.09179308714432205
856 0.3028542474976008 0.09182936630110562
855.5 0.3031501761944055 0.09201160031152437
855 0.3028904893128043 0.09185030887119681
854.5 0.3029189426029246 0.09187115991604693
854 0.3027932093055214 0.0917944931852375
853.5 0.30314686185215417 0.09200537891589274
853 0.30279020278350083 0.09179088895006142
852.5 0.3028412172436189 0.09182303499978864
852 0.30288494249744785 0.09185010421550778
851.5 0.30301148382076853 0.09192533867569455
851 0.30304974969307724 0.09194788852574332
850.5 0.3029606221269051 0.0918956043967546
850 0.3028048000012884 0.09180108417320154
849.5 0.30274534007764964 0.09176224198619287
849 0.30266148363658335 0.0917135226777404
848.5 0.302695334157333 0.09173476227841369
848 0.30271690450057737 0.09175129805544842
847.5 0.30259966738595984 0.0916775442995648
847 0.30279875062253087 0.09179618649195867
846.5 0.3027842648194241 0.09178566131273057
846 0.3026948652971284 0.09173552925304693
845.5 0.3027797708623941 0.09178739569120527
845 0.30270463014243504 0.09174225906286475
844.5 0.302891604891167 0.09185384383960313
844 0.302666435218069 0.09171612026055861
843.5 0.3027973447862944 0.0917943976776576
843 0.30236248093531076 0.09153326634314828
842.5 0.30257008012498177 0.09165441464997912
842 0.30279089761190414 0.09178955907199139
841.5 0.3027568763926754 0.09177090243408494
841 0.30250860499311716 0.09162037261534414
840.5 0.30255082223064 0.09165021215448584
840 0.30248019684711375 0.09160536063022585
839.5 0.3022564544059214 0.09146570201225261
839 0.30240144759914434 0.09155808780896717
838.5 0.302434645911111 0.09157932747386767
838 0.3024766086939035 0.09160247661566837
837.5 0.3023473888624653 0.0915233290408841
837 0.30225423735392787 0.09146642853109037
836.5 0.3021695408658659 0.09141376309995657
836 0.30252339640031306 0.09162861585242726
835.5 0.3024965980196476 0.09161599871467985
835 0.30220600673562087 0.0914354001640623
834.5 0.30237597559117196 0.09153989668380397
834 0.3022386838012083 0.0914602924657793
833.5 0.30216771571985496 0.09141399735433334
833 0.30235184341759896 0.09152753283362135
832.5 0.30236167499052086 0.09153090729632003
832 0.30230790544354436 0.09150214003324902
831.5 0.30229051488269043 0.09149151766035583
831 0.3022069311183025 0.09143819470173736
830.5 0.3021686626807934 0.09141623931559069
830 0.3022873666741171 0.09148823107553723
829.5 0.30215887325290364 0.09140963229416195
829 0.3018450299143336 0.09121926541450488
828.5 0.3020945086441446 0.09137273131960984
828 0.302269200234037 0.09147496706741551
827.5 0.30217756902489146 0.09142186462909113
827 0.3022928523311253 0.09149359637052845
826.5 0.302263445934371 0.09147508185835107
826 0.30224952189965487 0.09146444134739484
825.5 0.3020425826300139 0.09133971141072447
825 0.30183774787530226 0.0912141687231616
824.5 0.3017466829685913 0.09116136078633214
824 0.30204329230188814 0.09133918816859846
823.5 0.3021143811335559 0.09138074745895088
823 0.3020238009168263 0.09132870878161933
822.5 0.30189267325937913 0.09125065595025923
822 0.3018972582026857 0.09125063572276407
821.5 0.301960280679753 0.09128879423906663
821 0.30178655789346914 0.091183998084997
820.5 0.3018123033572014 0.09119957629816883
820 0.30169191582958516 0.09113118198499282
819.5 0.3019448460265951 0.09127852216188104
819 0.30214766928980363 0.09140325961300484
818.5 0.3018309136077173 0.09120936210737812
818 0.30194514722545485 0.09127967633228203
817.5 0.30171653925860276 0.09114452671136293
817 0.30164987519495307 0.09110296540504767
816.5 0.30166135940100025 0.09110665713184836
816 0.30178515116009674 0.09118283397555832
815.5 0.30166229678309414 0.09111405391261522
815 0.3017291517262615 0.09115334235249857
814.5 0.301601423493672 0.0910724150050693
814 0.30147298218815727 0.09099399495656764
813.5 0.30169525924349294 0.09112955438355219
813 0.3015552302757682 0.09104762641859145
812.5 0.3017267192227488 0.09114969295309973
812 0.30182668229326653 0.09121045981223068
811.5 0.301654785815207 0.09110500688058021
811 0.30143804360445475 0.09097447767636836
810.5 0.3015424548153418 0.09103660514331632
810 0.3014913934151325 0.09100687752429974
809.5 0.30161447407569714 0.09107999197278481
809 0.30146007783204715 0.09098824344584466
808.5 0.30140544957794874 0.09095635891004146
808 0.30162208926112083 0.09108228060548663
807.5 0.30134822320886057 0.09091799761252382
807 0.3014264169530037 0.0909662831612238
806.5 0.30137641014227645 0.09093580747392042
806 0.30166672711784054 0.091114662371929
805.5 0.3015372975021518 0.09103138937849517
805 0.3015508168974058 0.09104097786876716
804.5 0.3012315099104797 0.09085087692944276
804 0.3013351896111854 0.09091386328293846
803.5 0.3011736472599907 0.09081546096495424
803 0.3013510833299742 0.0909248388866146
802.5 0.30133208054222066 0.09091204864006906
802 0.30141174133006 0.0909607017323619
801.5 0.3011482055946185 0.09079973432435981
801 0.3009296796419631 0.09067258263221473
800.5 0.3012047216822422 0.0908335014431057
800 0.3009291995099804 0.0906670607275935
799.5 0.3011072700078283 0.09077516328947544
799 0.30108525283829507 0.09076278753380376
798.5 0.30116372021053545 0.09081022708529063
798 0.30104186256069754 0.09073834687575925
797.5 0.30089078891913523 0.09064779308018578
797 0.30085545810633874 0.09062304633377426
796.5 0.3009912514117243 0.09070883583493587
796 0.30103270788363057 0.09073221759602196
795.5 0.30109629400497584 0.09077227010551639
795 0.3011026930739208 0.09077187871714991
794.5 0.3011130101466321 0.09078008289294406
794 0.30103113167936646 0.09073211444916597
793.5 0.30093032004713877 0.09067025738288412
793 0.30096993048933457 0.0906928609215337
792.5 0.3009719867991788 0.09069596950337283
792 0.3009330487381723 0.0906675595638693
791.5 0.30098069056708276 0.09069953807796438
791 0.3009796815003058 0.09069826911006011
790.5 0.3009015534703583 0.0906519441694681
790 0.30060134127489757 0.09046975576557431
789.5 0.3009696516243622 0.09069441662274767
789 0.3007312889256062 0.0905472917044909
788.5 0.30101725072062646 0.09072212352577708
788 0.300743720213703 0.09055630349843115
787.5 0.3007717950237511 0.09057294518005952
787 0.3007098910831438 0.09053538010533731
786.5 0.3007691202017006 0.0905768829412122
786 0.30062803821206563 0.09048810680936237
785.5 0.3008111314865782 0.09059543222506154
785 0.3005338041492935 0.09042768052143482
784.5 0.3007158763853744 0.09053999985143914
784 0.3004829994843199 0.09039881835152422
783.5 0.3004391032387552 0.09037446550138833
783 0.3007155878537732 0.09054320773786906
782.5 0.30073921467185366 0.09055466634758334
782 0.3004170135273756 0.09035890920603301
781.5 0.3004722723936941 0.09039486846593056
781 0.3004725309482394 0.09039340685842494
780.5 0.30064317769246623 0.09049445698900567
780 0.3003437838910386 0.09031722700022825
779.5 0.3002584127514824 0.09026483635713113
779 0.30029979852868266 0.09029075642211502
778.5 0.300569986411084 0.09045239252978202
778 0.30046427822155364 0.09039119199920963
777.5 0.3004497021221132 0.09037846325679164
777 0.30060133430283026 0.09047207085662157
776.5 0.30019698385437793 0.09022781547302858
776 0.30020194303857106 0.09023147222373781
775.5 0.3005641362284545 0.0904467167929392
775 0.3000376759193195 0.09013365025543531
774.5 0.3003578525430543 0.09032639714354254
774 0.3002628090769862 0.09026825275182192
773.5 0.3002013508277289 0.09022973717801232
773 0.300174688548935 0.09021817260178742
772.5 0.30041827311408503 0.09036009080009297
772 0.3001320751515006 0.09018703492666254
771.5 0.30017862684390706 0.09021698078424152
771 0.30014931007487533 0.09020052021062039
770.5 0.300159864178865 0.09020818222758725
770 0.300060433116744 0.09014822453963645
769.5 0.3002027376805736 0.09023259888887303
769 0.30017758867787997 0.09021562632936257
768.5 0.30007440839158167 0.09015738591273398
768 0.2999772222017034 0.0900944688502392
767.5 0.30034229745525814 0.09031440803717988
767 0.3000675951556173 0.09015237139962265
766.5 0.2999711640721219 0.0900924395259388
766 0.3000146336386185 0.09011632896442785
765.5 0.29996464097282083 0.09009023321870645
765 0.30002265497596725 0.09012278599203978
764.5 0.2998460466731226 0.09001495167330391
764 0.3000249352884119 0.0901236111323583
763.5 0.29973087862515735 0.08995030594228526
763 0.30020786923314546 0.09023668711299192
762.5 0.29993986248800436 0.09007394665193823
762 0.29997691098698887 0.09009611539348615
761.5 0.2997053775461271 0.08993276427764631
761 0.2998198023043153 0.09000188416571236
760.5 0.2994428729854968 0.08977235108179658
760 0.2997135266545526 0.08993790953807428
759.5 0.2994519669037399 0.08978146695650695
759 0.2997777121796641 0.0899755783512218
758.5 0.2996329401280378 0.08988884438874258
758 0.29978254493810763 0.08998111209624035
757.5 0.29933160925477476 0.08970977491910717
757 0.29964819723647185 0.08989855981788719
756.5 0.29957636757529404 0.08985726611371207
756 0.2994832074311259 0.08979880054267271
755.5 0.29965149557327325 0.0899010354765242
755 0.2994459808834017 0.0897780274226636
754.5 0.299559709907776 0.08984469947821579
754 0.2996655340845424 0.08990938192881387
753.5 0.29950420466462235 0.08981287211336117
753 0.29968096021369456 0.08991635116381938
752.5 0.299647084470382 0.08989672067528276
752 0.299408813799972 0.0897535337728561
751.5 0.2992927141357725 0.08968726812208858
751 0.2994587518017122 0.08978687319170621
750.5 0.29942429056630204 0.08976402673395416
750 0.2992494573549696 0.08965929073061607
749.5 0.29917418443375615 0.08961320952284194
749 0.2993577460546888 0.08972612409164711
748.5 0.2993985393593484 0.089749336841419
748 0.29945309168129003 0.08978249051212976
747.5 0.2993165347002899 0.08969918067850108
747 0.2991904084058107 0.08962418487119755
746.5 0.2992528089559436 0.08966293513538277
746 0.2988938665801596 0.08944818285247047
745.5 0.29923183713358487 0.08964922905124283
745 0.2993052095053975 0.0896930953130507
744.5 0.2991844505525506 0.08962195899673514
744 0.299126027171386 0.0895879166423284
743.5 0.2991623016621877 0.08960922549218603
743 0.29898005481824114 0.08949990920171723
742.5 0.29915726293950323 0.08960447042343
742 0.2990273459317563 0.08952530320077648
741.5 0.2989946400936908 0.08950869979681471
741 0.29913153146947885 0.08959319862480611
740.5 0.29910655900464245 0.08957748863373328
740 0.29897219765845573 0.08949582795687865
739.5 0.2988059790858806 0.08939741007814739
739 0.29897043384145766 0.08949377898412168
738.5 0.2989340395181497 0.0894705416410703
738 0.2989738134743369 0.08949390816698863
737.5 0.29908080929814984 0.08955840977389022
737 0.2988180385833769 0.08940313744777496
736.5 0.2989164049781438 0.08945947226653465
736 0.2989638599211461 0.08948924950409014
735.5 0.2987591827170566 0.0893709296276747
735 0.298747975420779 0.08936144473924625
734.5 0.29916310305350097 0.08960709856560617
734 0.2987708449260599 0.0893739288139569
733.5 0.2984412306476686 0.08917590686793725
733 0.2987851320595643 0.08938256592239305
732.5 0.29855757049050213 0.08924550967530354
732 0.29848725830035444 0.08920386055853934
731.5 0.29836244485212227 0.08912965250294301
731 0.29856120452749696 0.0892523788839458
730.5 0.2985023963871727 0.08921103163389323
730 0.2985747415992056 0.08925681473140253
729.5 0.29857741608665866 0.08925920741718402
729 0.2985005925111784 0.08921225165807023
728.5 0.2985642507312804 0.08925177557604427
728 0.2985522010039036 0.08924361661643869
727.5 0.2983940505642849 0.0891476968281106
727 0.298322600573383 0.0891061474036173
726.5 0.29844591948205024 0.08917855721464468
726 0.2985587654010271 0.08924952055692732
725.5 0.2983943414237122 0.08915130586090782
725 0.29841127654777805 0.08915651542600089
724.5 0.2983951643984211 0.08914781072160204
724 0.2987841338449919 0.08938089502883761
723.5 0.2983952218655517 0.08915024566845774
723 0.2981674472655399 0.08901555808362113
722.5 0.29829287929643933 0.08908774755901905
722 0.29827089792460193 0.08907570813220014
721.5 0.29824645588056475 0.0890593358386324
721 0.2983422530636225 0.08911881914877674
720.5 0.29814289589631776 0.08899909317705906
720 0.2982042149244832 0.08903462765149492
719.5 0.2981248423337072 0.08898933974949474
719 0.2979932830477927 0.0889098361519754
718.5 0.29825376445988105 0.08906473456726632
718 0.2983402110649827 0.08911986278164752
717.5 0.2978459952594105 0.08882491638305437
717 0.2979451439604625 0.0888836083273683
716.5 0.2979625394266171 0.08889177084977354
716 0.29808848038460284 0.08896788140022611
715.5 0.29781221232645894 0.08880117356752629
715 0.297800349354198 0.08879679489089752
714.5 0.2977605909018242 0.08877181186151019
714 0.297984679021576 0.08890874130683692
713.5 0.29797094792356016 0.08889561342374021
713 0.2979833056606087 0.08890099960041346
712.5 0.2979794720512779 0.08890129896798125
712 0.2977631936951167 0.08876826825631473
711.5 0.2979284479652271 0.08887213730647262
711 0.2974625352638289 0.08859253502818892
710.5 0.2979152277062502 0.0888620749211781
710 0.29773677464098197 0.0887567249321776
709.5 0.2977094078532449 0.08873871390452957
709 0.2975877572478481 0.08866805597703666
708.5 0.29773552611867293 0.08876015005824889
708 0.297540121225027 0.08864161026413166
707.5 0.2974504081370607 0.08858682681137597
707 0.29734664545828965 0.08852616714717744
706.5 0.29744794210972153 0.0885851788667035
706 0.29756625227644706 0.08865661729347141
705.5 0.29745364603145524 0.08858990350118605
705 0.2973125036432802 0.08850230750100896
704.5 0.2974873873253255 0.08861179326753511
704 0.2973437577136179 0.08852134558866849
703.5 0.2975086885067904 0.0886223769518817
703 0.29757613062069277 0.08865927030009237
702.5 0.2973600338907898 0.08853165571871609
702 0.2972292743748575 0.08845319688430547
701.5 0.2972704766655068 0.08847869015998173
701 0.2973456240833671 0.08852502237920253
700.5 0.297182656050563 0.08842770546780186
700 0.29733227525525807 0.08851680350137782
699.5 0.2974741584809122 0.08860267824481133
699 0.2972561945216202 0.08847059856676748
698.5 0.29711616616095454 0.08838747806869021
698 0.297139367000707 0.08840542704315739
697.5 0.29718690349235993 0.08842754919740148
697 0.29707098255673736 0.08836094624670002
696.5 0.29725732744373407 0.08847163288058955
696 0.2971709441391465 0.08842150544682711
695.5 0.29709565573352903 0.088376788038602
695 0.2971336968654716 0.08839805808225949
694.5 0.2970952123648539 0.08837642500159697
694 0.29709950051782424 0.0883748310714116
693.5 0.29711689623826915 0.08838688962121029
693 0.29697373229471385 0.08830032223698576
692.5 0.2967477768951967 0.08817031082143292
692 0.2967010653974787 0.08814064734029708
691.5 0.29679743164856237 0.08819779945433234
691 0.297000857595062 0.08832051160166532
690.5 0.29680615296263935 0.08820518670115637
690 0.2966845723801132 0.08813146723854941
689.5 0.2966719512230104 0.08812302921352823
689 0.296797580320808 0.08820129785687097
688.5 0.2966793797664421 0.0881297560899259
688 0.2966284132867651 0.08809800110825274
687.5 0.2967965648770949 0.08819862081124627
687 0.2965826034359201 0.08807253564922943
686.5 0.29667962831855893 0.08812978288028357
686 0.29659686435900295 0.08808082686167633
685.5 0.2964186002909684 0.0879738503036293
685 0.29657483323153844 0.08806587988478377
684.5 0.29686292723519847 0.08823809967583027
684 0.2962851449683472 0.0878945932252974
683.5 0.29644077116346135 0.08798729230923998
683 0.296389749322536 0.08795947692420196
682.5 0.29681595736079663 0.08820966830337315
682 0.2965086501742238 0.08802904502306413
681.5 0.29657030636025417 0.08806341653173881
681 0.2964566795688169 0.08799674174236118
680.5 0.2964277450505323 0.08798004752735505
680 0.2964555048134997 0.08799485094272068
679.5 0.2961897272842598 0.0878374003953372
679 0.29631000531424806 0.08790899610933593
678.5 0.29622408870290023 0.08785903130118043
678 0.29626239038300206 0.08788248616725047
677.5 0.29632282273395616 0.08791693997101395
677 0.2960428769759094 0.087750140184525
676.5 0.2960396864016889 0.08775158004911038
676 0.29612644300167795 0.08780294808025933
675.5 0.2959690975242543 0.08770738403711924
675 0.29613573466230475 0.08780590608973604
674.5 0.29618615542037274 0.0878367975006532
674 0.29619769282511593 0.08784390402504005
673.5 0.29598676216743885 0.08771917242816274
673 0.29607274791279153 0.08776655570739826
672.5 0.29609821078333537 0.08778142308543237
672 0.2957940456120561 0.08760320756672181
671.5 0.29585163526947017 0.087642520947852
671 0.2957650629026071 0.08758915297956138
670.5 0.2960261923315357 0.08774155253240802
670 0.2956295896391256 0.08750574443938894
669.5 0.29588781616581666 0.08765933486220913
669 0.2957805811417415 0.08759645510400127
668.5 0.29590129501119733 0.08766643284749352
668 0.29570255645861054 0.08755219981649143
667.5 0.2958925640017897 0.08766426934045732
667 0.2955989438895383 0.08748697990830775
666.5 0.29552295486458985 0.08744523028643245
666 0.29552223249166126 0.08744195198329366
665.5 0.2956565267128947 0.08752206305954256
665 0.29553116639168636 0.08744534498708975
664.5 0.2955023933869661 0.08743192650100395
664 0.29570544963672074 0.0875509047277313
663.5 0.295623353552915 0.0875025253635577
663 0.2955790343896236 0.0874790827389105
662.5 0.29529108690859657 0.08730722857707544
662 0.2952424194835037 0.08727850285644928
661.5 0.29545338284769135 0.08740130006370164
661 0.2953471050663539 0.08733726897259564
660.5 0.2953738749905974 0.08735424998446392
660 0.2955343269741283 0.08745012145827653
659.5 0.29538290766011555 0.08735861160375755
659 0.29529237134983344 0.08730400135944615
658.5 0.2955919830534717 0.08748636238215732
658 0.29539332642840044 0.08736841866426324
657.5 0.2953271613287569 0.08732711860242398
657 0.29509660728147596 0.08719156671674244
656.5 0.2953744891473503 0.08735686652332832
656 0.2950844519444366 0.08718426094814948
655.5 0.2950364730065825 0.08715505103679719
655 0.29520678737998207 0.08725759537496064
654.5 0.295220713616492 0.08726370562580797
654 0.295110654707012 0.08719806425739768
653.5 0.29517573814541936 0.08723710819121577
653 0.2949266275526809 0.08709340858296559
652.5 0.29473850951447306 0.08697995940908142
652 0.29499108909516103 0.08713042933016851
651.5 0.2946259772828891 0.08691678881698889
651 0.2947053325183553 0.08696274115509496
650.5 0.29489073467575616 0.08706792165527046
650 0.2948137156834407 0.08702692050802385
649.5 0.2948605773210677 0.08705599641657727
649 0.2948180764421644 0.08702895946240517
648.5 0.2947366803318743 0.08698229513871272
648 0.29495997269608204 0.08711209817131423
647.5 0.2948516951795654 0.08704719827484785
647 0.29459541086576974 0.08689699008770876
646.5 0.294794106598682 0.08701573806478945
646 0.29451464375453057 0.0868499202714628
645.5 0.29472693973721525 0.08697280497439823
645 0.29472843997151743 0.08697368128166535
644.5 0.2945093451627761 0.08684436706185686
644 0.2945121751993949 0.08684858596328092
643.5 0.29461430113448817 0.08690868195838788
643 0.294494680826269 0.08684029549130816
642.5 0.2947713158040112 0.08699837975619505
642 0.29456483593733307 0.08687880028128951
641.5 0.2943412459424701 0.08674527206527413
641 0.294373073228778 0.08676640801474389
640.5 0.29433624786516444 0.08674364559312944
640 0.2942196439331901 0.08667585313246999
639.5 0.2942017277736574 0.08666631020892548
639 0.2942910833077772 0.08671634476465694
638.5 0.29430169619639773 0.08672383674641337
638 0.2943141038650621 0.08672986294140776
637.5 0.29430509409942984 0.08672695994695281
637 0.2940450213341537 0.0865731949621011
636.5 0.2938703662988928 0.086472295572767
636 0.2940377541942429 0.08656676967718403
635.5 0.2941766973663322 0.08664947460687579
635 0.29398882173665963 0.08653885944954162
634.5 0.29374052505245046 0.08639339183015719
634 0.29384466251886976 0.08645891988552011
633.5 0.2937871024434178 0.08642078710274712
633 0.2938904984459254 0.08648535739723184
632.5 0.2939367881928607 0.0865082688934373
632 0.2939854495714709 0.0865353864994694
631.5 0.29416350356769266 0.08664366023244
631 0.2936745479967609 0.08635546702603947
630.5 0.2938972633284897 0.08648751023799135
630 0.29364873725156565 0.08633926258376433
629.5 0.29366985172227894 0.08635097036456726
629 0.29351243887986506 0.08625797461330623
628.5 0.2938437519450881 0.08645241910287882
628 0.29354251734161974 0.08627629892273546
627.5 0.29349447336941026 0.08624699789508856
627 0.2935323819804192 0.08627054781947538
626.5 0.2935514686313706 0.08628544492716002
626 0.29358059683325033 0.08629857087537811
625.5 0.2933138308279317 0.08614180054766156
625 0.29352005532190123 0.08626091183960942
624.5 0.29368745297373955 0.08636229896008465
624 0.2934496238794692 0.08622393115665504
623.5 0.2933851132463354 0.0861848114569036
623 0.29334734101162474 0.08616030069533252
622.5 0.29344539356119276 0.08622129075731332
622 0.29325967985731793 0.08611130909484321
621.5 0.293286444760155 0.08612692704454585
621 0.29344940645630796 0.08622242831211004
620.5 0.29325473733433793 0.0861073550314624
620 0.29344863359146184 0.08622266430382342
619.5 0.2931217053453412 0.08602975761437429
619 0.29308451043608086 0.08601057432403914
618.5 0.2929551279698856 0.08593095618986676
618 0.2930418887070857 0.08598197445501106
617.5 0.2930692555491568 0.08600145109038904
617 0.2929230318480824 0.08591476427642834
616.5 0.2931177365989048 0.08602593312737165
616 0.2927936173248938 0.0858394387842549
615.5 0.2931183019182499 0.08602813221101668
615 0.2929052406463257 0.08590583543818524
614.5 0.29298488495175373 0.08594981488515757
614 0.29277173488420055 0.08582395574664756
613.5 0.29275630920268897 0.08581624804216285
613 0.29291833048218224 0.08590891707781996
612.5 0.2927161356336056 0.08579076934105603
612 0.29249927252437613 0.08566723625000858
611.5 0.29241867562032775 0.08561941350224317
611 0.2923523720247395 0.08558187721972345
610.5 0.2927868469105514 0.0858343564187309
610 0.2925423706007857 0.08569275888653398
609.5 0.2925498698482089 0.08569496766662282
609 0.2924510982562075 0.08563544456190644
608.5 0.29261125280938566 0.08573088981434186
608 0.29253168053718354 0.08568229510532571
607.5 0.29232955861935633 0.08556573669758784
607 0.2924943491151137 0.08566201722203352
606.5 0.2923390270570965 0.08557349192669124
606 0.29246149661046117 0.08564101557656237
605.5 0.2921954153781947 0.08548928025468147
605 0.292265615319647 0.08553312181567335
604.5 0.29239989762349167 0.08560884931755394
604 0.2924470310175772 0.08563498631339599
603.5 0.29215462925009067 0.08546417278179282
603 0.29225997209762344 0.08552511711645247
602.5 0.29209333111578234 0.08542749995946074
602 0.29208016614174503 0.08542035135636777
601.5 0.29225975994861836 0.085524189601273
601 0.29201143395058 0.08537954309449287
600.5 0.29199919122546486 0.0853736813086248
600 0.292067917552517 0.08541496380542457
599.5 0.29193247117770116 0.08533393973577737
599 0.29188904485957123 0.0853063824396416
598.5 0.2918441852846462 0.08528133654963076
598 0.29180913352936877 0.0852608654682986
597.5 0.2921369429518736 0.08545409502662946
597 0.2919805019731041 0.08536142760339771
596.5 0.29187102342908183 0.08529830453992689
596 0.2916292934230862 0.08515863725521025
595.5 0.29163730239611285 0.085161226294381
595 0.2918220432860265 0.08527136494658567
594.5 0.29169307899302704 0.08519774544064795
594 0.29138371195407703 0.08501437655876647
593.5 0.2916747021071443 0.08518288166147105
593 0.29188769814366333 0.08531046945648718
592.5 0.2915080041745876 0.08508526768646497
592 0.29155235026773874 0.08511168789746908
591.5 0.2913153585260041 0.08497577364654985
591 0.29140747137667966 0.08503119496807966
590.5 0.2913651116062184 0.0850028236564532
590 0.2914936853938267 0.0850755392655505
589.5 0.2914636780348473 0.08506033473754512
589 0.2912528838282214 0.08493857740316973
588.5 0.29131671822431904 0.08497356835473033
588 0.29151133155331893 0.08508887385426778
587.5 0.2913063253274979 0.08496933713391763
587 0.291260245367861 0.08494224189078234
586.5 0.2911699618721169 0.08489099999410742
586 0.29120102703051937 0.0849068725489898
585.5 0.2910262542187678 0.0848022501516185
585 0.29117616395294416 0.08489151873204943
584.5 0.2908868726780802 0.08472770946784172
584 0.2907762732274242 0.08465992483846749
583.5 0.29097514738914915 0.08477771360231215
583 0.29078327068680315 0.08466500127533357
582.5 0.29067311793563483 0.08459835537182704
582 0.29078294994528603 0.08466186893005727
581.5 0.29093576685959927 0.0847513821869163
581 0.29108884929588974 0.08484403174835842
580.5 0.2906207222873909 0.08456780056036275
580 0.29059035476138184 0.08455103286517023
579.5 0.29089044223303484 0.08472598607021767
579 0.2908010280290855 0.0846739113363541
578.5 0.29075882203131687 0.0846490101873907
578 0.2906881941868124 0.08460877592504211
577.5 0.2905860954925942 0.08455045539093288
577 0.29060444825791665 0.08456238101239026
576.5 0.2907252431248477 0.0846310008928127
576 0.290414045566513 0.08445035524617746
575.5 0.2905095888533445 0.08450501854492137
575 0.29033660970454084 0.08440465679450662
574.5 0.29040050064781164 0.08443989402038354
574 0.29028890593170165 0.0843768810644981
573.5 0.29041638997045727 0.08445261849155518
573 0.29037120738260364 0.08442532103865563
572.5 0.29037401258409196 0.08442875667146468
572 0.29016413744726655 0.08430428558347665
571.5 0.290114938066696 0.08427459920449253
571 0.29032642875758186 0.08440190445572743
570.5 0.29016731348929464 0.08430692666327304
570 0.29013596535578623 0.08428979636286221
569.5 0.2899436464157936 0.08417627579157459
569 0.2900978910424242 0.08426740979816262
568.5 0.2901316752061184 0.08428363852667274
568 0.28967202570791434 0.0840205654631086
567.5 0.2899063835894865 0.08415667735810321
567 0.28967717936846493 0.08402457176551643
566.5 0.2899272935813744 0.08416609245723734
566 0.28971995163432085 0.08404820389537374
565.5 0.2898752233571982 0.08413475032666526
565 0.2898416259816379 0.08411755487516695
564.5 0.2896901471270778 0.0840295530600862
564 0.28958639021627025 0.08396962525688442
563.5 0.2897190274776092 0.08404621081056031
563 0.2896662607357132 0.08401217966974345
562.5 0.28947704058278073 0.08390368779905945
562 0.28950054911873846 0.08392062469645423
561.5 0.2895805176891252 0.0839660513104289
561 0.2896780334407142 0.08402233320912049
560.5 0.289329109785505 0.08382043418863011
560 0.2894649870881811 0.08389762960116515
559.5 0.28922468854033684 0.0837610719657845
559 0.2892826959182522 0.08379325037523747
558.5 0.28902756325005724 0.08364504735071546
558 0.2894194047159446 0.08386992933581357
557.5 0.2893210818139933 0.08381550882264693
557 0.2889842499768571 0.0836200828736292
556.5 0.28949670908539454 0.08391578514386831
556 0.2891426784450007 0.08371171676463485
555.5 0.2889501409410707 0.08360289896484638
555 0.2890739564374548 0.08367125208791683
554.5 0.2891923079098004 0.08374300032075069
554 0.28890889502278405 0.08357409594401427
553.5 0.2889215161299234 0.0835862020565088
553 0.28909296879069957 0.08368292224860781
552.5 0.28872766626773066 0.08347292657078796
552 0.28879930140451515 0.08351342298277506
551.5 0.2887539616187147 0.08348843262585662
551 0.28862414761374355 0.083414510378651
550.5 0.28878222088026156 0.08350403457223816
550 0.28879604853066265 0.08351125546733258
549.5 0.2884416447939772 0.08330652944075036
549 0.28875666628715124 0.08348968870337184
548.5 0.28861034450419515 0.08340679785043736
548 0.2885255707632159 0.08335350027452876
547.5 0.28853878871168837 0.08336496009984544
547 0.28856471149755264 0.08337804974779153
546.5 0.28862173077987224 0.08341144462939842
546 0.2883706307659519 0.08326337194996733
545.5 0.28837502561471556 0.08327120967631109
545 0.2880870912546893 0.083105263238003
544.5 0.2881664320308658 0.08315162792661725
544 0.28852018507321964 0.08335349823097815
543.5 0.2881963142314968 0.08316479837126384
543 0.28807502912579314 0.08309725439450387
542.5 0.28807502025661896 0.0830968805783636
542 0.288109982216712 0.08311810328483119
541.5 0.2882244400371656 0.08318120549001418
541 0.2880629272012305 0.08308775883381996
540.5 0.28807017759084896 0.08309328120843334
540 0.2878243885639939 0.08295321196945675
539.5 0.28788951389940304 0.08298862801321104
539 0.287959725009742 0.08303082891576247
538.5 0.28769565367265487 0.08287911068411312
538 0.2879730373618743 0.0830373861014964
537.5 0.2876408323510616 0.08284726031232438
537 0.2876087964689039 0.08282546773412311
536.5 0.2876923853830135 0.0828773444440525
536 0.28760460500941026 0.08282803375411907
535.5 0.2874652414937595 0.08274444994848328
535 0.2873695883561543 0.0826931360841207
534.5 0.28756168241232005 0.08280231400691762
534 0.2875778745866975 0.08281109121310519
533.5 0.287686474095718 0.08287097361272892
533 0.2873710327852555 0.08269422606248351
532.5 0.28718075130583204 0.08258217719913936
532 0.2873579877473286 0.08268404317807286
531.5 0.2875222785912986 0.0827784866593959
531 0.2871379372611923 0.08255815061585485
530.5 0.2873060554290045 0.08265566083023188
530 0.2871823527553698 0.0825841118321505
529.5 0.2870700931139313 0.0825186426851509
529 0.2871443973486038 0.08256220801835833
528.5 0.28687374728562254 0.08240548505521533
528 0.28705709161414716 0.08251118840732682
527.5 0.2870249612740834 0.08249266332591668
527 0.2871025816622696 0.08253648999171488
526.5 0.2867758831366044 0.08235226713636566
526 0.2867846316040836 0.08235267137291938
525.5 0.28691486673060024 0.082430672708106
525 0.2868521011965425 0.08239233202123207
524.5 0.28660230190887553 0.08224903974274286
524 0.2868095703655101 0.08236758715692136
523.5 0.28679391877785915 0.08236051598859467
523 0.28668128369208745 0.08229607248767465
522.5 0.2870416608745823 0.08250008005036222
522 0.28661382420865866 0.0822558580969061
521.5 0.28658457902282963 0.08223981780606414
521 0.2865990433041395 0.08225157637271092
520.5 0.28643227383818304 0.08215328543371868
520 0.2865304139540488 0.08221130615026019
519.5 0.28638618093294693 0.08212674706333088
519 0.2863763318723827 0.08211979878257675
518.5 0.28632178884925774 0.08209053197506476
518 0.28588624424670356 0.08183825668538357
517.5 0.2861220171820218 0.08197197307072732
517 0.28620263212109576 0.08201859359600605
516.5 0.2861296293878541 0.08197777439545507
516 0.28616370740153896 0.08199841029332199
515.5 0.28607395978996214 0.08194513511287653
515 0.28602118307679875 0.08191793544129886
514.5 0.2858729506277228 0.0818316961551282
514 0.2856323566537813 0.081694979939027
513.5 0.2857398556585312 0.08175667876935437
513 0.2857361757815959 0.08175511503766254
512.5 0.2859072058742256 0.08185096686157753
512 0.28569577691308384 0.08173184909527988
511.5 0.2856671222052496 0.08171625888527938
511 0.2854123440884331 0.0815702678368025
510.5 0.2853431467629036 0.08152900324233257
510 0.2856137257471168 0.08168555623953042
509.5 0.28552088639127693 0.08163010085889305
509 0.2856155525309266 0.0816857694938449
508.5 0.28536234800070376 0.0815428574038107
508 0.28533192323571255 0.08152838325157029
507.5 0.2855663784981928 0.08166019236635719
507 0.2851973435209296 0.08144662992283036
506.5 0.2852671930104078 0.08149079768970306
506 0.28530048738553776 0.08150873446123523
505.5 0.2853308036336055 0.08152316124718076
505 0.28507510571703204 0.08137633690236255
504.5 0.28504684839042665 0.08136569740713269
504 0.2850865883382763 0.08138568255522323
503.5 0.2850898398639148 0.08138503424509545
503 0.28486615608121113 0.08125852767020937
502.5 0.2849270792304946 0.08129330291635471
502 0.28487328395889583 0.0812621526232891
501.5 0.2849668071174492 0.08131451007027916
501 0.2848180622540646 0.08122927307851287
500.5 0.2846647867410066 0.08114250560493415
500 0.2847264034370828 0.08117652672091137
499.5 0.2845012665631017 0.08105135584155815
499 0.2847398563282013 0.08118588930342036
498.5 0.28454623559240877 0.08107717248899726
498 0.284708938724383 0.08116838943891133
497.5 0.28453463516419686 0.08106775412502282
497 0.28434041899548923 0.08095955270014227
496.5 0.28429644769141277 0.08093177595230315
496 0.28416790482309817 0.08085897498119755
495.5 0.2846500681999421 0.08113406974055523
495 0.28453146106541594 0.08106794237233937
494.5 0.2841643433427867 0.08085597290855029
494 0.2842521841967982 0.08090477751299387
493.5 0.28397448392137714 0.08075217981680355
493 0.28371788479198945 0.08060211942475122
492.5 0.2842199019647048 0.08089134707297589
492 0.2839636276675126 0.08074201704139772
491.5 0.28365881084028177 0.08057470031368728
491 0.2841339265877198 0.08084208869880133
490.5 0.28405509075930185 0.080794786723507
490 0.2839937010666854 0.0807615827982774
489.5 0.28391494770201753 0.08071423114780017
489 0.2836216587003093 0.08054972442175899
488.5 0.28368514586210514 0.08058509306540777
488 0.28351307587746793 0.08048844818494358
487.5 0.2835228902441914 0.08049054836975786
487 0.2833114721032256 0.08037290388284467
486.5 0.2836999990089716 0.08059301309771426
486 0.2837318164449843 0.08061425586275386
485.5 0.2832496409417153 0.08033665149186596
485 0.2832804473477065 0.08035619033805559
484.5 0.28359067097997326 0.08053349872834936
484 0.28343836650514237 0.08044833506490887
483.5 0.28332679543982187 0.08038612887854063
483 0.2831283367092798 0.0802686094527959
482.5 0.28316626332342293 0.0802911863900285
482 0.2829494515312753 0.08016635672481391
481.5 0.28300921903027987 0.08020607122466686
481 0.2827617391399903 0.08006296724264315
480.5 0.28300920599226415 0.08020360280993448
480 0.28314538559969094 0.08028130488633158
479.5 0.28294065135620816 0.08016305336288733
479 0.28277969847151296 0.08007510023422773
478.5 0.2825917739454521 0.0799639657036868
478 0.28261577141909094 0.07998151555679768
477.5 0.2827085512713206 0.08003393269694606
477 0.2827917621718795 0.08008093047200171
476.5 0.2828092905534486 0.08009053779490141
476 0.282505337161073 0.07992071619570645
475.5 0.2825057636112569 0.07992107477457411
475 0.2824081113029771 0.07986277618654106
474.5 0.2822539451322379 0.0797772838520559
474 0.2824144054594724 0.07986926731452733
473.5 0.28213683920882865 0.07970813021828344
473 0.2820700779375854 0.07967318785888973
472.5 0.282235561874181 0.07976465836929947
472 0.2823950320529948 0.07985753262734697
471.5 0.2821882886984005 0.07973847792964954
471 0.2819124392195013 0.079582399688528
470.5 0.28199851427866096 0.07963015157573576
470 0.2818719655110593 0.07956323750514653
469.5 0.28189961560876675 0.07957444803286737
469 0.2818261962170838 0.07953351242406818
468.5 0.28191009565984315 0.07958189093462498
468 0.28161378355924205 0.07941512026353695
467.5 0.28163762052728186 0.07942936423630076
467 0.2817576796401962 0.07949530991932263
466.5 0.28133312079797573 0.07925952330104856
466 0.2815459446573519 0.07937836379909831
465.5 0.2815547005889849 0.07938284898628112
465 0.2814131259960916 0.07930153758631515
464.5 0.28163952529688496 0.07942893325632717
464 0.28127025363789243 0.07921878722406223
463.5 0.28141805636228456 0.07930419155894901
463 0.28122121449971055 0.07919424913721117
462.5 0.2812499567411573 0.07921022251881141
462 0.28099285948792363 0.0790643604190177
461.5 0.28129373903496946 0.07923441102342886
461 0.2810156129576298 0.07908101674454136
460.5 0.28117741513990513 0.07916989473287277
460 0.28086234908454916 0.07899467987462494
459.5 0.2810056044997189 0.07907360234441965
459 0.2809534344305428 0.0790408679958738
458.5 0.28095123727705357 0.07904031630608642
458 0.280835428448167 0.07897903655171958
457.5 0.28078550809720737 0.0789495751079111
457 0.28072256683286095 0.07891547898402629
456.5 0.2804982224976478 0.07878774356176899
456 0.28038627189412807 0.07872720188608566
455.5 0.28049369393438967 0.07878325654572742
455 0.27995775916574867 0.07848437381203106
454.5 0.2804528651152772 0.0787589837704836
454 0.2802892247879167 0.07867308233635177
453.5 0.2804534061949488 0.07876292257335903
453 0.28029371954745336 0.07867139908087327
452.5 0.2802552191441195 0.07864971435279107
452 0.2800876810462751 0.07855782415698169
451.5 0.28037080198054215 0.07871419888110408
451 0.2802752549321866 0.07866297434586791
450.5 0.2798853996590868 0.07844275848158398
450 0.279873289180375 0.07843722164988319
449.5 0.2796918473956513 0.07833692499219753
449 0.27969319075204013 0.07833653399880552
448.5 0.2798873988915143 0.07844324930662384
448 0.2796688407591109 0.07832119353925883
447.5 0.2794743631150997 0.078217149970801
447 0.2797901237271247 0.07839017911857449
446.5 0.2793609177531626 0.07815163589566292
446 0.2794966919816943 0.07822938074639416
445.5 0.2794784201667959 0.07821723923298766
445 0.27906463861545205 0.07798580685334015
444.5 0.2792299819263852 0.07807720890305024
444 0.27894307465954565 0.07791606259016963
443.5 0.27903013168340945 0.07796640613455749
443 0.2789256101999093 0.0779079634862457
442.5 0.27905863148237514 0.07798310426442003
442 0.2788437059622158 0.07786299996587073
441.5 0.2790922061808642 0.07799884039131266
441 0.2789673829460074 0.07793028498881592
440.5 0.2789857305575483 0.0779392471907198
440 0.27873819826620644 0.07780666915203173
439.5 0.2787730893563216 0.07782333178803195
439 0.27861335429324047 0.07773469025418664
438.5 0.2787633587542012 0.07781606307969946
438 0.2783724224078272 0.07759826515697295
437.5 0.2785259788171306 0.07768395947470888
437 0.27834448537319595 0.07758494560049342
436.5 0.2784852372076277 0.07766169158340992
436 0.2781939513184304 0.07750150292457551
435.5 0.2781180754233867 0.0774610468291122
435 0.2782311604232144 0.07752030229178918
434.5 0.27785957292993696 0.07731159868903961
434 0.2782386880585666 0.07752164916685567
433.5 0.27807300267280466 0.07743537831539772
433 0.277851963875535 0.07731222694444644
432.5 0.278124965463384 0.07746017029073489
432 0.27785102580398685 0.07730758207314065
431.5 0.2775995318510099 0.07716996553706038
431 0.27783578660312375 0.07730119378250615
430.5 0.2776207900736681 0.07718164141564132
430 0.277616424006867 0.0771817896370049
429.5 0.27736121278200815 0.07703965715008972
429 0.27738153895128054 0.07704755462669007
428.5 0.277823501100376 0.07729573687736445
428 0.277299063395502 0.07700226586042382
427.5 0.2772525351412244 0.07697705699267836
427 0.277106675965797 0.07689359471361955
426.5 0.2770394021497171 0.07686017231895297
426 0.2770235952578346 0.07684724533756311
425.5 0.277077498020463 0.07687978934124383
425 0.27694414647372045 0.0768066635047133
424.5 0.27704414175942854 0.07685861617372379
424 0.27686530909800283 0.0767644520410141
423.5 0.27706152678569473 0.07686706461136113
423 0.27679205567619153 0.07672321453772704
422.5 0.2767291489275247 0.07668527979706115
422 0.27664609949221897 0.07664151698821708
421.5 0.2766746149183909 0.07666102394694314
421 0.2765994768415539 0.07661349439739472
420.5 0.2765958036805478 0.07661406703119662
420 0.27649789849021267 0.07655616387547332
419.5 0.2763628428901428 0.07648477905223214
419 0.2763210796250653 0.07646166585140825
418.5 0.27653728529047256 0.076583295150587
418 0.27609118712985176 0.0763322654531348
417.5 0.2761508362512655 0.07636734574652163
417 0.27590892707718456 0.07623578118887613
416.5 0.27622827309179154 0.07640995806778517
416 0.2755833764987663 0.07605334250014961
415.5 0.2760709381248352 0.07632087406521101
415 0.27584267952277997 0.0762005660050839
414.5 0.2758602511747477 0.07620624093164065
414 0.2754432643424195 0.07597454039500642
413.5 0.2758835630090725 0.07621908351073099
413 0.2756809121424989 0.07610735624366101
412.5 0.27530098446206336 0.07589712765302548
412 0.275816577109742 0.07618361510004243
411.5 0.27540391751660487 0.07595332867396802
411 0.27549997448841673 0.07600829289358058
410.5 0.2751443356607608 0.07581250011473976
410 0.2749894097165146 0.07572404460133825
409.5 0.27497420167174336 0.07571876559752451
409 0.2751076798681381 0.07579224653266158
408.5 0.27460542783776665 0.07551478404641584
408 0.27508262833344255 0.07577792859859656
407.5 0.2748695871107504 0.07566374792188932
407 0.27479869169539534 0.0756226881010225
406.5 0.27457356979631786 0.07549706186664454
406 0.2746595027180511 0.07554276900684537
405.5 0.2747175542206812 0.07557866814587491
405 0.27456021833806554 0.07549069923221534
404.5 0.27458110726606877 0.07550289678469375
404 0.27433966477052746 0.07536908124586761
403.5 0.2742950536931025 0.07534335536535461
403 0.2741763658548378 0.0752822311630064
402.5 0.2743656591198874 0.07538046706961861
402 0.2739101537389722 0.07513293835229129
401.5 0.27422355869144255 0.07530400454417553
401 0.27415102075003833 0.07526665619287476
400.5 0.2740909224094632 0.07523288349391885
400 0.27400030508147777 0.07518319962555495
399.5 0.27405573050904186 0.07521431234745701
399 0.27377513376335577 0.0750578794985307
398.5 0.2736176064720446 0.07497479475291186
398 0.27361399001493003 0.0749698745348079
397.5 0.27352509622120824 0.07492256250273222
397 0.2734992755107023 0.07491031250816282
396.5 0.27339692591277037 0.07485405498597617
396 0.2733738566591617 0.07484437687802147
395.5 0.2733017513076229 0.07479897505863896
395 0.27288971561514963 0.07457624594255009
394.5 0.27316401012205427 0.07472490222958776
394 0.2731537694123004 0.07472121223578991
393.5 0.2730077550808315 0.07464462499880409
393 0.27289935377328733 0.07458047288446895
392.5 0.27303262289720254 0.0746549718576258
392 0.27289765393922455 0.07458131775172772
391.5 0.27279836687529174 0.07452872678260815
391 0.2725151094496109 0.0743719045320161
390.5 0.2725901734052231 0.07441449792592422
390 0.27250505611874026 0.07436628894699249
389.5 0.27238265214943397 0.07429721547547355
389 0.2725044849145626 0.07436312920480896
388.5 0.27224094322307435 0.0742209785877823
388 0.2723022268904556 0.07425443620750452
387.5 0.27216717678494096 0.074181768873833
387 0.2721361630708994 0.07416531662646078
386.5 0.2719118727627814 0.07404281827748567
386 0.2717824787496168 0.07397551718877948
385.5 0.27186121997858614 0.07401757429364153
385 0.27191590290452083 0.0740465155896868
384.5 0.2719006556785923 0.07403996672501588
384 0.2717498121803042 0.07395565640923363
383.5 0.2713679245270303 0.0737491330285165
383 0.2716643592746347 0.07390687721131498
382.5 0.27145328058232054 0.0737951279365005
382 0.2713505080081205 0.07373484136578148
381.5 0.2714924495838872 0.0738147300350432
381 0.27113728599226744 0.07362102361940165
380.5 0.27096459787110416 0.07353157949074449
380 0.27083527392864193 0.07345903569105763
379.5 0.2710051674705917 0.07355217630232702
379 0.270793898879264 0.07343667481516947
378.5 0.27076170227483554 0.07341872898397586
378 0.27100754260920185 0.0735530035295133
377.5 0.27063960738197085 0.07335159425490714
377 0.2707129963061491 0.07339213105577454
376.5 0.27064218581097554 0.07335473251477369
376 0.2704891420177787 0.07327305429503722
375.5 0.27033393929068034 0.07318579868618895
375 0.27024770286404826 0.07314082695517425
374.5 0.2699751875041548 0.07299088624369837
374 0.27008474340491917 0.0730499148043394
373.5 0.2700609334906227 0.07304062490599054
373 0.2698789753036627 0.07293975304555969
372.5 0.26994466940977363 0.07297563190680524
372 0.2697463490475088 0.07286988918873151
371.5 0.2699428587495441 0.0729758776559323
371 0.26973153599847677 0.07286165394122453
370.5 0.26944891546436645 0.07270981463737822
370 0.2696915255955605 0.07283995134638435
369.5 0.26937474248154786 0.0726728331452665
369 0.2696518189608788 0.07281836037238743
368.5 0.26914716284598716 0.07254731777775096
368 0.26933725468541186 0.07264944085589649
367.5 0.2690408162831986 0.07249043052774133
367 0.2688322125550948 0.07237366744342381
366.5 0.269243679973252 0.07260003890748835
366 0.2688284899651541 0.07237590552057543
365.5 0.2688874726845077 0.07240740338862674
365 0.26911536637757755 0.0725276135210479
364.5 0.2687698175737669 0.07234561549342215
364 0.2685287206333266 0.07221436063576511
363.5 0.2685400029471186 0.07221965286282708
363 0.2682686561252264 0.0720766218715345
362.5 0.26816130676235406 0.072015013579641
362 0.26814766652212113 0.07201040926187556
361.5 0.26824732352783287 0.07206092676783522
361 0.2678474156846409 0.07184915960800488
360.5 0.2679031578103108 0.07187712303340699
360 0.26797865976755664 0.07191953255780059
359.5 0.2678184322101243 0.07183468494486231
359 0.26778004170178776 0.07181454879739
358.5 0.2679489865972865 0.071904331442602
358 0.26766528401897394 0.07175117541029133
357.5 0.26760553275704957 0.0717204261079846
357 0.2674367194281466 0.07162783774388937
356.5 0.2674293001091587 0.07162398178404984
356 0.2672670103809781 0.07153831167127989
355.5 0.2672969454255798 0.07155239374332062
355 0.2671863508190067 0.07149475233808238
354.5 0.26658980879746164 0.07117921504559625
354 0.2668270246652128 0.07130018215622161
353.5 0.2666576100023493 0.07121375563003983
353 0.2668586874350698 0.07132083867985385
352.5 0.26686876191383 0.07132592412166727
352 0.2668440424974597 0.07130972110795288
351.5 0.26668678291394954 0.07122490178695244
351 0.266579100702301 0.07116891291741038
350.5 0.26644829391606295 0.07110025590212442
350 0.2661561257166966 0.07094499815528765
349.5 0.26624986600316 0.07099281816767804
349 0.26593496640538605 0.07083057722124893
348.5 0.2660044931715539 0.07086320801782439
348 0.26590821442155804 0.07081676301349024
347.5 0.2658122136360516 0.07076369213902
347 0.26568297844679833 0.07069131770930101
346.5 0.2655147487688483 0.07060428545784576
346 0.2656753397649091 0.07069013847367382
345.5 0.2653486541872505 0.07051549232256742
345 0.2652797284359223 0.07048241748459114
344.5 0.2652338747105134 0.07045299040862577
344 0.26529448730313543 0.07048949961429922
343.5 0.2651798922223608 0.07042266664776825
343 0.2650127743394037 0.07033646779507702
342.5 0.26502916952046823 0.07034869290889023
342 0.26480755383964183 0.0702286171159994
341.5 0.2646738322706668 0.07015420059807866
341 0.264519911838397 0.07007575047028873
340.5 0.2643708304639771 0.06999897888714128
340 0.26449015176779656 0.07006067709356435
339.5 0.26455746413918196 0.07009571116376756
339 0.26432175564226745 0.06997331027310465
338.5 0.26449379211798946 0.07006398498284505
338 0.26413022694307087 0.06987253452408759
337.5 0.26387253474642147 0.06973382976266283
337 0.2638873357377192 0.06974165034571413
336.5 0.26409436176936446 0.06985095812328676
336 0.2635238829326166 0.0695501759309401
335.5 0.2634424484780691 0.06950796832715712
335 0.26362132496338603 0.06960105707634853
334.5 0.263445397713861 0.06951019214799352
334 0.2633437862254321 0.06945520582830837
333.5 0.2633972028757944 0.06948310698695216
333 0.26339286756535524 0.06947956064020448
332.5 0.2629347729826139 0.06924092513249443
332 0.2631445416484197 0.06935095891488899
331.5 0.2628253377007093 0.06918002116976515
331 0.2626996143273716 0.06911731597759323
330.5 0.26279267619412805 0.06916451490170321
330 0.2624880050024421 0.06900803742040067
329.5 0.2626406459528726 0.06908726611751671
329 0.26264927464947746 0.0690885062201683
328.5 0.26223726051097385 0.06887311071323715
328 0.2621030296384308 0.0688041238791857
327.5 0.261921188879105 0.06870726492769169
327 0.262184482589381 0.06884584494476932
326.5 0.2617413990347979 0.06861082979306257
326 0.26154525724545785 0.06851120137837013
325.5 0.2617484841642201 0.06862008725547519
325 0.2613056793217912 0.06838635105466019
324.5 0.26137645727854536 0.06842083854137848
324 0.26146530823030006 0.06847070814003679
323.5 0.26123361283475827 0.06834690591482298
323 0.26097522278307894 0.06821235494636294
322.5 0.26111289219574024 0.06828703093663196
322 0.26115632123889776 0.06830583006597432
321.5 0.2608484358807395 0.06814591705717554
321 0.26090295457560353 0.06817281416109053
320.5 0.26073594803402333 0.06808969761378007
320 0.260687113767097 0.06806242720296714
319.5 0.2605212977878284 0.06797857298255816
319 0.26046933953295814 0.06795113900684471
318.5 0.26042319075734854 0.06792673699751015
318 0.2601583911958705 0.06778834269523326
317.5 0.26016736280856345 0.06779043237811061
317 0.26001290173243574 0.06771101357000142
316.5 0.2600110436980568 0.06771142293041328
316 0.25966772747481676 0.06753170621292998
315.5 0.2594026048543754 0.06739446906153482
315 0.25952245613792796 0.0674593130262961
314.5 0.2595703317943845 0.06748277202472634
314 0.2595004094440933 0.0674478001722119
313.5 0.2592701402609413 0.06732621504869843
313 0.25912058714380937 0.06725043676218652
312.5 0.25886547627660955 0.06711688195139065
312 0.2588159922500791 0.06708868404930475
311.5 0.25888950070605055 0.06712750559639427
311 0.2587075321516311 0.06703592318646497
310.5 0.2583715775998801 0.06685754015984721
310 0.2586291340519667 0.06699049424266353
309.5 0.25860932293388683 0.06698622100719445
309 0.25842433183402347 0.06688867221290844
308.5 0.2581970416584155 0.06676994661839886
308 0.2579665221199062 0.06665148875382519
307.5 0.25784643678045194 0.06658507840112389
307 0.25816257160533546 0.06675095580270995
306.5 0.2578167037220664 0.06657292914287884
306 0.25788443019672547 0.06661040440591501
305.5 0.2576265956837976 0.06647570443631648
305 0.25758517192036645 0.06645309383685698
304.5 0.2570263851676173 0.06616477087334913
304 0.25744347463358896 0.06638061991720623
303.5 0.2568992872350508 0.06609988441280991
303 0.2569594407183944 0.06613288934354468
302.5 0.2568320277300796 0.06606691704730107
302 0.2566441540433059 0.0659666054571282
301.5 0.2566962855202925 0.06599545543201618
301 0.25645018660275704 0.06587111123306315
300.5 0.25628045197075117 0.06578146030182329
300 0.25617663043338246 0.06572715685252255
299.5 0.25622142134394776 0.0657525334121132
299 0.25606940364114206 0.06567265239566623
298.5 0.2561329176364427 0.06570513478030225
298 0.25569999184488823 0.06549045165685348
297.5 0.2556249519310728 0.06544901519749821
297 0.25567049241726086 0.06547314986290804
296.5 0.25541880651274673 0.06534248425474352
296 0.2554900500357532 0.06537750823212608
295.5 0.2552219277746041 0.06524256058474374
295 0.25519514065789833 0.06522718609916713
294.5 0.2548876612071041 0.06507198574707519
294 0.25487687847492246 0.0650655032056159
293.5 0.2546741877428852 0.06496465858407041
293 0.25459521934936136 0.06492191457193884
292.5 0.2544955978643751 0.06487146640041813
292 0.25430653074073467 0.0647727089900163
291.5 0.25457080139850075 0.064907171243538
291 0.25442261952275447 0.06483330395419931
290.5 0.25410266346954535 0.06467288278719072
290 0.25392007826813257 0.06457950879408547
289.5 0.2535853878164671 0.06440705528370777
289 0.2537436037169646 0.06449069818491449
288.5 0.2538483646739088 0.06454275515841276
288 0.2535957100317907 0.06441241145071756
287.5 0.25291544802232924 0.06406981474719964
287 0.2530077990271719 0.06411619214330644
286.5 0.25308516104866063 0.06415207450462018
286 0.2529958633139056 0.06411037652748869
285.5 0.252601570258212 0.06391216628691195
285 0.2524606168322964 0.06384185860136343
284.5 0.2524886992775522 0.06385356585925185
284 0.25231248995646227 0.06376737730994557
283.5 0.25228141412979527 0.06374729511150892
283 0.2519565949376154 0.06358503975605237
282.5 0.25210332203054975 0.06365936323116188
282 0.25182300176066436 0.0635176768830123
281.5 0.2515091589961117 0.06335860627733857
281 0.25164724920408255 0.0634260931706235
280.5 0.25147470236266634 0.06333920884758898
280 0.2513247989193915 0.06326466003009867
279.5 0.2513622900298684 0.06328432659159548
279 0.2512099123143966 0.06320942765134066
278.5 0.25100799168923704 0.06310581500406656
278 0.25103175611555245 0.06311980800325602
277.5 0.2507202105068261 0.06296185291147721
277 0.2506541653652199 0.06292603816548294
276.5 0.2503164835663292 0.06276231283268306
276 0.25001415730183973 0.06260868833599528
275.5 0.2501222802225688 0.0626617003337713
275 0.249871307051937 0.06253782938314988
274.5 0.2500265673180193 0.06261495180201483
274 0.24971847107075987 0.06246068421215464
273.5 0.2495888817882765 0.06239722041874972
273 0.2494515897858573 0.06232699323839375
272.5 0.24937046727920703 0.06228552430231771
272 0.24918169612264784 0.062194052235626164
271.5 0.24923892583587093 0.0622219600846475
271 0.24900620270900262 0.06210464915765017
270.5 0.2490105826031067 0.062109782413623145
270 0.24857796004758795 0.06189333505293523
269.5 0.24837336352138037 0.061787691423977394
269 0.24841227826278747 0.061807833767496524
268.5 0.24851428217426433 0.061860857516860726
268 0.24812044730129956 0.06166795266203095
267.5 0.2478253980395576 0.061519528091990315
267 0.24795394761673378 0.061580394454914804
266.5 0.24750730755002592 0.06135854581425216
266 0.24758456639049373 0.06140090121805773
265.5 0.2476085801312975 0.06141277576747752
265 0.2471935427999474 0.06120333129416897
264.5 0.24686806643354642 0.061045833658809154
264 0.24693420931279278 0.06107589478581117
263.5 0.2469501227895479 0.061083038413162025
263 0.2468572518640034 0.06103771389746462
262.5 0.2460340002826779 0.06063435571580831
262 0.24600767846634974 0.06062068922843821
261.5 0.24619027823164696 0.060709708659268606
261 0.24605172997396046 0.060640044352538426
260.5 0.24604689855103828 0.06063837510052256
260 0.2457508105912823 0.060493103459917034
259.5 0.24582842883113643 0.060531404874966395
259 0.24547520983436671 0.06035833064202019
258.5 0.24537699567047225 0.06031001087923482
258 0.245014575575315 0.06013208492237898
257.5 0.2451800040364762 0.060209836586404636
257 0.2447352727856168 0.05999574164123208
256.5 0.2449982014728292 0.0601200372331449
256 0.2445510951030742 0.05990334616108596
255.5 0.24417294616125154 0.0597215830271217
255 0.24445835090166873 0.059861128159626534
254.5 0.2442278790476527 0.059746283127059596
254 0.243757731606558 0.05951891766083964
253.5 0.24376973409861882 0.059522765683047034
253 0.24369907023595785 0.05948823277489458
252.5 0.24365669144581897 0.059467295874086654
252 0.24354396022734717 0.05941306416075498
251.5 0.24341440935086875 0.05934698805972277
251 0.24273123630701876 0.05902036394486452
250.5 0.24272542840289818 0.05901559225984753
250 0.24246671386736504 0.05888896626552313
249.5 0.2426332430226592 0.05896992843565451
249 0.24250398746757576 0.05890546097069487
248.5 0.24225669755549273 0.05878584124146867
248 0.24227941770372965 0.05879638163496463
247.5 0.24206460835254792 0.05869277676661693
247 0.24176467854115272 0.058547596381315986
246.5 0.2416957790295293 0.058514786881013435
246 0.24135932867603047 0.05835592206002564
245.5 0.24130541456328328 0.05832523718194841
245 0.24123562512037033 0.05829579476737872
244.5 0.24089196066563978 0.05812710981338345
244 0.24089834168099677 0.05813014655241709
243.5 0.2405596143451366 0.05796686066655617
243 0.24053182913080542 0.057953381623316536
242.5 0.24047745537046877 0.05792541084327306
242 0.2402990735599941 0.05784064751641861
241.5 0.24008748675871094 0.05773954860225264
241 0.24001528204219286 0.057706697175583556
240.5 0.23978171811643553 0.05759279373894964
240 0.2394014786312767 0.05741192253430694
239.5 0.23936821883678386 0.057394704079712616
239 0.23899816508504274 0.057218962567795496
238.5 0.23889751464774317 0.057169090399563825
238 0.23910611920704877 0.05726780518205498
237.5 0.23863082367894492 0.057044053106541814
237 0.23846582013233603 0.05696111610731417
236.5 0.23811690974956617 0.05680000330864663
236 0.2380842652335763 0.056781141211432316
235.5 0.23787232031316785 0.05667890400137437
235 0.2378210340092411 0.0566558864796101
234.5 0.23749568113272296 0.056501126887142795
234 0.2373569866980497 0.05643480653002636
233.5 0.23752943060367693 0.056514312290940304
233 0.23721696224193914 0.056364941357758366
232.5 0.23685323884177126 0.056194452255058945
232 0.23639263116829382 0.05597791982518211
231.5 0.23642764576529898 0.05599487666465588
231 0.23633919590168745 0.055953159986561925
230.5 0.23611999180914736 0.05585126428465459
230 0.23577356890966072 0.05568248600939357
229.5 0.23562038350368686 0.05561524334134337
229 0.23559393625663294 0.055602045822455495
228.5 0.23526785591933327 0.055445419102699484
228 0.23523082867169134 0.05542905628983857
227.5 0.23503740278010585 0.05533779350055122
227 0.23488676446748177 0.05526724976633776
226.5 0.23466107763830243 0.0551604651089082
226 0.2342609890848219 0.05497527126329568
225.5 0.23408967665135727 0.054891844330913035
225 0.23417289717584497 0.05493149394356909
224.5 0.23389184404925195 0.05480026753448791
224 0.23401759644764075 0.05485852539742345
223.5 0.2335451890315977 0.054639318572512356
223 0.23361389569170665 0.05467076013763953
222.5 0.23320811967897956 0.05448277396293984
222 0.23313780025022338 0.054446989942144024
221.5 0.23284492875838267 0.054313599776801995
221 0.23242553241122893 0.05411981327987627
220.5 0.23275179888556852 0.05426695239342156
220 0.23234579564990823 0.054079589123204354
219.5 0.2317071244902828 0.05378440779860699
219 0.2317595014247988 0.053807807380630256
218.5 0.2317185777183379 0.05378815474883444
218 0.23119257472365276 0.053541386974585554
217.5 0.23108281173851036 0.05349480005128111
217 0.2311005991398372 0.05350176378101309
216.5 0.2306103283374687 0.05327558867341739
216 0.23048172936457453 0.05321256891097318
215.5 0.23055694466339843 0.05324860757842101
215 0.23017505553701645 0.053074174698169746
214.5 0.23004767276137053 0.053016131364874514
214 0.22980432484134847 0.052904228143353584
213.5 0.22956275828513314 0.0527941560904481
213 0.2294026523023871 0.05271752359438204
212.5 0.22930639355130922 0.05267418723908027
212 0.22890006557150822 0.05248668483276585
211.5 0.22874092361564446 0.05241599025030935
211 0.2289251124761475 0.052501240739056994
210.5 0.22820347339375716 0.0521693904085349
210 0.22808232095913142 0.05211622096820967
209.5 0.22779318331821424 0.05198202203525247
209 0.22753060791325744 0.05186371379850935
208.5 0.2274183720654314 0.051810902490504386
208 0.2273211048785967 0.051768272709207884
207.5 0.22713546633453105 0.0516818558602617
207 0.22681970250151293 0.05153846081448014
206.5 0.22664141874535867 0.05146328801680979
206 0.226581747759407 0.05143272215494855
205.5 0.22610165829574116 0.051213813179851554
205 0.22622572550173592 0.05127038159833245
204.5 0.22578514344806627 0.051068958012937864
204 0.225518524928435 0.05095151087683821
203.5 0.2255576987377865 0.05096898521797828
203 0.22505066222676084 0.050740971390279666
202.5 0.2249213679991826 0.05068378717757986
202 0.22465480390015202 0.050561165373335736
201.5 0.2245867465737475 0.05053297809347907
201 0.22434922344329708 0.05042149111731352
200.5 0.22385341320724012 0.050201241838586944
200 0.2236399566150067 0.05010550118754436
199.5 0.22334852517844478 0.049976701905160646
199 0.22347753100361412 0.050034246402273566
198.5 0.22307870033136235 0.04985460203083045
198 0.22274224382844635 0.049707296893341524
197.5 0.22247295574656 0.04958596143854964
197 0.22234698219846988 0.049526329732031436
196.5 0.22225048734853814 0.049484197815133905
196 0.22180244802714155 0.04928589016562655
195.5 0.221850212884823 0.0493074214702554
195 0.22146272647325263 0.04913460536396583
194.5 0.22114839685370313 0.048997001984378154
194 0.2207863598222749 0.048836828825385085
193.5 0.22096735146173035 0.048914573271374794
193 0.2202434381142403 0.04859393110609779
192.5 0.22017998644681114 0.048564491534254094
192 0.21994882991534742 0.04846574391943926
191.5 0.2195456348696208 0.04828555247853339
191 0.21975777249221354 0.04838127566133139
190.5 0.21916138381101155 0.04812202339895292
190 0.2193622359814366 0.04821110104618293
189.5 0.21848622821578859 0.047824765165496774
189 0.218705873311665 0.0479194303817784
188.5 0.21803737172469698 0.04762746319269877
188 0.21801635536581374 0.04761722622577206
187.5 0.21783563981184959 0.047541274484771814
187 0.2172789909131475 0.04729927264773272
186.5 0.2171407939011956 0.04723798462474877
186 0.21682859911225855 0.047104475401899444
185.5 0.21694802841304545 0.04715279544216818
185 0.21647948031864317 0.0469519708983017
184.5 0.2159851812458776 0.04673813791167022
184 0.21571916886754552 0.046622750573801004
183.5 0.2157389141022574 0.046630559428672655
183 0.21565036507518007 0.046590752871772195
182.5 0.2152147742089633 0.046402534848364665
182 0.21494032314522613 0.046285608399155125
181.5 0.21488578889725876 0.0462623884719255
181 0.2145299521339207 0.04611114270574882
180.5 0.21451856118871196 0.04610534525294808
180 0.214098137820826 0.04592513188019088
179.5 0.21370941571016613 0.04575871819090396
179 0.21358411470619573 0.045705053259258346
178.5 0.21314129822768718 0.045513233195522744
178 0.21290677708664843 0.04541405909418881
177.5 0.21243289010667074 0.045215636391208146
177 0.2121410399878903 0.04508983477815356
176.5 0.21217500721792165 0.04510354277507021
176 0.21188916818718856 0.044982890303091994
175.5 0.21134875123107166 0.04475389250366301
175 0.21115897967818134 0.04467364448400455
174.5 0.21083478313249604 0.04453579914938892
174 0.21034612724130802 0.04432967098031501
173.5 0.21020131363641908 0.04427008399032429
173 0.2102497946883811 0.044288977779568216
172.5 0.2097992808444843 0.04409916543584551
172 0.20934386136487448 0.04390650967675077
171.5 0.20941884456413914 0.04394026936150991
171 0.20904829677820355 0.04378608794428134
170.5 0.20865504210530442 0.04361980048421653
170 0.20833382974677822 0.04348677879627605
169.5 0.20822399676904366 0.04343869674936672
169 0.20789953657370186 0.04330706498269243
168.5 0.20744986791020728 0.043116537475278674
168 0.2070193176595677 0.04293620636523786
167.5 0.20665106777155323 0.04278676749759457
167 0.20641651719331483 0.04268766831345625
166.5 0.20602062357564557 0.04252665619910169
166 0.2061820324903003 0.04259172337726211
165.5 0.20600743183172116 0.04251885509500555
165 0.20602985967458257 0.042532380797176327
164.5 0.20512154600950255 0.04215564601037947
164 0.2047047063329263 0.041984188865256664
163.5 0.204424539145086 0.041867937247719526
163 0.20395897633694898 0.04168187182417565
162.5 0.20381014149758475 0.04162074434011855
162 0.2037299287326805 0.041587535439962624
161.5 0.2032851972110172 0.041406179438920984
161 0.20286806537348873 0.041234110006573524
160.5 0.20263087844265354 0.04113833395076269
160 0.20239350022221497 0.04104284751056458
159.5 0.2021922088376246 0.04096047037496798
159 0.20163524552630216 0.04073867592182881
158.5 0.20124994635635407 0.0405801234675558
158 0.2007855584756968 0.04039422401965372
157.5 0.2008997427614599 0.0404440919234384
157 0.20084798609197757 0.04042004936146508
156.5 0.20016164788473387 0.040144549530476255
156 0.19995180831750453 0.04006036715428598
155.5 0.19952731617034855 0.039890661212766146
155 0.1994234058411639 0.0398493236738227
154.5 0.19898042623713574 0.03967381744368381
154 0.1985928084577029 0.039517680368943965
153.5 0.1981747044735321 0.039352058381592135
153 0.19793544634418378 0.03925410670165561
152.5 0.19747532094908832 0.03907468052115865
152 0.19737438377007221 0.03903597926611885
151.5 0.19660696852785012 0.03873177149595738
151 0.19661454953208088 0.03873582020596261
150.5 0.19627533883821693 0.03860038407411934
150 0.19578395134848076 0.03840729158518248
149.5 0.1954222915169855 0.038264685062768845
149 0.19543290362813526 0.03826759928802683
148.5 0.19457680706137154 0.03793533433504194
148 0.19445681791966463 0.037887824493082214
147.5 0.19432142383735107 0.037837312498884855
147 0.19377052649147763 0.03762437359299874
146.5 0.1935664384434983 0.037545396899282865
146 0.1929716068932978 0.037312680237063425
145.5 0.1927131926476285 0.03721417232438026
145 0.19236047117467678 0.03707816057356803
144.5 0.19228434311785497 0.03704563846836455
144 0.19149304500987602 0.036745518236100595
143.5 0.19124178214219958 0.03665065065886945
143 0.19122128490016257 0.036639704875256175
142.5 0.19069312318611562 0.036435062022603985
142 0.18998623317997465 0.0361688331227402
141.5 0.18984056741708225 0.03611472035964923
141 0.18927729693542436 0.03589985642597638
140.5 0.18905843827786556 0.03581739908334213
140 0.18844241327957922 0.03558249113580441
139.5 0.18849821852543103 0.03560201065713509
139 0.1877355439035661 0.03531771228717236
138.5 0.187374167347953 0.03518207109683944
138 0.1872502022967731 0.03513432494905235
137.5 0.18664464805074157 0.03490422595865949
137 0.18608700407999806 0.034699774468707215
136.5 0.18597541849987387 0.03465703845317114
136 0.18563424425992414 0.034529726354809415
135.5 0.18531201810441766 0.0344126609754946
135 0.18448401942298884 0.03410638749782419
134.5 0.18426653222872522 0.034025669530730926
134 0.18408788095838302 0.03395889561817748
133.5 0.18367857728683437 0.03380681629711751
133 0.18381838422951569 0.033859689292591165
132.5 0.1826052945423479 0.033413320227243845
132 0.18242083728607641 0.033345197107373215
131.5 0.18221421065912644 0.033272235024610256
131 0.18177005886330938 0.03311057434979782
130.5 0.18111561486009314 0.03287200773935084
130 0.18056497239200153 0.03267177177126923
129.5 0.18052892729200903 0.032657628606894376
129 0.17992409370925386 0.03244114681832874
128.5 0.17990572059583448 0.03243334445042356
128 0.17918977292920055 0.03217485354328715
127.5 0.17910290115469585 0.03214716812512859
127 0.17845011364264932 0.03191267178923651
126.5 0.1780412089507324 0.03176658299964206
126 0.17745615895934533 0.031557283809984286
125.5 0.1772355441178565 0.031479647482101664
125 0.17630740613274287 0.031148737750151045
124.5 0.17618692554556056 0.03110371806583708
124 0.17611589283659818 0.0310797672070561
123.5 0.17543923759745547 0.03084276957859177
123 0.17490933581768844 0.030656937449396737
122.5 0.17465038818115428 0.030568108809496505
122 0.17421863583151523 0.03041557332730832
121.5 0.173738200968485 0.03024953443587576
121 0.17349382314806278 0.030163337900952755
120.5 0.1729309255044154 0.029969133126715057
120 0.17243639757423732 0.029797541746519125
119.5 0.17199010642802046 0.029641572561383847
119 0.17164267848247083 0.029521236061301415
118.5 0.17144912451286842 0.029457823320434853
118 0.1705054810279999 0.029134497408055404
117.5 0.17019151446356526 0.029026495602571114
117 0.16970332852959394 0.028858887199931915
116.5 0.16931860041781585 0.02872924329902168
116 0.16867232629286993 0.028512015403620052
115.5 0.1684699996271671 0.02844207584856459
115 0.1679238676573195 0.028258742148622645
114.5 0.16704585326228516 0.027966182239629017
114 0.1669574407869287 0.027935329679471866
113.5 0.16650012814667187 0.02778221781577024
113 0.16601044169788487 0.027620144867366154
112.5 0.16602116052354607 0.02762281083829993
112 0.16515346951316537 0.0273343128001985
111.5 0.16440920279842186 0.02708631419992625
111 0.16437454026974294 0.027078361722076175
110.5 0.16383405617062016 0.026898995007363764
110 0.16323844792736855 0.02670614060351704
109.5 0.1627363555855267 0.02654001723618686
109 0.16223948450026437 0.026378809384102298
108.5 0.16179862512787604 0.026237570429624872
108 0.16141313730196016 0.026111504654672577
107.5 0.1610533376793325 0.025996855250863277
107 0.16060549606037416 0.02585193036120709
106.5 0.15994248693433685 0.02563863909617189
106 0.15947391069474928 0.02549142857730708
105.5 0.15897909096496848 0.025330677747268188
105 0.1583675833139236 0.02513467841561372
104.5 0.15795952401796878 0.025007136469221456
104 0.1573562212492949 0.024813934476571715
103.5 0.15728920541755584 0.02479614232881629
103 0.15614066168804794 0.024435226662972646
102.5 0.15589450091379167 0.024357876394853595
102 0.1556499835788772 0.02428070517890239
101.5 0.15512462411381286 0.02411701607268268
101 0.15430388795113203 0.023863051819977506
100.5 0.1537317830513852 0.023685427304217306
100 0.15325615741443602 0.023539562431631144
99.5 0.1528605969517489 0.02341602431923347
99 0.15199420027820304 0.02315335957016005
98.5 0.15186187410342314 0.02311442085060877
98 0.15125949819676424 0.02293081354010149
97.5 0.15076415787172592 0.022782198615165065
97 0.15005075162779882 0.022564630330390245
96.5 0.14977119045054277 0.02248257644731387
96 0.1492429502497468 0.02232355835050391
95.5 0.14875721111858492 0.022178079149221656
95 0.14772924495127604 0.021872421434699245
94.5 0.14729898232686495 0.021745824056001818
94 0.14670483801723144 0.02157296483528428
93.5 0.1460970660696353 0.02139040265792389
93 0.14600027919731268 0.021363109467722803
92.5 0.1451714134980111 0.021121333246617097
92 0.14477732507336655 0.021006871099509238
91.5 0.14409767985264113 0.02081059424414163
91 0.1436369628222797 0.020679549403127728
90.5 0.1430964171578298 0.020523971269687552
90 0.14226488949910363 0.02028268177245068
89.5 0.14190119284233568 0.020183115124380754
89 0.14140742843206003 0.020042288690526065
88.5 0.14068178402813875 0.019837172014541223
88 0.13996719806976368 0.019635598361181644
87.5 0.13975313459844965 0.01957440277741024
87 0.13879974943637446 0.019308130897225315
86.5 0.13867913011676009 0.019275393191910975
86 0.13791790947146068 0.01906607879789356
85.5 0.13743000109526207 0.018929898576321942
85 0.13649501593072025 0.018672773602421356
84.5 0.13600964162119716 0.018542023241545375
84 0.135398326174395 0.018374203335220978
83.5 0.1345979511547604 0.01815738010993532
83 0.13416507553732127 0.018042170148316293
82.5 0.1337035993735047 0.017916249976990217
82 0.13302898485465914 0.017738391086758017
81.5 0.13255589926084702 0.01761162358142919
81 0.13188030148883756 0.017432255111163548
80.5 0.13124277418698227 0.017264785256930672
80 0.13043479554109152 0.017052376436405673
79.5 0.13005813912977945 0.016952906864465146
79 0.1292275787845046 0.016740873831161768
78.5 0.12925177806583446 0.01674432117268077
78 0.1280563798464774 0.016435878165986025
77.5 0.12746227703283788 0.016285489818570503
77 0.1268112598689235 0.016116164035191612
76.5 0.12637898148936866 0.016008267884807494
76 0.12562230871387844 0.015816714058383446
75.5 0.12499149702088568 0.015659019481351587
75 0.12435786537377276 0.015500336829999583
74.5 0.12365182784392402 0.015325640539320574
74 0.1232600799806681 0.015228577076330472
73.5 0.122639597920734 0.015076046989059252
73 0.12177925728206151 0.01486547409530906
72.5 0.12115871006883064 0.014713602767176683
72 0.12044350016243793 0.014539241608432217
71.5 0.11973611616183684 0.01437116835184486
71 0.11924771668192821 0.014252571889343672
70.5 0.11840848566574551 0.01405287257044416
70 0.11792863092393778 0.01393854176283883
69.5 0.11734922539664963 0.013801379122160456
69 0.11660005190433981 0.01362678191543304
68.5 0.1157433239839675 0.013427412634164082
68 0.11528870436473981 0.013322423834622624
67.5 0.11431583931565904 0.013098372622484299
67 0.11408233962664789 0.013045873118696968
66.5 0.11326530418113709 0.012858850323635073
66 0.11259151951449574 0.012704164374149028
65.5 0.1119392254061944 0.012560231512394387
65 0.11125730881002151 0.012406395852873767
64.5 0.11053447017465057 0.012246580621026853
64 0.10990897351281492 0.012107981113523823
63.5 0.10944959881776242 0.012008397444184934
63 0.10879043418063757 0.01186389235086869
62.5 0.10786266463571234 0.011661631442356333
62 0.10699190320286711 0.011474045319931526
61.5 0.10616186670075811 0.011297086166730499
61 0.10564960216101749 0.011188003432399701
60.5 0.10497134769544723 0.011044184493724412
60 0.10410511046230032 0.01086348497533266
59.5 0.10373695901729735 0.010785423699557617
59 0.10312208078720529 0.010658869425598093
58.5 0.10197283966261479 0.010421612631927746
58 0.10147317042516428 0.010321683274097267
57.5 0.10064001674923936 0.010151693858418194
57 0.09986060398244626 0.009995892110063739
56.5 0.09916009143633231 0.009854954313977227
56 0.09838488276720024 0.009703556912537456
55.5 0.09772187911552505 0.009571763387345519
55 0.09691874390440237 0.009415258349503575
54.5 0.09664457328892087 0.00936222531099058
54 0.09580831728413546 0.009200544091220283
53.5 0.09461673906642298 0.008973220833494182
53 0.09411271895370067 0.008877762055778232
52.5 0.09337131714949347 0.008738527790821323
52 0.09253225128322322 0.008582020517709957
51.5 0.09189400364087166 0.008464610481441379
51 0.09096128574059956 0.008293449865024926
50.5 0.09033549307750512 0.008179759728768063
50 0.08955358787340253 0.008037868049091432
49.5 0.08881021920676467 0.007905429942276597
49 0.08795052052923835 0.007753084828411123
48.5 0.08734276105445773 0.007646905597072164
48 0.08647023388938925 0.007494536520293334
47.5 0.08586820022085577 0.007390702305293127
47 0.0850370857840489 0.0072479748838867155
46.5 0.08416412428953414 0.0071015405782990605
46 0.08353475246232839 0.006994103870883002
45.5 0.08250141634020833 0.006823086383445005
45 0.08181521255480612 0.006708585519774211
44.5 0.08098118953500373 0.006572810241069803
44 0.08025827599831756 0.006456528963367484
43.5 0.07954585994039917 0.006342293614635067
43 0.07885948147053684 0.006232755457314253
42.5 0.07794048936629887 0.006089113661225697
42 0.07708814892796326 0.005956052295846323
41.5 0.07663384007662573 0.00588718265546109
41 0.07529279242988554 0.005682231896274892
40.5 0.0746299082983222 0.005582700100157839
40 0.07359511692517433 0.005428098886014345
39.5 0.072837956268242 0.0053180118417849405
39 0.07223767765882838 0.005231128142881509
38.5 0.07144634311536892 0.005116917116014042
38 0.07052066642878278 0.004984280429812943
37.5 0.06975197894920228 0.004876735435696196
37 0.06882234730005017 0.0047479914698011095
36.5 0.06820195463476598 0.004662968497497204
36 0.06729770120455097 0.004539853287289535
35.5 0.06657340138963375 0.004442730799813746
35 0.06573194800050393 0.0043307155447893445
34.5 0.06506202416170959 0.004243226635717147
34 0.06422495378050494 0.004133971259268529
33.5 0.06318983383302176 0.004002709131047223
33 0.06230306026336937 0.003890565255272378
32.5 0.061402682711370615 0.0037791753066998145
32 0.06059455332795529 0.0036805619408736834
31.5 0.05990929024060823 0.0035974663999897333
31 0.05918533153009966 0.0035107320101486162
30.5 0.05794019806196321 0.0033652124727325096
30 0.05739664621549698 0.003302606495875774
29.5 0.05632312785215564 0.0031795219049866956
29 0.055260807751951996 0.0030613364979057847
28.5 0.054521770707575745 0.0029800181800748136
28 0.05387145664529764 0.002909206293630858
27.5 0.05286850941096287 0.0028016528058443712
27 0.051907019201584206 0.0027006733348846797
26.5 0.05102074643245157 0.0026091539284320074
26 0.0502793636764641 0.0025339800680043954
25.5 0.04939176789787156 0.0024457449272019013
25 0.04866755593544963 0.0023746912286595687
24.5 0.047434754452815114 0.0022556281912325823
24 0.04673352197971918 0.0021891501078606544
23.5 0.045811118299839276 0.0021035520818057044
23 0.04483661470571665 0.0020151887082320015
22.5 0.04410776473029516 0.0019502083677679597
22 0.04310657217873644 0.001862440557254127
21.5 0.04199304309384614 0.0017676496268149429
21 0.041599907024347495 0.0017347666375278506
20.5 0.040536325207797166 0.001646626802956804
20 0.039649855018568374 0.0015757183414200659
19.5 0.03857024035913267 0.0014915772606209528
19 0.03778463832555266 0.0014310282421182007
18.5 0.03682266745174291 0.0013587322851048062
18 0.036004410369223354 0.0012992977227143717
17.5 0.03488432547460662 0.001219458901514086
17 0.03406455042791085 0.0011627292280744906
16.5 0.03318032755312049 0.0011035270253912516
16 0.03238527676631048 0.001050974686111568
15.5 0.03129773328943579 0.000981672775469109
15 0.03035744664620272 0.0009238439230023266
14.5 0.029512302450101013 0.0008730819478586058
14 0.028452928562024124 0.0008113618306561166
13.5 0.027617101707130852 0.000764496220398585
13 0.026528574993535232 0.0007053525370853108
12.5 0.025625615041330027 0.0006581046409728107
12 0.024685271968668238 0.0006108454360393339
11.5 0.023747004368773316 0.0005653620744706102
11 0.02286842156353121 0.0005240918928974803
10.5 0.021933293730705083 0.00048207504770644285
10 0.020810738985130653 0.00043409563994224146
9.5 0.019883798016745075 0.0003962808320083612
9 0.018888194995985933 0.0003574484671127124
8.5 0.01802747158093972 0.0003256724820936148
8 0.01699679295264979 0.0002895778746486784
7.5 0.016115929994312283 0.00026023583122162006
7 0.015106792278334825 0.0002286597492804418
6.5 0.01424785326710258 0.00020339699151255736
6 0.013084206541024627 0.000171528346534853
5.5 0.012161026548899662 0.0001481254210808439
5 0.011218730089394268 0.00012609896665855124
4.5 0.01034663955539821 0.00010724524899867725
4 0.009410320371207929 0.00008870472263942902
3.5 0.008515549059047127 0.00007261393635322195
3 0.007675340954521109 0.00005898784904245345
2.5 0.006927899275090915 0.00004805739976046602
2 0.006229893657090166 0.000038840942443589566
1.5 0.005701612087709776 0.00003252016562816593
1 0.005307171358184463 0.00002816996571345876
0.5 0.0050732478971177485 0.000025738431522836374
