1000 0.7557233839965986 0.5712429030123196
999.5 0.7557070903914717 0.5712161129581188
999 0.7557236377657351 0.5712413642066086
998.5 0.7559210485208303 0.5715401212329495
998 0.7559139444321897 0.5715299916850543
997.5 0.7553370645298155 0.5706582617385134
997 0.7557321024217024 0.5712537356432825
996.5 0.7555171587820428 0.5709298272946799
996 0.7558035592197272 0.5713596468253497
995.5 0.7557541069266848 0.5712881662890459
995 0.7556867397856418 0.5711870355641205
994.5 0.7555571447977086 0.5709916870339051
994 0.7556901744393565 0.5711899624737038
993.5 0.7556534109923315 0.5711354167197756
993 0.755510190784351 0.5709165807329537
992.5 0.7554354289820835 0.5708040636751166
992 0.7557027786610058 0.5712077489683735
991.5 0.7557505672083544 0.5712798995069011
991 0.7556045985320283 0.5710599890081528
990.5 0.7556489374293995 0.5711274836320545
990 0.7555746411521786 0.5710150690605414
989.5 0.7554848801362588 0.5708807655273013
989 0.7555043259282381 0.5709099287521028
988.5 0.7554380734774194 0.570809798369913
988 0.7554620464260368 0.5708467805257513
987.5 0.7553931994701749 0.5707403688747871
987 0.7551950476563429 0.5704409699523618
986.5 0.7554784607159184 0.5708727956746932
986 0.7555018196395944 0.5709040824627017
985.5 0.755414683587433 0.5707735463542758
985 0.7555411951076084 0.5709640654153524
984.5 0.7551262678973782 0.5703359510188996
984 0.7553666429548038 0.5706993700805689
983.5 0.7553947523179078 0.5707445121777243
983 0.7554789099895559 0.5708726740602196
982.5 0.755394263384083 0.5707440279081939
982 0.755268346750421 0.5705547459152535
981.5 0.7553430114484959 0.5706655996684317
981 0.7554062208455697 0.5707635537000144
980.5 0.7551559219518865 0.5703841822867168
980 0.7555801519993468 0.571019691273628
979.5 0.7552226948326748 0.5704870147205083
979 0.7552809405979879 0.5705723345612392
978.5 0.7553700050746369 0.5707058991707449
978 0.7552087752156718 0.5704631506616806
977.5 0.7551360364257925 0.5703519685327471
977 0.7550672406324928 0.5702484747096656
976.5 0.7550017758869702 0.5701508293523877
976 0.7552764158578951 0.5705629767074039
975.5 0.755059335607716 0.5702359829926656
975 0.7550927338225806 0.5702889218682134
974.5 0.755064833656909 0.5702446125897657
974 0.7550109197810707 0.5701647028858721
973.5 0.7548015414591599 0.5698481568769003
973 0.7547619306185313 0.5697843942073437
972.5 0.755257004326545 0.570534636771044
972 0.755186335171203 0.5704288656260027
971.5 0.7551511492694616 0.5703793338408891
971 0.7550463590787647 0.57021907849651
970.5 0.7550618215255316 0.5702431335946888
970 0.7552240326046609 0.5704891076315454
969.5 0.7547914636263965 0.5698273504597818
969 0.7550375089854812 0.570207695586505
968.5 0.7549105158125264 0.5700132018773604
968 0.7547383739587882 0.5697530801749628
967.5 0.7546639930010016 0.5696412209647979
967 0.7546703797153769 0.5696501648668365
966.5 0.7549462033869084 0.5700661707744351
966 0.7547480635403869 0.5697690336904102
965.5 0.7551403396400024 0.5703588322894506
965 0.7549400604180432 0.5700553525303498
964.5 0.7550322639382585 0.5701972088145829
964 0.7546891409322021 0.5696784860854448
963.5 0.7547473734204935 0.5697667029042855
963 0.7546874532025536 0.5696733977509102
962.5 0.7549391224405274 0.5700554232032111
962 0.754902329869865 0.5699992932674876
961.5 0.7548205081491458 0.5698799261930194
961 0.7549044481024758 0.5700061652002184
960.5 0.754752422381991 0.569773471103901
960 0.7547098314151272 0.5697091918233029
959.5 0.754862499657713 0.5699400013728795
959 0.7543806902270109 0.5692123381232634
958.5 0.7545573151330051 0.5694795267086602
958 0.7544124188383381 0.5692609461088622
957.5 0.7546979178011939 0.5696913331959081
957 0.7547226144766547 0.5697288691190399
956.5 0.7546698469732026 0.5696478697354461
956 0.7546102236957396 0.5695597840639657
955.5 0.7545319310221569 0.5694402869837497
955 0.7546826255813462 0.5696647081931273
954.5 0.7545871788251332 0.569522673543018
954 0.7546271704100268 0.5695870393348412
953.5 0.7547663660386679 0.5697970654177209
953 0.7544741745691278 0.5693537980889247
952.5 0.7545968344269276 0.5695413496548308
952 0.7546004385927004 0.5695429036484806
951.5 0.7543252741137151 0.5691304999659316
951 0.7544622697500074 0.5693382308037308
950.5 0.7541342146338327 0.5688455649892376
950 0.7544185841596295 0.5692685841192312
949.5 0.7543536592819439 0.5691732384814037
949 0.7543112882595286 0.5691048181751881
948.5 0.7544995697914295 0.5693918034786223
948 0.7543028523156984 0.5690965682198014
947.5 0.7543432027850133 0.5691562716740353
947 0.7542640372905167 0.5690354286203456
946.5 0.7543829215226141 0.569216762701261
946 0.7543176233214137 0.5691192731815145
945.5 0.7540851797387523 0.5687700865168467
945 0.7545129661950782 0.5694118000734015
944.5 0.7543598544625619 0.5691823409789231
944 0.7545932778418035 0.569534985581646
943.5 0.754486747279066 0.5693722558017246
943 0.754322564281913 0.5691270375132685
942.5 0.7544309750104081 0.5692872760980875
942 0.7542148682373512 0.5689592824280876
941.5 0.7544847557886412 0.5693695968494048
941 0.7540374994448257 0.5686952662721297
940.5 0.7542146998158168 0.5689590903424728
940 0.7542865467359767 0.5690703471652182
939.5 0.7541363681160989 0.5688432023578629
939 0.7542049423301637 0.5689507462472583
938.5 0.7540719670008925 0.5687453513914972
938 0.7542183217341089 0.5689675873479152
937.5 0.7541417608908816 0.5688525183653416
937 0.754296081556338 0.5690847595446604
936.5 0.7541044886653077 0.5687976754324386
936 0.7542669055937775 0.5690455693074731
935.5 0.7541253580319209 0.5688255989582532
935 0.754063629606856 0.5687370037878275
934.5 0.7541338114698837 0.5688420490222652
934 0.7539852734039824 0.5686175073795241
933.5 0.7541408722659502 0.5688528719364191
933 0.7543337931607805 0.5691398894401882
932.5 0.7539522253300044 0.5685664633867533
932 0.7539158635468107 0.5685167858295409
931.5 0.7540563137367657 0.568722525724072
931 0.7540795306901725 0.5687579211003442
930.5 0.753747166834456 0.5682577227108366
930 0.753770138758147 0.5682937250093194
929.5 0.7537573090935399 0.5682736983304363
929 0.7540668864514745 0.568737053742171
928.5 0.753630030762067 0.5680823315595211
928 0.7538995633870842 0.5684881138661767
927.5 0.7536659572740136 0.5681345143351024
927 0.7538660434666543 0.568436852673645
926.5 0.7539583208704564 0.5685766540791614
926 0.7538135575195523 0.56836158825406
925.5 0.7539960803984472 0.568631769263037
925 0.7539737163980954 0.5686003866204432
924.5 0.7539176047249542 0.5685142010949469
924 0.7538602410132195 0.5684283143649156
923.5 0.7534419591136128 0.5677959993094506
923 0.7536868692105222 0.568165042845521
922.5 0.7535159512492091 0.5679094866907498
922 0.7536220017192495 0.5680690048058183
921.5 0.7536439837726288 0.5680995356427723
921 0.7535594988861457 0.5679749596474194
920.5 0.7536030361024814 0.5680428008637122
920 0.753508035857194 0.5679001067882907
919.5 0.7535655791943037 0.5679837019502004
919 0.753485465905247 0.5678660764381404
918.5 0.7533932909665928 0.5677226830191486
918 0.7536233080139364 0.5680696622849096
917.5 0.7535728499457255 0.5679971972686737
917 0.753542674116166 0.567946395277285
916.5 0.7535707628159042 0.5679910173821449
916 0.7533890744336118 0.5677150932001988
915.5 0.7535339462505358 0.5679390420558282
915 0.7535277816218152 0.5679255565453862
914.5 0.7535677586018746 0.567987465098858
914 0.7531918131775048 0.567418616310432
913.5 0.7533765046919203 0.5676987060424081
913 0.7531848162969235 0.5674115663721971
912.5 0.7533602957418961 0.5676728510050624
912 0.7532264892779879 0.5674721375332256
911.5 0.7535250837218669 0.5679234884504629
911 0.7533386790185209 0.5676448933073801
910.5 0.7534319247917219 0.5677851567658256
910 0.7531213351614394 0.567315084620594
909.5 0.753275888257045 0.5675474525314321
909 0.7534195651731153 0.5677655098259339
908.5 0.7534086046238974 0.5677459133581774
908 0.7532949115928201 0.5675774225215794
907.5 0.7531231588268658 0.5673189683529102
907 0.7532466811227718 0.5675037081990363
906.5 0.7531530379027809 0.5673639491912157
906 0.7533318006069701 0.5676300498210423
905.5 0.7532387559271383 0.5674945190201919
905 0.7531930808211539 0.5674228985016454
904.5 0.7531351856239963 0.5673366303864412
904 0.7531389247433942 0.5673379541610941
903.5 0.7532988889252024 0.5675802964397098
903 0.75318783143529 0.5674115221046332
902.5 0.753167545042822 0.5673826843724442
902 0.7527935956720423 0.5668240238187753
901.5 0.7530329426963905 0.5671827381307576
901 0.7528424646755505 0.5668916349122773
900.5 0.7529167354083868 0.56700729767866
900 0.753248832669213 0.5675040562000943
899.5 0.7533249864978437 0.5676226311592537
899 0.752841855382931 0.5668924462635704
898.5 0.7530796180544376 0.567250315003132
898 0.7529976246897855 0.567128991648433
897.5 0.7528453935175395 0.5668980662636411
897 0.7527062635056565 0.5666878850239955
896.5 0.7530417521397101 0.5671962537202658
896 0.7530685290810305 0.5672348228842966
895.5 0.7529184351313254 0.5670073922649893
895 0.7527093343470515 0.5666966355976689
894.5 0.7529457404774464 0.5670486096844977
894 0.7529219544450318 0.5670119352604324
893.5 0.7530228161582861 0.5671667005069514
893 0.7528655238733126 0.5669287028793328
892.5 0.7531187094332936 0.5673081805363422
892 0.752565392263624 0.5664816446479644
891.5 0.7530422685353969 0.5671945420260551
891 0.7527189217003842 0.56670826008603
890.5 0.7527630377916562 0.5667724237418403
890 0.7527163879435307 0.5667056113066912
889.5 0.7526932461707722 0.5666701819677409
889 0.75270567426519 0.5666898671152044
888.5 0.7525060761831278 0.5663890895377208
888 0.7525163738363024 0.5664039826825613
887.5 0.7526305659555167 0.5665778481880395
887 0.7524272941205716 0.5662688573075221
886.5 0.7524303045637746 0.5662763259553413
886 0.7525929938297938 0.5665175066251272
885.5 0.7525066493845771 0.5663929745717178
885 0.7526629633664894 0.5666259427916285
884.5 0.7524876289999143 0.5663602849811523
884 0.7524524039746423 0.5663132073678093
883.5 0.752388246118186 0.5662094927783728
883 0.752782647300866 0.5668038579659823
882.5 0.7525069191935134 0.5663892062858459
882 0.752653497236092 0.566611245879495
881.5 0.7522370063926892 0.5659880787671655
881 0.7525627661550648 0.5664754410728857
880.5 0.7526749272304915 0.5666403965048319
880 0.7524139934989581 0.5662505885966466
879.5 0.7521940260256326 0.5659179779862523
879 0.7523912628963647 0.5662151346716077
878.5 0.7521867417726611 0.5659111717666916
878 0.7523590306005584 0.5661642063241428
877.5 0.7522312236370639 0.5659761680453401
877 0.7522189138434415 0.565954840789533
876.5 0.7522873848222433 0.5660626905644864
876 0.7520753471175856 0.5657418360318178
875.5 0.7522647557818146 0.5660256676288734
875 0.7521077649437468 0.5657890103049077
874.5 0.7521775215594103 0.5658962456460852
874 0.7522687858288213 0.566032236389657
873.5 0.7524207302715694 0.5662626510014516
873 0.751956851565712 0.5655660568568833
872.5 0.751931759235771 0.565524658790525
872 0.7521602270331621 0.5658657412223074
871.5 0.752268901736098 0.5660292570689179
871 0.7517936124710896 0.5653159768404675
870.5 0.75210627913972 0.5657874059304612
870 0.7524532144827722 0.5663102840305146
869.5 0.7520440435292582 0.5656935210126592
869 0.7522012111114933 0.5659271582787486
868.5 0.7519444667138057 0.5655416015428857
868 0.7519470091051763 0.5655484511599944
867.5 0.7521713890740167 0.5658846824754091
867 0.7519029905070745 0.5654810432760428
866.5 0.7517773871136049 0.5652900758874365
866 0.7516578305588842 0.5651157755684072
865.5 0.7521360743834757 0.5658308543152445
865 0.7520239507623274 0.5656620327918397
864.5 0.7518769129027256 0.5654426442591982
864 0.7519650970312389 0.5655760435780425
863.5 0.7518696873203734 0.5654326052938248
863 0.7518436101714426 0.5653917946876074
862.5 0.7519488831544983 0.5655512396006646
862 0.751726227499833 0.5652157830563844
861.5 0.751908683846575 0.5654933131089446
861 0.7516975804431877 0.5651731371377889
860.5 0.7516553745705149 0.5651134733642831
860 0.751912714108204 0.5654953687591687
859.5 0.7516690297838661 0.5651277856569876
859 0.7514698284052275 0.5648298151650358
858.5 0.7516865619488875 0.5651571149965467
858 0.7514871104205706 0.5648569123181755
857.5 0.7516597477741354 0.5651135492303078
857 0.7516935177864158 0.5651657710187878
856.5 0.7517108921337561 0.5651922089624134
856 0.7517734928174999 0.5652876430352457
855.5 0.7516214420849262 0.5650611057075918
855 0.7515650824583298 0.5649726064301434
854.5 0.751356870261146 0.564660875796705
854 0.7514386205551623 0.5647817523242579
853.5 0.7515351898980399 0.5649299767012944
853 0.7513461473719611 0.5646465905335102
852.5 0.7515757420075179 0.5649872644180909
852 0.7514019405591599 0.564726969445793
851.5 0.7514789588559775 0.5648423719888029
851 0.7517114887765362 0.5651943234931663
850.5 0.7515366854908587 0.5649329111881434
850 0.7512783996484597 0.5645413531982664
849.5 0.7512166146598308 0.5644487001027947
849 0.7515934301485127 0.5650163645604037
848.5 0.751345357799258 0.5646433597354785
848 0.7514878818763207 0.5648570503899953
847.5 0.751380837073049 0.5646966463389238
847 0.7513887579811075 0.5647089902700587
846.5 0.751245782409414 0.5644952705245505
846 0.7512330191992325 0.5644750239054648
845.5 0.7511042886878789 0.5642824282563198
845 0.7512097772180274 0.5644389287779896
844.5 0.75120602610196 0.5644370978143901
844 0.7510156593316786 0.5641494014395992
843.5 0.7512476157202452 0.5644975510450007
843 0.7511443047408527 0.5643418902491231
842.5 0.750944312710303 0.5640416630201791
842 0.7510400525503991 0.5641863475106489
841.5 0.751404990851447 0.5647310581208613
841 0.7513662936943581 0.564673241812498
840.5 0.7509884760145964 0.564102374165714
840 0.7511553570955968 0.5643575035274366
839.5 0.7510368017230318 0.5641847498354191
839 0.7512511401237378 0.5645008670923852
838.5 0.751160322725114 0.5643637585151053
838 0.7510479505874179 0.5641954455158047
837.5 0.7510637679446258 0.5642223589043687
837 0.7511443444918396 0.5643405680011168
836.5 0.7512106015735437 0.5644416351148325
836 0.7511452437868691 0.5643416440984484
835.5 0.7509886921806113 0.5641087477456868
835 0.7510670416651409 0.5642280589021224
834.5 0.7508619592602409 0.5639179696727423
834 0.7508045120705096 0.5638312925013768
833.5 0.750934566801746 0.5640263116696211
833 0.7508236254934048 0.5638591086924658
832.5 0.7509097758098091 0.5639914937098133
832 0.7504476238945303 0.5632982476638378
831.5 0.750715873777125 0.5636998809070508
831 0.7508838134526444 0.5639500740042388
830.5 0.7506005809427825 0.563524986500673
830 0.7508159576541688 0.5638504462941915
829.5 0.7506422127997436 0.5635886965743394
829 0.7505956363514286 0.5635210691584628
828.5 0.7507718194120981 0.5637823195988725
828 0.7506887947705763 0.5636572061334286
827.5 0.7507231958849954 0.5637085229155475
827 0.7506946288298456 0.5636636567597767
826.5 0.7506531056088667 0.5636022231508041
826 0.7504202867740847 0.5632540453841233
825.5 0.7504238412887071 0.5632610017493352
825 0.7505853073616766 0.5635045547779176
824.5 0.7504770129616786 0.5633417105734525
824 0.750436674095164 0.5632778968869914
823.5 0.7503864336931461 0.5632049337083841
823 0.7503467196376326 0.5631420722028424
822.5 0.7504558706328744 0.5633066404890159
822 0.7505398850970739 0.5634321583783198
821.5 0.7502639316896171 0.5630204266647907
821 0.750354353855671 0.5631565754383943
820.5 0.7503319350734522 0.5631238422199548
820 0.7504382958342474 0.5632800157227128
819.5 0.7505704458986773 0.5634813877520102
819 0.7501927210115963 0.5629126773350935
818.5 0.7501760149912549 0.562884710005829
818 0.7501955158044912 0.5629201774278056
817.5 0.750279477693171 0.5630434888432447
817 0.7501050528957197 0.5627811330938572
816.5 0.7501789582732248 0.5628922955685248
816 0.7504610238936379 0.5633160818824344
815.5 0.7501465749915089 0.5628468390819585
815 0.7500161908981493 0.5626488012141503
814.5 0.7501796286353104 0.5628932331891312
814 0.7502152456776873 0.5629498249516648
813.5 0.750061347436473 0.5627149077543239
813 0.7501859476604708 0.5628979069746598
812.5 0.7501253353406616 0.562815150178215
812 0.7500842168373447 0.5627535859043387
811.5 0.7503517010962417 0.5631531609844198
811 0.7501823256212977 0.5629011486358189
810.5 0.7500293424387747 0.5626665634079374
810 0.7502152404882753 0.5629479220331649
809.5 0.7496826999830725 0.5621481969809751
809 0.7497617866196649 0.5622647200419716
808.5 0.7498344371762918 0.5623778595650865
808 0.749896482660725 0.5624697438388321
807.5 0.7501341167764826 0.5628274012195958
807 0.749999523730806 0.5626250526049753
806.5 0.7501476040396746 0.5628454687979356
806 0.7498845406199564 0.5624507351821023
805.5 0.7498131906970675 0.5623434288715997
805 0.7498062243002612 0.5623357013357694
804.5 0.7498373151870984 0.5623802081522581
804 0.750048891791947 0.5626994946194559
803.5 0.7497505914962013 0.5622512784503395
803 0.7495674361784133 0.5619767828670781
802.5 0.7496350942758566 0.5620776529469311
802 0.749525258076801 0.5619109448751104
801.5 0.7494950822263233 0.5618653569245919
801 0.7496763525510102 0.5621376714829995
800.5 0.7496139616538247 0.5620444598699409
800 0.7495069497502629 0.5618833909554725
799.5 0.7495698301973048 0.5619819512542216
799 0.7495718526216225 0.5619820348968568
798.5 0.7495775176159004 0.5619909315972639
798 0.7494392305661585 0.5617808826540243
797.5 0.7494128245925892 0.5617468628843959
797 0.7494481512871014 0.5617947106659643
796.5 0.7495468253256224 0.561942196108959
796 0.7495325285867565 0.5619231670692658
795.5 0.7494665706089535 0.5618255782979645
795 0.7491378438093691 0.5613307342051296
794.5 0.7494486908860404 0.5617938667039751
794 0.7493690250009082 0.5616786032316551
793.5 0.749139124176789 0.5613331207050042
793 0.749313791491874 0.5615971881892763
792.5 0.7489729241471867 0.5610840923977632
792 0.7491860330579283 0.5614040141543741
791.5 0.7494549059060737 0.5618090270379217
791 0.7493419486806078 0.5616396624366586
790.5 0.7493443273564643 0.5616412202096985
790 0.749243268070564 0.5614910491786574
789.5 0.7493388597549577 0.5616326995383388
789 0.749285247332217 0.5615515991990152
788.5 0.7488783012100667 0.5609443571845161
788 0.7491704709075303 0.5613778200058855
787.5 0.7492158411325723 0.5614489803149733
787 0.7489616474709021 0.5610696391943168
786.5 0.7490319008025439 0.5611777792740258
786 0.749115201739021 0.5613004420835978
785.5 0.7489839929226316 0.5610991686967914
785 0.7490764948377103 0.5612400380105681
784.5 0.749286241536902 0.5615527292546416
784 0.7488431081293937 0.560888211496369
783.5 0.7489360777247691 0.5610310268344657
783 0.7489817860438156 0.5611005885207119
782.5 0.7488433998418256 0.5608890268476097
782 0.7488879841936317 0.5609531563746019
781.5 0.7489208509500976 0.5610094029201452
781 0.7489148997825192 0.5609964115098783
780.5 0.7489421795116047 0.5610381514497446
780 0.7488457150409613 0.5608961157774132
779.5 0.7488483765117517 0.5608984166432369
779 0.7491601187400859 0.5613652640511462
778.5 0.7490220031442322 0.5611624866820895
778 0.7487246772526785 0.5607134330078875
777.5 0.7486771884465199 0.5606393597414144
777 0.7484045651668619 0.5602350284938391
776.5 0.7487983308257843 0.5608223594182807
776 0.7483398214455586 0.5601367875076487
775.5 0.7487941616316842 0.5608166129958704
775 0.7484210816918175 0.5602579582889479
774.5 0.7486133450126109 0.5605465605131241
774 0.748341120326049 0.5601378411224716
773.5 0.7484127225658053 0.5602451982669745
773 0.7485302098514924 0.5604229961476701
772.5 0.7483930818854881 0.560216399360645
772 0.7486976068904719 0.5606750183266707
771.5 0.7482533865287956 0.5600103086293219
771 0.7483893948203006 0.5602130144727008
770.5 0.7483889713017312 0.5602107648724726
770 0.7483393604327945 0.5601376200329277
769.5 0.7484789162918495 0.5603450500405153
769 0.7484321864614906 0.5602764043967299
768.5 0.7484220868770757 0.560263057344536
768 0.7483239922750562 0.5601127887372308
767.5 0.7484812358513948 0.5603460873499041
767 0.7483609213644414 0.5601673689339969
766.5 0.748063587889526 0.5597243766204361
766 0.7481200676616707 0.5598094708993515
765.5 0.7482433200826809 0.5599903377547835
765 0.7482518876465317 0.5600050286577667
764.5 0.7482271334486146 0.5599699488057093
764 0.7481949709276529 0.5599187070617232
763.5 0.7479454454163561 0.5595468717078713
763 0.7480202866935401 0.559662206636938
762.5 0.74796509514938 0.5595765079114512
762 0.7478897243365469 0.5594626852009652
761.5 0.748215476856135 0.5599544631081409
761 0.7479178014303045 0.5595045502299948
760.5 0.7477673749692153 0.5592802158310308
760 0.7479664737337528 0.5595779134427751
759.5 0.7481169915761288 0.5598044510116603
759 0.7478114411494772 0.5593439015837941
758.5 0.7480272836946891 0.559668576685843
758 0.7478321337978043 0.5593825859971214
757.5 0.7479536029513006 0.5595587387110915
757 0.7478164591783442 0.5593526501535452
756.5 0.7477555151921583 0.559265020450781
756 0.7474514045150371 0.558806577865319
755.5 0.7475516072114801 0.5589575880934784
755 0.7477869898504932 0.559308918984104
754.5 0.7474612996415939 0.5588218088908284
754 0.7479215384860078 0.5595107130803356
753.5 0.7475977942703445 0.5590244386334173
753 0.7476910752106493 0.5591653394031448
752.5 0.747677866044481 0.5591475327290109
752 0.7476342743649776 0.5590835454769307
751.5 0.7476031461258061 0.5590349153406767
751 0.7473220278369717 0.5586151942565369
750.5 0.7476008648882457 0.559031318389114
750 0.7477804140096664 0.5592984226348523
749.5 0.7476701037873361 0.5591314052608133
749 0.7475762024692153 0.5589948349269315
748.5 0.7476659550318883 0.5591306208408605
748 0.7475406158728843 0.5589440558193728
747.5 0.7472069612415967 0.5584458013802804
747 0.7475319073030279 0.5589321814835501
746.5 0.7474781153804438 0.5588494229824653
746 0.7473983213961762 0.5587306495629782
745.5 0.7472465769401416 0.5585032909914285
745 0.7473609752882732 0.5586758993484043
744.5 0.7471444804577791 0.5583468975411724
744 0.7469947130437282 0.558127782884109
743.5 0.7471773429011316 0.5584005939146215
743 0.7472689628527762 0.5585338711458852
742.5 0.7473020222112355 0.558583358691951
742 0.7472327780619585 0.5584801389784169
741.5 0.747175563516352 0.5584003855949919
741 0.7469314906503812 0.5580320005169257
740.5 0.7470455260945583 0.5582042645745529
740 0.7470140716153901 0.5581566209225962
739.5 0.746953822400915 0.5580620309577681
739 0.7471993154805515 0.5584338510947092
738.5 0.7471581695202831 0.5583739117552051
738 0.746888428900772 0.5579679401929233
737.5 0.7469452247830998 0.5580482593617273
737 0.7470420050248022 0.5581961752589347
736.5 0.7468772593799523 0.5579513927758996
736 0.7466877187798461 0.5576671163188619
735.5 0.7470020528047333 0.5581368519276921
735 0.7469885856595075 0.5581179329176792
734.5 0.7468014043667456 0.5578370188099178
734 0.7466484735927943 0.5576057545442218
733.5 0.7467319638527791 0.5577347343834683
733 0.7467667442430329 0.5577846824049715
732.5 0.7466496375636624 0.5576085673366241
732 0.7466612003623966 0.557631071680373
731.5 0.7465438579792205 0.5574561948251039
731 0.7465560095439682 0.5574706308765933
730.5 0.7463088050183214 0.5571001215868719
730 0.7466409400780784 0.5575950604463917
729.5 0.7463969250488527 0.5572330252700849
729 0.7464483953582264 0.5573095146184356
728.5 0.7466046920230948 0.5575395433905733
728 0.7469103013475575 0.558001001515546
727.5 0.7465933103194193 0.5575256206897103
727 0.746522251278075 0.5574194524047894
726.5 0.7463010186977264 0.5570909753272381
726 0.7463487813709192 0.5571630023403746
725.5 0.7463415816923741 0.5571487295672575
725 0.746210260424144 0.556952327351234
724.5 0.7465584010775104 0.5574749369181665
724 0.7466180200882147 0.5575637106969453
723.5 0.7466200113942733 0.5575669324302368
723 0.7463934740923218 0.5572287111516339
722.5 0.746326520752267 0.5571290594768414
722 0.746201785737927 0.5569416288500745
721.5 0.7463111624426602 0.5571052122902481
721 0.7462846701839099 0.5570689103228426
720.5 0.7460986759777809 0.5567868095112088
720 0.7458750377654496 0.5564560851628992
719.5 0.7460870000044321 0.5567699470309985
719 0.7460137051415539 0.5566649910677234
718.5 0.7460675480747951 0.5567430327872285
718 0.7459933730435451 0.5566318028006322
717.5 0.7458253373604234 0.5563783344533838
717 0.7460453924628425 0.5567097769874008
716.5 0.7458523794504618 0.5564230916359496
716 0.7461085097149518 0.5568044072829045
715.5 0.7459482118650158 0.556567362234963
715 0.7458844132572958 0.5564693559444491
714.5 0.7456639742681614 0.5561418147135608
714 0.7456300366059655 0.5560892629856341
713.5 0.7456927947690407 0.5561861378518377
713 0.7459736669028975 0.5566019437594902
712.5 0.745479184001943 0.5558652750499309
712 0.745916434041631 0.5565185264639015
711.5 0.7458803194695983 0.5564658646335885
711 0.7455319832260574 0.5559439640230694
710.5 0.7454377279352042 0.5558024954139914
710 0.7457678428780846 0.5562964300733181
709.5 0.7457503376579839 0.5562708389154292
709 0.7455076529617641 0.5559081679304415
708.5 0.7455000205656257 0.5558981060135019
708 0.7454050922481519 0.5557543860503326
707.5 0.7452230030548672 0.5554851062706413
707 0.7452835241006565 0.555574272682492
706.5 0.7454614520130495 0.5558405335457622
706 0.745376208748602 0.5557129314352047
705.5 0.7454532041009984 0.5558224068059566
705 0.7452126991121 0.5554672684052679
704.5 0.7455688897411076 0.5559968573788998
704 0.7453857940426489 0.5557251763918651
703.5 0.7454036656486716 0.5557513056741622
703 0.7452422503737379 0.5555112887617358
702.5 0.7452659661118393 0.555549220239539
702 0.7452981152328912 0.5555943152724478
701.5 0.7453398251655721 0.5556579418015872
701 0.7453305279892187 0.5556443310936533
700.5 0.7452484848200773 0.5555197746882498
700 0.7452139152069364 0.5554683359998053
699.5 0.7453311034492587 0.5556456859560207
699 0.7449571216894224 0.5550886781195583
698.5 0.7452692179221261 0.5555509967089757
698 0.7448306314589855 0.5548978631167476
697.5 0.745102085591834 0.5553008739000654
697 0.7447553673434092 0.5547866387236425
696.5 0.7447885419350134 0.5548389375533849
696 0.7450779654622983 0.5552679634908626
695.5 0.7448538802936892 0.5549331524377858
695 0.7446816625598209 0.554679585431332
694.5 0.7446747639065612 0.5546693670411663
694 0.7449205347206382 0.5550274523270056
693.5 0.744909989341173 0.5550116680616064
693 0.7446542911461895 0.5546361794926057
692.5 0.7445170095029954 0.5544332488730991
692 0.7446559925586106 0.5546389709222262
691.5 0.7444475312117164 0.5543285978164534
691 0.7448063790668992 0.5548644472435726
690.5 0.7444723716185558 0.5543652439871959
690 0.7448187195673381 0.5548802516314583
689.5 0.7446729301841575 0.5546635588161548
689 0.7448944902299226 0.5549923713555276
688.5 0.74466638431366 0.5546514073293566
688 0.7444517660274256 0.5543356195062771
687.5 0.7441866979385627 0.5539357648225425
687 0.7445128473845993 0.5544272052886795
686.5 0.7446026675586578 0.5545541412538858
686 0.7443513483563131 0.554183915289819
685.5 0.7444978260141389 0.5544040199557828
685 0.7446775980695047 0.5546696919127097
684.5 0.7443006781984676 0.5541084969562394
684 0.7444007524639015 0.5542599996428909
683.5 0.7442897776883209 0.554093826309968
683 0.7441027869950734 0.5538118552046777
682.5 0.7442913388513219 0.554095221211378
682 0.7443653878029372 0.5542045080817348
681.5 0.7441977104212097 0.5539575439932648
681 0.7442585233810509 0.554045164602777
680.5 0.7440598653570888 0.5537493300122402
680 0.7439481223341408 0.5535811844146095
679.5 0.744064908908609 0.55375563515218
679 0.743862590681404 0.5534580616098705
678.5 0.7439759739215354 0.5536252012267207
678 0.74370590123138 0.5532243777977378
677.5 0.7438424286005325 0.553428544237216
677 0.7439606199817552 0.5536028629096698
676.5 0.7438606319470531 0.5534560123001678
676 0.743848899376415 0.553435287088819
675.5 0.7437473421042387 0.5532852534118428
675 0.7436907198127725 0.5532031147679685
674.5 0.7438858931463558 0.5534922466607788
674 0.7437169118310705 0.5532425415752578
673.5 0.7436375536252405 0.5531253132423409
673 0.7437219267752349 0.5532496608263489
672.5 0.7436745049296012 0.553177148489022
672 0.7432854905239376 0.5526005051180758
671.5 0.7437531403041078 0.5532967695367174
671 0.7436591465677957 0.5531565018993351
670.5 0.7434498502004635 0.5528400140401762
670 0.7432493381573826 0.5525448675804545
669.5 0.7435171504966748 0.5529461605677769
669 0.743585788099612 0.553044028082422
668.5 0.743283741342787 0.5525957124413995
668 0.7432967307850802 0.5526135529663622
667.5 0.7436439682647954 0.553132202267844
667 0.7433139314471455 0.5526436113537334
666.5 0.743330025260512 0.5526662667521962
666 0.7433570986273708 0.5527080961529736
665.5 0.7433063907220231 0.5526311530827649
665 0.743073926121982 0.5522856289871299
664.5 0.7429481011448229 0.5520963728906086
664 0.7431013271376506 0.552325704697253
663.5 0.7429771927042141 0.5521406170970156
663 0.7430156697366109 0.5522003884931095
662.5 0.7429690420086483 0.552128902606701
662 0.7431765621220371 0.5524392785487425
661.5 0.7431696415810082 0.5524290475285392
661 0.7429717507898428 0.552132633685417
660.5 0.7431345974876087 0.5523748207423573
660 0.7431216773100656 0.5523534080151603
659.5 0.742964904578379 0.5521214179976955
659 0.7430449594813194 0.5522429012380008
658.5 0.7428185154483825 0.5519081518639335
658 0.7429854894438371 0.5521565301606777
657.5 0.7429791407198134 0.5521453077688404
657 0.7428424560554552 0.551943828545163
656.5 0.7425168448743235 0.5514571063676815
656 0.7427645438210997 0.5518243690685363
655.5 0.7427014795350796 0.5517326393724333
655 0.7427040471243439 0.5517337187530621
654.5 0.7426600747933781 0.5516726405079468
654 0.7427798096102455 0.5518473495910692
653.5 0.7423902546057668 0.5512673273912054
653 0.7423267706542195 0.5511766787505509
652.5 0.7425217786311442 0.5514667789097051
652 0.7425001695510042 0.5514316631751592
651.5 0.7423246530108532 0.5511720301872043
651 0.7426190561545276 0.5516088170155397
650.5 0.7423264268419435 0.5511779576251672
650 0.7424006679727075 0.5512870150841691
649.5 0.742412383727644 0.5513026179852716
649 0.7423584889239973 0.5512213879429582
648.5 0.7423476065955324 0.5512102027071055
648 0.7424641381628383 0.5513777790533714
647.5 0.7419053346814879 0.5505512308607475
647 0.7423455412363557 0.5512020127297677
646.5 0.7421185397277139 0.5508647935824742
646 0.7421776632272883 0.5509564534126071
645.5 0.7421050647487262 0.5508458627173154
645 0.7420713008618605 0.5507975192155188
644.5 0.7417771949437505 0.5503623070330934
644 0.742066092516184 0.5507890015003869
643.5 0.741688129367054 0.5502316038038348
643 0.74193638971912 0.5505997223994861
642.5 0.7418479186762286 0.550466295846718
642 0.7417520498387707 0.5503231989918559
641.5 0.7419823835801691 0.5506659038204001
641 0.7418461135709785 0.5504630557455439
640.5 0.742013559306072 0.5507151336316862
640 0.7419551200850647 0.5506206533044968
639.5 0.7417090859137135 0.5502592264809096
639 0.7418618323879902 0.5504870888763885
638.5 0.7416854115004065 0.550221285418696
638 0.7416677614069368 0.5501995913323916
637.5 0.7417149822582066 0.5502667362603454
637 0.7415753301688899 0.5500616774188702
636.5 0.7413530943742032 0.5497338841985421
636 0.7413766579181718 0.5497638885047199
635.5 0.7417439824277922 0.5503098359293968
635 0.7413230196458029 0.5496821075164017
634.5 0.7412601832482667 0.5495921450195276
634 0.7413494209899185 0.5497230100383446
633.5 0.7412481256916702 0.5495749431574782
633 0.7411402642695333 0.5494154066065096
632.5 0.7411794472708729 0.5494696448506003
632 0.7412895871033596 0.5496367590267507
631.5 0.7412363996238307 0.5495548059843997
631 0.7411772753192721 0.5494686809133194
630.5 0.7412747734532926 0.5496131044486062
630 0.7411223465035566 0.5493897844944239
629.5 0.7409975689393801 0.5492064959836447
629 0.7410305388613998 0.5492546973898091
628.5 0.7409608271710227 0.5491513073750903
628 0.7408660591646916 0.5490108322678087
627.5 0.7407252904980187 0.5488012777881899
627 0.7411108387969071 0.5493703176685273
626.5 0.7408795479524818 0.5490276682030223
626 0.740881793489578 0.5490323672113189
625.5 0.7409817260949019 0.5491794949549016
625 0.7407717082147459 0.548869819818099
624.5 0.7407961346876626 0.5489050313204865
624 0.7406814092345535 0.5487339188087706
623.5 0.7405805578182054 0.5485840207892783
623 0.7405586498301614 0.5485518902429745
622.5 0.7405646319436342 0.5485639665925347
622 0.7405237691551635 0.5484995154954649
621.5 0.7405872072677978 0.548593216267271
621 0.7406306120169435 0.5486578833829046
620.5 0.7405419385045456 0.5485287624721324
620 0.7400391366404687 0.5477809898343242
619.5 0.7403436252132671 0.548235331826486
619 0.7401995317503189 0.548019220732296
618.5 0.7403644830096293 0.5482654404569978
618 0.7401925502979287 0.5480131314196535
617.5 0.7400595316315836 0.5478171432103222
617 0.7400427288029908 0.5477918683062701
616.5 0.7401136273528013 0.5478952365035006
616 0.7400550563585463 0.5478055903011819
615.5 0.7402104527870941 0.5480393129483982
615 0.740182748557649 0.5479946912344279
614.5 0.7401039543863173 0.5478783222252754
614 0.7402535641296752 0.5481055285716728
613.5 0.7400100559504685 0.5477405952716429
613 0.739909981555123 0.5475941161983758
612.5 0.7399296353294311 0.5476232849465816
612 0.7401508992706195 0.5479488818672017
611.5 0.7398372565262471 0.5474834005774447
611 0.7398468338098666 0.5475064030675421
610.5 0.7399319519898258 0.5476266652528762
610 0.7400634843527613 0.5478199431843198
609.5 0.7398644741401985 0.5475261223704809
609 0.7398183774121484 0.5474586997697743
608.5 0.7398171328538325 0.5474542985141798
608 0.7394944543967291 0.5469778352123742
607.5 0.7398133159466953 0.5474509375968151
607 0.739645748755067 0.5472046012819164
606.5 0.7395215884662029 0.5470203182562173
606 0.7394232790024207 0.5468740365958049
605.5 0.7393283288699233 0.5467338470209888
605 0.7396724604757101 0.5472439214586684
604.5 0.7393011982323873 0.5466903726640702
604 0.7395205535076815 0.547017831904045
603.5 0.7392091156514238 0.5465580315900039
603 0.7389870956504154 0.5462298597068201
602.5 0.7390313673197615 0.5462953484945446
602 0.7392987276728321 0.5466891273008472
601.5 0.7392538947260837 0.5466245170929057
601 0.739039445912453 0.5463084172292134
600.5 0.7391213173657846 0.5464302963120536
600 0.7390354779825362 0.546297491902807
599.5 0.7391796512474392 0.5465132920298491
599 0.7389583952225711 0.5461880913686679
598.5 0.7392572295953204 0.5466302575966993
598 0.7388309054040698 0.5459996601744135
597.5 0.7389313520850649 0.5461474611494509
597 0.7390627042258051 0.5463423436608313
596.5 0.7387632740834748 0.5458968561047536
596 0.7387929201712836 0.5459429511704254
595.5 0.7387366488169264 0.5458565993501483
595 0.7388725050011741 0.546061727106034
594.5 0.7385272343943714 0.5455538868484052
594 0.7387505841434762 0.5458802587705451
593.5 0.7385658456905582 0.5456077966644909
593 0.7386141442094323 0.5456798014816816
592.5 0.7386780383176638 0.5457713629531644
592 0.738259846664102 0.5451522549585265
591.5 0.7385095256810216 0.5455190202718168
591 0.7385845144257167 0.5456330938818684
590.5 0.7382587669729623 0.5451531320466831
590 0.7384024198231486 0.5453651317985062
589.5 0.7383213242111893 0.5452470021467364
589 0.7383397591241847 0.5452731909495864
588.5 0.7383482519166165 0.5452834446593882
588 0.7385365749741447 0.5455626211724426
587.5 0.7381107692913704 0.5449327914092619
587 0.7382858802032923 0.5451917298456448
586.5 0.7382049130604713 0.545073816716966
586 0.7380820450525974 0.5448898072659233
585.5 0.7380220145901529 0.5448024982991717
585 0.7378761439539254 0.5445895779233403
584.5 0.7381399906292071 0.544976518284374
584 0.7379738947511973 0.544735692105163
583.5 0.7380125499829948 0.5447917605770067
583 0.738019770579146 0.5448009145943989
582.5 0.7379431800078011 0.544684041135955
582 0.7377270789331205 0.5443680392532965
581.5 0.7377416740015753 0.5443913586739594
581 0.7378528897533604 0.5445552936310372
580.5 0.7377299215081661 0.5443701259191209
580 0.7373985063485803 0.5438816500204655
579.5 0.737488446101959 0.5440189344799252
579 0.7377713425039494 0.5444338914253869
578.5 0.7374965890597632 0.5440290650542768
578 0.7373969983900396 0.5438848386568188
577.5 0.7374670380842305 0.5439869866960492
577 0.7376417350726028 0.5442451624347358
576.5 0.7372143990816123 0.5436149207151365
576 0.7375476627276504 0.5441051772969789
575.5 0.737072651028188 0.5434035896282483
575 0.7372705099483321 0.5436960275578683
574.5 0.7373551689032781 0.5438177027415568
574 0.7371640526245482 0.543540089592365
573.5 0.7374097753532033 0.5439036124655529
573 0.736999937415625 0.5432960560095484
572.5 0.7371113027048621 0.5434602500136494
572 0.7368803998529053 0.5431249509276291
571.5 0.736869369073811 0.5431011291933239
571 0.7371591371578641 0.5435298978701348
570.5 0.7371323439620003 0.5434928558924409
570 0.7369334126806123 0.5431972648481551
569.5 0.7367204672876041 0.5428845182615667
569 0.7365517826037585 0.5426384019223623
568.5 0.7366286487969115 0.5427477954895635
568 0.7365364626186544 0.5426163800483004
567.5 0.7364173554220337 0.5424399559055859
567 0.7363984912632702 0.542411225666122
566.5 0.7362444587324123 0.5421851393305288
566 0.7364371742153815 0.5424660678123026
565.5 0.7365821941835854 0.5426797997010852
565 0.7365151885847594 0.5425811274195399
564.5 0.7364388552320689 0.5424679256683751
564 0.7363505061013024 0.5423409649371742
563.5 0.736482912233459 0.5425363041019262
563 0.7364518340144102 0.542487496095901
562.5 0.7360776897483071 0.5419409128416975
562 0.736220312324781 0.5421495697942446
561.5 0.7361121110983184 0.5419890413530626
561 0.7359977712659208 0.5418224989807219
560.5 0.7360292892124398 0.5418694553209442
560 0.7360039736553761 0.5418333748822399
559.5 0.7361762747764219 0.5420850984080514
559 0.7361660781800031 0.5420676500310313
558.5 0.7359842334944421 0.5417953400981741
558 0.7357800911152521 0.5414993129454755
557.5 0.7359077173217061 0.5416888794004662
557 0.7360105300408131 0.5418386411018988
556.5 0.7358634880343043 0.541623384348329
556 0.7357059522802225 0.5413912554644079
555.5 0.7357837711562151 0.541505831537284
555 0.7355426989310555 0.5411542204258812
554.5 0.7356684075290187 0.5413359379667881
554 0.735668915715927 0.541336438984132
553.5 0.7355459155526239 0.541156028267822
553 0.7354675314366567 0.5410397804811602
552.5 0.7352705265893769 0.5407506193190188
552 0.735611385753366 0.541252394629238
551.5 0.735194484606911 0.54064001133394
551 0.7355079926743515 0.5411029400006775
550.5 0.7353819519575534 0.5409142819900715
550 0.7350723382156703 0.5404589982247178
549.5 0.7353731781388821 0.5409012012276528
549 0.734956211557569 0.5402877085507088
548.5 0.7350868641401701 0.5404835550900732
548 0.7351069855755341 0.5405097791432061
547.5 0.7350812737606677 0.5404739841537786
547 0.7349557046821914 0.5402895761390814
546.5 0.7352033386070626 0.5406525619007497
546 0.7348949735035402 0.5402025057879718
545.5 0.73470798971455 0.5399245894997464
545 0.7349990535388183 0.5403549879561077
544.5 0.7349430286787412 0.5402697140265336
544 0.7347446963127935 0.539980519464061
543.5 0.734534749953013 0.5396692683636857
543 0.7347653309260389 0.540007530503283
542.5 0.734629843698135 0.5398081304811985
542 0.7345045441212585 0.5396249460951742
541.5 0.7345985168869648 0.5397658229212313
541 0.7341525090739272 0.539110059054582
540.5 0.7342212453099469 0.5392101473066824
540 0.7342774176509664 0.5392916020647099
539.5 0.7345360369298453 0.5396738159883109
539 0.7343387399697134 0.5393803355603632
538.5 0.734003155729179 0.5388898113712736
538 0.7342846778354225 0.5392991479785264
537.5 0.7343082237151877 0.5393369493974406
537 0.7338017028694692 0.5385949395011574
536.5 0.733973189402215 0.5388415133805411
536 0.7342023983585373 0.5391834667410997
535.5 0.7342946970858939 0.5393154544483911
535 0.7339400142242882 0.5387948186419788
534.5 0.7338623374496905 0.5386831670591122
534 0.733942372461782 0.5388014548468301
533.5 0.7336922904160019 0.5384341502321298
533 0.7339873355101711 0.538866009300855
532.5 0.733599748518016 0.5382958716897995
532 0.733345421549066 0.5379267611474166
531.5 0.7335117541689036 0.538168428719657
531 0.7334970361142414 0.5381457147144443
530.5 0.7334618703926438 0.5380946595706523
530 0.733528083098394 0.53818845103147
529.5 0.7333739110551384 0.5379653706972024
529 0.7334720270771593 0.5381132521438297
528.5 0.733530168544188 0.5381960146112871
528 0.7331851670144443 0.5376871668064953
527.5 0.7332650096741906 0.5378077362005415
527 0.7333578731313338 0.5379415803909802
526.5 0.7329171816563353 0.5372989006423864
526 0.7330473759451536 0.5374849268535586
525.5 0.7332750208346464 0.5378217924946432
525 0.7332579658544527 0.5377937009552048
524.5 0.7328332499516197 0.5371744985902772
524 0.7331633735045268 0.5376592531975427
523.5 0.7329854557474955 0.5373954047995761
523 0.7327219739652321 0.5370133975170389
522.5 0.7327259603259724 0.5370159538380568
522 0.7325133549913053 0.5367035167218143
521.5 0.7325243851861347 0.5367222108230071
521 0.7324413737418637 0.5366003143312843
520.5 0.7326799633013912 0.536952744183756
520 0.732592554591282 0.5368202706203478
519.5 0.7324818025084026 0.5366596139885952
519 0.7327080058218458 0.5369882455679351
518.5 0.7322361519651274 0.5363004192675305
518 0.7324776835547435 0.5366516488384689
517.5 0.7323920449493333 0.5365293881615308
517 0.7322686292444525 0.5363467177453274
516.5 0.7321060182057961 0.536109158158571
516 0.7322320587085307 0.5362905682418048
515.5 0.7317558521222791 0.5355915725643813
515 0.7318612813779048 0.5357510613715761
514.5 0.7320331189940096 0.5360043213740459
514 0.7317377245378995 0.535569549712836
513.5 0.7321096977746467 0.5361119411499145
513 0.7321692777149107 0.5361976804728545
512.5 0.7315895646145868 0.5353508578566822
512 0.731682818865217 0.5354903816138011
511.5 0.7318513458364433 0.5357359731000637
511 0.7315823826360661 0.535338731818228
510.5 0.7318297102083571 0.5357062355784172
510 0.7317067555427992 0.5355250929191429
509.5 0.7312992301565416 0.5349277788355133
509 0.7316858244608493 0.5354929419781724
508.5 0.73130613204809 0.5349393804524674
508 0.7311441133271861 0.5347000820655673
507.5 0.7313758485762497 0.5350419147776672
507 0.731060793837112 0.5345809342600841
506.5 0.7311335227538892 0.5346815511434423
506 0.7310130614588085 0.5345081755517731
505.5 0.7310648127829976 0.534586931732109
505 0.7310437852166475 0.5345541059184122
504.5 0.7308916390851365 0.5343317321995201
504 0.7308356769272119 0.5342474354123958
503.5 0.7309293079662315 0.5343864264035975
503 0.7309085762803699 0.5343568718062383
502.5 0.7307492636212563 0.5341223317108323
502 0.7309558761487734 0.5344268342347903
501.5 0.7307648728715161 0.5341505237814995
501 0.7306259341751661 0.5339434842557006
500.5 0.730531445814669 0.5338055333100664
500 0.7306811299098952 0.5340243916419853
499.5 0.7306605656617824 0.5339955690433082
499 0.7301961668158159 0.5333165233985466
498.5 0.7305616525550224 0.5338472973290195
498 0.7304114267549201 0.5336337680571069
497.5 0.7303606218247746 0.5335578178939168
497 0.7303434491351275 0.5335303222973209
496.5 0.7302081171598318 0.5333325358962051
496 0.7301380013887488 0.5332342730584558
495.5 0.7302156843792413 0.5333464650864643
495 0.7299583550511132 0.5329688377591323
494.5 0.7300035628489894 0.5330351590858146
494 0.7299967094438565 0.53302059134226
493.5 0.729719710652304 0.5326238717649557
493 0.7300189021155268 0.5330586810932706
492.5 0.7298493742477902 0.5328103707107732
492 0.7296433772267881 0.5325123703150615
491.5 0.7298062321419008 0.532745929480485
491 0.7296266368594525 0.5324824874635449
490.5 0.7298085265321842 0.5327507920424384
490 0.7295348502852255 0.5323497937878984
489.5 0.7292286059748311 0.5319045901019409
489 0.7294839437973976 0.5322743183383529
488.5 0.729497807461886 0.5322941813555192
488 0.7292874534178536 0.5319955668131328
487.5 0.7295020148245887 0.5323018238766013
487 0.7289761133513647 0.5315345766038571
486.5 0.7291227543698605 0.5317507246823979
486 0.7290823569980338 0.5316913132838771
485.5 0.729067011723286 0.5316680168868618
485 0.7289620281580391 0.5315165043172356
484.5 0.7288582839909121 0.5313649203860259
484 0.7289238117748106 0.5314606566997386
483.5 0.7291014292892498 0.5317179349938094
483 0.7284703018863332 0.5308000921325576
482.5 0.7289007241909958 0.5314252102599185
482 0.7286170888957296 0.5310104710678607
481.5 0.7287193351156985 0.5311622676476014
481 0.7284083621168229 0.5307105463237258
480.5 0.7288396293462677 0.5313391529417443
480 0.7282395092012945 0.530461545194682
479.5 0.7284094253319605 0.5307093928247808
479 0.7282861417403566 0.5305329346004936
478.5 0.7281026538634371 0.5302664517153793
478 0.7284655453051582 0.5307911244616768
477.5 0.7277442402514158 0.529742132476649
477 0.7278317866397286 0.5298692316484538
476.5 0.7280259827157411 0.5301528454807638
476 0.7276800161923704 0.5296507349572098
475.5 0.7281922958094444 0.5303951131816746
475 0.7277757559223107 0.5297856731570008
474.5 0.7276797164880406 0.529648769462726
474 0.7275063131562575 0.5293962347952342
473.5 0.7276136581638329 0.5295545482019826
473 0.7277386030750036 0.5297347119720693
472.5 0.7277204825101402 0.5297070281817614
472 0.7275599893051793 0.5294747235240783
471.5 0.7275451487765683 0.529450767931835
471 0.7272686184900324 0.5290499476168588
470.5 0.7272208403774263 0.5289801395645505
470 0.7274778367412178 0.529354298962221
469.5 0.7272626911614337 0.529039710933786
469 0.7271329249396639 0.5288513721307118
468.5 0.7269648417431877 0.5286079449800147
468 0.7269488200698322 0.5285858023392958
467.5 0.7270070402352002 0.5286685498011292
467 0.726908963740012 0.5285260297861339
466.5 0.7267484126182342 0.5282923782725141
466 0.7265950812469986 0.5280697028778453
465.5 0.7265463251334318 0.528001438812743
465 0.7268640512599271 0.5284628081647752
464.5 0.7268058020463408 0.5283801604034438
464 0.7264814356879585 0.5279076154060235
463.5 0.7264944127666055 0.5279275203832723
463 0.7261248079520967 0.5273891069282313
462.5 0.7262689772455382 0.5275951748336848
462 0.7260445760255572 0.527269885569338
461.5 0.7260834224233612 0.5273299238496868
461 0.7262108619017701 0.5275125441619316
460.5 0.7259134744080323 0.527078658733196
460 0.725885587518368 0.5270385903301168
459.5 0.7260816946776962 0.5273245237325327
459 0.7257802795356689 0.5268859378404733
458.5 0.7260299372064252 0.5272507766415938
458 0.7258888000707382 0.5270456289085329
457.5 0.725972527281273 0.527165994925713
457 0.7257447919492144 0.5268338197811915
456.5 0.7254621199805771 0.526427849736761
456 0.7255799136016151 0.5265969687840619
455.5 0.7255073298871171 0.5264931978137511
455 0.7253796876852984 0.5263089360887968
454.5 0.7252338437015612 0.526095817840901
454 0.7252488951767652 0.5261166722404284
453.5 0.7252172304896399 0.5260695746734287
453 0.7252290979099877 0.5260849771938824
452.5 0.7252072162751698 0.5260561163044912
452 0.7248671622205509 0.5255596255372731
451.5 0.725127577532454 0.5259403994992109
451 0.724995454706629 0.5257485176266246
450.5 0.7248534727736874 0.5255416494104664
450 0.7245791030573806 0.525144667959238
449.5 0.7246270736715172 0.5252110690624205
449 0.724756713583156 0.525402256411376
448.5 0.7244315204998399 0.5249317614058784
448 0.724508050747083 0.5250435015128053
447.5 0.7244957927885164 0.5250264785482712
447 0.7243787842680892 0.5248553846499305
446.5 0.7243200663599817 0.5247701386377036
446 0.7245006751114081 0.5250341575127303
445.5 0.7240578057999525 0.5243882025153382
445 0.7239423452487072 0.5242266252848845
444.5 0.7240599832309336 0.5243950385157325
444 0.7239281900249375 0.5242008603197459
443.5 0.7238475178995458 0.52408515741875
443 0.7237712022847517 0.523979983589985
442.5 0.7238872464330052 0.5241442481983192
442 0.7237903907631071 0.5240038763758006
441.5 0.7236109736987687 0.5237445558954809
441 0.7235582788216084 0.5236670101400768
440.5 0.723445187255742 0.5235054168188917
440 0.7233169859664877 0.5233212055624904
439.5 0.7234636741858439 0.5235278726247773
439 0.7231956209056425 0.523145239682701
438.5 0.723073144599531 0.5229627853176602
438 0.7231418150198705 0.5230686332901333
437.5 0.7233119059936105 0.5233139668497605
437 0.7231306205285212 0.5230511257629896
436.5 0.7227146703417205 0.5224483456949227
436 0.7228030707885509 0.5225766349813734
435.5 0.7227805054858943 0.5225442394704866
435 0.7227572087824228 0.5225109024079119
434.5 0.7228434537060987 0.5226318752552048
434 0.7225964368421626 0.522276551946804
433.5 0.7226814214808298 0.5223956320663186
433 0.722425198121092 0.5220293065516646
432.5 0.7221342571462911 0.5216073640105641
432 0.7223532574687818 0.521925656959529
431.5 0.7222601649055131 0.5217926924720065
431 0.7223004170935563 0.5218496804328246
430.5 0.7224517001254306 0.5220655111269702
430 0.7222383680202253 0.5217608045628003
429.5 0.7218324632064309 0.5211719388854961
429 0.7221477623896864 0.5216265300754218
428.5 0.7219892644062053 0.5213991899640433
428 0.7220708491554799 0.5215170936680182
427.5 0.7219108655121762 0.5212844051648116
427 0.7216660161140468 0.5209370439659573
426.5 0.7216425515123377 0.5208990961377009
426 0.7215573515447549 0.5207730391391627
425.5 0.7213385523325788 0.5204629390926672
425 0.7215748172281731 0.5208001735495829
424.5 0.7212801207049191 0.5203757425966102
424 0.721286358349874 0.5203856068418946
423.5 0.7210420614377604 0.5200363041369174
423 0.7210832698264807 0.5200908685675496
422.5 0.7209109816908384 0.5198464770745929
422 0.7206489168701156 0.5194648873520314
421.5 0.7205796384696542 0.5193653409187776
421 0.7207198767479903 0.5195695870298254
420.5 0.720814717905326 0.5197035644910176
420 0.7204851363214252 0.5192317631445252
419.5 0.7203330255278433 0.5190108776667346
419 0.720546194493508 0.5193211669937031
418.5 0.7203389378469464 0.5190199794827237
418 0.720146577427239 0.5187421604488269
417.5 0.720236389382849 0.5188725017309292
417 0.7200982970401654 0.5186758243718527
416.5 0.7198473737400175 0.5183136713625849
416 0.7201038735265123 0.5186818008877943
415.5 0.7201496495090386 0.5187470918577868
415 0.7199495827792217 0.5184573572283901
414.5 0.7199415550936388 0.5184505008913022
414 0.7195618526759235 0.5178972319992932
413.5 0.7197650478764354 0.5181936325701608
413 0.719650557805229 0.5180319905244163
412.5 0.719566534839121 0.517906170358819
412 0.71928573677926 0.5175072002779101
411.5 0.7194845228876775 0.5177901193505485
411 0.7194508006862227 0.5177424720927672
410.5 0.7191357439697235 0.517289468431729
410 0.718778498408543 0.5167734353309653
409.5 0.719107068524162 0.5172488848694861
409 0.7188007438399511 0.516803716946933
408.5 0.7188217349324627 0.5168341659010708
408 0.7185470852763118 0.516445953141758
407.5 0.7184706306379577 0.516329269036437
407 0.7187425654783711 0.5167222447340896
406.5 0.7186531068018782 0.5165955636441039
406 0.7181413590982662 0.5158591085608357
405.5 0.7182462442182752 0.5160117018930005
405 0.7181531962257919 0.5158782944628094
404.5 0.7183069621541128 0.5160946634577007
404 0.7177617109633826 0.5153172586789263
403.5 0.7181886059209992 0.5159258468593125
403 0.717742271419998 0.5152845972288077
402.5 0.7181892235936231 0.5159275955930923
402 0.7178749568414549 0.5154734401075107
401.5 0.7177714379670953 0.5153272757845461
401 0.7175607487809654 0.5150278513616935
400.5 0.7179241861401343 0.5155471385206188
400 0.7175618213781481 0.5150303928439799
399.5 0.7172989490566619 0.5146497039689482
399 0.7174633231598447 0.5148883523437847
398.5 0.7173121878426361 0.5146706049490339
398 0.7170409588025574 0.5142788316879267
397.5 0.7170288278216836 0.5142646803772006
397 0.7172633289945457 0.5145979806099519
396.5 0.7169061956071507 0.5140856483722946
396 0.7164956615514319 0.5135009953483021
395.5 0.7166822283076307 0.5137650358430654
395 0.7166024369938172 0.5136551916895892
394.5 0.7167594882011635 0.5138801674590974
394 0.7166952264446899 0.5137850736967401
393.5 0.716435310519875 0.5134108973122643
393 0.7164948452169554 0.5134938987913125
392.5 0.7161128925140442 0.5129541089762129
392 0.7160822889463353 0.5129078199308369
391.5 0.7159337101560913 0.5126963478509007
391 0.7160897956567707 0.5129167475594961
390.5 0.7159777233298071 0.5127569835056981
390 0.7157754198554952 0.5124657997631149
389.5 0.7154806023736799 0.5120432705328467
389 0.7156453591539562 0.5122825786640094
388.5 0.7155969732914353 0.512211668331522
388 0.7154178492854274 0.5119540781574953
387.5 0.7152094633651749 0.5116557733765879
387 0.7150939449026581 0.5114921816554714
386.5 0.7148563131067875 0.5111489508328679
386 0.715114939506218 0.5115227992065049
385.5 0.7149866009372522 0.5113409891042866
385 0.7145853262744105 0.5107661765648736
384.5 0.7148011367083718 0.5110745025165367
384 0.7145787068832722 0.5107509732483585
383.5 0.7148661413014381 0.5111676834149459
383 0.7145020846087015 0.5106445149621665
382.5 0.714459419868237 0.5105862807452705
382 0.7142479181128046 0.5102851741559268
381.5 0.7143206070568873 0.5103886879411457
381 0.7139550969147637 0.5098638346174662
380.5 0.7138414465105132 0.5097027800345189
380 0.7141375767934087 0.5101253098270696
379.5 0.7140123494808548 0.5099462728120211
379 0.7136225500095488 0.509391734541651
378.5 0.7134852382619874 0.5091939369686757
378 0.7135464940557854 0.509277108751666
377.5 0.7133963837481128 0.509069815529357
377 0.7131958208255583 0.5087846922008088
376.5 0.7132155161327068 0.5088056091893429
376 0.7131602807256805 0.5087292033652417
375.5 0.7127871512968631 0.5082013537538683
375 0.7130864298801125 0.5086261343959211
374.5 0.7126656943669522 0.5080256821884237
374 0.7125843323797245 0.507911993170265
373.5 0.7123540528261061 0.5075827371390601
373 0.7124722886201983 0.5077502376240528
372.5 0.7129668561330333 0.5084511892013256
372 0.712201593502675 0.5073605128666542
371.5 0.7123130475391167 0.5075270344874322
371 0.7122840249041621 0.5074820025989634
370.5 0.7120853522479748 0.5071993944962142
370 0.7122058358722855 0.5073684490574748
369.5 0.7118204184215717 0.5068200502639031
369 0.7119319443891634 0.5069800855023316
368.5 0.7117790680500918 0.5067623450178554
368 0.7114986569639672 0.5063668680006231
367.5 0.7114955747679329 0.5063607455954918
367 0.7116766061818521 0.5066190236437764
366.5 0.7111515146281904 0.505874051285021
366 0.7112669713644617 0.5060374713661198
365.5 0.7111470060473282 0.5058648380913899
365 0.7110443634279815 0.5057189610351142
364.5 0.710916675641254 0.5055375307268859
364 0.7110874369739218 0.5057776151675902
363.5 0.71049412992299 0.5049364649459396
363 0.7106651365599436 0.5051797587635334
362.5 0.7104022596781977 0.5048074524876341
362 0.7105055292354926 0.50495216727344
361.5 0.7102583841698025 0.504602534581805
361 0.7104438343403815 0.5048649454327157
360.5 0.7101458535694019 0.5044390955878014
360 0.7101642879986375 0.5044666577014038
359.5 0.7100031807666042 0.5042387184672822
359 0.7099182960574307 0.5041173102893897
358.5 0.7096638119649505 0.5037577159144153
358 0.7096287044289397 0.5037081648899793
357.5 0.709517985553815 0.5035509658161204
357 0.7091892946108921 0.5030861238870146
356.5 0.7090073067120629 0.5028302145791194
356 0.7091423289176338 0.5030140578440937
355.5 0.7094389489070692 0.503440617301933
355 0.7090380226664602 0.5028686632533917
354.5 0.7087191502581007 0.5024167587972835
354 0.7088196742532695 0.502559792690519
353.5 0.7086274028600357 0.5022895424395113
353 0.7084779857079394 0.5020776337395505
352.5 0.7082347476231253 0.5017305887620148
352 0.7083622086591816 0.501912739015967
351.5 0.708491538207215 0.5020946482365721
351 0.7079335062456603 0.5013062104287219
350.5 0.7078336813865465 0.5011632090483105
350 0.7076197985414875 0.5008591035966607
349.5 0.7078103724988568 0.5011258268685638
349 0.7076876420637788 0.5009549666713511
348.5 0.7076779231860901 0.5009445056951936
348 0.7075138089765047 0.5007108927015489
347.5 0.7071685610373556 0.5002233189207382
347 0.7074325239349201 0.50059810804638
346.5 0.7073020949295131 0.5004102441261167
346 0.7072651934016073 0.5003552325509326
345.5 0.7072274779252722 0.5003058737676517
345 0.7068832413346048 0.4998201188984898
344.5 0.7065785570488837 0.499387658639953
344 0.7063815096003974 0.4991131839448768
343.5 0.7068998813484785 0.4998400690656886
343 0.7059898239695033 0.498558524513592
342.5 0.7059688005512713 0.4985284974734903
342 0.7057621605028651 0.49823788810018643
341.5 0.7059398400451478 0.4984856195621762
341 0.7056239296649038 0.4980406660116421
340.5 0.7057972988869271 0.49828592550088646
340 0.7055390101182342 0.4979171106749022
339.5 0.7055807660338066 0.49798170728268515
339 0.7055222221484907 0.49789642889706764
338.5 0.7052233133705421 0.4974774645496748
338 0.7052777200695027 0.4975525353155889
337.5 0.7048359649462658 0.4969297911296926
337 0.7049894182574269 0.49714748601130954
336.5 0.7050850489936799 0.4972816124757146
336 0.7044931652222088 0.496449376171325
335.5 0.7045507673911766 0.496527600944004
335 0.7045113327325446 0.49647307567320803
334.5 0.7041188494231433 0.49591283982236734
334 0.7041610885872752 0.49597751859979083
333.5 0.7039111968810895 0.49562346103883875
333 0.7039763227760669 0.49571425491845755
332.5 0.7037958343846875 0.4954611718482026
332 0.7036688170985517 0.49528773712563084
331.5 0.7038561556196011 0.4955495443480132
331 0.703271486794687 0.4947261940202332
330.5 0.7032964498938234 0.49476217759524455
330 0.7033746001458056 0.49486938694636157
329.5 0.703350054825381 0.49483496931268955
329 0.70276563588844 0.4940177292894381
328.5 0.7026520134783247 0.49385369500518483
328 0.7026585746771733 0.49386184295764635
327.5 0.7026680939006015 0.4938743742873534
327 0.7025015718822317 0.49364645962382414
326.5 0.7022284152071439 0.49325935452843506
326 0.7022491483703649 0.4932905222840267
325.5 0.7022323676686258 0.49326754074377943
325 0.7021871280199449 0.4932018579462236
324.5 0.7016563874908248 0.4924598719430505
324 0.7018548575108036 0.4927363323296683
323.5 0.7014631153137811 0.4921885600491853
323 0.7013995054862927 0.4920949085642369
322.5 0.7015565442718239 0.49231579764998795
322 0.7014452679676597 0.49216360455805336
321.5 0.7007694638438203 0.49121164498720743
321 0.7011799240821192 0.49178739829427726
320.5 0.7008482960907385 0.49132610138306343
320 0.7003790420485708 0.4906665915113957
319.5 0.7010567833628707 0.4916164167020047
319 0.7000820760278719 0.4902504359038468
318.5 0.700360643067391 0.4906424247074247
318 0.7005831650029232 0.49095293151039404
317.5 0.6998876680708932 0.4899797840796758
317 0.6998646950876227 0.4899484146633511
316.5 0.7001330885743953 0.4903172861224044
316 0.6996576755613283 0.48965765043629195
315.5 0.699159828436907 0.48896010685507657
315 0.6993719617004716 0.48925663504204436
314.5 0.6993086955241942 0.4891675149011136
314 0.6987613590010303 0.4884061109496614
313.5 0.6991042584161801 0.4888819420846255
313 0.698539665034928 0.4880985058206483
312.5 0.6986730870989784 0.4882770557710884
312 0.6985888569733356 0.48816147499596857
311.5 0.6986033597969143 0.4881819029436666
311 0.6979834734813186 0.4873159800744709
310.5 0.6983363759673971 0.48781181454298583
310 0.6975886345996571 0.48676490715070797
309.5 0.6975742954156393 0.48674588890300885
309 0.6975646956683303 0.4867286802029084
308.5 0.6977873541449141 0.4870437631065383
308 0.6971952915023619 0.4862173455413414
307.5 0.6970346979688576 0.48599435437855804
307 0.6976885703077065 0.48690676344092165
306.5 0.6968537346687973 0.4857394033001982
306 0.6967173330992509 0.4855549093596807
305.5 0.6964340224683364 0.48515391644869604
305 0.6967473106166026 0.4855935865899014
304.5 0.6962971042364436 0.48496418369266203
304 0.6960787585737562 0.48466299313559225
303.5 0.6960419373437852 0.4846099822143482
303 0.6959699419967821 0.48451474166299857
302.5 0.6960003731136455 0.4845578471689937
302 0.6954005624290247 0.4837220028952972
301.5 0.6955938526132307 0.48398804835779585
301 0.6949776895602523 0.4831319225821687
300.5 0.6954111525763307 0.48373467729112013
300 0.695171087902553 0.4834050732903498
299.5 0.6949776986399467 0.4831304978398905
299 0.694796238286546 0.4828788157956719
298.5 0.6946714231572034 0.48270762611385276
298 0.694226163678743 0.482082156511867
297.5 0.6939272240325863 0.4816729826035836
297 0.69397735470777 0.4817440764690016
296.5 0.6939287477091899 0.4816728284400463
296 0.6938081448572835 0.481508642671395
295.5 0.6933802943287196 0.4809127035910634
295 0.69368298987998 0.481333533549116
294.5 0.6933884836280788 0.4809277479656831
294 0.6934319919655181 0.4809861028274062
293.5 0.6928364841665756 0.48015965660936616
293 0.6929222138202168 0.48027993843819483
292.5 0.6927226575341253 0.4800008593295719
292 0.6921107467435788 0.4791533309366396
291.5 0.6923452850539812 0.4794744487071222
291 0.6919170898025547 0.4788866529019799
290.5 0.6920488244817781 0.4790708178196028
290 0.6916991979924164 0.4785837094239059
289.5 0.6917770121233436 0.4786923761953576
289 0.6917075941921015 0.4785956122210322
288.5 0.6912477845847615 0.4779577163821928
288 0.6909386915566826 0.4775343702326854
287.5 0.6909894123450526 0.47760164796563165
287 0.6910062520523016 0.4776263054302225
286.5 0.6908982821181322 0.4774776106346162
286 0.6905937446949771 0.4770582540805668
285.5 0.6903181104985977 0.47667733303865495
285 0.6904655750066521 0.47688316167959416
284.5 0.6902606313185446 0.47659456087491603
284 0.689804931150351 0.4759668725555557
283.5 0.689638305422966 0.4757428661191093
283 0.6893019043100299 0.4752791423776567
282.5 0.6892259680496279 0.47517265805250436
282 0.6894787468474176 0.4755170081357839
281.5 0.6891114660074414 0.4750131446946449
281 0.6883595299638513 0.47397938322141053
280.5 0.688559345638721 0.474250943015215
280 0.688438374181389 0.4740855963745738
279.5 0.6881122713632377 0.4736353715905954
279 0.6878428955015189 0.473266252131331
278.5 0.6880347531325173 0.47352626289783756
278 0.6881193686273358 0.47364440117255435
277.5 0.687604582404642 0.4729385118429623
277 0.6874166688783986 0.47268035403624475
276.5 0.6868551731740221 0.47191032668913385
276 0.6872220455942902 0.4724151887599137
275.5 0.6869296418119925 0.472013999616111
275 0.68652733125615 0.4714560888395001
274.5 0.6863774092587434 0.4712573652465829
274 0.6860403068335108 0.47079103977705666
273.5 0.6860799214031086 0.47084665330466735
273 0.6857545342764846 0.4703966791710672
272.5 0.6859163516796395 0.4706205068325525
272 0.6856542121342842 0.4702598310498972
271.5 0.6853736486044734 0.46987073768224197
271 0.6851006665462849 0.46949889452365384
270.5 0.68478786239565 0.46907272801875916
270 0.6847535246507526 0.4690265736879996
269.5 0.684994764431415 0.4693554327288682
269 0.6843721482747093 0.46850306930587365
268.5 0.6842191540470668 0.468294049381351
268 0.6840766064508653 0.4681003586200871
267.5 0.6835127807955772 0.4673311386441248
267 0.6836045041513832 0.4674527823308603
266.5 0.6830753713454195 0.4667328841316129
266 0.6831357655949707 0.46681281574453265
265.5 0.6833189287349519 0.46706076820366726
265 0.6830152209825449 0.4666444298122997
264.5 0.6827131944661334 0.46623731646925165
264 0.6825347053030436 0.46599573017794127
263.5 0.6824717903071 0.46590566287360646
263 0.6823798961199277 0.46577789739021047
262.5 0.6817254187883375 0.4648883073351857
262 0.6815814241926285 0.4646931389708226
261.5 0.6813412940966564 0.46436639901877164
261 0.6812531222881509 0.46424401789992437
260.5 0.681180467151456 0.46414246732083264
260 0.6810617480186809 0.46398493851637385
259.5 0.6805717431091941 0.4633193580259574
259 0.6798257721689188 0.46230104175651454
258.5 0.6800450193229096 0.4626022211452853
258 0.680203108496227 0.46281130797865616
257.5 0.6798126817543555 0.4622840315582678
257 0.679541578214773 0.46191648691690756
256.5 0.6793009412870451 0.4615876755976128
256 0.6790382937909107 0.46123428916775444
255.5 0.6790135945506778 0.46119631842425596
255 0.6786679002310945 0.4607286382586316
254.5 0.6786925784678328 0.46076353410976156
254 0.678201950244215 0.46009405953535804
253.5 0.6778602977447793 0.4596317430699165
253 0.6781524282324021 0.46002900848648265
252.5 0.6775611240654575 0.4592276663333232
252 0.677405747956898 0.45902116214988026
251.5 0.6771243222992043 0.4586391132412744
251 0.6770598401313703 0.45854931271428756
250.5 0.6767721560334226 0.458158912773151
250 0.6763587762352585 0.45760008816367154
249.5 0.6760492184007914 0.4571797454262744
249 0.676122627492608 0.45728201176927274
248.5 0.675616990793679 0.4566031905247262
248 0.6755074106344776 0.4564551950652548
247.5 0.6753087578809458 0.45618489736533185
247 0.6752423145221912 0.45609149813684474
246.5 0.6749499229927168 0.455696726564593
246 0.6748306814157456 0.45553908252999786
245.5 0.6746401110384422 0.45527809481976594
245 0.674499524368508 0.4550925184710099
244.5 0.6736541494172239 0.4539465300096314
244 0.6735896043721387 0.45386409367121444
243.5 0.6738648736225575 0.4542338396051372
243 0.6729817478045507 0.45304209537260415
242.5 0.6730050365286236 0.4530733062406305
242 0.6726183864564079 0.4525544613617942
241.5 0.6727155611239236 0.45268947955205635
241 0.672172924180633 0.4519562128049686
240.5 0.6721397012801089 0.45191460419380475
240 0.6718660878342094 0.45154459590131674
239.5 0.6716299702429864 0.45122429444035583
239 0.6713562979827452 0.45085963580147703
238.5 0.6709802162217902 0.45035606462931554
238 0.6709186347093314 0.4502720202874088
237.5 0.6707141204067708 0.4499977950978688
237 0.670444011366911 0.44963792001220576
236.5 0.6697435742846797 0.4486922238938341
236 0.6699530902348426 0.44897650868591166
235.5 0.6696126739596422 0.4485221845779996
235 0.6689045175144526 0.44757871066977917
234.5 0.669110249873196 0.4478465153728678
234 0.669067267703449 0.4477896008098447
233.5 0.6685580406813624 0.447109864373639
233 0.6682760094321014 0.44673567092320493
232.5 0.6678715618164283 0.44619231075631727
232 0.6675728800406083 0.4457949908326161
231.5 0.6677601110277456 0.4460411876126571
231 0.6672861826045408 0.4454135320134445
230.5 0.6672455795910587 0.4453566279227569
230 0.6670188058005007 0.44505869920233826
229.5 0.6665524003874307 0.44443339831563733
229 0.6663807162307814 0.44420384871700197
228.5 0.6660575603697595 0.4437712306155318
228 0.6657175990873455 0.4433209689116599
227.5 0.6653169178113296 0.4427890973338703
227 0.664989483525755 0.4423488009043319
226.5 0.6650210162956932 0.4423934270104572
226 0.664758337941486 0.44204747699282143
225.5 0.6639663214238951 0.4409934232545565
225 0.6640435996984745 0.4410948248351061
224.5 0.6639646224060712 0.44098773960995197
224 0.6634502414560325 0.4403132746531078
223.5 0.6630191648012326 0.4397377939009179
223 0.6634873989317079 0.4403530422400186
222.5 0.6627262055382731 0.43934988257049146
222 0.6623047343560841 0.43878853534491874
221.5 0.6620218747342465 0.4384165945826021
221 0.6618408224100858 0.43817372425327883
220.5 0.6614662365307319 0.43767851245067424
220 0.6611035901413533 0.4371986243681791
219.5 0.6604432693949226 0.43632957770340713
219 0.6604379481334695 0.43632166424187474
218.5 0.6603224245985609 0.43616098770525896
218 0.6600325043555711 0.4357785669773818
217.5 0.6595057447614566 0.4350892940682027
217 0.659559682251086 0.43516505303280767
216.5 0.6589976514890384 0.43441883178863006
216 0.6587916374415681 0.4341456298736571
215.5 0.6586314096207974 0.4339335513419136
215 0.6583469993616677 0.43355845614119654
214.5 0.6580999469457368 0.4332363177596021
214 0.6573517262567069 0.4322513742358839
213.5 0.6571186286770088 0.43194764583210804
213 0.6566092179626296 0.43127454703911455
212.5 0.6561285837090554 0.43064621100897016
212 0.656172743220837 0.43070624558921805
211.5 0.6559242220796854 0.43037487121006085
211 0.6552933768306582 0.42954868032330196
210.5 0.6552812011454096 0.42952858322281057
210 0.6552764924865281 0.4295288666552578
209.5 0.6545879618889507 0.4286284137917197
209 0.6542640254404548 0.428199701715391
208.5 0.6540543725573117 0.42793506887288896
208 0.653824216972394 0.4276257570579706
207.5 0.6531312790005493 0.4267205976242767
207 0.6530121184277089 0.42656688893873007
206.5 0.6528514204906555 0.42636106001350454
206 0.6524163433042739 0.4257915167794864
205.5 0.6521516568014051 0.4254387998068126
205 0.6519197796508917 0.4251443083743783
204.5 0.6512470876777411 0.42426910570214843
204 0.6505276587243896 0.4233246886761996
203.5 0.650594692393885 0.4234152313877429
203 0.6500444029288283 0.42270144845516455
202.5 0.6503173689141488 0.4230547721651997
202 0.6495673428262599 0.42208166406100023
201.5 0.6492626317358509 0.4216828294514317
201 0.648922220372595 0.4212387491852337
200.5 0.6485778654282779 0.42079318150014694
200 0.6483465055149378 0.42049793715210493
199.5 0.6478604100001158 0.4198655042868162
199 0.6473753872920653 0.4192346560242587
198.5 0.6471334410131298 0.4189220818280201
198 0.6465760671441164 0.4182076890332189
197.5 0.6462702688351115 0.4178035793350016
197 0.646311174359761 0.4178566833783236
196.5 0.6458996419637756 0.41732820416042815
196 0.6452598595294641 0.4165007187719036
195.5 0.6445968371883706 0.4156433230188916
195 0.644408561626856 0.41540219280959756
194.5 0.6442466397695477 0.41519295883126217
194 0.6439641615336282 0.41483190121403635
193.5 0.6436193213026011 0.414385076100175
193 0.643123648405905 0.4137494168939751
192.5 0.6425739247302211 0.41304086195243295
192 0.6421381063048796 0.41248563004586036
191.5 0.6420182071240065 0.4123328117056492
191 0.6414815864806467 0.4116391088432216
190.5 0.6412080711115922 0.41129096408588794
190 0.6408618783362885 0.4108426297858374
189.5 0.6403072588720684 0.41013396196246454
189 0.6400349343041457 0.4097865875072707
188.5 0.6395022457563839 0.40910672723286445
188 0.6395540768198745 0.40916836230146647
187.5 0.6389211477312478 0.40836051787781674
187 0.6383791826074423 0.40766673446528806
186.5 0.6382896118823126 0.40755718060457835
186 0.6375269636682345 0.4065817838675517
185.5 0.6369155074065961 0.40580366053893985
185 0.6363376537483143 0.4050660212581003
184.5 0.6364755992540052 0.4052455221872422
184 0.6359370008947344 0.40456077875961005
183.5 0.6356100149592029 0.40414572513828834
183 0.6349505496934181 0.4033044330120446
182.5 0.6346899975916949 0.4029738239581194
182 0.6343798319828298 0.40258193164692724
181.5 0.6335875926002378 0.40157205934715634
181 0.6332340051795549 0.4011287407226676
180.5 0.6326968991138103 0.400443647233574
180 0.6326598554418964 0.4003997850016252
179.5 0.6324027348797604 0.40006707274885256
179 0.6314225906091192 0.39883898301198834
178.5 0.6306783302254407 0.39789663978816475
178 0.6303953450703648 0.39753794352236416
177.5 0.629971565230765 0.3970104582423331
177 0.6301347132391968 0.39721238068168274
176.5 0.6295693613530938 0.3965020893027999
176 0.6293290662326774 0.3961959934858903
175.5 0.6288327108138185 0.3955736591770519
175 0.628082683591279 0.3946290200251175
174.5 0.6273475926852101 0.39370593964925077
174 0.6270690023334505 0.3933572397399046
173.5 0.6267128890238745 0.39291321503739135
173 0.6257832371987756 0.39174962769950267
172.5 0.6253738452589114 0.3912325600154024
172 0.6251562246324035 0.39095819569200757
171.5 0.6245751835746952 0.3902355584461327
171 0.6243005139034755 0.38989696962099873
170.5 0.6238642288172739 0.3893502431792736
170 0.623258930783208 0.38859641413975893
169.5 0.6217930727947516 0.386767983479114
169 0.6226671721182305 0.3878580241139177
168.5 0.6215682084341381 0.3864919080401526
168 0.6207709792492275 0.3854951922918996
167.5 0.6204334357281632 0.3850797609836953
167 0.6199273624610754 0.38445282290736416
166.5 0.6201937879447939 0.38478642074896663
166 0.6188707853277132 0.38314001581397705
165.5 0.6180841419848309 0.38216771361202945
165 0.6180591830465136 0.38214050745451905
164.5 0.6177667821386444 0.3817803677505893
164 0.6169248632879376 0.380739381317325
163.5 0.6165213862699601 0.3802383298071504
163 0.6162282977705871 0.37988336964340896
162.5 0.61545924081327 0.37893449741625623
162 0.6145246989851196 0.3777821271409561
161.5 0.6140077683206626 0.37714675296959055
161 0.613625077886186 0.3766746937833849
160.5 0.6130944373931039 0.3760248870548365
160 0.6128870408073179 0.37577032255072274
159.5 0.6120366134497764 0.3747318532503443
159 0.6121486583735666 0.37486837962274766
158.5 0.6106796362665008 0.37307280381981983
158 0.6110583697438327 0.3735318249788557
157.5 0.6099099915017883 0.3721287719252686
157 0.6097004672897828 0.3718784285277282
156.5 0.6091232970417154 0.37117318917861897
156 0.608443857360086 0.370345091292773
155.5 0.6074042945683944 0.3690814362083726
155 0.607210833496813 0.36885007034962924
154.5 0.6063289701916045 0.3677743736541789
154 0.6054443311049039 0.3667094073755735
153.5 0.6050763938063193 0.3662609290721432
153 0.6046101442919609 0.3656997642156353
152.5 0.6038364942320723 0.36475897171329297
152 0.6030776025830182 0.36384315971721815
151.5 0.6033887711218997 0.36421542267903084
151 0.6026368506197195 0.36331013359285896
150.5 0.6019487317649496 0.36248152500642716
150 0.6012364109042525 0.36162373948020354
149.5 0.5999095608512899 0.3600334972295219
149 0.5993298942272796 0.3593398219611448
148.5 0.5996210801985579 0.35969357622840625
148 0.5983191865186362 0.35813085652320353
147.5 0.5978026958654276 0.35750864454178516
147 0.5973951266528998 0.35702503499234534
146.5 0.596037523889053 0.35541121663363984
146 0.595340224103832 0.35456892668439033
145.5 0.5948714485809247 0.35400958786074976
145 0.5946687586985735 0.35377763446578075
144.5 0.5935560933127562 0.35245343313206884
144 0.5930991395180939 0.35191082666778334
143.5 0.5924958861575332 0.35118748685269874
143 0.591783659604581 0.35035030946870366
142.5 0.5915689644826913 0.3500932115896294
142 0.5899767067895169 0.3482136229461998
141.5 0.5896117415236702 0.34778197621386675
141 0.5884940210547542 0.3464678574585117
140.5 0.5882253126269658 0.34615012189723054
140 0.5876788409157224 0.3455080941292335
139.5 0.5874008972024383 0.3451853858029262
139 0.586445849253781 0.3440598532133637
138.5 0.5854860134541287 0.34293233407676116
138 0.5846494413540415 0.34195359370882283
137.5 0.5835319795604837 0.34064450584756417
137 0.5829520377767892 0.3399726646499834
136.5 0.5826119469932352 0.3395673705757166
136 0.5815171518783453 0.33830372526615965
135.5 0.58142485660949 0.3381938049268011
135 0.5795614334280387 0.3360355227499666
134.5 0.5795393748351686 0.3360068826478259
134 0.578526418624561 0.3348297862437609
133.5 0.5773753449083667 0.33349972118472826
133 0.5766785470347613 0.3326932849200081
132.5 0.5765428212782466 0.33254192565780705
132 0.5757943011064036 0.33167108463535494
131.5 0.5742299207994369 0.32987538675820877
131 0.573779876323898 0.3293544226561295
130.5 0.5730814098228895 0.3285576755713342
130 0.572070304467592 0.32740121332211947
129.5 0.5712719315847551 0.3264931557602949
129 0.5703867594160225 0.32548103262037126
128.5 0.5694901391220486 0.3244634308692783
128 0.569083032836075 0.3239956581356017
127.5 0.5677448202939821 0.3224747208347193
127 0.5672416747587391 0.3218977183273886
126.5 0.5667218321448048 0.32131667779926587
126 0.5656580824028838 0.320101832750237
125.5 0.5647468898154805 0.3190687712940772
125 0.5637351609508794 0.3179377740902592
124.5 0.5628245898845657 0.31690875007810054
124 0.5618939466914724 0.31586050710480823
123.5 0.5610281164797359 0.3148874356058791
123 0.5603156456258219 0.31408500932825617
122.5 0.5593511584490578 0.31300793823580403
122 0.5583761988581253 0.3119253645549966
121.5 0.5571092070244107 0.3105061851855872
121 0.5566954913942599 0.3100418719581335
120.5 0.5560516794279651 0.30932570636961443
120 0.5548132187518475 0.3079596160982296
119.5 0.5531995266792741 0.30616744855181216
119 0.552955914571768 0.30588899941445796
118.5 0.5514071158878844 0.30418034874577904
118 0.5507963632974993 0.3035117654042965
117.5 0.5494208329468002 0.302005008865932
117 0.5486653023997689 0.3011696679678953
116.5 0.5483645761546364 0.30083802868507004
116 0.546767862625842 0.2990900693044942
115.5 0.546285895954093 0.2985629498421241
115 0.5444859851418302 0.29659049372350543
114.5 0.5445714322795322 0.29669297600145594
114 0.5426116040947749 0.2945600055791739
113.5 0.541993057104268 0.29388485679293536
113 0.5402971834777284 0.2920568594076463
112.5 0.5400775302954487 0.29181880870837545
112 0.5390937097899516 0.2907419831587254
111.5 0.537320382315012 0.28884883372571696
111 0.5365791802767831 0.2880422216783951
110.5 0.5356216613374984 0.28701988663164035
110 0.534337339860718 0.28564920138353933
109.5 0.5333345859645287 0.28457376427655956
109 0.5320808733065406 0.28324392910305646
108.5 0.5308682587098228 0.2819461953161907
108 0.5300500127485124 0.281087772469621
107.5 0.530040689538654 0.2810724860264934
107 0.5285644516078396 0.2795151436633703
106.5 0.526869500209908 0.2777212214639512
106 0.5255051559198478 0.2762910543425814
105.5 0.5246247540388002 0.2753548934716108
105 0.523303513621936 0.27397631246108295
104.5 0.5217852698544022 0.2723818650923661
104 0.5207573123790104 0.2713165124472624
103.5 0.5204606321782228 0.271010010372212
103 0.5187391422910109 0.26921904640188504
102.5 0.5174070733364629 0.2678410606165263
102 0.516520770267639 0.26691619972546266
101.5 0.5149114762610879 0.26525936760221697
101 0.5138302203552962 0.26415077017697647
100.5 0.5134317248069831 0.26374154084862683
100 0.5119021137883606 0.26216134904613486
99.5 0.5105565028539715 0.2607915370750694
99 0.5087867411154893 0.25898075199661524
98.5 0.5074087759229127 0.2575859912266203
98 0.506282806348086 0.25644786797871805
97.5 0.5049440136995551 0.2550887951367596
97 0.5040643250925666 0.25420133243150433
96.5 0.503005538889138 0.2531322062209771
96 0.5005095378960065 0.2506294831962428
95.5 0.5004906463717942 0.25060674925919885
95 0.49934092204739106 0.24945439410235046
94.5 0.4977356202603961 0.24785740928306182
94 0.4965153583170385 0.2466457354831171
93.5 0.4940748672358062 0.2442309373222691
93 0.4924574880865822 0.24262813816677725
92.5 0.49204484358923584 0.24221820712032222
92 0.4903869929905677 0.2405929305791215
91.5 0.48844290702172827 0.23868896590438057
91 0.48702556426675253 0.23730986779598184
90.5 0.48615176334465254 0.23646330449591163
90 0.4847138585119158 0.23506618425594353
89.5 0.48367591832290646 0.23405974424563358
89 0.48168736071072243 0.2321311092964365
88.5 0.480127404395257 0.23063313575120253
88 0.47943410447712453 0.22997154654725735
87.5 0.4775175310650507 0.22813369192687605
87 0.4759378011515092 0.22663072664478653
86.5 0.4737745639436093 0.22456836771828897
86 0.472513368196928 0.22337963396111563
85.5 0.47124422978191527 0.22217869915351082
85 0.46965927857005735 0.22069014646892043
84.5 0.4678095684683892 0.21896332551145836
84 0.46667556948739775 0.21789747481371255
83.5 0.4651880244890076 0.21651554488673316
83 0.4630503721228118 0.21452012509608792
82.5 0.46227796477582334 0.2138085662261653
82 0.46070415437299045 0.21235454322989925
81.5 0.458638966646657 0.2104528379243466
81 0.45778562124258526 0.2096799379047584
80.5 0.4555343039633479 0.20761697999873902
80 0.45313393745699565 0.2054376364312229
79.5 0.45237890679903703 0.20475724823261152
79 0.45070058911805616 0.20323576396205925
78.5 0.44888421214914737 0.20160566295165883
78 0.44697913516584586 0.1998888300744448
77.5 0.4454160332017168 0.19850232232296808
77 0.4441850087006914 0.19740097962760153
76.5 0.4410438466656173 0.1946202522554439
76 0.43999951306859925 0.19369619965382653
75.5 0.4397286608687886 0.193464068460315
75 0.4372182768783045 0.1912609016726082
74.5 0.43528459327727087 0.18957178510276915
74 0.433103588052889 0.18768016835108828
73.5 0.43185821706937716 0.18659826381027894
73 0.4296552704801261 0.1847039864587105
72.5 0.42765585608798967 0.18297972257342535
72 0.4270813560570977 0.18248559429936448
71.5 0.42463374615037763 0.18040826449019617
71 0.42306212577985286 0.1790689689237865
70.5 0.4209617290563602 0.17730413856481814
70 0.4193223366728259 0.17592238640220328
69.5 0.4163182455083027 0.1734068482152496
69 0.4154390111996204 0.17267928288159598
68.5 0.4132309818849479 0.17084556237426457
68 0.4113239588537125 0.16927448209862603
67.5 0.40933537017053373 0.1676456981672986
67 0.4074374056741784 0.16609190841650745
66.5 0.40677399572393524 0.16555866861557328
66 0.4033370543429334 0.16276805731722296
65.5 0.40133072788461793 0.16115304324069288
65 0.39920627224741273 0.15944781454433177
64.5 0.3970882886089881 0.15776668566052796
64 0.395519856694294 0.15652071873310464
63.5 0.3944055238899445 0.15563603192276607
63 0.391126553737281 0.15305824834489049
62.5 0.38841018900159113 0.15093825384460932
62 0.3879457875192117 0.15058007263323475
61.5 0.3867682787267177 0.14966256012031603
61 0.3831953195778341 0.14691299294644788
60.5 0.3820341938027342 0.14601660413331644
60 0.38031402061415065 0.1447113142624903
59.5 0.3783586729858377 0.1432254210135568
59 0.3750512997602306 0.1407309559090496
58.5 0.3732991514834796 0.13942399336187986
58 0.3713880654915006 0.13801402178185895
57.5 0.36906573368049717 0.1362742023031629
57 0.36642523824113804 0.1343318820277318
56.5 0.36579114623369 0.13387111504100868
56 0.3629491353718285 0.13179712312585098
55.5 0.36066415565720106 0.1301464408457739
55 0.3582839372772526 0.1284252527701705
54.5 0.35652873052788 0.12718403802014153
54 0.35454631522328584 0.12576784396626503
53.5 0.351703558210718 0.12375635737718348
53 0.3489901746317757 0.12185510330017574
52.5 0.34877683115578656 0.12170994245914643
52 0.34403954704749123 0.1184293877693251
51.5 0.3429898362638765 0.11769328298115231
51 0.3412948911770932 0.11654362241483232
50.5 0.3384727368847652 0.1146234855124932
50 0.33653296051126524 0.11331357262435743
49.5 0.333598494061065 0.11133805580050812
49 0.3316319349842579 0.11003318882934347
48.5 0.33082098089885653 0.10950667296394852
48 0.3266224622678257 0.10673381010347213
47.5 0.32522633060132466 0.10582369026308219
47 0.32328719350743834 0.1045661250998227
46.5 0.3206420689457285 0.10286111896396963
46 0.3180828638625371 0.10122920717135758
45.5 0.3157184430244074 0.09972186265463445
45 0.31452675574625805 0.09897328318605904
44.5 0.31088385242892547 0.09669461549180781
44 0.31005520038735473 0.09618127808269322
43.5 0.30692202904678184 0.09424486456416564
43 0.304893285940725 0.09299499391737066
42.5 0.3014944566010207 0.09093834233639846
42 0.2999707291541338 0.09001610847198303
41.5 0.29818313571084126 0.08895470244051641
41 0.29564653389632745 0.08744575481675594
40.5 0.2924756728619174 0.08557463877162726
40 0.2916542059321793 0.08510066315939599
39.5 0.2893430099475306 0.08375625421339113
39 0.2857575909826444 0.08169172725175589
38.5 0.2844865558028634 0.08096606722958398
38 0.2827005703664811 0.07995155571594424
37.5 0.27992136676855334 0.0783855290330812
37 0.27676411830122016 0.07662534456924601
36.5 0.2742908202019246 0.0752595579825669
36 0.27344098062273514 0.07480400964737391
35.5 0.26994026254333997 0.07289453416568462
35 0.26839955312909997 0.07206259931215941
34.5 0.2666255266905634 0.0711171439009013
34 0.2633694841367013 0.06938870934861045
33.5 0.2606049192542973 0.0679369584798676
33 0.25950407189041924 0.06736446973607436
32.5 0.25692180070916454 0.06603409221033794
32 0.25482152155412696 0.06495906855150456
31.5 0.253258302436714 0.06416486896180155
31 0.25136767391961856 0.06320909000526828
30.5 0.2475841317965487 0.06131815519666255
30 0.24665128020142063 0.06085887055512743
29.5 0.2428407819937528 0.058989614490704036
29 0.24139497743355717 0.058290094038927646
28.5 0.23971927724408865 0.05748257024708815
28 0.23799368470234325 0.05665615510081747
27.5 0.2350665332237901 0.055269239146112245
27 0.2333908982884007 0.054483548435630476
26.5 0.23027681108591658 0.05304132743209705
26 0.22979897280193096 0.05282035451441252
25.5 0.22662954433676286 0.051370922904017874
25 0.2252969631687074 0.050773194208353516
24.5 0.2236051524513364 0.05000936626273622
24 0.22121511116468387 0.048952222373750534
23.5 0.2201453631808776 0.048474213253561445
23 0.21801194524774914 0.047537691358056786
22.5 0.2158403610752124 0.046596027916957314
22 0.21458969504445727 0.04605913760800064
21.5 0.2108584942417955 0.04446835664045247
21 0.21084040914556282 0.0444608025535388
20.5 0.2095547859262305 0.04391880618985597
20 0.20744663796449062 0.043040844223199974
19.5 0.20556107380852023 0.04226071300812915
19 0.20414645882969015 0.04168155079226687
18.5 0.20212847858485775 0.04086017477737901
18 0.20100187642765238 0.040406168686543543
17.5 0.19885346181435468 0.03954639325440353
17 0.1977810406878001 0.039120223900586816
16.5 0.19579309622824262 0.0383367459808184
16 0.19472917901295125 0.0379214651584634
15.5 0.19415079069351904 0.03769592294514509
15 0.1929585370547606 0.037235379400791455
14.5 0.19144571932086593 0.03665272835018396
14 0.1905064877212492 0.036295077446649476
13.5 0.18971985579687944 0.035995058356384335
13 0.18889680892998525 0.035684097764505374
12.5 0.1879133617899218 0.03531258286278349
12 0.18779055475653048 0.035265979291285686
11.5 0.18646738406357816 0.03477093346460607
11 0.1857130768957755 0.03448984633078581
10.5 0.18465223514992773 0.034096898858844094
10 0.18487124431331886 0.034177744826347806
9.5 0.1844610098388379 0.03402638047178238
9 0.18261326997564173 0.033347810210173905
8.5 0.18244049378090313 0.03328466221524515
8 0.182256197506495 0.03321746999140105
7.5 0.18208558511376205 0.03315530622568222
7 0.18164895055878444 0.032996430294443706
6.5 0.18181772138907856 0.033057734259542865
6 0.1817132369120095 0.03301974178754914
5.5 0.1814577057243522 0.03292693915186795
5 0.18145528908521866 0.0329260403168154
4.5 0.18131625511490726 0.03287560778322135
4 0.18114969903508105 0.032815220571827085
3.5 0.18108531050680363 0.03279189228955798
3 0.18103317482985942 0.03277301170763178
2.5 0.1810356920074026 0.03277392384136395
2 0.18099774776946498 0.03276018522336917
1.5 0.1809824661634405 0.03275465328763362
1 0.18097275304081054 0.03275113736836627
0.5 0.18096875429504566 0.03274969004139216
