1000 0.7427778698743577 0.5518360366278634
999.5 0.742507704106893 0.5514332645802732
999 0.7426319826305526 0.5516200232051229
998.5 0.7427980724870794 0.5518649667847123
998 0.7426626884225924 0.5516646550423273
997.5 0.7428113608511843 0.5518854506172188
997 0.7425480759424311 0.55149421004164
996.5 0.742558136836673 0.551512174561277
996 0.7424016866225377 0.5512790997271795
995.5 0.7428754259630016 0.5519790811616245
995 0.7425728249544555 0.5515326882042546
994.5 0.7425474453631044 0.5514973855650818
994 0.7427021232118454 0.5517221046136775
993.5 0.7424695334383681 0.5513794337194683
993 0.7426402799506594 0.5516308066414617
992.5 0.7427714141518174 0.5518296310419211
992 0.7424175342030294 0.5513050866981388
991.5 0.7424493175766378 0.5513490304346758
991 0.7426088369256184 0.5515850883365324
990.5 0.7424799631439627 0.551395609778234
990 0.7425666987792563 0.5515246657090735
989.5 0.7422612094485768 0.551069201551846
989 0.7424450815333391 0.5513390079217596
988.5 0.7424749930058646 0.5513868095446409
988 0.7425874885692355 0.5515542451894709
987.5 0.7425835405674972 0.5515477481755484
987 0.7420594038214386 0.5507703138882948
986.5 0.7424805762642269 0.5513927556972488
986 0.7424362584939777 0.5513277768547006
985.5 0.7424370816791509 0.5513307547968331
985 0.7423187661003755 0.5511532091948165
984.5 0.7422726737992449 0.5510864478077637
984 0.7425747083820406 0.5515350887882504
983.5 0.7423940337667748 0.5512672731109205
983 0.7425312005021438 0.5514700603740971
982.5 0.7423818699616473 0.5512464237164629
982 0.7422924658917601 0.5511146205250731
981.5 0.7422791172636714 0.5510987481561588
981 0.7424007688532728 0.5512758021580012
980.5 0.7419739896851644 0.5506435590883253
980 0.7422091957090015 0.5509918298372793
979.5 0.7422535143087127 0.5510584014708327
979 0.7422966416342226 0.5511179739245675
978.5 0.7423016769194848 0.5511299266585249
978 0.7421775865122763 0.5509456194473062
977.5 0.7420905814029367 0.5508161232071064
977 0.7421186111918656 0.5508621059461796
976.5 0.7421420212387783 0.5508908985864751
976 0.7421738011752699 0.5509414106700252
975.5 0.7420574430355451 0.550767491427658
975 0.7418613889103193 0.5504779770877545
974.5 0.7420324413275695 0.5507288485174043
974 0.7422212032229212 0.5510105289907615
973.5 0.7419554777817701 0.550617432116595
973 0.7421811632138295 0.5509474522124503
972.5 0.7420675970354152 0.5507851367100233
972 0.7421016734842167 0.5508312906333391
971.5 0.7420435102702816 0.550747236528538
971 0.7420141609396284 0.5507003844377387
970.5 0.7421903289098972 0.550964735560504
970 0.7418219080248859 0.5504213916195189
969.5 0.7419436902485227 0.550598542762771
969 0.7420852624640132 0.5508073797772206
968.5 0.7420070875684905 0.55069084975139
968 0.7419023892956548 0.5505379291143199
967.5 0.7418628178303615 0.5504811305120647
967 0.7418339505645252 0.5504341781149716
966.5 0.7417994053611415 0.5503843690282761
966 0.7418399425191685 0.550444494146282
965.5 0.7416908082840077 0.5502237395404074
965 0.7418626524217516 0.550479195996881
964.5 0.7416271705053799 0.550129675451505
964 0.742013710674991 0.5507000547036855
963.5 0.741909262918209 0.5505476639742191
963 0.74180437801374 0.5503925113163767
962.5 0.7417728281525655 0.5503445769509407
962 0.7418594797802633 0.5504722071712661
961.5 0.7416853657482109 0.5502150360676527
961 0.7417071825455486 0.5502475681404289
960.5 0.7416595923211705 0.5501754404096428
960 0.7416588620782408 0.5501745931477837
959.5 0.7416482633307997 0.5501606716990429
959 0.741944754830973 0.5505992269283473
958.5 0.7416801596123314 0.5502056107025094
958 0.7419759690237345 0.5506437932214536
957.5 0.7416256196938326 0.550124041934129
957 0.741452512173469 0.5498707097506533
956.5 0.7415534579072037 0.5500166190352251
956 0.7414941433419395 0.5499334703888805
955.5 0.741621305359924 0.5501183527788054
955 0.7415598173134796 0.550029779632268
954.5 0.7414163075031692 0.5498146326140618
954 0.7417965992511911 0.5503816391231463
953.5 0.7417362230680684 0.5502886358727553
953 0.7415874271470579 0.5500650022036921
952.5 0.741595468456485 0.5500816910533767
952 0.7414646324935409 0.5498872849758076
951.5 0.7415564922346272 0.5500243872723317
951 0.7417623289254046 0.5503245223968061
950.5 0.7414999423853953 0.5499407969913311
950 0.7413748903695256 0.5497569280980735
949.5 0.7414848374173534 0.5499183894527513
949 0.7415607192685472 0.5500312246137721
948.5 0.7411426198375092 0.5494071525655758
948 0.7414419763727443 0.5498546120602219
947.5 0.7415997531197441 0.5500890580522806
947 0.7414101929799122 0.5498092077508104
946.5 0.741148689504304 0.54942056532868
946 0.7414722162839928 0.5498999547785641
945.5 0.7414300344794054 0.5498384621863005
945 0.7414081546254713 0.5498031266848238
944.5 0.7414416835015312 0.5498558507600342
944 0.7412022697397547 0.5494965439646012
943.5 0.7412527101008477 0.5495755267541517
943 0.7411499255272025 0.5494246816993468
942.5 0.7414191347975615 0.5498173049258099
942 0.7413083759327832 0.5496550816091246
941.5 0.7411431873234888 0.5494129473305494
941 0.7413652656732164 0.5497376031653517
940.5 0.7411109746042092 0.5493664453570782
940 0.7412141317788756 0.5495154018543675
939.5 0.7412731917813703 0.5496029640946897
939 0.7412507826327314 0.549571331119885
938.5 0.7411895984781635 0.5494784291716394
938 0.7414097664873908 0.5498097425884508
937.5 0.7410234688430709 0.5492341895163455
937 0.7412521139390602 0.5495686858256171
936.5 0.7408774439199288 0.5490166333639344
936 0.7409713417228396 0.549156438207064
935.5 0.7411553441062636 0.5494279050490488
935 0.7410613034577032 0.5492877168387351
934.5 0.7411606877830812 0.5494370581834237
934 0.7411407422583608 0.5494039998761787
933.5 0.7412720843699118 0.5496037499544705
933 0.7410107977469867 0.5492150123851028
932.5 0.7410538131260441 0.5492795833061989
932 0.7411140168502011 0.549368973347426
931.5 0.7408274769730226 0.5489432198972218
931 0.7411026995860867 0.5493527967228944
930.5 0.7408804924610684 0.549025558658459
930 0.7409927872316299 0.5491884798643649
929.5 0.7409112643039097 0.5490655242650667
929 0.7404640880796411 0.5484060746171705
928.5 0.740965884965765 0.5491478912774996
928 0.7408759200294472 0.5490138172829594
927.5 0.7407156434258759 0.5487791514039099
927 0.7408536180808507 0.5489805345995876
926.5 0.7407743270620012 0.5488683204427385
926 0.7409610781135124 0.5491387984677257
925.5 0.7409960554762426 0.5491934699788396
925 0.7408723345219215 0.5490089208553738
924.5 0.7407426010235193 0.5488179540759786
924 0.741004050532799 0.549202710190892
923.5 0.7410065063126491 0.5492100724350426
923 0.740719639917716 0.5487849806063048
922.5 0.740786768599707 0.5488837653392024
922 0.7407543909581288 0.54883559989359
921.5 0.7407681394900855 0.5488536250997997
921 0.7408550632821411 0.5489825230396579
920.5 0.740632291439934 0.548651364679059
920 0.7407356469556254 0.5488065363822091
919.5 0.7405494852547088 0.5485317848502423
919 0.7405302275974587 0.5485055602478459
918.5 0.7405796557514318 0.5485753531652078
918 0.7405986807724126 0.5486063152235559
917.5 0.7406208513070018 0.5486369802342829
917 0.7407400100254218 0.5488132463042119
916.5 0.7404601976054097 0.5483950613891043
916 0.7405808636975998 0.5485769673038439
915.5 0.7407515585118273 0.5488322682670886
915 0.7404308735699365 0.5483558019543641
914.5 0.7403869180271119 0.5482893048215337
914 0.7405946046238525 0.5485964255239545
913.5 0.7406815832806274 0.5487249256968495
913 0.7404734714557312 0.5484205098343726
912.5 0.7404717190060478 0.5484148122608249
912 0.740482817366856 0.5484307247466683
911.5 0.7404279309051274 0.5483501526664305
911 0.7402732081482035 0.5481195479576502
910.5 0.7404552118403911 0.5483931865723798
910 0.7404541869745264 0.5483887126362476
909.5 0.7405719801646352 0.5485660252881568
909 0.7403934160319732 0.548299797959903
908.5 0.7402071221738086 0.5480259592212882
908 0.7402611716496249 0.5481024458401651
907.5 0.7403191396023644 0.5481928504242569
907 0.7400738137404975 0.5478266142662939
906.5 0.7400865665443754 0.5478437341871822
906 0.740160956206271 0.547957677850764
905.5 0.7401286937755499 0.5479059794367814
905 0.7402250347614824 0.5480520172071038
904.5 0.7401345257186179 0.5479168029091382
904 0.7404029301742042 0.5483170522738745
903.5 0.740181666348626 0.5479838530719354
903 0.7400831757994835 0.5478441471651578
902.5 0.7401726662849978 0.5479718042492987
902 0.740284327690435 0.5481382881217546
901.5 0.7402224521933747 0.5480444929718412
901 0.7400964345531148 0.5478598985745019
900.5 0.7399032702732211 0.547575039931771
900 0.7403295287581029 0.5482040243114947
899.5 0.7399749256708203 0.5476812294579246
899 0.7399937032588255 0.547710119117014
898.5 0.7401239895471481 0.5479052137139968
898 0.7403377399144845 0.5482200878856575
897.5 0.7400982758091341 0.5478622626099827
897 0.7401914989500255 0.5480026996945635
896.5 0.7399946010939079 0.5477082492384956
896 0.7397206427781835 0.5473076211080558
895.5 0.7398423159928962 0.5474847957751648
895 0.7403012380448701 0.5481618187407231
894.5 0.7399014269815349 0.5475714711266931
894 0.7400296114795865 0.5477650725712249
893.5 0.7398838358864384 0.5475439750486062
893 0.7395535883292271 0.5470599835858577
892.5 0.7399347744753777 0.5476235020421736
892 0.7402059178443071 0.5480246860365123
891.5 0.7398497933958258 0.5474951703281864
891 0.7398509155632849 0.5475009460951142
890.5 0.7396638045907507 0.5472221984329635
890 0.7398868052369953 0.5475513387702756
889.5 0.7398823077497784 0.5475474376989028
889 0.7397525369784588 0.5473532896497751
888.5 0.739795677776043 0.5474157284511276
888 0.7397991543854028 0.5474235479222638
887.5 0.7396101265114038 0.5471387144784247
887 0.7396419322031769 0.5471903949606048
886.5 0.7395884074514631 0.5471090719849234
886 0.7395421322146779 0.5470415993958511
885.5 0.7395518738861385 0.547057564332048
885 0.7398086112425963 0.5474327938498705
884.5 0.739685889737284 0.5472555133036358
884 0.7393676955316452 0.5467822001435617
883.5 0.7397019773154159 0.5472795958886222
883 0.7395575487165684 0.547062706852152
882.5 0.7394250498390587 0.5468690458845938
882 0.7396071870598029 0.5471360876940259
881.5 0.7396372367438349 0.5471825611698591
881 0.7393454848687305 0.5467507410311242
880.5 0.7394695611328151 0.5469342125345503
880 0.7394072560712356 0.5468428507814839
879.5 0.7394858912185552 0.5469582215396774
879 0.7392983492026415 0.5466808095673809
878.5 0.739607429369727 0.5471374811062015
878 0.7392680331155878 0.5466329076306295
877.5 0.7395665933661677 0.547075520213093
877 0.7393539793334531 0.5467618914008244
876.5 0.7394101357156703 0.546844530980677
876 0.7392784543207006 0.5466510215979272
875.5 0.739339127603552 0.5467426183525846
875 0.7394050234101042 0.5468376620891001
874.5 0.739442891297983 0.5468885608777747
874 0.7391002803397828 0.5463902623645238
873.5 0.7392860602588465 0.5466644648531831
873 0.7392918086400897 0.5466707951479713
872.5 0.7391368251144216 0.5464399619244069
872 0.7395512085609487 0.5470557229969366
871.5 0.7390793250171971 0.5463568440448365
871 0.7392648329235267 0.5466304713854724
870.5 0.7391559695337863 0.5464698238791705
870 0.7391883801057645 0.5465117762792806
869.5 0.7393433684148449 0.5467469778045797
869 0.7390746912229297 0.5463464329255922
868.5 0.7388752646533816 0.5460542960318518
868 0.7390588895837713 0.5463266081168722
867.5 0.7390365828929344 0.5462939620559729
867 0.7390645255836454 0.5463373979130113
866.5 0.7391179331146405 0.5464140001430254
866 0.7390809226782851 0.5463606539533723
865.5 0.7391361953144957 0.5464421924122511
865 0.7390548841670791 0.5463197854703358
864.5 0.7389919065611478 0.5462285555466323
864 0.7388249398580198 0.5459816745507335
863.5 0.7391124798441688 0.5464053496367371
863 0.7390700121640298 0.5463405130063271
862.5 0.7389696113376856 0.5461936381523768
862 0.7388986952072674 0.5460900282061008
861.5 0.7390963146125378 0.5463827688569977
861 0.7388310099275917 0.5459898644827689
860.5 0.738754060869839 0.5458756626782338
860 0.7388419037972104 0.5460025943497242
859.5 0.7388856497013347 0.5460695749060708
859 0.7390537036061874 0.5463207546615263
858.5 0.7386491353869209 0.5457215397962666
858 0.738741484986834 0.5458588862876006
857.5 0.7386126604055934 0.5456662002873219
857 0.7391138084266119 0.5464053762486487
856.5 0.7385245775474062 0.5455368977136661
856 0.7387961647951284 0.5459384864898085
855.5 0.7389522493227674 0.5461664730934789
855 0.7387735508820533 0.54590337049054
854.5 0.7386723334085463 0.5457574114501087
854 0.7387359014637083 0.5458449787020011
853.5 0.7385501482690027 0.5455777838415035
853 0.7386315452267793 0.5456933898138524
852.5 0.7385997862712295 0.5456474564421565
852 0.7386528055996117 0.545726770842435
851.5 0.738731212356555 0.5458446045759922
851 0.7385981640373429 0.5456427174879575
850.5 0.7387751466536001 0.5459083635858183
850 0.7384749130690609 0.5454642571317898
849.5 0.738625951625417 0.5456851609749936
849 0.7382126243693415 0.5450779002071751
848.5 0.7383862654321397 0.5453324864618849
848 0.7383305946359761 0.5452552705202078
847.5 0.7384773519186468 0.5454673997949149
847 0.7385482201824057 0.5455742467254194
846.5 0.7385637185887169 0.5455947118996349
846 0.7383308914304209 0.5452537221347273
845.5 0.7384037749135662 0.5453593971807305
845 0.7382672125471571 0.5451584185913732
844.5 0.7384516537183613 0.545429102556249
844 0.7384307655202009 0.5453974228288998
843.5 0.7382478000410219 0.5451290337196621
843 0.7383683577455668 0.5453038368992142
842.5 0.7383111230986814 0.5452243703055581
842 0.7384229002617825 0.5453879174810641
841.5 0.7383063108256213 0.5452174856581312
841 0.7385052099395498 0.5455071127654533
840.5 0.738167215774813 0.5450117463576238
840 0.73816272834571 0.54500231779645
839.5 0.7382688823498901 0.5451597390188924
839 0.7383633875812304 0.5452979981379699
838.5 0.7383347841626275 0.5452582108802402
838 0.7378798497598942 0.5445877970268417
837.5 0.7381258202271562 0.5449475497023656
837 0.7382833354700595 0.5451811777646286
836.5 0.738128778679629 0.5449556846295066
836 0.7381789812267333 0.5450253490484057
835.5 0.7380650687803392 0.5448576036870432
835 0.7381965216236359 0.5450521620223561
834.5 0.7382535805482973 0.5451376560695177
834 0.737960671524848 0.5447036595612449
833.5 0.7379798930958028 0.5447325012579163
833 0.7382206715091914 0.5450891941710507
832.5 0.7380067128517115 0.5447725622781953
832 0.7379254719089942 0.5446524728786958
831.5 0.7380183927222921 0.5447873478686461
831 0.7379981382895635 0.5447597107038362
830.5 0.7378876704252251 0.5445972670704873
830 0.7379963441754458 0.5447556012471377
829.5 0.7380491438525992 0.5448360868328773
829 0.7379993680311798 0.5447610589377465
828.5 0.7377185299728561 0.5443462412722418
828 0.7378638183403627 0.5445615281570906
827.5 0.7376891279945456 0.5443060345221022
827 0.7376753108119031 0.5442827243033005
826.5 0.7378667455467318 0.5445661660179362
826 0.7375925288052149 0.5441600253126672
825.5 0.737645439691693 0.5442405727542525
825 0.737460484816731 0.5439705926561017
824.5 0.7377191607227764 0.5443491304395348
824 0.73776970561521 0.5444262346322624
823.5 0.7376116658235822 0.5441897265678945
823 0.7375447997855847 0.5440921501609595
822.5 0.7377555379898373 0.5444068286544604
822 0.7375498254302786 0.5441010084502957
821.5 0.7375196510009309 0.5440532885432594
821 0.7375481774653446 0.5440968260575166
820.5 0.7375135802683569 0.5440452253854412
820 0.7376139800564842 0.544191535731053
819.5 0.7372490837326268 0.5436553230104131
819 0.7374253511553113 0.543913411313908
818.5 0.7374654770957833 0.543975987661555
818 0.737621834089435 0.5442047408000413
817.5 0.7377424457875298 0.5443823778975457
817 0.7376620448821047 0.5442660709975322
816.5 0.7374041329172263 0.543886852892985
816 0.7373841049538516 0.543851939691399
815.5 0.7372985930973913 0.5437290634022788
815 0.7372587852123063 0.5436680101058043
814.5 0.7374563274416729 0.5439602835072767
814 0.7374465717147446 0.5439480112102449
813.5 0.7372174650825148 0.5436110462856147
813 0.7372475977969547 0.5436496490561481
812.5 0.7370891203193655 0.5434196639742601
812 0.7372401753751382 0.5436413577382168
811.5 0.7372525506729046 0.5436619261065595
811 0.7373961796095843 0.5438745174386227
810.5 0.7370426116923117 0.5433523910229647
810 0.7372259715764471 0.543623377130308
809.5 0.7370617379196709 0.5433786364935981
809 0.7368954039416438 0.5431342112141052
808.5 0.7370802418530789 0.5434076999906593
808 0.7372717801860935 0.5436896645066825
807.5 0.7371190423223011 0.5434622625252101
807 0.7369719073086605 0.5432457642161256
806.5 0.7370016893754368 0.543290392481546
806 0.7369451109711047 0.5432071124729038
805.5 0.737121453181721 0.5434702009206609
805 0.7372285975449254 0.5436257294312564
804.5 0.7370120922275786 0.5433060324523807
804 0.73679754672126 0.5429874732906476
803.5 0.7369615425654994 0.5432344538993669
803 0.7370210314664409 0.5433175333934069
802.5 0.736951979631893 0.5432189012356162
802 0.7369205252120611 0.5431697935843132
801.5 0.7370990239311795 0.543434734087846
801 0.7367684967915847 0.5429490300677657
800.5 0.7369374719691616 0.5431955921416299
800 0.7368559608260353 0.5430737262666808
799.5 0.7366923781269673 0.5428341696233188
799 0.7366778063669327 0.5428127497480209
798.5 0.7365285594464585 0.5425932928978844
798 0.7371617321808424 0.5435298887608202
797.5 0.7364443053661698 0.5424700359607809
797 0.7368593681881322 0.5430781953326657
796.5 0.7366478733024265 0.5427714312901382
796 0.736480178069359 0.5425221012166376
795.5 0.7367520489090613 0.5429227231583597
795 0.7366721055149659 0.5428066744544027
794.5 0.7365030376272644 0.5425538637295114
794 0.7367912603392169 0.5429795041759604
793.5 0.7365649404113336 0.5426467011763139
793 0.7365065261170181 0.5425637376307101
792.5 0.73628628812343 0.5422371067952046
792 0.7364573898603339 0.5424890553404733
791.5 0.7367685434209785 0.5429479281467274
791 0.7365040034252733 0.5425580831720918
790.5 0.7361181697134377 0.5419903020498997
790 0.7364008318919035 0.5424058760418909
789.5 0.7365364822121743 0.5426049272807925
789 0.736319308272604 0.5422850312270944
788.5 0.7364548894949478 0.5424850556532123
788 0.7363220579956976 0.5422902357306466
787.5 0.7362912753471446 0.5422459541612489
787 0.7360621810119881 0.5419092157579658
786.5 0.7362953933614292 0.5422506602938271
786 0.7362728788927182 0.5422182113708724
785.5 0.736069461092402 0.5419167859197295
785 0.7362840268559366 0.5422310870363389
784.5 0.7360724150358748 0.5419215144854777
784 0.7359656730046698 0.54176425614157
783.5 0.7364053657931373 0.5424103973243409
783 0.736283982908618 0.542233510846344
782.5 0.7362995859366686 0.5422539995242298
782 0.7359566099062281 0.5417519538088648
781.5 0.7359100962318894 0.5416821341918747
781 0.7359539078005464 0.5417486257445198
780.5 0.7360824213862216 0.5419387629534157
780 0.7358719705448312 0.5416247172287052
779.5 0.7362035227239375 0.5421116876425157
779 0.7359519854427781 0.541745534371529
778.5 0.7358895497944719 0.541650702133668
778 0.7360459485654848 0.5418859847561653
777.5 0.7360068553364707 0.5418231105636128
777 0.7360800494673454 0.5419353317320058
776.5 0.7358151521897718 0.5415450327890907
776 0.7359091531180224 0.5416826511566856
775.5 0.7361557896141092 0.542041339786804
775 0.7355165218966592 0.5411040330921516
774.5 0.7359289292802316 0.5417113887715326
774 0.7358905316273839 0.5416520344238801
773.5 0.7358714987052637 0.5416245741133318
773 0.7358017998668129 0.5415259438910497
772.5 0.7359494490595808 0.5417397483915198
772 0.7358809986479067 0.5416416394756055
771.5 0.7358637552406242 0.5416156701878148
771 0.7356858700017055 0.5413539387875458
770.5 0.7358351077746237 0.5415744972502398
770 0.7355058444895645 0.5410885446439961
769.5 0.7354357070444761 0.540985393859969
769 0.7357553906864215 0.5414563655177551
768.5 0.7355778604147363 0.5411950827779215
768 0.7354164772861791 0.5409598739302118
767.5 0.7355159034908445 0.5411028999398403
767 0.7355173088807146 0.5411049708164487
766.5 0.7354889451430027 0.5410632432622068
766 0.7351648905850136 0.5405877382014667
765.5 0.7354705570160686 0.5410386367779555
765 0.7353319758885704 0.5408322176400929
764.5 0.7354270219973577 0.540972232894901
764 0.7353935176881424 0.5409216758889789
763.5 0.7356233804689972 0.5412595274047041
763 0.7354216346064911 0.540967206793375
762.5 0.7355367521948332 0.541136172250725
762 0.7354381388436098 0.5409902778201626
761.5 0.7352100529746772 0.540651935481771
761 0.7353457586297785 0.5408536179576126
760.5 0.735356702984743 0.5408681502276244
760 0.7353591264486813 0.5408707669133187
759.5 0.7353563315786998 0.5408679785291419
759 0.7350935642330778 0.5404828729394457
758.5 0.7350723047207619 0.5404521842063676
758 0.7352115876325479 0.5406567264544632
757.5 0.7355610917663341 0.541167702803624
757 0.7351789496261281 0.5406045052439293
756.5 0.7351610289356713 0.5405820802785124
756 0.73515853920277 0.5405778862825844
755.5 0.7349724451571877 0.5403053983912348
755 0.734931874169321 0.5402434426613614
754.5 0.7349134798951485 0.5402168776934352
754 0.7349100484477654 0.540213137288602
753.5 0.7349461808790501 0.5402667041821202
753 0.7350572020588081 0.5404294511953025
752.5 0.7348875413491084 0.5401753978932978
752 0.7351071874947689 0.5405004220899388
751.5 0.7347209190673155 0.5399356807105125
751 0.7348021912836011 0.5400518328154267
750.5 0.7350256221904443 0.5403806483839886
750 0.7345664300137774 0.5397076525264216
749.5 0.734815477750054 0.5400781851987334
749 0.7348719343484266 0.5401552400328784
748.5 0.7346437344209428 0.5398202663769314
748 0.7347610997594185 0.5399935776769597
747.5 0.7345519932648288 0.5396875398445042
747 0.7345443714634157 0.5396742439357479
746.5 0.7345853160473753 0.5397373015229601
746 0.7346229366533227 0.5397879032764027
745.5 0.7347034002681019 0.5399093043793161
745 0.7345741071432798 0.539721842641742
744.5 0.7347884623660969 0.5400355693916739
744 0.7342367093811806 0.5392246826501829
743.5 0.7345586477922559 0.5396969405549261
743 0.7344928135038102 0.5395983542583601
742.5 0.7343496522996776 0.5393872657583213
742 0.7344870042643601 0.5395919315684679
741.5 0.7345719441698285 0.5397133453234565
741 0.7343316555892122 0.5393613716921437
740.5 0.7345244263749316 0.5396481099114994
740 0.7344649839072356 0.5395606513064837
739.5 0.73435821412899 0.5393975722964438
739 0.7341623266778821 0.5391161818523743
738.5 0.7343524787929196 0.5393921960778421
738 0.7341602845941063 0.5391118494464442
737.5 0.7342110353848299 0.539183346055882
737 0.7341543125736014 0.5391021357224919
736.5 0.7341604160353367 0.5391129721433623
736 0.7342199872022079 0.5391973763157719
735.5 0.734005271146252 0.5388847777728942
735 0.734214632974825 0.539193372400627
734.5 0.7341696619873516 0.5391289396073929
734 0.7341489407849676 0.5390940701414652
733.5 0.7341440105053566 0.5390853236089915
733 0.7339896738213837 0.538861072381895
732.5 0.7341251204376783 0.5390616333567376
732 0.7340711392484398 0.5389805498686181
731.5 0.7341811332304512 0.5391395386974674
731 0.7339090236924595 0.5387394121076481
730.5 0.7339045196246884 0.5387370807128331
730 0.7340142602458064 0.5388959680435699
729.5 0.7340151993067396 0.538899750160259
729 0.734004158344755 0.5388856205871235
728.5 0.733720870088876 0.5384649338442014
728 0.7339689050227709 0.5388323859281399
727.5 0.7337559949153976 0.5385169652617463
727 0.7334875264722969 0.5381233717849662
726.5 0.7339835752087239 0.5388524845999587
726 0.7336909592687374 0.5384222088174635
725.5 0.7336888566590966 0.5384193467835527
725 0.7336324805976767 0.5383367341097469
724.5 0.7337468674264754 0.5385023772792321
724 0.7336162698684418 0.53831347888776
723.5 0.733567307931094 0.538239823713984
723 0.7336479294275079 0.5383585060237543
722.5 0.733562814604321 0.5382355376938799
722 0.7337410663251055 0.5384970101592104
721.5 0.7335925195860238 0.5382786927128517
721 0.7334582248892693 0.5380835450023393
720.5 0.7334520325771519 0.5380759347800654
720 0.7332664730367469 0.5378013406807677
719.5 0.7336130432852301 0.5383079810597798
719 0.7334284822481902 0.5380364188478098
718.5 0.7334633962904834 0.5380896931916829
718 0.733419420175174 0.5380261487425242
717.5 0.7332473536406646 0.5377721779789157
717 0.7334410176618671 0.5380556329623531
716.5 0.7333861023434592 0.537973169873261
716 0.7332577928227244 0.5377868929054678
715.5 0.7331443227269279 0.5376159024328304
715 0.7332049064743545 0.5377092738150191
714.5 0.7330121816093322 0.5374266304071026
714 0.7333540609293288 0.5379311629315247
713.5 0.7330214956208339 0.5374430189270121
713 0.7329140692201539 0.5372811483813044
712.5 0.7331743784937325 0.5376644064055925
712 0.7333227798164419 0.5378827400175146
711.5 0.733039635167521 0.5374692524286487
711 0.7332087537861928 0.5377182134453287
710.5 0.7328265669024181 0.5371562025205279
710 0.7330031895818172 0.5374164186551497
709.5 0.7331146952397005 0.5375774069149793
709 0.7330304973921107 0.5374539935422915
708.5 0.7326981914750735 0.5369672204105609
708 0.7329055255110286 0.5372698511745574
707.5 0.7330646258362832 0.5375043566223316
707 0.7324745523968847 0.5366403387436626
706.5 0.7326975125871109 0.5369689708064197
706 0.7328372849029928 0.5371690309361407
705.5 0.732644108856309 0.5368884086075686
705 0.7326434719338386 0.5368855746460977
704.5 0.7326965049033154 0.5369613703436662
704 0.7326855914485234 0.5369474150756293
703.5 0.7326093005672955 0.536837706284556
703 0.7327566616569572 0.5370544060228127
702.5 0.732497066678352 0.5366731474183936
702 0.7326648990376103 0.5369173657493407
701.5 0.7327408936606187 0.5370282306202988
701 0.7326326339763782 0.5368698348684277
700.5 0.7324218571400757 0.5365610082898413
700 0.7325337512204325 0.5367247292061357
699.5 0.7323527951053187 0.5364627154845257
699 0.7324508431122146 0.5366075869945456
698.5 0.7322262933615806 0.5362756440353356
698 0.7324719475197468 0.5366345079307666
697.5 0.7324780788309707 0.5366444456587333
697 0.7323407872269264 0.5364453189631088
696.5 0.7324129007053938 0.5365498612725079
696 0.7322335299258748 0.5362863627971899
695.5 0.7324322179822458 0.5365784177023983
695 0.7321841758747697 0.536211423444681
694.5 0.7322531756543946 0.5363155288026713
694 0.732280856346127 0.5363579914968706
693.5 0.7321318281123078 0.5361373889661287
693 0.7320836214737869 0.5360670787246906
692.5 0.7320787812340441 0.5360561430733694
692 0.7321058882482322 0.5360995213354199
691.5 0.7321178644744288 0.5361188332905678
691 0.7322241229171589 0.5362738392038976
690.5 0.7321833511673028 0.5362121950218904
690 0.7320603385342638 0.5360314267066716
689.5 0.7320447989299217 0.5360083685926075
689 0.7318163522481804 0.5356741942253888
688.5 0.7318825047352485 0.5357740324324437
688 0.7317769125032964 0.5356157845901014
687.5 0.7319326169508398 0.5358456197562103
687 0.7317491345954197 0.535577340000908
686.5 0.731876717958537 0.5357592830720302
686 0.7317696552563778 0.5356117872468315
685.5 0.731880336611811 0.5357701719793956
685 0.7316647012144751 0.5354494800049866
684.5 0.7316790868274696 0.5354745794960676
684 0.7317500699435657 0.5355772034794561
683.5 0.7318057865190324 0.5356589086151642
683 0.7315383615150652 0.5352678821483143
682.5 0.7318341535073976 0.5357003134126008
682 0.7314949153580075 0.5352077250810187
681.5 0.7316956451681059 0.5354969999220107
681 0.7317187102854409 0.5355318051299424
680.5 0.7314969765096581 0.5352079243075465
680 0.7315419976560202 0.5352725164009986
679.5 0.7316324444225597 0.5354043303486539
679 0.7315477496168162 0.5352819280313689
678.5 0.7314651612243926 0.5351633064129274
678 0.7312446535327704 0.5348392632560681
677.5 0.7312594421499293 0.5348587865492846
677 0.7313306359450938 0.5349653590920342
676.5 0.7314384529906689 0.5351206123938862
676 0.7312206497416225 0.5348047818382733
675.5 0.7311980377070124 0.53477040293287
675 0.7312108487258409 0.5347874946129982
674.5 0.7310287295394995 0.5345215845258733
674 0.7310205242360188 0.5345118925666117
673.5 0.731032836658097 0.5345296999152553
673 0.7310568372001308 0.5345619582183997
672.5 0.7312580451074836 0.5348612903515091
672 0.7310438109472345 0.5345438089027628
671.5 0.7312884361170164 0.5349062347255281
671 0.7307258214434982 0.5340769563397226
670.5 0.7307091373029527 0.5340599911993702
670 0.7308937640776456 0.5343267844203284
669.5 0.731079849209896 0.5345966405421021
669 0.7309310634578692 0.5343822132504488
668.5 0.7309215563355491 0.5343677368851661
668 0.7309054569513452 0.5343437072974262
667.5 0.7307612421214872 0.5341338803001495
667 0.7309503099350582 0.5344082727756484
666.5 0.7308870262971733 0.5343180143261822
666 0.730663870642429 0.5339899917346658
665.5 0.7306981494202525 0.5340407090591872
665 0.7308597199910221 0.5342773449606723
664.5 0.7307409420050549 0.5341066016061047
664 0.7304916433596239 0.5337375153149239
663.5 0.730825990974177 0.5342274848214905
663 0.7305046963499637 0.5337589290060318
662.5 0.7304208244630651 0.5336340840658994
662 0.7306039008913346 0.5339027104564856
661.5 0.7306394248561066 0.5339526229250122
661 0.7304203351885827 0.5336337406628406
660.5 0.730451972452825 0.5336801745659977
660 0.7305813094396625 0.5338693919345526
659.5 0.730422060687845 0.5336373525213781
659 0.7304107372603621 0.5336211547925575
658.5 0.7301964666784262 0.5333073437617637
658 0.7305670195694522 0.5338485386077865
657.5 0.7302965911325491 0.533454342815356
657 0.730542214448894 0.5338134923934175
656.5 0.7303425001030404 0.5335208168999688
656 0.7303356262313779 0.5335113482659665
655.5 0.7301087305304685 0.5331795811263298
655 0.7300846697504216 0.533142658710175
654.5 0.7298945945105116 0.5328674483108329
654 0.7302651240166808 0.5334051187178642
653.5 0.7302189198288536 0.5333404902262928
653 0.7301880648320178 0.5332971811721837
652.5 0.7298687981834852 0.5328297079646473
652 0.7298565957328323 0.532811334148285
651.5 0.7299143636370142 0.5328924669354018
651 0.7299410160733046 0.5329353033389433
650.5 0.7296222875403895 0.5324719751958722
650 0.7298811648584393 0.532848039260279
649.5 0.7297790541927742 0.5326971498471618
649 0.729979104517223 0.5329915226486831
648.5 0.7297001434998354 0.5325865196934927
648 0.7295314362032901 0.5323388417800002
647.5 0.7299095110251829 0.5328856843264209
647 0.7297004223549566 0.5325852048018553
646.5 0.7297405857218957 0.5326439193326976
646 0.7297023422278391 0.532585600280812
645.5 0.7295289473783698 0.532337043881222
645 0.7295790437453323 0.5324043900120539
644.5 0.7294253898568629 0.5321856509665283
644 0.7295868917844194 0.532413944353278
643.5 0.7296267695992951 0.5324758636896478
643 0.7296518303769918 0.5325098098216443
642.5 0.7294833296313095 0.5322678581944491
642 0.7293289751107936 0.5320450470290286
641.5 0.7295277666011006 0.5323330146309468
641 0.7292235203587615 0.5318870862603549
640.5 0.7293533857946056 0.5320777296688569
640 0.729319901063978 0.5320257449674218
639.5 0.7293581072124696 0.5320833085351302
639 0.7292836679568728 0.5319745035639426
638.5 0.7292784941124059 0.5319664478929776
638 0.7291212523851535 0.531739699850974
637.5 0.7287783066581403 0.5312371043095253
637 0.7292061399330619 0.5318617717695916
636.5 0.7289970049288539 0.5315578926287452
636 0.7290249852684656 0.531597969144363
635.5 0.7290760528856003 0.5316703931350005
635 0.7292654122669474 0.5319486836751616
634.5 0.7288315937748965 0.5313171184670382
634 0.7287743574451626 0.5312321162283165
633.5 0.7287000549411725 0.5311266106408633
633 0.7290494345288959 0.5316378130051448
632.5 0.7288589509729677 0.5313578128650739
632 0.728796934466505 0.5312641929792215
631.5 0.728855830000258 0.5313513117315598
631 0.7288660742123336 0.5313669868586453
630.5 0.728644261336169 0.531042622138909
630 0.7289628669738162 0.5315086963052734
629.5 0.7284623253281506 0.5307777214623076
629 0.7286598193880677 0.5310666415308593
628.5 0.7289510382083308 0.5314884013041513
628 0.7286090280214901 0.5309924298419306
627.5 0.7286722940292848 0.5310878100199133
627 0.7282335586275018 0.53044860697011
626.5 0.7284629090733254 0.5307820814674215
626 0.7285613923231774 0.5309214228791461
625.5 0.7287746369979912 0.5312328369506826
625 0.7284531329557384 0.5307652464865019
624.5 0.7282406074567843 0.5304545869277564
624 0.7283867795095066 0.53067212722297
623.5 0.7283746303940832 0.5306479343780957
623 0.7284304746638137 0.5307318617402504
622.5 0.7283154589254066 0.5305629474935791
622 0.7282157200212801 0.5304208891727037
621.5 0.7281300693520381 0.5302934412832034
621 0.7282257853851285 0.5304358258104321
620.5 0.7281278903192969 0.5302914561810826
620 0.7278942294697432 0.5299540286457475
619.5 0.7280362797004478 0.5301601172749771
619 0.7282134422191684 0.5304165973506089
618.5 0.7279341806692782 0.5300095553813057
618 0.7281511076627908 0.5303245282636563
617.5 0.7278292171601061 0.5298571728637441
617 0.7281560799013347 0.5303281555052538
616.5 0.7278607565661622 0.5299027287477007
616 0.7278061306516674 0.5298273012058251
615.5 0.7279864592059337 0.5300872473363494
615 0.7276265558051378 0.5295633878031014
614.5 0.7274229316671693 0.5292649373483472
614 0.7276600556624293 0.5296113924221229
613.5 0.7279065974919369 0.5299680783952438
613 0.727597005973591 0.5295177798901354
612.5 0.727367309583572 0.5291871791393533
612 0.7276142346156831 0.5295440686419637
611.5 0.7275804562847924 0.5294940445119221
611 0.7272995143734218 0.5290873291014094
610.5 0.7277565984554913 0.5297512800577089
610 0.7273395238999716 0.5291446848072054
609.5 0.7273264279856354 0.5291261531087686
609 0.7275606823157261 0.529466431331846
608.5 0.7270621648085465 0.5287400997907051
608 0.7273319372590396 0.5291328125718805
607.5 0.7275498874506408 0.5294513342810373
607 0.7272734390092941 0.5290484363346031
606.5 0.7271552516354121 0.5288769371325143
606 0.7271528971774087 0.528870903300054
605.5 0.7273881995125863 0.5292136756132955
605 0.7270294024399385 0.5286958283348848
604.5 0.7269442847185908 0.5285713045220796
604 0.7271626404219392 0.5288842013411532
603.5 0.7271223862076263 0.5288275436540957
603 0.7267983709935973 0.528357493645418
602.5 0.7271417090408967 0.5288549298402998
602 0.7268242417194702 0.5283971067578875
601.5 0.7268850837229237 0.5284806446332718
601 0.7269570505640686 0.5285868919024564
600.5 0.7267636140655122 0.5283034969374912
600 0.7269806777526663 0.5286226961300936
599.5 0.7267124779668651 0.528230012586846
599 0.7267932320666644 0.5283474343730539
598.5 0.7268291106448737 0.5284029909743732
598 0.7266228747275025 0.5281021684846231
597.5 0.7269067463424758 0.5285178065089969
597 0.7265066111143671 0.5279321183988038
596.5 0.7264907574434947 0.5279122470698161
596 0.7265063660972585 0.5279341314206104
595.5 0.7261765267136123 0.5274550467789559
595 0.7260198166272408 0.527225100550997
594.5 0.7264311097247036 0.5278239939542593
594 0.7263631419866758 0.5277256110332932
593.5 0.7262910519883626 0.527621864648817
593 0.7261563102573177 0.527424946636303
592.5 0.7261767590532374 0.5274544861056556
592 0.7261688191363906 0.5274437875504596
591.5 0.7262898087217379 0.5276181428814695
591 0.7263873479345926 0.5277615154250551
590.5 0.7262268552655752 0.5275282167000648
590 0.7262850215760936 0.5276139479253483
589.5 0.7260201921432122 0.5272271335133861
589 0.7260383161520727 0.5272550781200649
588.5 0.7256968355402001 0.5267569776507427
588 0.7259094615176918 0.5270651950110978
587.5 0.7258644761372549 0.5269991203260388
587 0.7260351571973885 0.5272499910993506
586.5 0.7258675571969347 0.5270055658264748
586 0.7257684939820358 0.5268644437694108
585.5 0.725687904570797 0.526742166275405
585 0.7258699615456103 0.5270084907747219
584.5 0.7257536353229791 0.5268386536592652
584 0.7257719262561828 0.5268701851967199
583.5 0.7255114416992724 0.5264864193183953
583 0.7252985177650956 0.5261800901247353
582.5 0.725595309911727 0.5266103265092741
582 0.7253318707094496 0.5262278965789959
581.5 0.7254674975655521 0.5264269866217745
581 0.7251382437377977 0.5259459493559789
580.5 0.7254688544947266 0.5264279078647266
580 0.7253567749856747 0.5262641211332904
579.5 0.725036933004199 0.5258008475910256
579 0.7253541349713782 0.5262620455897481
578.5 0.7250807032009057 0.5258617580927952
578 0.7251279952591043 0.525932134222003
577.5 0.7252706133868247 0.526143157098382
577 0.7250621865194486 0.5258372707990125
576.5 0.7250068303765156 0.5257584171363958
576 0.7252261685772029 0.5260754631388093
575.5 0.7251101854698343 0.5259065004918819
575 0.7250612329708784 0.5258386366720894
574.5 0.7249496844773852 0.5256765464060914
574 0.7248518246913808 0.5255341485469534
573.5 0.7248626399348773 0.525546299969212
573 0.724800269452201 0.525460727149384
572.5 0.7245305746087553 0.5250677325852923
572 0.7249722171247233 0.5257063865735848
571.5 0.7247147518021835 0.5253353266909714
571 0.7246770020629207 0.5252799370438475
570.5 0.7245614067933143 0.5251089826210501
570 0.724747077206531 0.5253829697795118
569.5 0.7247371944861185 0.5253661869039045
569 0.7245462739866142 0.5250888756749276
568.5 0.7247927306059716 0.5254460594536684
568 0.7243892810105956 0.5248622226116804
567.5 0.7243657607593983 0.5248286517972931
567 0.724192330186862 0.5245760979355633
566.5 0.7243830228857113 0.5248531815647383
566 0.724120880307058 0.5244705825643438
565.5 0.724259887852205 0.5246734539457906
565 0.724150692855121 0.5245148683642749
564.5 0.7242289156267933 0.5246283857998835
564 0.7242035032396222 0.5245971080819707
563.5 0.7241466122210065 0.5245073537255059
563 0.7240446696107241 0.5243643874943994
562.5 0.7239288645610318 0.5241934943561033
562 0.7241802572164229 0.5245605603201632
561.5 0.7241937111728629 0.5245811065257149
561 0.7237191261062585 0.5238923718203153
560.5 0.7238605339781097 0.524093541238565
560 0.7238952606855633 0.5241462313646695
559.5 0.7238237799969031 0.5240449878092251
559 0.7238001485703476 0.5240071597716166
558.5 0.7235368190187307 0.5236294785411875
558 0.7239149942428638 0.5241766744066402
557.5 0.7235610783174768 0.5236661083978563
557 0.7234780574233731 0.5235391924781906
556.5 0.7236696411187401 0.523819329204047
556 0.7233841134584492 0.5234084225947851
555.5 0.7235235042320716 0.523607085215702
555 0.7235524235808689 0.5236484467634052
554.5 0.7233588830244263 0.5233712492369681
554 0.7236426438009063 0.5237792262409826
553.5 0.7231906790859253 0.5231276992151125
553 0.7233550706232978 0.5233666583497159
552.5 0.7232487048683389 0.5232156031601102
552 0.723033213628942 0.5228984460988152
551.5 0.7231386174955499 0.5230511324146463
551 0.7231846847656695 0.5231181630728525
550.5 0.7230746185475109 0.5229640692456927
550 0.7231220356438515 0.5230264289949796
549.5 0.7228874543459607 0.5226887360125885
549 0.7229308043601897 0.5227561068734776
548.5 0.7230020671644295 0.5228540846298679
548 0.7230110947508356 0.5228666505191976
547.5 0.72275841530143 0.5225024353928239
547 0.7225787473453547 0.5222459144570313
546.5 0.722830823538311 0.5226063689856785
546 0.7227092809365521 0.5224319177392864
545.5 0.7226340694948397 0.5223228414297969
545 0.722633598294709 0.522320591571644
544.5 0.7225139541447688 0.522147082087246
544 0.7226167757867791 0.5222962980930063
543.5 0.7225618855091899 0.5222198687188186
543 0.7223347330708746 0.521891260988021
542.5 0.7224661010783177 0.5220797446765172
542 0.7225018491519866 0.5221330563163953
541.5 0.7223510579196428 0.5219110658238892
541 0.7221947833280852 0.5216863506048917
540.5 0.7224708103888927 0.5220850313757232
540 0.7224747001381936 0.5220916843879774
539.5 0.7220039775207895 0.5214127151644399
539 0.7222800415094804 0.521812520363261
538.5 0.7221939857588207 0.5216852428284108
538 0.7219864402627364 0.5213869697210951
537.5 0.7216380167854012 0.5208853563576182
537 0.7218829316014359 0.521236567852531
536.5 0.7221078820663336 0.5215611204541801
536 0.7217632882866352 0.5210639430511672
535.5 0.7217852996845536 0.521096149261879
535 0.7217468667862509 0.5210416426379232
534.5 0.7215544525142985 0.5207633542501349
534 0.7215343634353638 0.5207332750841595
533.5 0.7218845891603393 0.521239595940906
533 0.7214420645611004 0.5205990708764393
532.5 0.7216223814275594 0.5208596660560051
532 0.7212952559907198 0.5203892915530538
531.5 0.7214799972787068 0.5206525938953741
531 0.7213984771170746 0.5205404756220617
530.5 0.7216108828988391 0.520844559936226
530 0.7213323046892149 0.5204457219618076
529.5 0.721338263901054 0.5204530081108776
529 0.7213608635450278 0.520486890079127
528.5 0.7210458781954125 0.5200302084146565
528 0.7213388238935264 0.5204520043725406
527.5 0.721193495129812 0.5202414022477364
527 0.72103036527123 0.5200117057324954
526.5 0.7210218180475345 0.5199960884803104
526 0.7210195263397687 0.5199951124254991
525.5 0.7210164316090446 0.5199880712502448
525 0.7212267485165849 0.5202927479591014
524.5 0.721019586041722 0.5199932861209668
524 0.7208417349976386 0.5197349683874867
523.5 0.7207485737871057 0.5196022214956681
523 0.7208380594836373 0.5197293011245101
522.5 0.7207156771254379 0.5195537048913061
522 0.7204800751474426 0.5192123025543459
521.5 0.7205565766571603 0.5193240843494702
521 0.7203812745522271 0.5190748803385844
520.5 0.7203200949183558 0.5189857700926789
520 0.7204175636230286 0.5191243380425201
519.5 0.7202513483367727 0.5188857257000674
519 0.7202462131074142 0.5188759364322238
518.5 0.720490017409929 0.519227877582443
518 0.7202160902087557 0.5188366932346383
517.5 0.720070157631341 0.5186218322337509
517 0.720251901022447 0.5188867727077631
516.5 0.7199899590990539 0.5185094266438287
516 0.719932855494701 0.5184256648611447
515.5 0.7200715662573381 0.5186278470180479
515 0.7202537440001765 0.5188852093322419
514.5 0.7198687130302367 0.518334637879756
514 0.7197102938956091 0.5181101268449639
513.5 0.7199665943503251 0.5184776266778097
513 0.7199871423482495 0.518504382939118
512.5 0.7196905925192999 0.518074685574575
512 0.7197706558723043 0.5181929848125901
511.5 0.7196013671756937 0.5179495823572114
511 0.719705238602143 0.5181015054563705
510.5 0.7193281593256442 0.5175553512237434
510 0.7193770291310222 0.5176235282670864
509.5 0.7191926549985148 0.5173610680128149
509 0.7197258632553934 0.5181294765220257
508.5 0.7195629524785138 0.517898264515948
508 0.7192673323473089 0.5174718600175914
507.5 0.7195524544004728 0.5178771542744613
507 0.719073567310844 0.5171895714912857
506.5 0.7193837584607515 0.5176376081495515
506 0.7193984380125745 0.517657475757562
505.5 0.7188896607121121 0.5169239741095502
505 0.7192685457884559 0.5174725839156924
504.5 0.7190713139515172 0.5171867444504203
504 0.7190094064974485 0.5170989793962787
503.5 0.7188355828056504 0.5168511968943739
503 0.7190461281850087 0.5171520785406336
502.5 0.7189148677862631 0.516961505051593
502 0.7188448071927775 0.5168618526323853
501.5 0.7187616740621324 0.5167437368641553
501 0.7187484711957228 0.5167228740348697
500.5 0.7187143073223944 0.5166715328767651
500 0.7185390800963686 0.5164223520898746
499.5 0.7183807855358116 0.5161953661103226
499 0.7186506300043697 0.5165839605785043
498.5 0.7186954320600348 0.516646635666884
498 0.7183182735873135 0.5161073309573856
497.5 0.7183092819631975 0.5160927522611072
497 0.7181977062406436 0.5159313999510022
496.5 0.718098964621706 0.5157897158128966
496 0.7183823174094114 0.5161969538175776
495.5 0.7180916265536698 0.5157817004780189
495 0.7182219994947341 0.5159646871258796
494.5 0.7177153075121788 0.515237451023089
494 0.7180740325608622 0.5157556273557566
493.5 0.718066887040736 0.5157416443672107
493 0.7178059729222289 0.51537282210339
492.5 0.7177875293576942 0.5153432137674743
492 0.7176749899770413 0.5151809240758548
491.5 0.717430464593449 0.5148286430105515
491 0.7176231581527933 0.515105745907787
490.5 0.7177141075748306 0.5152408523102999
490 0.7178260919722124 0.5154001608750538
489.5 0.7177176137073011 0.5152417169200381
489 0.7174307469381946 0.5148300081034247
488.5 0.7173307301767364 0.5146891741168079
488 0.7171512616188407 0.5144302651738539
487.5 0.7178559928578998 0.5154408694352176
487 0.7174661473369893 0.514879964119682
486.5 0.7171645819649095 0.5144512168152113
486 0.7172930574083971 0.5146356713436862
485.5 0.7172530278360431 0.5145736367407971
485 0.717042514103483 0.514274391070757
484.5 0.7173597494933805 0.5147287748745597
484 0.7169608367982739 0.5141568131807581
483.5 0.7169204910455808 0.5141006033114428
483 0.7171169619839893 0.5143819393789056
482.5 0.7168217371646414 0.5139568836423414
482 0.716794193873397 0.5139156047653859
481.5 0.7166983341254164 0.5137792165546687
481 0.7166366808429476 0.5136905382725339
480.5 0.7165338989814544 0.5135466035553615
480 0.7161911710419717 0.5130514846310439
479.5 0.7163530279900755 0.5132863266164291
479 0.7165533015317211 0.5135724433294789
478.5 0.7163183997639606 0.5132360903899965
478 0.7162200011054335 0.5130981517339245
477.5 0.7160892389303265 0.5129060736680564
477 0.7162298424833725 0.5131085994428924
476.5 0.7160706164445277 0.5128837562313303
476 0.7163347245951476 0.5132595873621616
475.5 0.7160233692357606 0.5128145234015391
475 0.715909569135018 0.5126504543859942
474.5 0.7161355206185416 0.5129731499168958
474 0.7159928975003299 0.5127665169554079
473.5 0.7158438195144247 0.5125567515784764
473 0.7156220668213766 0.512239465929849
472.5 0.7156744796938251 0.5123168019329164
472 0.7155013916815238 0.5120676272922207
471.5 0.7155487561849126 0.5121377073574326
471 0.7153918496370689 0.5119120084340684
470.5 0.7154138712811375 0.511939234673127
470 0.7154560608595197 0.5119985662283645
469.5 0.7150905015868508 0.5114774571288039
469 0.715292563425529 0.5117689290113567
468.5 0.7151108483220951 0.5115088865387625
468 0.7152708716917683 0.5117361757363744
467.5 0.7150657636242584 0.5114406180545491
467 0.7152044050322606 0.5116429859833852
466.5 0.7150029468556256 0.5113548986784172
466 0.7151357765824133 0.5115434516704696
465.5 0.7149344432078509 0.5112544564390955
465 0.7146839701283584 0.5108976741035749
464.5 0.714739187574903 0.5109744193144812
464 0.7147500784917369 0.5109905272888584
463.5 0.7145512251168041 0.5107056914115675
463 0.7144852410371096 0.51061634155056
462.5 0.7145331279512703 0.5106805034617345
462 0.714710956124519 0.5109349699028073
461.5 0.7145958695676504 0.5107719230662823
461 0.7140696124624974 0.5100195905702309
460.5 0.7140952468098938 0.5100579686805502
460 0.7143062794282676 0.5103579375434112
459.5 0.7141379080653208 0.5101156884568888
459 0.7140570110760146 0.5100011095581775
458.5 0.7139708635728422 0.5098819148918387
458 0.7139513479504854 0.5098520937483833
457.5 0.7140887649752222 0.5100459738267092
457 0.7139436928740086 0.5098433771335917
456.5 0.714132624511061 0.5101077382301463
456 0.7138955874932322 0.5097721366235393
455.5 0.7135309968551501 0.5092502212703975
455 0.7136176169048697 0.5093773460966757
454.5 0.7135173239440896 0.509230942793403
454 0.7136334050095778 0.5093988732085516
453.5 0.7135727132764792 0.5093099526746048
453 0.7131613564570322 0.508723799888589
452.5 0.7133579630966541 0.5090017586901908
452 0.7133518848136973 0.5089980188595591
451.5 0.7132108021034617 0.5087916966948309
451 0.7130725889216851 0.5085991847259016
450.5 0.7129390457504552 0.5084059100587878
450 0.713161337529818 0.5087236624180143
449.5 0.7129448899083727 0.5084175990235438
449 0.7129786834338201 0.5084619566649657
448.5 0.7128466172624465 0.5082736931014228
448 0.7127536301053958 0.5081393604159687
447.5 0.7126184076974375 0.5079492088468421
447 0.7125148601058763 0.5078024508415152
446.5 0.7126815488880976 0.5080388802816562
446 0.712650948826329 0.5079941653567898
445.5 0.7126183180216202 0.5079505134523644
445 0.7123965560630957 0.5076319301862885
444.5 0.7123494980458391 0.5075709125369465
444 0.7122000142987402 0.5073529908921327
443.5 0.7123637403535278 0.5075875151788356
443 0.7122030546348916 0.507357144796179
442.5 0.7122639480036426 0.5074438009236372
442 0.712407317985817 0.5076483782611836
441.5 0.7120874832429408 0.5071933190937931
441 0.712039733875396 0.5071237265903378
440.5 0.711909206819399 0.5069431270664856
440 0.7118466445419263 0.5068528299379139
439.5 0.7119256964260537 0.5069610200935162
439 0.7113660111813147 0.5061651846294997
438.5 0.7115064303731042 0.5063669230661055
438 0.7115404167618283 0.5064136247456628
437.5 0.711465256186396 0.5063119840119361
437 0.7109850499843581 0.5056276845325374
436.5 0.7112376412477034 0.5059844912064421
436 0.7111333354953653 0.5058388890664155
435.5 0.7112040285182248 0.505936489165757
435 0.7110048448390853 0.5056530752874439
434.5 0.7109067691391739 0.5055173548922985
434 0.7108644361606453 0.505453911588461
433.5 0.7107872226302425 0.5053485275603625
433 0.7105765161047124 0.5050466261063395
432.5 0.7105117340380718 0.5049513069760299
432 0.710772552736284 0.5053215417369288
431.5 0.7106222233517551 0.5051107813550155
431 0.7105096225900346 0.5049493089959093
430.5 0.7105143615447896 0.5049528963696039
430 0.7105257178293846 0.5049741264596985
429.5 0.7106430378925724 0.5051393406787792
429 0.7104876102970961 0.5049177426029708
428.5 0.7101694969914176 0.504464474655552
428 0.7102574243756535 0.504590940489405
427.5 0.7101393232273012 0.5044248252003022
427 0.7103740754167663 0.504758456769776
426.5 0.7101048710698765 0.5043744173577982
426 0.7099921903863313 0.5042155763266757
425.5 0.7096604797444049 0.5037425743283149
425 0.7098737406190219 0.5040451195566309
424.5 0.7097193951725351 0.5038274181638048
424 0.7096987365012705 0.5037976419670774
423.5 0.7092560150389503 0.5031697410396163
423 0.7096795944439687 0.5037706211212003
422.5 0.7095733674362166 0.5036198680349442
422 0.7095162560874922 0.5035382220314499
421.5 0.7092244709096799 0.5031259689154849
421 0.7091535538847273 0.5030243097026352
420.5 0.709364859219683 0.5033205180782734
420 0.7090476323077107 0.5028737463167736
419.5 0.7089447226731964 0.5027300735725347
419 0.7088756608005929 0.5026322745374809
418.5 0.7088759338960964 0.5026353871738727
418 0.7089864853850739 0.5027881577865461
417.5 0.7088525949373269 0.5025980393189324
417 0.7084645681777165 0.5020474689648141
416.5 0.708603954032273 0.5022409101836846
416 0.7083350582860788 0.5018634426404848
415.5 0.7084494995759636 0.5020284325377571
415 0.7084024576353083 0.5019631677134131
414.5 0.7082425076918762 0.501733732640027
414 0.7080283540192891 0.5014312495390084
413.5 0.7080840702768183 0.5015110756376429
413 0.7084347512646165 0.5020030899252681
412.5 0.7079076312988865 0.5012600296885298
412 0.7079786370403058 0.5013578474107343
411.5 0.7078809546314292 0.5012220027006403
411 0.7076320897805599 0.5008693936432201
410.5 0.7078484280862986 0.5011750355516437
410 0.7075450272050603 0.5007456550790756
409.5 0.7075579128518183 0.5007653278444252
409 0.7073981425447218 0.5005384449264857
408.5 0.7075877847509824 0.5008092447833673
408 0.7074210475352766 0.5005687656090996
407.5 0.707310794544741 0.5004169078728695
407 0.7069132811185386 0.49985110599455
406.5 0.7069111893968284 0.49985114868497993
406 0.7072355369843681 0.5003066341296667
405.5 0.7069290003501714 0.49987439184609234
405 0.7067387736907516 0.49960716937831295
404.5 0.7065139304553585 0.4992886955172395
404 0.7067711812675429 0.49965108654220547
403.5 0.7066123065271545 0.4994287033259316
403 0.7061051013580599 0.4987093382846879
402.5 0.7062147395195776 0.49886555004121064
402 0.7062073743945048 0.49885972335906875
401.5 0.7063491545564904 0.4990549186976379
401 0.7060493830277654 0.49863107341519697
400.5 0.7060814635676599 0.4986744258117626
400 0.7059655061061005 0.49851302914704076
399.5 0.7060332532328719 0.4986081874292656
399 0.7058289494588664 0.4983212205626659
398.5 0.7061630585960602 0.4987941276143908
398 0.7057712856253596 0.49824193864970173
397.5 0.7058158200127104 0.4983023241223122
397 0.7055124340586072 0.4978766024563913
396.5 0.7054408525039282 0.49777231046183107
396 0.7053873085501969 0.4976976536956999
395.5 0.7051712555228368 0.4973915546912572
395 0.7052534890890794 0.497509223175866
394.5 0.705224122460683 0.4974674207778596
394 0.7049860764330965 0.4971290477193894
393.5 0.7050197834225664 0.49718078415804573
393 0.7047494520158106 0.4968016336764775
392.5 0.7047176506991999 0.49675728668341235
392 0.7048378735580191 0.4969218281878351
391.5 0.7048849209964643 0.49698822870430565
391 0.7046066685770139 0.4965990499312918
390.5 0.7045870839931543 0.4965712314805066
390 0.7044651723868275 0.4963997710956285
389.5 0.7042169625781803 0.4960471552823713
389 0.7040456625524152 0.4958066659324181
388.5 0.7041289569691926 0.4959210171471124
388 0.7039063532138773 0.4956125862941805
387.5 0.7041181877951479 0.495909201753996
387 0.7040553373838285 0.4958196268968464
386.5 0.7039645492014889 0.4956924622535751
386 0.7040084546356202 0.4957590969129487
385.5 0.7038168283498251 0.4954836596790371
385 0.7034880125409839 0.4950233701104034
384.5 0.7031248300329469 0.49451418405215897
384 0.7032379230734968 0.4946727427590139
383.5 0.7034357198597176 0.4949475617305362
383 0.7033348754009824 0.49480605727373705
382.5 0.7033213679213384 0.4947852856459757
382 0.702888668030481 0.49418064048936483
381.5 0.7028403620952111 0.4941117480952331
381 0.7029216214192612 0.4942233887708172
380.5 0.7028607856008978 0.49413984470535444
380 0.7027119522433665 0.49393063058206704
379.5 0.7024749993618157 0.4936000375596668
379 0.702512749022283 0.49365201058591945
378.5 0.7024704915479859 0.4935904721294188
378 0.7021852899559379 0.49319269910865776
377.5 0.7021778893897815 0.49318256430731444
377 0.7022639236739069 0.4933010837071704
376.5 0.7019904602049524 0.4929148628876461
376 0.7017727423953752 0.49260855610035303
375.5 0.7019660888586571 0.4928851134842852
375 0.7016211913874656 0.4924000187865824
374.5 0.7016057606219304 0.49237459982463877
374 0.701621041948011 0.4924000330856128
373.5 0.7014890981917162 0.4922180257542133
373 0.7014615953222194 0.4921737739357122
372.5 0.7013464325027502 0.49201435787421094
372 0.7012614819033715 0.4918938561333424
371.5 0.7006985521895637 0.4911056914665562
371 0.7009123224713616 0.49140825983158726
370.5 0.7012543689204923 0.4918853076919657
370 0.7007968236928697 0.4912436532266583
369.5 0.7003401976652662 0.49060827205008056
369 0.7009142416721327 0.4914080330705866
368.5 0.7005061645583476 0.4908343467828927
368 0.7006905801894909 0.49109729192748264
367.5 0.7003587734124925 0.4906274725609533
367 0.700413466476895 0.49070641312791397
366.5 0.7001967220720198 0.49040785390042047
366 0.7004486691837142 0.490756420615193
365.5 0.699945346003507 0.4900494722365728
365 0.6999791329731697 0.4900973260085556
364.5 0.6999403111073628 0.4900410802231337
364 0.6996019250186274 0.48957003714594033
363.5 0.6996401080091994 0.4896225907033495
363 0.6993264714984958 0.48918904116162604
362.5 0.6995940318953677 0.48956006317470946
362 0.6993081476106544 0.4891604806529613
361.5 0.6993290848250345 0.4891885626662232
361 0.6992606596199593 0.48909193768311937
360.5 0.6990819112360794 0.48884360141192484
360 0.6987193217256955 0.4883395944813179
359.5 0.6991157344253424 0.4888892569166884
359 0.6990272243379387 0.4887671450648418
358.5 0.698550234244097 0.4881031208601047
358 0.6989723951256255 0.48868777450171147
357.5 0.6986677119378546 0.48826543966739533
357 0.6983185480560034 0.48777565262978334
356.5 0.6985393505168985 0.48808706302984994
356 0.6981717905210236 0.48757186057866625
355.5 0.6981723168141817 0.48757035351968914
355 0.6978827071489697 0.4871702469169828
354.5 0.6979915604093697 0.487318480412274
354 0.6979795485630594 0.48730379970303034
353.5 0.6977160397390003 0.4869359327929353
353 0.697915625847959 0.48721011094756006
352.5 0.6973118394046671 0.4863701168070625
352 0.6975139269642141 0.4866543023336611
351.5 0.6970262917527434 0.48597751435845016
351 0.6970902352114573 0.48606368335769423
350.5 0.696864610599084 0.4857510182189552
350 0.6968386906405566 0.4857140910793133
349.5 0.696769731695042 0.4856165316654498
349 0.6967258152741691 0.4855554028481388
348.5 0.6967174035644836 0.48554557784220415
348 0.6966371892887886 0.4854313530141886
347.5 0.6965626995627917 0.4853256031623776
347 0.6960953624231633 0.48467561915556007
346.5 0.6961115424125882 0.48470046633711905
346 0.6959943753983979 0.4845401199762088
345.5 0.6959852877947097 0.4845299285391385
345 0.6959893275198948 0.48452925579430056
344.5 0.6957841505815324 0.48424244250046783
344 0.6956762792329629 0.4840965321717075
343.5 0.6956994980473284 0.4841245446505736
343 0.6952381132256698 0.4834829285949293
342.5 0.6953160489335606 0.48359404112760007
342 0.695483379985028 0.4838269076878775
341.5 0.6950232856215618 0.4831889699376122
341 0.6950366281107097 0.4832066039616504
340.5 0.6945810403126261 0.48256746227240865
340 0.6946670606397075 0.4826908837065711
339.5 0.694676201226703 0.4827045465556221
339 0.6945248597184228 0.48249519214704806
338.5 0.6944400158173304 0.482376154645555
338 0.6941130668034298 0.48192518116390304
337.5 0.6943875522606683 0.4823057117544204
337 0.6942590868102568 0.48212505729989313
336.5 0.6939731814315266 0.4817286009332971
336 0.6940077615789813 0.4817751742260396
335.5 0.6938907620811521 0.48161480045101096
335 0.6936219922011394 0.4812368932559989
334.5 0.6933766393909201 0.48089474345970906
334 0.6935235175576288 0.48110523527749366
333.5 0.693309799285689 0.4808057807147623
333 0.6934442580939808 0.4809885827579689
332.5 0.6933994982430474 0.4809335422070182
332 0.6929152998671807 0.4802620294037718
331.5 0.693024633426311 0.48041406130215236
331 0.6930748768501491 0.4804807864488672
330.5 0.6922591624641853 0.47934954639808525
330 0.6923952150750843 0.4795375523668792
329.5 0.6926253304419128 0.4798563678349588
329 0.6919800907442212 0.47896525647360944
328.5 0.692146399888273 0.4791975335491566
328 0.692182488864271 0.47924608110361655
327.5 0.6919027724354887 0.4788598711460188
327 0.6918836147767389 0.47883167819402445
326.5 0.6915391978333518 0.4783532656315385
326 0.691467035677564 0.47825604172824615
325.5 0.6915813794017938 0.47841301524300966
325 0.6916119164953615 0.47845906156857615
324.5 0.6909972162288652 0.47761030850544156
324 0.6912358420745235 0.47793392549654307
323.5 0.6910707568961884 0.47770937510978945
323 0.6905446366327425 0.47698149581617744
322.5 0.6905525904982578 0.47699475137698444
322 0.691060043781238 0.477691305637169
321.5 0.6904249249037844 0.4768169700286202
321 0.6901163277973343 0.47638806402689055
320.5 0.6901177923108781 0.4763891227395486
320 0.6899696119533304 0.4761846751113793
319.5 0.6900324723055364 0.47627411294399963
319 0.6899822276438062 0.4762104267877214
318.5 0.6898625508048395 0.47603871682738
318 0.6893127129063918 0.47528311057583056
317.5 0.6897523144258906 0.47588543025327873
317 0.6893152681668963 0.4752847875471513
316.5 0.6891393342809846 0.47504586395510373
316 0.6889685585623102 0.47480324484864156
315.5 0.6885647944814879 0.47424905369342124
315 0.6889879010324572 0.4748322284949617
314.5 0.6886718176385117 0.47439979398027404
314 0.6888675976701762 0.47466651592879056
313.5 0.6883792912460301 0.47399724966865053
313 0.6883531238672635 0.47395409047166615
312.5 0.6883261637071232 0.4739224381736647
312 0.687862670269183 0.47328589784162073
311.5 0.6880990000206089 0.47361192779142197
311 0.687735967255298 0.47310878253948174
310.5 0.6874267960769432 0.4726873099055338
310 0.6875609441781881 0.47286658321083375
309.5 0.6875600651649175 0.472866258843806
309 0.6870018114934364 0.4720981047471782
308.5 0.6872095002571718 0.47239084564739064
308 0.6870336639926099 0.4721471692237765
307.5 0.6866698677704485 0.47164248276048726
307 0.6866640262074786 0.47163363741115744
306.5 0.6865150450587406 0.47143231315468287
306 0.6862512822408913 0.4710744573631213
305.5 0.686301144202696 0.47114205158722006
305 0.686290110343439 0.4711247333557727
304.5 0.6861032168096122 0.4708677997269496
304 0.6857275464690222 0.47035147454462983
303.5 0.6853992712818614 0.469900931061293
303 0.6854934175193491 0.4700348554819594
302.5 0.6849366597352541 0.4692711331380438
302 0.6848114150004706 0.46909995278018085
301.5 0.6849067654155678 0.4692285263861753
301 0.684789185081051 0.46906570274618875
300.5 0.6847716095822325 0.46903651067627783
300 0.684732785073622 0.46899037421151224
299.5 0.6843737881067498 0.4684953230721535
299 0.6840264681780135 0.4680257699613289
298.5 0.6841129465868643 0.46814135401523377
298 0.6841068930208112 0.4681335499771776
297.5 0.6838073001051369 0.4677228374392911
297 0.6838138656513908 0.4677288039990981
296.5 0.6833994111491741 0.4671646543196857
296 0.6835194629484683 0.4673304247267454
295.5 0.683602457884416 0.4674421589562036
295 0.6831180907414396 0.46677852533520375
294.5 0.682690931351102 0.4661975244482725
294 0.682770615525212 0.4663035849626053
293.5 0.6828824134043697 0.4664585427178231
293 0.6824435043498323 0.4658602157022922
292.5 0.6825999618355346 0.4660693421182458
292 0.6822075200502645 0.46553874774044424
291.5 0.6817651402644453 0.4649324905679289
291 0.682075256232499 0.4653557542077887
290.5 0.682005048599577 0.46525635721980635
290 0.682059077732015 0.4653291778414318
289.5 0.6813881831986284 0.46442128400909516
289 0.6812667992038668 0.4642551400253017
288.5 0.6811741366126569 0.46412907668838954
288 0.6810728275805862 0.4639914640093148
287.5 0.6809008834927419 0.463753932171068
287 0.6808049995902845 0.4636229924861591
286.5 0.6804984662930538 0.46321111985293795
286 0.680527783295506 0.46325064290948814
285.5 0.6799886420005865 0.46251283726317227
285 0.6799275056146887 0.4624316399149523
284.5 0.6798963024268477 0.4623920891612089
284 0.6794002845837359 0.46171679841798524
283.5 0.679298346780308 0.46157767017337226
283 0.679691514311043 0.4621103444755805
282.5 0.6789712488933772 0.46113498946367865
282 0.6791092811373995 0.46132190767269565
281.5 0.678791709491616 0.4608900810266455
281 0.6786710097400869 0.46072678463629857
280.5 0.6784062808204665 0.46036539024221157
280 0.6786943282003862 0.46075978814257385
279.5 0.6781086866642199 0.45996343308648313
279 0.6776960990884896 0.45940104882095656
278.5 0.6778197687073374 0.4595742153936265
278 0.6776819624266253 0.4593829734638592
277.5 0.6776675840878401 0.45936745406459517
277 0.6773481098798837 0.45893380263444955
276.5 0.6771291915869807 0.4586331037684611
276 0.6772789880803234 0.4588396329599569
275.5 0.6767320265772987 0.4580961836553847
275 0.6766818285649195 0.458031605501301
274.5 0.6766672008455173 0.45800736511207124
274 0.6765868279156866 0.4579038106589389
273.5 0.676107996352747 0.45725411813216477
273 0.6758034007241247 0.45684125084291305
272.5 0.6763871951417011 0.4576302689851813
272 0.6756406108165324 0.4566192931329971
271.5 0.675375188120821 0.4562652079112564
271 0.6757313467750407 0.4567437700282393
270.5 0.6754734511276806 0.45639514405256
270 0.6746860875564468 0.45533231913017236
269.5 0.6747032550750469 0.4553542716262453
269 0.6747466035325603 0.4554145425478852
268.5 0.6741279651035725 0.4545818471109064
268 0.6740912365917852 0.4545300392275982
267.5 0.673788022939532 0.45412471204582033
267 0.6738447393990888 0.4541980539897145
266.5 0.6739028990115034 0.4542762526686913
266 0.6734332368397058 0.4536419436592812
265.5 0.6733040696913247 0.45347198985125836
265 0.6730937175871186 0.4531871172238073
264.5 0.6727896983970497 0.452779361762766
264 0.6727142837416091 0.45267851351107896
263.5 0.6726393968422655 0.45257574466402156
263 0.6724244359539163 0.4522887075040525
262.5 0.6721254563845296 0.45188209315232436
262 0.6717380702262578 0.45136612703566437
261.5 0.671541965086307 0.4511006289012178
261 0.6715902533987826 0.4511684244489274
260.5 0.671773417219324 0.45141093525655773
260 0.6713268655037486 0.4508144961131924
259.5 0.6706741309539831 0.44993566762215154
259 0.6706346305739611 0.44988326988202404
258.5 0.6703358045532102 0.44948171155053085
258 0.6703510194379653 0.4494991769784252
257.5 0.670301972249062 0.44943998498874194
257 0.66976844930516 0.4487254542152065
256.5 0.6698455453883866 0.4488223913407486
256 0.6695762337768993 0.44846487524919204
255.5 0.669367087439243 0.4481854219073986
255 0.669032939391526 0.4477384920801714
254.5 0.6688743557510963 0.4475271142868253
254 0.6688060266263705 0.447433792219852
253.5 0.6685813958061578 0.44713656263722446
253 0.6685227254844944 0.44705604695029383
252.5 0.6679133802976392 0.4462413171720847
252 0.667717171722767 0.4459808516393842
251.5 0.6677442374227627 0.44601574913567454
251 0.667583205397495 0.44579974777055537
250.5 0.6673818974093154 0.4455363060043168
250 0.6671745665225662 0.4452617289151232
249.5 0.666689767277675 0.44460983507126295
249 0.6663783270300355 0.44419036174560084
248.5 0.666421818037568 0.44425378976182195
248 0.6665784642206646 0.4444573726426613
247.5 0.665684456413018 0.44327044145750516
247 0.6658915205117768 0.4435415096710931
246.5 0.6654573741438717 0.442966368142339
246 0.6652826557777104 0.442733286586917
245.5 0.6648567031619028 0.442165934439004
245 0.6650901072444702 0.44247925026977525
244.5 0.664642534186551 0.4418814879429027
244 0.6647099172568561 0.441969842961016
243.5 0.6644885201884186 0.44167639690824617
243 0.6637014371496668 0.44063693454631914
242.5 0.6639106207095482 0.4409089469533012
242 0.6634501254704014 0.4403006138838424
241.5 0.6631316017130918 0.4398757108014068
241 0.66305426398469 0.4397768062582552
240.5 0.6628045960919137 0.43944899063806625
240 0.6628903794845535 0.4395534595051289
239.5 0.6625934186900653 0.4391626764084564
239 0.6619364887515901 0.43829211248617267
238.5 0.6620518641471178 0.438443152500044
238 0.6615383220379788 0.43777095326145193
237.5 0.6614179015593096 0.43760952198446157
237 0.6612982975405475 0.4374475009993429
236.5 0.6611620854897068 0.4372652310160817
236 0.6609513440854076 0.436986864069722
235.5 0.6601614492596061 0.4359468470684928
235 0.6604404550293077 0.43631242747412924
234.5 0.6598623363646765 0.4355543635136343
234 0.6596443416322553 0.43526487016559023
233.5 0.6596189033933004 0.435227840024183
233 0.6591692333199239 0.43463909728593686
232.5 0.6592516040807497 0.4347451838780809
232 0.659063688536511 0.43449638740523727
231.5 0.6586364010417689 0.4339336700350893
231 0.6587514548071777 0.43408906177261625
230.5 0.6578716512220872 0.43292884264174264
230 0.6574600356856859 0.43239109414258237
229.5 0.6581224511104911 0.4332563211117509
229 0.6574807058835415 0.4324157480959854
228.5 0.6571544530006151 0.4319835805584336
228 0.656845467526281 0.4315811253249876
227.5 0.6570083148189334 0.4317898971441362
227 0.6562579748462226 0.43080483900832
226.5 0.6562804000400011 0.4308404010294686
226 0.6560992573986812 0.4305991238790513
225.5 0.6553554273357036 0.4296269113184741
225 0.6552976877741602 0.4295485375635092
224.5 0.6551723043445815 0.4293838682294838
224 0.6544459835292127 0.42843107684895404
223.5 0.6543324614474002 0.4282856265529087
223 0.6539604850440897 0.4277994768640846
222.5 0.6539537618965678 0.42779380282844015
222 0.6536885889076866 0.4274426470411318
221.5 0.6533047248871434 0.4269422582358798
221 0.6531122898294774 0.42668747821223174
220.5 0.6532517161295841 0.4268747346030392
220 0.6523329163780361 0.4256756393465972
219.5 0.6522147686172732 0.4255184618018584
219 0.6520078130305386 0.4252462172893206
218.5 0.651756725793966 0.4249201437592504
218 0.6510777001557153 0.42403364318413583
217.5 0.6512647346882917 0.42427754563970904
217 0.6508215292480469 0.42369988267587483
216.5 0.6506329794511306 0.42345686078959655
216 0.6502939907604348 0.4230140398909626
215.5 0.6498046679107902 0.4223853083140777
215 0.6500145121725659 0.42265014737255885
214.5 0.6495012145747412 0.4219894117472572
214 0.6490701834631375 0.4214248574199387
213.5 0.6487944649732152 0.4210711690114625
213 0.6481469451160187 0.42022540619389587
212.5 0.6484247092757407 0.4205930797969179
212 0.6479675407825652 0.4199967936331705
211.5 0.6476933982594705 0.4196417049094182
211 0.6474028572092243 0.4192650549904793
210.5 0.6468003888437914 0.418482205469835
210 0.6466613002009368 0.4183094351971449
209.5 0.6463859785039047 0.4179521294750336
209 0.6460776914100923 0.4175510434076417
208.5 0.6459316845836236 0.4173630365909087
208 0.6452607732335336 0.4164933734092131
207.5 0.6450118160293202 0.416175935720127
207 0.6448316648180015 0.4159457206295994
206.5 0.6445200937699599 0.41554226513519155
206 0.6442193527327114 0.4151575244846235
205.5 0.6439519829329606 0.4148057055792163
205 0.6436046336504834 0.41436454133557205
204.5 0.6431525929877829 0.41377773199008744
204 0.6433654772073518 0.4140528978584802
203.5 0.6426506259684482 0.41313534929546725
203 0.6424459163936092 0.4128703370078614
202.5 0.6417050801561726 0.41191853159432873
202 0.6419294031953048 0.4122111182873826
201.5 0.6414434455483852 0.41158106369645264
201 0.6410578566553523 0.4110914726825512
200.5 0.6404410891292787 0.4102969424942967
200 0.6402088903008408 0.4100084143742615
199.5 0.6394592829697895 0.40904648347642975
199 0.63980220150428 0.4094784911436443
198.5 0.6394089448472562 0.4089824473824074
198 0.6392741343419517 0.4088076399381885
197.5 0.638721068545941 0.40810114634658823
197 0.6382150206106108 0.40745345743831635
196.5 0.6377247959959884 0.4068270440339143
196 0.6372352424205063 0.4062044336993601
195.5 0.6372390843992086 0.40621082099378764
195 0.6367100308292191 0.40553674558028163
194.5 0.6364279577259013 0.4051738020616047
194 0.636083090367874 0.404734276962855
193.5 0.6358249643289329 0.40441039548449725
193 0.6355254426387522 0.4040260720509384
192.5 0.6351115105518967 0.4035055017065524
192 0.6342836284394242 0.40245390261768743
191.5 0.6341569341263995 0.40229499682876346
191 0.6340598105563998 0.40216587571635765
190.5 0.6333594394834293 0.40128204521106
190 0.6333900193514023 0.4013174895331277
189.5 0.6328776881347512 0.4006677883908022
189 0.6325079477479026 0.40020054704930846
188.5 0.6319565328230642 0.39950584157664976
188 0.6315796333390533 0.39902996945523084
187.5 0.6307861742488582 0.39802677878806336
187 0.630727265675118 0.39795523019450096
186.5 0.6302604397748394 0.39736569471150923
186 0.6300095321548291 0.3970491939967229
185.5 0.6292428472169603 0.39608259999841533
185 0.6290980229598258 0.395902506724842
184.5 0.6288899561506276 0.3956403988466831
184 0.6284813838117116 0.395122917335325
183.5 0.6285297347592425 0.3951840319626424
183 0.6278722771040021 0.39435644306160134
182.5 0.6273994934479811 0.39376904125157086
182 0.6264682786888583 0.3925945324484655
181.5 0.6264550271197461 0.3925815776490339
181 0.6262574643291907 0.3923347538177324
180.5 0.6255901155483858 0.3914951035743251
180 0.6252681301257552 0.3910941824342181
179.5 0.6245051797784236 0.39014057295871224
179 0.6241915083341852 0.3897498253773328
178.5 0.6245041735444087 0.3901436149721108
178 0.6237405502057428 0.3891892462616558
177.5 0.6235482482035328 0.3889454770207507
177 0.6228207477498582 0.38803543822950826
176.5 0.6220351121557215 0.387060422416736
176 0.6221630867517809 0.3872188986056718
175.5 0.6211737792311898 0.3859953829817085
175 0.6211486565002762 0.3859547983587332
174.5 0.6203827128156265 0.3850075069167262
174 0.6197611193703432 0.3842386950043517
173.5 0.6193278827695411 0.3837010718640354
173 0.6189797227847055 0.3832708657237809
172.5 0.6187140738177881 0.3829450124828673
172 0.6181845741896717 0.3822926874354982
171.5 0.6179408323461848 0.3819839355968264
171 0.6168706834996418 0.3806641905132607
170.5 0.6166418412292963 0.380379520624394
170 0.6162054599415796 0.37984838610563054
169.5 0.6160161989194756 0.3796076598830028
169 0.6155549729940464 0.379042143150873
168.5 0.614914224429724 0.3782557500404889
168 0.6143856921510027 0.3776005976698116
167.5 0.6141344552135136 0.3772977801393461
167 0.6132380420696202 0.3761964858262283
166.5 0.6126948710197129 0.37553734809789047
166 0.6119792035633879 0.374654549010296
165.5 0.6119777606319666 0.37465501005322127
165 0.6110865769503031 0.3735586277800718
164.5 0.6112038354240379 0.3737010200047185
164 0.6102163159701643 0.3724988736040204
163.5 0.6099276531139822 0.37214628507877157
163 0.6095269258407714 0.37165894925816306
162.5 0.6089506228286293 0.3709562701159759
162 0.6085401303504243 0.37045912587287266
161.5 0.6076106186844956 0.3693238792214103
161 0.6076057810312472 0.36932081764075514
160.5 0.6070079106232203 0.36859632786878077
160 0.6061999008479434 0.3676185474310906
159.5 0.605572148599426 0.3668548976640041
159 0.6053108546211383 0.36653931295567804
158.5 0.6047074124575135 0.36580222457219486
158 0.6041148947064015 0.36509521637204845
157.5 0.6037480338953541 0.36464690355549734
157 0.6036739284671204 0.3645545375699839
156.5 0.6030054923650107 0.36375080725075615
156 0.6016213686690266 0.3620848769991282
155.5 0.6012684591190971 0.3616651763373317
155 0.6006752594817165 0.3609454387254872
154.5 0.6006146715470222 0.36087353645734405
154 0.5994671727763178 0.3595042666836618
153.5 0.5995675108622799 0.3596198650932811
153 0.5987534878214649 0.3586388185361118
152.5 0.5981286516390163 0.35789925186608346
152 0.5972504398647939 0.3568473396097503
151.5 0.5966284971733308 0.3560970852671801
151 0.5958181529713635 0.35513188557018655
150.5 0.5957230256111272 0.3550235232701927
150 0.5951322694654141 0.35431633280777314
149.5 0.594605189070808 0.35369303171669275
149 0.5941434190840337 0.3531427381994722
148.5 0.5929578682757478 0.3517281816624424
148 0.5925944530980477 0.3513037895850639
147.5 0.5919986182658381 0.35060110022613744
147 0.591229625211746 0.34968917502513724
146.5 0.5908601592096338 0.34924967274306
146 0.5901240763898054 0.34838070108020197
145.5 0.5892806184326953 0.34738058822891105
145 0.589035998524047 0.3470967641210307
144.5 0.5887163190015228 0.34672308192911805
144 0.5873452770154404 0.3451159112121167
143.5 0.5871466026583344 0.34487940565112796
143 0.5865432460817762 0.34417010402406006
142.5 0.5855581698528629 0.3430117827672397
142 0.5847637548210926 0.3420809529589027
141.5 0.5849804461976421 0.3423357095156305
141 0.5834892258305158 0.3405967056948835
140.5 0.5834241607724384 0.3405158263125513
140 0.5817752818179315 0.33860340808633776
139.5 0.5817271137049728 0.33854296784912724
139 0.5808839040194368 0.33755871747747046
138.5 0.5800297855949536 0.3365689653743559
138 0.5793878994023484 0.335817411372492
137.5 0.5784745704194897 0.33476709156109763
137 0.5779483480209953 0.3341555913603465
136.5 0.5778291828546471 0.33402468115845424
136 0.5765760563463752 0.33257087310261396
135.5 0.5759858739520883 0.3318947587794664
135 0.5754803313934765 0.3313135238646943
134.5 0.5742945617349999 0.3299448339191629
134 0.5731892392780477 0.32867815271944373
133.5 0.5730790124840973 0.32855489934578397
133 0.5723342673913161 0.327700146821998
132.5 0.5712927117164973 0.3265066762303974
132 0.5708407559338476 0.3259943242707616
131.5 0.5701789658389389 0.32523754189346044
131 0.568994617974729 0.3238895339854199
130.5 0.5687351677996749 0.3235952185703333
130 0.5676104317246482 0.3223112015391293
129.5 0.5671948773496495 0.3218417992812263
129 0.5662339606256077 0.3207551538853319
128.5 0.5649225816072373 0.31927390530960503
128 0.5644772407428978 0.31877115680052875
127.5 0.5635578669146609 0.3177307583881424
127 0.563146479911106 0.31726190393472475
126.5 0.562185480066229 0.3161824503933384
126 0.5611055708882301 0.31496685625155024
125.5 0.5607678000491192 0.3145988212292866
125 0.5593260144648681 0.3129803795082616
124.5 0.5591057689037379 0.3127311808475231
124 0.5579327474840599 0.3114181634639867
123.5 0.557223692913372 0.31063133625433675
123 0.5553106442444217 0.3085004515260058
122.5 0.555622158265145 0.30884088892583167
122 0.554593521395897 0.30771173843444555
121.5 0.5539902030965388 0.30703552562258585
121 0.5529685132375897 0.30590741827980966
120.5 0.5520086015373982 0.3048483961646175
120 0.5512644403422181 0.3040136864939278
119.5 0.5499344616571795 0.30255402484517474
119 0.54843279024931 0.3009073744712262
118.5 0.548671601409369 0.30117229664076633
118 0.5472144759901748 0.29958076245725046
117.5 0.54632395472019 0.29859706462779745
117 0.5454336480954208 0.29762933811627007
116.5 0.5442714888462447 0.2963624308160718
116 0.5438893283309132 0.29594545437043906
115.5 0.5424847452150096 0.2944138191424481
115 0.541662034362822 0.2935258046378557
114.5 0.5400304976265553 0.2917575032050863
114 0.5388922165304021 0.2905257337558865
113.5 0.5385551904458096 0.2901727812741366
113 0.5375432213507001 0.28908125694364556
112.5 0.5365809084964458 0.2880485459635745
112 0.5358028669763459 0.28721040928714064
111.5 0.5344815152249311 0.28580531134661297
111 0.5335964904915779 0.28485431486250273
110.5 0.5324855875204304 0.2836692535865171
110 0.5315259955066122 0.2826520640140479
109.5 0.529845229506323 0.2808606810332109
109 0.5285152067250047 0.2794548559364168
108.5 0.528860798209719 0.27982152667393084
108 0.5273230855617118 0.27819352254044766
107.5 0.5265504542932733 0.27737712581214924
107 0.5250899080777933 0.27584511013118845
106.5 0.5236206502588916 0.2743010695055915
106 0.5225385068618497 0.2731738265246156
105.5 0.5215682834642561 0.2721650872727295
105 0.5206070670470927 0.2711558908099768
104.5 0.5189903057476333 0.2694758872731727
104 0.5184632584945271 0.2689338297441985
103.5 0.5170029583618151 0.26741280870966205
103 0.5160512056892174 0.2664322103720688
102.5 0.514672597522333 0.2650117694382137
102 0.514070284120597 0.26438905467093815
101.5 0.5129848273386394 0.26327789679364366
101 0.5115915372452597 0.2618434945604672
100.5 0.5104714013548093 0.26070466150404925
100 0.5089802760257534 0.2591792651651904
99.5 0.5071918256558978 0.2573701415109291
99 0.5069571753130973 0.2571287156047355
98.5 0.5049173509182445 0.2550655246527006
98 0.5034566271835348 0.25358020125033087
97.5 0.5029247258806206 0.25305020394287947
97 0.5010169531054116 0.25113360375800836
96.5 0.4997720509740488 0.2498905128831549
96 0.4990129710418294 0.24913446293536676
95.5 0.4980549131470413 0.24817649493820176
95 0.4964490857430936 0.24657513877626347
94.5 0.4948303644151967 0.24497290418606466
94 0.49368977297788125 0.24385361890753468
93.5 0.49295347838057874 0.24311995173581585
93 0.4910729555419999 0.24127170837790973
92.5 0.4898619075930847 0.24008184443770866
92 0.48801129235080903 0.238273161927039
91.5 0.4871974251364855 0.23747377901788808
91 0.48536775261886106 0.2356990115049159
90.5 0.4838682474468359 0.2342488679067044
90 0.48268212133542804 0.23309188381788473
89.5 0.4815695392272555 0.23202398108806105
89 0.4792561232286358 0.22980086252156878
88.5 0.47860400809761433 0.2291660661299099
88 0.4781620337839714 0.22875251826151746
87.5 0.47576298475037493 0.22646312141717817
87 0.47344548301590417 0.2242726810478052
86.5 0.47282602836406495 0.2236752630968419
86 0.47150880691371555 0.22243265951702954
85.5 0.46959559823500313 0.22062957708271155
85 0.46934841718661763 0.2204035856051076
84.5 0.46650357245749835 0.21773493483426273
84 0.46536464919092024 0.2166691219340379
83.5 0.4638509383644034 0.21526735768934394
83 0.46194057836340024 0.21349928712501876
82.5 0.4606986096435863 0.21234277125825962
82 0.45929858863369233 0.21105880647354253
81.5 0.4570178969673415 0.20897273600588223
81 0.455746685332387 0.20780766226659858
80.5 0.4540329245884643 0.2062540167251645
80 0.45266244708483966 0.205006809923004
79.5 0.4522462897187446 0.2046223558697388
79 0.44899781855798676 0.20170341813352988
78.5 0.44692463410503935 0.19984316286762493
78 0.446212744738295 0.19921274797564528
77.5 0.4434584668430827 0.19675642503228566
77 0.44358648388386296 0.19686666210446888
76.5 0.44009992435644146 0.19378879381641484
76 0.438583518810835 0.19245361824434523
75.5 0.438209851784421 0.19212533490570544
75 0.4363344558485994 0.19048407469137263
74.5 0.43427453006780053 0.18869619136643548
74 0.4326380471334453 0.18727356124020128
73.5 0.4313212397287769 0.18613119705602246
73 0.4294682730987044 0.18453624997404125
72.5 0.42701373876350696 0.18243901235230903
72 0.42533328491825206 0.18100846805431356
71.5 0.42380584410987054 0.17970804835953758
71 0.42144265704373707 0.1777109447697307
70.5 0.42021838413276974 0.17667065678630797
70 0.41825081858463353 0.1750360382633446
69.5 0.4167744944156324 0.1737932848737481
69 0.4138707640417713 0.17137958997238503
68.5 0.412678020459221 0.17039209387956047
68 0.40995658491302867 0.16814370448776236
67.5 0.4095192885830105 0.1677953887294614
67 0.40637375190009456 0.165232625917061
66.5 0.4048426937684916 0.16398274973940477
66 0.40243040857608 0.16203505488500708
65.5 0.4007981029815694 0.1607231083321854
65 0.39925801686173285 0.1594887077617022
64.5 0.3978697921126282 0.1583796743606171
64 0.39490902626351615 0.15603325910860083
63.5 0.39328500322348847 0.15474958524045213
63 0.3902057081407901 0.15233773982377743
62.5 0.38830307906638406 0.15086246228541658
62 0.38707932423966296 0.14991523407353485
61.5 0.3848619053958649 0.1481976851392471
61 0.38320449739074336 0.14692211442264316
60.5 0.3805396944611953 0.14488085415588187
60 0.3785483430151572 0.14337346465284206
59.5 0.3767340901505144 0.1420067787420201
59 0.3750834666665537 0.1407573025675744
58.5 0.3735180174770009 0.13958879885386435
58 0.3697737917166206 0.13681241681183687
57.5 0.3687651319464802 0.13604847612418663
57 0.3665136538737901 0.13440546951574064
56.5 0.3645319213418447 0.13294752750058086
56 0.3617467060245379 0.1309251845413559
55.5 0.3596473924929372 0.1294163412768678
55 0.35809302627014655 0.12829140101272252
54.5 0.3544341684028555 0.12568647315255724
54 0.352514940232042 0.12433051963754316
53.5 0.3512405167994669 0.12343660691319643
53 0.34928166832166957 0.12206810305674173
52.5 0.3459914093191318 0.11977388575819396
52 0.34484213665273566 0.11897407962264828
51.5 0.34122632176637874 0.11649569667151616
51 0.33898291863114216 0.11496983925045456
50.5 0.33763881047207 0.1140552587172423
50 0.3343378678969066 0.11183637803159022
49.5 0.3331304284876273 0.11102734598555643
49 0.3316328405021444 0.11003252498079794
48.5 0.32903131671588204 0.10831409792453303
48 0.3254326536015801 0.10595658362503821
47.5 0.3245597547876444 0.10539202933355193
47 0.3215451771740578 0.10344735709844201
46.5 0.31921201123514314 0.1019501156164602
46 0.31820608559940455 0.10130403831461385
45.5 0.31563773859702904 0.09967850363405134
45 0.3122460860498899 0.09753941752132135
44.5 0.3103909419276798 0.09639221551698778
44 0.308036683519162 0.0949350788349608
43.5 0.3062506347551879 0.09383684504167439
43 0.3036595522246471 0.0922572083503656
42.5 0.2998383381021156 0.08994403718279623
42 0.29821434845025885 0.08897978778636248
41.5 0.295544370786605 0.08738830954083796
41 0.29382617823658647 0.08637294166345394
40.5 0.2910193937956745 0.08472630614987382
40 0.29026145942321263 0.08428308537432509
39.5 0.2867539371524244 0.082263100960641
39 0.2854575323765573 0.08151927829153793
38.5 0.28099446503116393 0.07899127043018901
38 0.2803860058628224 0.0786475037223122
37.5 0.27770383966487266 0.07715324467691762
37 0.2750366062758602 0.07567459338682156
36.5 0.2726494759200624 0.0743686326386099
36 0.2711584546410771 0.07355665594054547
35.5 0.26747560035363854 0.07157230248324957
35 0.26542129180100815 0.0704740711914507
34.5 0.26394140877657624 0.06969426701405522
34 0.2626703643808487 0.06902206258987242
33.5 0.2594686334242083 0.06734657822613499
33 0.2569603692034484 0.06604939741515545
32.5 0.25454949141472777 0.06481635000016626
32 0.2527048414734086 0.06388722781548127
31.5 0.2505303154597751 0.0627833442942699
31 0.24864471424880075 0.061842817207584534
30.5 0.24578486257393248 0.060430275161891193
30 0.24388917688899092 0.05949735975876887
29.5 0.24162515127359396 0.05840157774941787
29 0.23961398431995318 0.05743214292359592
28.5 0.23751064461419483 0.05642937895665006
28 0.2362258596889588 0.05581459215561432
27.5 0.23394868738749797 0.054743718456300945
27 0.2297732677468563 0.05280900588472761
26.5 0.2287550069260211 0.052343974286946954
26 0.22593310506994188 0.05105885962163543
25.5 0.22566001631804258 0.050932678668866756
25 0.22156724252184481 0.04910355043873542
24.5 0.22078502629235738 0.0487554543975795
24 0.21888971042334834 0.04792694031050703
23.5 0.21657660919231406 0.04691773025764543
23 0.2146873276785601 0.0460984966331435
22.5 0.21286776469516233 0.0453190582170873
22 0.21099545450725044 0.04453440347867014
21.5 0.21011788941977197 0.0441597178522654
21 0.20744201431760068 0.043039763880720595
20.5 0.2075831196922746 0.043098113739293065
20 0.20388635423373436 0.04157702125931244
19.5 0.20268617778697448 0.04108745551039206
19 0.1999061620913401 0.039968472554680994
18.5 0.19932542048644933 0.03973960762773071
18 0.19778738719839076 0.0391232931381329
17.5 0.19632921950966392 0.038548462984984086
17 0.1947961366830404 0.037948951054629865
16.5 0.19405049778171135 0.03765881431541888
16 0.1916951351579441 0.036751833507347655
15.5 0.190578779319288 0.03632265754654373
15 0.18923696341486795 0.03581296755093086
14.5 0.18862944907744872 0.03558245246992994
14 0.1877141392933896 0.035238386628678904
13.5 0.18696037931202653 0.03495540536609586
13 0.18569979640481232 0.03448567416310823
12.5 0.18613579127320726 0.03464737067374168
12 0.18470740927623025 0.03411773440847659
11.5 0.18406188932108306 0.033879281663435866
11 0.18280562784172988 0.03341841480671497
10.5 0.18273033458561036 0.0333906622533894
10 0.18174612087002906 0.03303213030525276
9.5 0.18037870578611295 0.03253673013671824
9 0.18023608039809005 0.032485266682987006
8.5 0.1798309075793223 0.032339387567028394
8 0.17937124458089027 0.032174210518187314
7.5 0.1783743419053002 0.03181746856409362
7 0.17827515331006366 0.03178210862545725
6.5 0.17834642175357687 0.03180750333579572
6 0.17811328616270938 0.031724367679797395
5.5 0.1779264361668544 0.0316578434621228
5 0.1777232381327045 0.031585569649263935
4.5 0.177486394752869 0.03150142742188319
4 0.17750103385010932 0.031506629646773934
3.5 0.17743494564879234 0.03148316587797602
3 0.1773397774709578 0.031449399370347464
2.5 0.17728442807607764 0.03142976971019382
2 0.1772658584157374 0.03142318514681713
1.5 0.1772552344936326 0.03141941833434268
1 0.17723905299638307 0.03141368194776062
0.5 0.17723588174294252 0.03141255778989274
