1000 0.9448785206323517 0.8929129683561692
999.5 0.9448946392132763 0.8929430452341847
999 0.9448413477687099 0.8928430736873436
998.5 0.9447615305052293 0.8926927361404323
998 0.944876095045182 0.8929082913297995
997.5 0.9447737791480758 0.8927135599143922
997 0.9446298669922883 0.892445485452326
996.5 0.9448667635424682 0.89288820458736
996 0.9445941646301517 0.8923746977786378
995.5 0.9446334126401451 0.8924470795651801
995 0.9446348698349544 0.8924533342060799
994.5 0.9446947196589475 0.8925656947534731
994 0.9446080987255593 0.8924003544669297
993.5 0.9447086926625957 0.8925938090122645
993 0.9446824627156672 0.8925427134439863
992.5 0.9447208370796468 0.8926122921492544
992 0.94451925621327 0.8922371351592202
991.5 0.9445281227562972 0.8922521096152424
991 0.9444678025553839 0.8921373294115017
990.5 0.9443789526879779 0.8919679846666977
990 0.9444585344588635 0.8921179415461216
989.5 0.944505455857897 0.8922071573057974
989 0.9447697629839392 0.8927059223148588
988.5 0.9444933130807951 0.8921819201220783
988 0.9444257473103224 0.8920596739511459
987.5 0.9446613338158019 0.8925037463667623
987 0.9445738566277102 0.8923374422626594
986.5 0.9445553308066705 0.8923006210282286
986 0.9442987150227216 0.8918190067227978
985.5 0.9443329323822175 0.8918814505799169
985 0.9444311755721316 0.8920669225924506
984.5 0.9445204227648514 0.8922364691364271
984 0.94444093886349 0.8920832440673204
983.5 0.944502285145075 0.8921991277210197
983 0.9441867739573916 0.8916089899322956
982.5 0.9442533307177706 0.8917310280531456
982 0.9441173871572355 0.8914749357381556
981.5 0.9442000705634047 0.8916299938716883
981 0.9444102468799995 0.8920271871653032
980.5 0.9441829914511856 0.891600962703901
980 0.9442698168355226 0.8917642019559046
979.5 0.9441445157668126 0.8915266973126863
979 0.9442197730977883 0.8916694606487373
978.5 0.9441035376921602 0.891448041811466
978 0.9443017747011737 0.8918240069166925
977.5 0.9443563760717801 0.891926501249289
977 0.9441221542326984 0.8914840030413534
976.5 0.944485201821618 0.892165389765966
976 0.9441788213856716 0.8915930391618183
975.5 0.9443811830419269 0.8919753409412956
975 0.9442863864504896 0.8917921764212469
974.5 0.9440881219100574 0.8914172375342411
974 0.9439115217506328 0.8910873633295425
973.5 0.9439639878773152 0.8911887901000071
973 0.9439522015767137 0.8911634245754092
972.5 0.943977370265217 0.891207363305378
972 0.9440577821488896 0.891363365845011
971.5 0.9443135492577126 0.8918454331010627
971 0.9440099852256589 0.8912717666401879
970.5 0.9442264798590357 0.8916793468684587
970 0.9441517780596484 0.8915362033400174
969.5 0.9442304817346542 0.8916898738881067
969 0.9442203737301162 0.8916690979195591
968.5 0.9435924116498956 0.8904854411606815
968 0.9440034216494123 0.8912605328404782
967.5 0.9439490623713249 0.8911575438250116
967 0.9439393881238979 0.8911381963238161
966.5 0.9439605484553228 0.8911774524424628
966 0.9442373426991949 0.8916999108143003
965.5 0.9441882450746182 0.8916105695126827
965 0.9438762153379064 0.8910196190557438
964.5 0.9439606439707041 0.8911755937304239
964 0.9440380642892157 0.8913238644873464
963.5 0.9437468579280449 0.890778091205088
963 0.9437715027727334 0.8908210284957491
962.5 0.9439669335128104 0.8911886748778999
962 0.9438255221620805 0.8909226522630018
961.5 0.9439604552132863 0.8911767813694224
961 0.9437614535471252 0.8908018249445598
960.5 0.9438956168840456 0.8910562508101456
960 0.9439574136348183 0.8911739964975285
959.5 0.9436972070375144 0.8906815723699483
959 0.9435147638408484 0.8903378073628139
958.5 0.9439055670735494 0.8910738258470813
958 0.943908721153889 0.891080585792291
957.5 0.9437353325788463 0.8907546799031416
957 0.9437899530836363 0.890859076014597
956.5 0.9436065887279246 0.8905110637649258
956 0.9438838718192293 0.891036282893777
955.5 0.9433777611619591 0.8900766412275144
955 0.9437670839198414 0.8908146493371839
954.5 0.9438324221265011 0.8909338713526465
954 0.9436429394605128 0.8905801695798385
953.5 0.9435817910116767 0.8904634267951486
953 0.9435901394381775 0.8904809077008639
952.5 0.9434627616745396 0.8902382539433702
952 0.9439246923722484 0.8911093889338825
951.5 0.9436986755275302 0.8906838001034847
951 0.9436882801224609 0.8906649231169135
950.5 0.9433448845382133 0.8900154633358532
950 0.9433822650051644 0.8900881655489478
949.5 0.9433743392464573 0.8900754305594022
949 0.94362474321586 0.890542786069936
948.5 0.9435727127124668 0.8904446303062196
948 0.9437009101682706 0.8906902870202803
947.5 0.9436993304428669 0.8906846893803031
947 0.9434363468041127 0.8901898886613244
946.5 0.9437675907122115 0.8908178280305465
946 0.9434541572748307 0.8902244363112191
945.5 0.9434283819745644 0.8901737943521137
945 0.9437215016271956 0.8907314362063757
944.5 0.9435341440971503 0.8903727645729527
944 0.943357630677014 0.8900429742485879
943.5 0.9431654819927725 0.8896771800789783
943 0.943206778529502 0.8897566148896012
942.5 0.9432294506255736 0.889799641435389
942 0.9434091186532512 0.8901375112570143
941.5 0.943303518434934 0.8899381265868926
941 0.9433723084167529 0.8900670053070844
940.5 0.9433092726626255 0.8899509417367305
940 0.9434300617115932 0.8901770289561997
939.5 0.9434511176143094 0.890216989310738
939 0.9432633118948834 0.8898642421349706
938.5 0.943264520376176 0.8898619370511113
938 0.9433900751147958 0.8901027594469767
937.5 0.9435209695535299 0.8903518364691075
937 0.9433366493444105 0.8900026344505044
936.5 0.9432726872501797 0.8898806181150632
936 0.9436013701096785 0.8905008966053692
935.5 0.9430826958028643 0.8895252605413068
935 0.9430220211743737 0.8894136867177472
934.5 0.943277336386522 0.8898878010791136
934 0.9431585542909312 0.8896694351009822
933.5 0.9432228427094725 0.8897846367806586
933 0.9432527363065675 0.8898435390030435
932.5 0.943236264935086 0.8898129511649742
932 0.9431067539184793 0.8895702461771918
931.5 0.9429057706850733 0.8891883548245532
931 0.943014018195028 0.8893931702361706
930.5 0.9431704785644819 0.8896843312298843
930 0.943006643512324 0.889379701042755
929.5 0.9428280935406579 0.8890439986331327
929 0.942918730798787 0.8892137075643598
928.5 0.9431161698963361 0.889585192085222
928 0.9431189762565181 0.8895934247103895
927.5 0.9429179929793681 0.8892146563234262
927 0.9428659413267132 0.8891127075424544
926.5 0.9429478658530037 0.8892683266998078
926 0.9426442051377664 0.8886973753514215
925.5 0.9428362219026338 0.8890576576039583
925 0.9430191659898675 0.8894020999968717
924.5 0.9431107173533282 0.8895742691666161
924 0.942966282756392 0.8893019261597245
923.5 0.9427745075136854 0.8889431534958288
923 0.9428755748809262 0.8891323997632462
922.5 0.942666658162419 0.8887377572399969
922 0.9427938463972043 0.8889805806882082
921.5 0.9427640083600276 0.8889213713839861
921 0.9429513454030332 0.8892747324330913
920.5 0.9427683017984464 0.8889326036049331
920 0.94260127201332 0.8886145740387503
919.5 0.942693108401602 0.8887876155802185
919 0.9428294569653879 0.8890476896111225
918.5 0.9426082251710388 0.888629458249541
918 0.9427624287711655 0.8889185679248084
917.5 0.9425365090463824 0.888492581594829
917 0.942653067809142 0.8887119424873303
916.5 0.9424303653975101 0.8882888462242963
916 0.9425864767042507 0.8885882574859821
915.5 0.9427904580298396 0.8889716060682167
915 0.9427893950855016 0.8889698629471479
914.5 0.9424118198982993 0.888254922904875
914 0.9423518904416819 0.888145030041546
913.5 0.9424981932593167 0.888421380416192
913 0.9424057281281578 0.8882451708237296
912.5 0.9426983686594675 0.8887970023150159
912 0.9426243022928597 0.8886550514101736
911.5 0.9425158973633166 0.8884508374135823
911 0.9424981118522338 0.8884235932362986
910.5 0.9425929359308587 0.8885968193560311
910 0.9425799069650184 0.8885767755513708
909.5 0.9421981219840437 0.8878540383448277
909 0.9423862584154028 0.8882074845232084
908.5 0.9424330411581334 0.8882985157450535
908 0.9423209394241157 0.8880885241426086
907.5 0.9426117884034824 0.8886334277369345
907 0.9421748858263337 0.8878129180719595
906.5 0.942223120575048 0.8879016529926638
906 0.9424418664219328 0.8883163443940744
905.5 0.9425272276907862 0.8884748790692747
905 0.9423867800406357 0.8882078368873956
904.5 0.9422233858246487 0.887904296479965
904 0.9423178601482065 0.8880799425280846
903.5 0.9422213632226477 0.8878987205005195
903 0.9422351649143725 0.8879265217109592
902.5 0.9423526525459357 0.8881439965537073
902 0.9423274468278605 0.8880978084765636
901.5 0.9421646629128894 0.8877921815596086
901 0.9421838444932041 0.887828757560555
900.5 0.9420024659147022 0.8874875892758234
900 0.9423909977155301 0.8882194408145739
899.5 0.9422637084418389 0.8879797242537187
899 0.9420894366510499 0.8876498586060753
898.5 0.9422269948614692 0.8879094281704786
898 0.9419437720051727 0.8873757543474752
897.5 0.9422538374864783 0.8879602446837039
897 0.9419101756711604 0.887310461133765
896.5 0.9422642285116885 0.8879816782378875
896 0.9419921052258521 0.8874687305728214
895.5 0.9423898825388798 0.8882145512521734
895 0.9420433736914279 0.8875655769577085
894.5 0.9423249046547613 0.8880933501243241
894 0.9423440412802581 0.8881317434504772
893.5 0.9422774867253337 0.8880024634831514
893 0.9420339108533925 0.8875442755433506
892.5 0.9418376227596181 0.8871790590737245
892 0.9418375871938923 0.8871730416641899
891.5 0.9419244175429453 0.8873413736174973
891 0.9420529009773707 0.887581778187682
890.5 0.9418133722349641 0.8871303492835744
890 0.9419575051083331 0.887402482479765
889.5 0.9419582469919056 0.8873993996028737
889 0.9420638986914245 0.8876010467785754
888.5 0.9419382154664019 0.8873676790509022
888 0.9418124222946281 0.8871282292837666
887.5 0.941773809797668 0.8870561666324592
887 0.9417551769738711 0.8870219468420169
886.5 0.9420435128969723 0.8875631799766761
886 0.9418559319030656 0.8872113403226459
885.5 0.9414556178712502 0.8864565253891967
885 0.9417557449623218 0.8870248798999012
884.5 0.9414975396270899 0.8865318579612583
884 0.9417088469052985 0.8869343930446215
883.5 0.9416130129388548 0.886751722531716
883 0.941805998334495 0.8871152596862061
882.5 0.9417338622862276 0.8869812109630915
882 0.9416096024169833 0.8867473282706329
881.5 0.9415069415782734 0.8865530580805782
881 0.941407919386925 0.8863645747511042
880.5 0.9413028191374534 0.8861710673957693
880 0.9413833564940273 0.8863200595384106
879.5 0.9412663059941679 0.8861007081947729
879 0.9415723284246071 0.8866759299784079
878.5 0.9415197761063231 0.8865755786002532
878 0.9414517303760158 0.8864494042792535
877.5 0.9414538425717264 0.8864530921640119
877 0.9414534813524866 0.886451327193598
876.5 0.941301335371137 0.8861655180383586
876 0.9414125716337269 0.8863756832979256
875.5 0.9415581021001556 0.8866501632021906
875 0.9415728650268068 0.8866774009534342
874.5 0.9414889131225196 0.8865157128309438
874 0.9412592338125777 0.8860858490022431
873.5 0.9413308280297895 0.88622257361607
873 0.941350248777648 0.8862601838742361
872.5 0.9414492757332464 0.8864448968969006
872 0.941563872923812 0.8866631571797587
871.5 0.941435724271355 0.8864202774293627
871 0.9412733772964768 0.886116553930568
870.5 0.9414820779538785 0.8865068773214445
870 0.9413648029636471 0.8862854723862204
869.5 0.9414116683920245 0.8863741482051117
869 0.941134951804095 0.8858527826194412
868.5 0.9411519830513134 0.8858861073113934
868 0.9412149656066106 0.8860080606251828
867.5 0.9413467441525256 0.886250951527253
867 0.9411483202744328 0.8858801066728703
866.5 0.941201366005215 0.885978459714915
866 0.9411741958892473 0.885923032641921
865.5 0.9411077833411403 0.8858006284028507
865 0.9410079301627103 0.8856163072146933
864.5 0.9410586701709802 0.885711771682915
864 0.9411870668949255 0.8859499574550641
863.5 0.9413621280857873 0.8862798688813838
863 0.940979729739858 0.8855588424909847
862.5 0.9410773195535297 0.8857440988856611
862 0.9410610011269941 0.885710282290391
861.5 0.9409659044347863 0.8855346450369403
861 0.9409090931841728 0.8854297446130958
860.5 0.9408838630130086 0.8853798010951659
860 0.9410207937027727 0.8856322337329219
859.5 0.9409010562867756 0.8854093442172991
859 0.940856410306598 0.8853269342338147
858.5 0.940858830965621 0.8853349219715225
858 0.9409989693149463 0.8855965034175205
857.5 0.9409393851489828 0.8854837794837715
857 0.9408537704535833 0.885327299979521
856.5 0.9407413558436213 0.8851102730259097
856 0.9408314508132178 0.885279094665189
855.5 0.9406735157184394 0.8849831691239883
855 0.9406648473182706 0.8849675666608326
854.5 0.9407441242079189 0.885115436207212
854 0.9407451404488972 0.8851189265810803
853.5 0.9406140945231198 0.8848722491030786
853 0.9408895320998388 0.8853921721816453
852.5 0.9405245448366617 0.8847040571578386
852 0.9410459067596112 0.8856851719147779
851.5 0.9408169262710583 0.8852557739239687
851 0.9405673611525079 0.8847883035027506
850.5 0.9405505268720795 0.8847546913116955
850 0.9405599811103427 0.8847740980916742
849.5 0.9407273079842104 0.8850863195526271
849 0.9403691431240074 0.8844110604835238
848.5 0.9405152527706402 0.8846859306737044
848 0.9404534352075624 0.8845702156294764
847.5 0.9405545307211337 0.8847603129057383
847 0.9405114460824022 0.8846771898213152
846.5 0.9403724177270487 0.884418228286132
846 0.94055842991856 0.8847654344858258
845.5 0.9405065174689217 0.8846709215202816
845 0.940533262153559 0.8847218851062186
844.5 0.9403163843558634 0.8843157404223085
844 0.9404107916606257 0.8844887738940684
843.5 0.9404766330912906 0.8846134217935986
843 0.94047196427443 0.8846052257010006
842.5 0.9405101740101309 0.8846765644566903
842 0.9404358917650544 0.8845370958424762
841.5 0.9404361140278141 0.8845387706604322
841 0.9402760000011378 0.8842366568985667
840.5 0.9404083437753538 0.8844843490164404
840 0.9404380204171524 0.8845422819768166
839.5 0.9406035792625513 0.884853551293422
839 0.9404637188908612 0.8845902628794897
838.5 0.9403191629515815 0.8843187182249791
838 0.9403700497311543 0.8844134782832077
837.5 0.9401992579802756 0.8840937002882361
837 0.9401479234325033 0.8839956662885227
836.5 0.9402013963695268 0.8840972059013913
836 0.9401383545226516 0.8839798524803969
835.5 0.9401623689643521 0.884020819444358
835 0.9401827726025105 0.8840594762531818
834.5 0.940321933239879 0.8843224357514993
834 0.9401602324291506 0.8840189299102125
833.5 0.9400646803272831 0.8838375546380901
833 0.9399066954015346 0.8835422935409479
832.5 0.9399367069329867 0.8836019468213392
832 0.9398523936590958 0.8834400730681691
831.5 0.939909455826564 0.8835459153207931
831 0.9397370090683872 0.8832246090229253
830.5 0.9400172675608354 0.8837492566653875
830 0.9399256113743671 0.8835786804455963
829.5 0.9398924741939474 0.8835151364556816
829 0.9401007496973175 0.8839072255938555
828.5 0.9399168695945674 0.8835626646826172
828 0.940011657165918 0.8837424407840943
827.5 0.9397280924372239 0.8832062909269964
827 0.9399941656613425 0.8837088961333174
826.5 0.9398408982201356 0.8834199122045906
826 0.9396397664661655 0.8830428681631335
825.5 0.9401792079030282 0.8840542247304581
825 0.9398334087617946 0.8834071564314372
824.5 0.9399154317085191 0.8835576395077442
824 0.9395295319292747 0.8828316844270776
823.5 0.9395822488039608 0.8829339015421279
823 0.9396829459974406 0.8831203623383255
822.5 0.9394646510822098 0.8827086048883442
822 0.9394243147134385 0.882637187846823
821.5 0.9396176328054349 0.8829995868508738
821 0.9396465347575289 0.8830549655855019
820.5 0.9396996344105201 0.8831531930309969
820 0.9396915638724375 0.8831404025736116
819.5 0.9396235308055232 0.8830087410247562
819 0.9397106180641971 0.8831739532817741
818.5 0.9395091551570958 0.8827982517512272
818 0.9394406654447512 0.8826676973784043
817.5 0.9393830975714907 0.8825583588478318
817 0.9394483532235304 0.8826824965218136
816.5 0.9393903198334574 0.8825737510129975
816 0.9395693992917182 0.8829068391250844
815.5 0.9395547248215079 0.8828800217988119
815 0.9395122278825967 0.8827975059501255
814.5 0.9392829852959381 0.8823706013799371
814 0.9393186469019039 0.8824361142174248
813.5 0.9396561223494981 0.883072886094144
813 0.9394821904087753 0.882746017839227
812.5 0.9392435810139629 0.8822953076546824
812 0.939107355704463 0.8820452938640575
811.5 0.939210308720476 0.8822355712413525
811 0.9389925990080774 0.8818253578228539
810.5 0.939336080490782 0.8824708669635658
810 0.9391676935850842 0.8821562308494252
809.5 0.9394945578231234 0.8827673716347307
809 0.9392782329282654 0.8823620083116614
808.5 0.9392829541450342 0.8823680032926353
808 0.9394543285785333 0.8826953470878272
807.5 0.9392724261859667 0.8823512945926808
807 0.9391806085689522 0.8821794986256636
806.5 0.9390969848119011 0.8820220934234758
806 0.939333511823519 0.882465131442996
805.5 0.9389381005087847 0.8817238124428846
805 0.9393035234762472 0.8824053712523319
804.5 0.9388526287819333 0.8815587298435994
804 0.9388313228181463 0.8815231003734384
803.5 0.9391806991136628 0.8821801740082253
803 0.9388784065406738 0.8816079103150469
802.5 0.9389537853150086 0.8817535185374092
802 0.9390729833382985 0.8819752991816356
801.5 0.9389041200629851 0.8816601087428566
801 0.938817915521551 0.8814983203537289
800.5 0.9389073189609952 0.8816661146044286
800 0.938917083783531 0.8816848124898681
799.5 0.9387142076606257 0.8813036482499221
799 0.9389002939850749 0.8816523550294213
798.5 0.9388348959011898 0.8815300220625925
798 0.9388922789426928 0.8816359121100562
797.5 0.9388796306872288 0.8816134456795625
797 0.9387228380577859 0.8813150234869267
796.5 0.9389400514691912 0.8817239280715705
796 0.9387027223783937 0.8812818630332123
795.5 0.9386897518341301 0.8812571868045208
795 0.9385717058755598 0.8810352994638392
794.5 0.9383184833281435 0.8805597873066956
794 0.9385494806102228 0.8809920863564922
793.5 0.938849962122162 0.8815574014453584
793 0.9384648580470049 0.880833006581075
792.5 0.9388520846946566 0.8815600560568123
792 0.9384561104199429 0.8808169272190234
791.5 0.9383700013267912 0.8806591268515653
791 0.9385105888261288 0.8809204236341622
790.5 0.9387485188414394 0.8813716386750277
790 0.9386778087744594 0.8812339052000107
789.5 0.9384737166011935 0.8808508156417486
789 0.9384681386961823 0.880838459165122
788.5 0.9383981501365051 0.8807112040891161
788 0.938633488716093 0.881150948055342
787.5 0.9387335107201661 0.8813398847430045
787 0.9387212199175955 0.8813123599482652
786.5 0.9385159216723662 0.8809310783005805
786 0.9384587676879915 0.8808216158002009
785.5 0.9382842640576542 0.880498373919647
785 0.9384142175368324 0.8807400528109183
784.5 0.9380032563611544 0.8799710974725545
784 0.938155805731739 0.8802548380241672
783.5 0.9382900289760587 0.8805096849877536
783 0.9381220102238939 0.8801931125105236
782.5 0.9385769510210472 0.8810451423650827
782 0.9383241464256094 0.8805706836140528
781.5 0.9383968965605244 0.8807078077795708
781 0.9381480678762386 0.8802414948638974
780.5 0.9383414880021282 0.8806027181465242
780 0.9382336231675468 0.8804043051904039
779.5 0.9379003868942605 0.8797742775783061
779 0.9382261815669497 0.880387724804255
778.5 0.9381594942921895 0.8802619474770457
778 0.9381273601287305 0.8801983294165826
777.5 0.9381080275867821 0.8801627925870995
777 0.9382053555129665 0.8803486520577337
776.5 0.9381317257887288 0.8802122396482369
776 0.937963019457209 0.8798916815479894
775.5 0.9380294090221502 0.8800147892789012
775 0.9380638562026369 0.8800824481516113
774.5 0.9379550439902142 0.8798775243373856
774 0.9380257826377328 0.8800123045437147
773.5 0.9378291679122343 0.8796423777009855
773 0.9378637994385025 0.8797064543538541
772.5 0.9379667540271067 0.8799036650447402
772 0.9378596727476031 0.8797010081273425
771.5 0.9380180467795582 0.879995184842809
771 0.9378398239939242 0.8796649971232555
770.5 0.9375238742504736 0.879069984256481
770 0.9375684674525946 0.8791539740809826
769.5 0.9376610041105106 0.8793255434585312
769 0.9375305110339681 0.8790823626667175
768.5 0.9378323450207817 0.8796499647709339
768 0.9378118017666084 0.879606497835963
767.5 0.9378069162289298 0.8796030900734998
767 0.9376320623544928 0.8792736206345972
766.5 0.9375629876078754 0.8791453081727866
766 0.9377138209317394 0.8794263663645716
765.5 0.9376476388613156 0.8792996880109608
765 0.9374348793883115 0.878901390021128
764.5 0.9376329151687441 0.8792761150906895
764 0.9374592478744044 0.8789484103142245
763.5 0.937494098157408 0.8790140112824967
763 0.9373792505641116 0.8787983989972205
762.5 0.937422371510617 0.8788760030095432
762 0.9372609124108466 0.8785770848963883
761.5 0.937088805530558 0.8782549388470479
761 0.9375379927314927 0.8790962161433771
760.5 0.9374423701308378 0.8789160324917842
760 0.937344199547005 0.8787339374199883
759.5 0.9371175165116012 0.8783068094546527
759 0.9372358838588092 0.878532227334411
758.5 0.9371171867841653 0.8783128840942205
758 0.9371002361806601 0.8782745023879428
757.5 0.9373767244860186 0.8787920973004075
757 0.9370257659303799 0.8781343975634642
756.5 0.9371929343304161 0.8784509685727724
756 0.9372471402375671 0.8785513659943098
755.5 0.9370765026572144 0.8782311663228191
755 0.9373160509043257 0.8786808160734318
754.5 0.9370832237053697 0.8782416573083931
754 0.9374658986080145 0.8789624830264575
753.5 0.9371506055868057 0.8783732940564782
753 0.936934719515158 0.8779660655361567
752.5 0.9368680362383113 0.8778415398634397
752 0.936901188191518 0.8779011849430126
751.5 0.9369483883976517 0.8779899225156657
751 0.9371094610167979 0.878294702210604
750.5 0.9368402236886024 0.8777874340527444
750 0.9369365839110605 0.8779688207492196
749.5 0.936757656022853 0.8776367982164749
749 0.9369173531937506 0.8779299163831205
748.5 0.937125078876749 0.8783214398503717
748 0.9370158927045135 0.8781163720076466
747.5 0.936819885018953 0.8777489009807672
747 0.9367750765744669 0.8776687170389658
746.5 0.9370079644018617 0.8781027312794719
746 0.9366959502606418 0.877517607947073
745.5 0.9368550007383684 0.8778128078260414
745 0.9368108862328471 0.8777339960144528
744.5 0.9365428070962318 0.8772321443897974
744 0.9365285818003305 0.8772047753396331
743.5 0.9367129845423862 0.8775462097873303
743 0.9368307112355567 0.877770759854079
742.5 0.9367774429546649 0.8776703836467358
742 0.9366103967539411 0.877359671428779
741.5 0.9365904557876618 0.8773225721205953
741 0.9364476229628498 0.8770542021607648
740.5 0.9365781198478897 0.8773007515881869
740 0.936748066680276 0.877616643089645
739.5 0.9363929687557643 0.8769505842729276
739 0.9362897577326043 0.8767581152032191
738.5 0.9364604274801424 0.8770779737046681
738 0.9364049691692536 0.876974570707832
737.5 0.9364419103698792 0.8770412574069268
737 0.9362275903607958 0.8766402936519202
736.5 0.9363336110895621 0.8768415154633541
736 0.9362516082418276 0.8766868004529922
735.5 0.9363774334684981 0.8769214209661325
735 0.9363962578414913 0.8769567761959156
734.5 0.9365089574748637 0.8771673369777077
734 0.9361991445818126 0.8765903699039831
733.5 0.9364326579034997 0.8770268182285887
733 0.9363498283459956 0.8768701967146129
732.5 0.9362575063474161 0.8766983756934499
732 0.9362397086160988 0.8766652746371761
731.5 0.9359631009656978 0.8761464160664545
731 0.9360050474477593 0.8762223895451376
730.5 0.9362305840949076 0.8766470307904337
730 0.9361046934382059 0.8764103886636325
729.5 0.9359655860722448 0.8761507991449338
729 0.9360797781260056 0.876364767581586
728.5 0.9361017280992134 0.8764054787950063
728 0.9361826831720981 0.8765572705063316
727.5 0.9358565204858253 0.8759461038399725
727 0.9356826370299235 0.875619411710964
726.5 0.9359457388051383 0.8761144573581339
726 0.9358771495715293 0.8759831889466007
725.5 0.9358585514225393 0.8759514691199294
725 0.9357591054991135 0.875764764481172
724.5 0.9358912797547864 0.876012523077338
724 0.9361491904710887 0.8764945279873094
723.5 0.9358011924524393 0.875844174511831
723 0.9358019613810071 0.8758428000311446
722.5 0.9354170323561536 0.8751236147057464
722 0.9358532002261992 0.8759411126574298
721.5 0.9355648704089223 0.8754000047373417
721 0.9356985835165139 0.8756491334632269
720.5 0.935402641295199 0.8750992491992571
720 0.93549065585166 0.8752630415409202
719.5 0.9355386091256307 0.875352085052218
719 0.935383138602029 0.8750575193061144
718.5 0.9357110996692711 0.875673295617181
718 0.9355215055679799 0.8753216444559253
717.5 0.9353215413197064 0.8749459391071492
717 0.9356050691033716 0.8754759447846296
716.5 0.9354821241630771 0.8752475172153549
716 0.9352984274606528 0.8749045766117812
715.5 0.9352453201574912 0.8748008697758497
715 0.9352877365703485 0.8748836847780604
714.5 0.9355831992977858 0.8754368154658062
714 0.9354210638092744 0.8751316141837671
713.5 0.935253990311632 0.8748191332846583
713 0.9350823520575197 0.8745003093340478
712.5 0.9353948553389151 0.8750856610640229
712 0.9351569147958162 0.8746395309928756
711.5 0.9351071823218629 0.8745472883595761
711 0.93515075735363 0.8746284918001747
710.5 0.9350934729848428 0.8745202796433704
710 0.9350148456548683 0.874373253020573
709.5 0.9352760043597736 0.8748585027764176
709 0.9350536167488778 0.8744429417138736
708.5 0.9350027525636679 0.8743491329202672
708 0.9349849535684293 0.8743151330743639
707.5 0.9350559388791968 0.8744470130112155
707 0.9349786517885554 0.8743061863962466
706.5 0.9351187032842672 0.8745686274153486
706 0.9348545526345069 0.8740708722564678
705.5 0.9348961478554824 0.8741529086401683
705 0.9351031572677737 0.8745380333139228
704.5 0.9349265544040187 0.8742073367928593
704 0.9349171923987031 0.8741884603745261
703.5 0.9348106539683209 0.873991080929592
703 0.934780370621236 0.8739370169908197
702.5 0.9349027038616122 0.8741622518854006
702 0.934808646435206 0.8739859413965139
701.5 0.9346893807893879 0.873764402127558
701 0.9347858496469065 0.873944281719179
700.5 0.9347037326876373 0.8737905702443293
700 0.9345955498603081 0.8735884887155352
699.5 0.9346224907457588 0.8736381936781911
699 0.9344732659007063 0.873359875651126
698.5 0.9346877209529358 0.8737634208498866
698 0.9346103624048143 0.8736147707846719
697.5 0.9346412926210795 0.873673328336314
697 0.9345266358031551 0.8734605240960766
696.5 0.9341831859270652 0.8728195212514784
696 0.934424866792682 0.8732697231449928
695.5 0.9345093185572683 0.8734273060084031
695 0.9345428737156496 0.8734920431387131
694.5 0.9345457316422501 0.8734939074718304
694 0.9343667270640248 0.8731583092194226
693.5 0.9343930580292977 0.8732081453488532
693 0.9344228920375087 0.8732674242218411
692.5 0.9341879097313289 0.8728282179720585
692 0.9343190273357936 0.8730727655364573
691.5 0.9342079768895359 0.8728646706112617
691 0.9342121636226177 0.8728712165039516
690.5 0.9342374806783633 0.8729174220511755
690 0.9343048833394584 0.8730478607970527
689.5 0.9340599866495303 0.8725876279149717
689 0.9342927716355972 0.8730212903181287
688.5 0.9342044467472418 0.872858482736117
688 0.9342318861349569 0.8729097874384063
687.5 0.9336813432724955 0.8718803416830759
687 0.9340016983935043 0.8724777625672945
686.5 0.9339324710444314 0.8723511331653342
686 0.9337578470162446 0.8720260238423483
685.5 0.9337491821205842 0.872006950236709
685 0.9338802594550423 0.8722483683704314
684.5 0.9335509857215275 0.87163861017356
684 0.9338715576188651 0.8722342106961463
683.5 0.9339887226487985 0.8724562962671877
683 0.9338991310260186 0.8722865923946205
682.5 0.9340249754113507 0.8725206586811508
682 0.9335970363009336 0.8717249497161634
681.5 0.9337115057348764 0.8719371372037188
681 0.9334618947663657 0.8714682005328086
680.5 0.9339778001416077 0.8724324742908525
680 0.9336985629756627 0.8719134373640699
679.5 0.9335645857537621 0.8716641300101436
679 0.9336654306302244 0.8718500768799249
678.5 0.9336234065995866 0.8717742612398692
678 0.9333472943909793 0.8712613989628696
677.5 0.9337640286456033 0.8720361077422674
677 0.9333902795044373 0.871339141917282
676.5 0.933402537153858 0.8713637796369696
676 0.9333287125460861 0.871218933971428
675.5 0.933701484336091 0.8719210638485173
675 0.9337169295856624 0.8719465423043464
674.5 0.9332333768792306 0.8710448913686176
674 0.9333018506408362 0.8711687231471436
673.5 0.9335496393961256 0.8716334153286258
673 0.9333944228202956 0.8713435644354084
672.5 0.9333079552419891 0.8711817634486797
672 0.9329666903360369 0.8705467820014544
671.5 0.9332145990137721 0.871008573563201
671 0.93315633587609 0.8709025256407403
670.5 0.9334833858308579 0.8715114957558138
670 0.9327807971469058 0.8701975798537006
669.5 0.9332840378044588 0.8711379720559564
669 0.9330418847754106 0.8706851216170582
668.5 0.9330206335006976 0.8706464826561716
668 0.9331567436638407 0.870901900526755
667.5 0.9328569566025496 0.8703422645054495
667 0.9329191931756624 0.8704579103884821
666.5 0.9330253588317765 0.8706551267388655
666 0.9327117369157222 0.8700718937130187
665.5 0.9328581588726311 0.8703453208209516
665 0.9326746653050249 0.8699998172237022
664.5 0.9329480497189817 0.8705114013159571
664 0.9329411041128731 0.8704992311377793
663.5 0.9328307220080717 0.8702929491601203
663 0.9324116998446302 0.8695139918364441
662.5 0.93268047687374 0.8700175096076348
662 0.932885777974887 0.8703981847695366
661.5 0.9328359841303899 0.8703034946449003
661 0.9327690314272059 0.8701802256367827
660.5 0.9323562327635466 0.86941071391159
660 0.9327250134954422 0.870099014175447
659.5 0.932688655303596 0.8700282271427592
659 0.9327551623924888 0.8701523473478127
658.5 0.9326563826734581 0.8699688586511105
658 0.932527644459365 0.8697284161450765
657.5 0.9324155164640191 0.8695164802333661
657 0.9323418731630112 0.8693823336714498
656.5 0.9323916905671226 0.8694756980232035
656 0.9322876929087687 0.8692794741762929
655.5 0.9325636466191418 0.8697946180580999
655 0.9321425938155552 0.8690135158151895
654.5 0.932154510574168 0.8690338559459128
654 0.9321418997556097 0.8690061152741072
653.5 0.9322381183939192 0.8691873902751697
653 0.9321593250760734 0.8690408009593454
652.5 0.9322429560502548 0.8691944598457537
652 0.9323197983680485 0.8693383332434654
651.5 0.931976793367138 0.8687036120044768
651 0.9321421023056338 0.8690084563934
650.5 0.9321384421157844 0.8690032182636164
650 0.9321185023438529 0.8689639560312857
649.5 0.9320565658375554 0.8688531905318133
649 0.9320994335599886 0.868927355844669
648.5 0.9319549731046751 0.8686594052924883
648 0.9317798413647664 0.8683359156694906
647.5 0.9318325354988768 0.868432167818646
647 0.9317265218146367 0.8682352227267774
646.5 0.9318816239756261 0.8685251711541281
646 0.9316969742610758 0.868178344329471
645.5 0.9319845468945761 0.8687155834703056
645 0.9314582075097024 0.8677366003245746
644.5 0.9317351443455241 0.8682493609513143
644 0.931511187704676 0.8678329300513065
643.5 0.9318029817826853 0.8683764897757231
643 0.9315078833329272 0.8678318779768243
642.5 0.9316482386481586 0.8680882552116095
642 0.9314418039081374 0.8677027322685277
641.5 0.9314541976065104 0.8677262677167644
641 0.9315634521411194 0.867932048528043
640.5 0.931512164560664 0.86783755037021
640 0.9314574022741011 0.8677326046377766
639.5 0.9316511471506408 0.8680917729383125
639 0.9313461561002445 0.86752733030494
638.5 0.9312594655231791 0.8673642541963048
638 0.9312239092706728 0.867296026195694
637.5 0.9312156455668459 0.8672839643711586
637 0.9315021642436584 0.8678153211539361
636.5 0.9308740222810277 0.8666445281856214
636 0.9312601661785643 0.8673630587793806
635.5 0.9312646590818179 0.867376908760232
635 0.9311516010835601 0.8671617973225888
634.5 0.9312115136623217 0.867276364968471
634 0.9310614226846134 0.8669954325598789
633.5 0.9310988837920448 0.8670659348524051
633 0.9309289021556617 0.866750588063474
632.5 0.930997077913714 0.866870901902707
632 0.9311959155794396 0.8672436732803938
631.5 0.9310797181179584 0.8670313594856741
631 0.9307084750120856 0.8663424483302444
630.5 0.9307847638205725 0.8664784695990478
630 0.930798234053626 0.8665048285585363
629.5 0.9307936867999839 0.8664996202244858
629 0.9308118938228632 0.8665304249444737
628.5 0.9307675538066675 0.8664477266330735
628 0.9308219553919654 0.8665505085281408
627.5 0.9307095856182694 0.8663426881107602
627 0.9308777089318288 0.8666547623712264
626.5 0.930852476661362 0.8666056735802004
626 0.930606318873506 0.8661503386473712
625.5 0.9306551246636329 0.8662380122430154
625 0.9303416413884441 0.8656596176638356
624.5 0.9305383581983706 0.8660244695362244
624 0.930607262687992 0.8661530833250429
623.5 0.9305493643865835 0.8660392633316099
623 0.9303787594154047 0.8657221633916803
622.5 0.9306139948912976 0.8661643851350815
622 0.9303676840566619 0.8657030183783023
621.5 0.930380738331555 0.8657324440635165
621 0.9302519040058583 0.8654878444555936
620.5 0.9303899427154804 0.8657461462370697
620 0.930326464688967 0.8656269416138609
619.5 0.9299628443710224 0.8649531672571077
619 0.9303350593166987 0.8656433352740933
618.5 0.9305798235669165 0.8660996495699079
618 0.9300403052539207 0.86509730424976
617.5 0.9300524254264174 0.8651173294149987
617 0.9299505877959359 0.8649279206174832
616.5 0.9301183057934519 0.8652423895155094
616 0.9299196729301344 0.8648685326931296
615.5 0.9297400404148417 0.8645390087465982
615 0.9299847651583438 0.8649920036476658
614.5 0.9298451074195773 0.8647328226120707
614 0.9298081465271865 0.8646640714534105
613.5 0.92991778959055 0.8648689687893927
613 0.9294940484188741 0.864078009965824
612.5 0.9296497406355518 0.8643679783721611
612 0.9296405983899518 0.8643522066916347
611.5 0.9295954156424516 0.8642661250953839
611 0.9296174512023633 0.8643119190797055
610.5 0.9295359078988373 0.8641582384335412
610 0.9295144398197744 0.8641166907943737
609.5 0.9296367821366729 0.8643461440434849
609 0.9294139715880143 0.8639299032262188
608.5 0.9293947897867315 0.8638947613378785
608 0.9295317731760352 0.8641499488946984
607.5 0.9294043751005312 0.8639121624566823
607 0.9293334318407859 0.8637803389820742
606.5 0.9295105999713462 0.8641074815738431
606 0.9294492693700166 0.8639985482456437
605.5 0.9290163362964522 0.8631928461778352
605 0.9291383054310508 0.8634163551910093
604.5 0.9293722563051715 0.8638522685675105
604 0.9291925607494581 0.8635193327618642
603.5 0.9289613029494844 0.8630898549379373
603 0.9289247848132586 0.8630222810914613
602.5 0.9290531236865054 0.8632590676842189
602 0.9291948382338054 0.8635246120993666
601.5 0.9290175630360531 0.8631938806957544
601 0.9289338802225591 0.8630388712655362
600.5 0.928925435056037 0.8630257033841561
600 0.9290861655978468 0.8633176096543527
599.5 0.9290407625697454 0.8632376936737371
599 0.9287609192197105 0.8627173470700142
598.5 0.9291941877435358 0.8635220456835992
598 0.9289133140537588 0.8629992105283869
597.5 0.9289858402469069 0.8631367866089105
597 0.928913252336601 0.8629988545494532
596.5 0.9288072765587843 0.8628073983236065
596 0.9288061141657025 0.8628002539865868
595.5 0.928345355069623 0.8619455715185417
595 0.9288761830928625 0.8629318151732897
594.5 0.9285648311815206 0.8623551907382706
594 0.928365856794002 0.8619855612282894
593.5 0.9284060823552506 0.8620620144298008
593 0.9285593085027121 0.8623431151238435
592.5 0.9284573918635474 0.8621553310375409
592 0.9284271526524632 0.8621001723780268
591.5 0.9284558296505108 0.8621529482179436
591 0.9283954231542724 0.8620369199120055
590.5 0.9283451294515889 0.8619451272094317
590 0.9281145492793134 0.8615199862794447
589.5 0.9282268526509205 0.8617310019026507
589 0.9283847577780274 0.8620205772384197
588.5 0.9284013252511921 0.8620491691631914
588 0.9280821652892899 0.8614554689852614
587.5 0.9282897200263276 0.8618420718478781
587 0.9280810289762325 0.8614527895702636
586.5 0.9281643459858122 0.8616118215202839
586 0.9278039097435834 0.8609405100796097
585.5 0.9277403321417161 0.8608224066706209
585 0.9278783215522163 0.8610787399674177
584.5 0.9277697348436442 0.8608785105358461
584 0.9281044979670378 0.8615025175519894
583.5 0.9279139126616585 0.8611464374732435
583 0.9276513353902462 0.8606591051271237
582.5 0.9279057653224626 0.8611276790786611
582 0.9276292238586089 0.8606178946890843
581.5 0.9278466521631233 0.8610215861412707
581 0.9277617557437298 0.8608646818719745
580.5 0.9274079523833084 0.8602065995835497
580 0.927534792868815 0.8604432329871061
579.5 0.9275632537310872 0.8604941595909177
579 0.9274484582674086 0.86028200363044
578.5 0.9276646691444602 0.8606850860180951
578 0.9271585255277223 0.8597427658516795
577.5 0.9274245543563062 0.8602384942881746
577 0.9275998069251641 0.8605633223383952
576.5 0.9273587889861108 0.8601187375647552
576 0.9273312042365491 0.8600659820392142
575.5 0.9272406949622825 0.8598990618601678
575 0.9271401419863795 0.8597127396351114
574.5 0.9270306410268607 0.8595064946615797
574 0.9272441823784544 0.8598995291648379
573.5 0.9273253868648282 0.8600559511971213
573 0.9271860837808473 0.8597970233790856
572.5 0.9269388344949807 0.8593378947610975
572 0.9270400236652002 0.8595238126809235
571.5 0.9268930447706969 0.8592540413241448
571 0.9268531429246334 0.8591789170511009
570.5 0.9268640227375669 0.8591969999755767
570 0.9264835960031906 0.8584943416383395
569.5 0.9268398966381683 0.8591548185617306
569 0.926650848228924 0.8588033847781584
568.5 0.9266671506022017 0.8588347595640085
568 0.9263952650740346 0.8583288375966186
567.5 0.9264333570092995 0.8583987141453692
567 0.9263129942279988 0.8581791550172928
566.5 0.926642161755904 0.8587887979249604
566 0.9263357443453205 0.8582246998325723
565.5 0.9265720834491437 0.858654764120005
565 0.9263882571762645 0.8583186909971824
564.5 0.9263918472046628 0.8583217831916384
564 0.9262188174111968 0.8580016544898035
563.5 0.9259802752535665 0.8575622607936056
563 0.9261159425700959 0.8578118266645348
562.5 0.9261177316012851 0.8578171598741143
562 0.9262690129661221 0.8580995995690555
561.5 0.9262828537477431 0.8581198900313344
561 0.9260370375712488 0.8576689582534255
560.5 0.9260723664280524 0.8577324274272381
560 0.9262082980730122 0.8579815023590857
559.5 0.9257635328618431 0.857159870842844
559 0.9259157365083057 0.8574421686441691
558.5 0.9254747549477037 0.8566255881199263
558 0.925839283366959 0.8573003039019615
557.5 0.9259322519288966 0.8574710103385484
557 0.9258141756709087 0.8572551771038741
556.5 0.9258289446257784 0.857281696022475
556 0.9258408417437916 0.8573006840041248
555.5 0.925903059368552 0.8574180228264007
555 0.9254870157816132 0.8566512696346136
554.5 0.925609597703255 0.856877393513027
554 0.9257351538614248 0.8571068991789746
553.5 0.9254416794376374 0.8565672223977423
553 0.9256228429338077 0.8568988883035557
552.5 0.9256475060915769 0.8569456545683305
552 0.9254452651541558 0.8565730479707239
551.5 0.9252976856711297 0.8562953135300827
551 0.9254347441083584 0.856552063865723
550.5 0.9252615016148373 0.8562326201416343
550 0.9250110781604116 0.8557658343481022
549.5 0.9252115876961092 0.856141539134865
549 0.9250457409414428 0.8558311293566875
548.5 0.9248909035387821 0.8555469470062873
548 0.9252654022962603 0.8562385729541373
547.5 0.9250557123181588 0.8558482171919145
547 0.9250708867770328 0.8558765593508303
546.5 0.925135771157697 0.8560001728946786
546 0.9248948816444659 0.8555519217961833
545.5 0.9247987172563304 0.8553763735024879
545 0.9249551395964867 0.8556618961589536
544.5 0.9245337206388646 0.8548852344068297
544 0.9249362370218226 0.8556290300093713
543.5 0.9248828487471722 0.8555268436302281
543 0.9246472427478368 0.8550942278830101
542.5 0.9247790101462418 0.8553377214605906
542 0.9247351941029849 0.8552590826847063
541.5 0.9245522297975567 0.8549190911874247
541 0.9244585782608143 0.8547463244041504
540.5 0.9243864613547178 0.8546141458584845
540 0.9244955255888949 0.8548166583529445
539.5 0.9242060286923753 0.8542805173641108
539 0.9241246922564225 0.8541266240093907
538.5 0.9244521601481823 0.8547317262744205
538 0.9242583517446944 0.8543768169810444
537.5 0.9243194178887797 0.8544900875476699
537 0.9242645277384913 0.8543860361362112
536.5 0.9240486896265178 0.8539856985205035
536 0.9238698585519529 0.8536584743330249
535.5 0.9240351325203379 0.8539639885081735
535 0.9240826630794096 0.8540541387439774
534.5 0.9238062762626644 0.8535412596984375
534 0.9237271335163807 0.8533929681151122
533.5 0.9238490698133573 0.8536223315651489
533 0.9238792935317284 0.8536738756502009
532.5 0.9237565049922611 0.853450271684822
532 0.9236378233047361 0.8532315395773055
531.5 0.9237129531315514 0.8533694946162871
531 0.9238419436931019 0.8536065726053547
530.5 0.9232598021908119 0.852531927058014
530 0.9235162084028955 0.8530044474390177
529.5 0.923261853562465 0.8525377835896896
529 0.923375478568528 0.8527436898089317
528.5 0.9235233446930231 0.8530188827569355
528 0.9232226890264225 0.8524593999556427
527.5 0.9234475023500458 0.8528770218085086
527 0.9231414967030769 0.8523108554964233
526.5 0.9232078297110603 0.8524359366396511
526 0.923435856974612 0.8528594800272561
525.5 0.9230827274774156 0.852206307054395
525 0.923125674431808 0.852284000399626
524.5 0.922925204732393 0.8519120503687958
524 0.923432139112631 0.8528460358313367
523.5 0.9231529697946794 0.8523337859645389
523 0.9227277407800217 0.8515514521339939
522.5 0.9227848907749994 0.851656834604278
522 0.9229683470057455 0.8519937198223039
521.5 0.9228740295591518 0.851819863086572
521 0.9227098661524358 0.8515174053945137
520.5 0.9226946642827717 0.8514886609941688
520 0.9225278533114701 0.8511803004168121
519.5 0.9228396426681266 0.8517577080165272
519 0.9225765921085394 0.8512699257454358
518.5 0.922506004420801 0.8511423533432046
518 0.9223959281775513 0.8509373069279561
517.5 0.9223977018009181 0.8509429756543928
517 0.9220985719450119 0.8503875029589629
516.5 0.9225684179187026 0.8512549696338786
516 0.9223144301015817 0.8507865160567828
515.5 0.9220432116855541 0.8502864104228337
515 0.9220426300369494 0.8502852207785726
514.5 0.922162303515268 0.8505043272344819
514 0.9219857242606757 0.8501802829943812
513.5 0.922011237627538 0.850227832230321
513 0.9221930234821958 0.850561009126622
512.5 0.921939930803715 0.8500947074186443
512 0.9219974037222588 0.850202026526571
511.5 0.9221918033071566 0.8505606721655098
511 0.9219121721033314 0.8500447372882106
510.5 0.9216660402509256 0.849592440626225
510 0.9217308899293403 0.849712301729325
509.5 0.9216336151322342 0.8495319023428061
509 0.9216590710050555 0.8495760667182092
508.5 0.9217812471333636 0.849803304980678
508 0.9215181164701949 0.849317101403046
507.5 0.9214436350086747 0.8491817134528556
507 0.9215145369051706 0.8493109028022058
506.5 0.9211751347548801 0.8486854420049664
506 0.9213432354578085 0.8489950821578233
505.5 0.9210789651393593 0.8485076443639239
505 0.9215143762680649 0.849314531543657
504.5 0.9213542634890834 0.8490163135423829
504 0.9209984590183153 0.8483589848361166
503.5 0.921267632601406 0.8488576889429492
503 0.9209512958959097 0.8482760387444612
502.5 0.9210285989141632 0.8484151261723184
502 0.9207752402039971 0.8479497938478422
501.5 0.9214627539588948 0.8492132226493434
501 0.9208967687122008 0.8481738605575664
500.5 0.9210566678055926 0.8484682339333868
500 0.9207191158044563 0.8478512523816947
499.5 0.9206674426938586 0.8477535512722045
499 0.9204292854025627 0.8473127049834551
498.5 0.9207518304207435 0.8479060845109468
498 0.9205493081358821 0.8475333534842168
497.5 0.9206357581348324 0.8476941825580011
497 0.9202541391230777 0.8469908769983281
496.5 0.9202495610865333 0.8469852338813492
496 0.9203756595858796 0.8472150121316304
495.5 0.9201529030403005 0.8468069317821407
495 0.9205170719032921 0.8474741649481857
494.5 0.9200937513031187 0.8466970615362078
494 0.9202364637713265 0.8469614576033982
493.5 0.9197965729757986 0.846148685979742
493 0.9201920308351017 0.8468759565408843
492.5 0.9199136860762515 0.8463657490129461
492 0.9198469932968371 0.8462394768803333
491.5 0.9199819911676839 0.8464896153388661
491 0.9198825555757851 0.8463092620503084
490.5 0.9198052978276144 0.846164640869435
490 0.9198571784387339 0.8462604824736156
489.5 0.9198573994253779 0.8462653588587741
489 0.9197597091971565 0.846081534000989
488.5 0.9198121981104507 0.8461724480111468
488 0.9196630409799825 0.845904823503754
487.5 0.91968871023955 0.8459504574955327
487 0.9196419314560014 0.845865639067706
486.5 0.9194425153731377 0.845495048633382
486 0.9198711689843281 0.8462851886463698
485.5 0.9194600508394304 0.8455288574422324
485 0.9194767548572619 0.8455614099749458
484.5 0.9192150206506945 0.8450813514666994
484 0.9190283300637662 0.8447371371360961
483.5 0.9190959597536112 0.8448605298770092
483 0.9192719014720345 0.8451818184634472
482.5 0.9189508699899729 0.8445936075955045
482 0.9191920062094258 0.8450400911026051
481.5 0.9189936784240962 0.8446715642144071
481 0.918980374703755 0.8446475922715012
480.5 0.918740797057186 0.8442071140390239
480 0.9186293931166616 0.8440028782764563
479.5 0.918506806425194 0.843777910254695
479 0.9185547360852961 0.8438687061592527
478.5 0.9185408155989834 0.8438403178142587
478 0.9184077015275269 0.8435947236490278
477.5 0.9184243420324274 0.8436251422177062
477 0.9181774356318457 0.8431724683570515
476.5 0.9183073335392445 0.8434105011807895
476 0.918228001203504 0.8432636085103778
475.5 0.9179789878936813 0.842812131033748
475 0.9183699400122918 0.8435264881173534
474.5 0.9178855614459863 0.8426368623906044
474 0.9180839186802183 0.8430001192724399
473.5 0.9181337181691275 0.8430873673582011
473 0.9182747347596495 0.8433554901022811
472.5 0.9177463760204427 0.8423805345917397
472 0.9181188867607363 0.8430672983145413
471.5 0.9178498395132848 0.8425703417479072
471 0.9176992523420988 0.8422949679202149
470.5 0.9178479874885402 0.8425701866442401
470 0.9178451949232215 0.8425663736091347
469.5 0.9173553172433053 0.8416652303461595
469 0.9174991929040873 0.8419285160002022
468.5 0.9173262448680559 0.8416107699366027
468 0.917444273305855 0.8418302882630467
467.5 0.9173889410783136 0.8417262946267922
467 0.9172195057901321 0.8414152085235045
466.5 0.917302254025562 0.8415637394037043
466 0.9171775071965639 0.8413412301975892
465.5 0.9171203646570839 0.8412319901537679
465 0.9173601184522903 0.8416747981498385
464.5 0.9170640829727228 0.8411284495233929
464 0.9168107544614094 0.8406656978502742
463.5 0.9169271574399456 0.8408784480967214
463 0.9166643234435234 0.840396375357983
462.5 0.9167834715429057 0.8406161088140462
462 0.9169605419658245 0.8409409571692534
461.5 0.916811452400501 0.8406675878583771
461 0.9167325894490316 0.8405237411798544
460.5 0.91654118986058 0.8401745634156037
460 0.9163128658227103 0.8397502808853433
459.5 0.916513103617723 0.8401183018023258
459 0.9162611669149883 0.8396571668449033
458.5 0.9165598174636687 0.8402073920193411
458 0.9164878553475798 0.8400735593261213
457.5 0.9161979477775355 0.8395425141992843
457 0.9161587717589771 0.8394697528859671
456.5 0.9160835237340935 0.8393313776610696
456 0.9158038391808325 0.8388204360140086
455.5 0.9161019161654687 0.8393657160600267
455 0.9159691537705308 0.8391264739431111
454.5 0.9156561551184892 0.8385514051385596
454 0.9158659776202444 0.8389318234750524
453.5 0.9155911086245448 0.8384305814858202
453 0.9154579335901718 0.8381886639739797
452.5 0.9153684304029406 0.8380263294338843
452 0.9153694735503964 0.8380251267350834
451.5 0.9154414519418393 0.838154275022975
451 0.9155326315193015 0.838325398822459
450.5 0.9153502329265564 0.8379914972786522
450 0.9153786043760432 0.8380430111387749
449.5 0.9151422267408618 0.8376081577595541
449 0.9153098135154681 0.8379132931235643
448.5 0.9151720698744589 0.8376629104244502
448 0.9150603034087659 0.8374632807930098
447.5 0.9148347344662048 0.837048853971804
447 0.9150082940538229 0.837362324339557
446.5 0.9147264290556724 0.8368501552467182
446 0.9147177816425343 0.8368311413981199
445.5 0.914790050121205 0.8369650741565687
445 0.9147544243778956 0.8368998759122283
444.5 0.9146237671057763 0.836660302348335
444 0.9143801991521172 0.8362167771043096
443.5 0.9143035237109146 0.8360734123076347
443 0.9144411131481436 0.836327099407921
442.5 0.9142014015259433 0.8358911470314158
442 0.9141943935120681 0.8358730059340654
441.5 0.9139140873257913 0.8353580874119357
441 0.9142740909028664 0.8360257938271003
440.5 0.9142849065961459 0.8360393774319635
440 0.9137862231512978 0.83512731736163
439.5 0.913941191655831 0.8354161019620178
439 0.9140452543431795 0.8356002169745254
438.5 0.9139833277380166 0.8354892313838752
438 0.9136872350924016 0.8349508448005647
437.5 0.9139390088261672 0.8354109568210547
437 0.913742457286556 0.8350483381787125
436.5 0.9135488255673249 0.8346929160090448
436 0.9138670840914936 0.8352782753527261
435.5 0.9135054020642671 0.8346174960169667
435 0.9133126956140584 0.8342638133166465
434.5 0.9132557189554809 0.8341621742078347
434 0.9131161333422119 0.8339038236739911
433.5 0.9131000024484766 0.8338772417972871
433 0.912941751977309 0.8335871506347461
432.5 0.9131086725635225 0.8338950577578298
432 0.9131740281041365 0.8340077998622458
431.5 0.9130526192382982 0.8337906597307552
431 0.9128802045714814 0.8334708096772692
430.5 0.9129092206672274 0.8335299125407056
430 0.9126223294899363 0.8330025616431792
429.5 0.912500589637676 0.8327816795395426
429 0.9125389687279494 0.8328529533825633
428.5 0.912515735068307 0.8328131333450611
428 0.9127125183530587 0.8331709809343667
427.5 0.9125293276878748 0.8328332102764158
427 0.9126332285629515 0.8330271525511239
426.5 0.9123041581198457 0.8324203635935887
426 0.9123448931231694 0.8324976036809564
425.5 0.911951078377706 0.8317803805250519
425 0.912198603589216 0.8322351556502245
424.5 0.9120218003740547 0.8319118984711892
424 0.9115943762897746 0.8311266108892297
423.5 0.9118751464452433 0.8316429796414023
423 0.9115104955942969 0.8309788660313798
422.5 0.9119413833911509 0.8317615295899782
422 0.9118889362771155 0.8316670344565029
421.5 0.911673157684077 0.8312718934522236
421 0.911577803002364 0.8310966176249989
420.5 0.9114681238611613 0.8309003466441516
420 0.9111787760916997 0.8303717173221536
419.5 0.9112055555295708 0.8304205688313882
419 0.9113245613790495 0.8306363768331436
418.5 0.9112546083105784 0.8305082254297612
418 0.9108732036768297 0.8298143378677036
417.5 0.9108903392519211 0.8298471585613622
417 0.9110100574146957 0.8300658272789222
416.5 0.9107947738155328 0.8296717263716277
416 0.9107995160427613 0.8296847832110267
415.5 0.9109224036220592 0.829907057679435
415 0.9107409630336355 0.8295723785585416
414.5 0.9107760790192968 0.8296384393936788
414 0.9104643744968826 0.8290708651733756
413.5 0.9103141878108747 0.828797841800384
413 0.9103565191993603 0.8288752578214484
412.5 0.9099982865111238 0.8282220182226897
412 0.9100677534989634 0.8283504625329001
411.5 0.9100873821806995 0.8283869356848534
411 0.910037332882366 0.8282939713681725
410.5 0.9097575735306449 0.8277840935913074
410 0.9097146697590589 0.8277078061378416
409.5 0.9098850045888065 0.8280151355472916
409 0.9098732269458621 0.8279944120304453
408.5 0.9096901464660583 0.8276588850076123
408 0.909495310229198 0.8273056493921654
407.5 0.9095277744805901 0.8273658435542155
407 0.9093237924067858 0.8269983745331916
406.5 0.9096430703942271 0.8275753194536352
406 0.9092971402040099 0.8269506607716566
405.5 0.9092655928946487 0.8268882821105488
405 0.9093527557843178 0.8270494695734751
404.5 0.9091239436771202 0.8266331350495366
404 0.9091989425765841 0.8267666453143141
403.5 0.908726821321382 0.8259095895633533
403 0.9086594174498792 0.8257915130729426
402.5 0.9085648993902343 0.8256162039807426
402 0.9086153852949319 0.8257103225033859
401.5 0.9084603402989974 0.8254275558593853
401 0.9085820767118318 0.8256472800889428
400.5 0.9081812176899066 0.8249213455139888
400 0.9079862599069317 0.8245657910328351
399.5 0.9082174368226165 0.8249859769802369
399 0.9082429284833399 0.8250323380035014
398.5 0.9079878728194981 0.8245643456319923
398 0.9085136883632507 0.8255256557474889
397.5 0.907981462640503 0.8245540926845711
397 0.9080357731287633 0.8246550819054013
396.5 0.9079977689663071 0.8245869668759984
396 0.9075638963198057 0.823798570841506
395.5 0.9073541394758755 0.8234166929416435
395 0.9074841328019678 0.8236545124694062
394.5 0.9074908571643228 0.8236698370268609
394 0.907443952000425 0.8235815581510764
393.5 0.9076059690138266 0.8238758859132739
393 0.9072414487407221 0.8232134478666981
392.5 0.9074433303754278 0.8235804592036219
392 0.9068669205742129 0.822531871742352
391.5 0.9067178964150477 0.8222626120199895
391 0.9070264154090248 0.822823293083251
390.5 0.9064977628609747 0.8218694510226817
390 0.906782456775035 0.822382951160052
389.5 0.9064268978991543 0.8217335398585028
389 0.906843065933707 0.8224890937373662
388.5 0.9064121379838016 0.8217069336845023
388 0.9061449854474241 0.8212284656626065
387.5 0.9062315699450891 0.8213812893309181
387 0.9059216727950622 0.8208179873361893
386.5 0.9064226910646143 0.8217281303046166
386 0.9062440374950743 0.8214036911203882
385.5 0.9060536050130039 0.8210596961036347
385 0.905742412159626 0.8204981937809388
384.5 0.9057798466706078 0.8205651162999547
384 0.9057942836178399 0.8205890794290912
383.5 0.905289298309753 0.8196756494017211
383 0.9051751986599492 0.81946844126045
382.5 0.9053742573883508 0.8198256848132258
382 0.905513565042033 0.8200852824580562
381.5 0.9053210857692897 0.8197313787938019
381 0.9052174048776779 0.8195441557817699
380.5 0.9049482968001884 0.8190629318712035
380 0.9048653227298187 0.8189088020473637
379.5 0.9050730784682453 0.8192795368000974
379 0.9047692871698355 0.8187306568154656
378.5 0.9046927828696346 0.8185955753353581
378 0.904683255934134 0.8185797328931896
377.5 0.9045585103833262 0.8183551234044877
377 0.9044421841765292 0.8181424178611195
376.5 0.9044139542107934 0.818090128446602
376 0.9041867222658098 0.817682820971611
375.5 0.9039565258785328 0.817266679708086
375 0.904164686855275 0.8176388688248217
374.5 0.9041552211341943 0.8176258532816981
374 0.903936965965134 0.8172278511844909
373.5 0.9040997083531898 0.8175236124625451
373 0.9037932776711567 0.8169672503122064
372.5 0.903688781070134 0.8167815624292536
372 0.9037740204055362 0.8169358968788015
371.5 0.9034543859082805 0.8163553817807935
371 0.9035800078695484 0.8165831004748334
370.5 0.9033658407100548 0.8161972186279711
370 0.9033761120988265 0.8162083016595453
369.5 0.9032226986618526 0.815939083632556
369 0.902865294327812 0.8152937352142251
368.5 0.9027485848670412 0.8150810670753335
368 0.9030291155967425 0.8155935759859725
367.5 0.9024066553236411 0.8144647274942869
367 0.9026363263182416 0.8148775805465382
366.5 0.9024859452142561 0.8146062151708664
366 0.9023264968551796 0.814322728757691
365.5 0.9024737156046105 0.8145862532492572
365 0.9022568945493982 0.8141956755485017
364.5 0.902209179266179 0.8141099976072952
364 0.9022784234867104 0.8142298662116083
363.5 0.9018592732042832 0.8134779190818698
363 0.9020298814650481 0.8137853622434192
362.5 0.9017319934078912 0.8132474794849653
362 0.901617554141488 0.8130410880101575
361.5 0.9017673863087514 0.8133109154917264
361 0.901489531850782 0.8128094228937731
360.5 0.9013633402592183 0.8125826942342516
360 0.9011122697525846 0.8121328393154619
359.5 0.9014938192305015 0.8128135305759507
359 0.9010212315631357 0.8119652146717615
358.5 0.9008957627172268 0.8117393724012624
358 0.901291046301106 0.8124501356440043
357.5 0.9008325225763925 0.811630431834778
357 0.9003119563899981 0.8106921011316682
356.5 0.9004772567465779 0.8109874787684599
356 0.9005049395239307 0.8110397565162234
355.5 0.9003323719953675 0.8107222109018148
355 0.9005311396397296 0.8110849763374248
354.5 0.9003363923548936 0.8107365005163416
354 0.8999513745618496 0.8100391951120696
353.5 0.9001181956991126 0.810342867291702
353 0.8997317080305245 0.8096467734905183
352.5 0.9000284629812262 0.8101800440337564
352 0.8995080186606491 0.8092442297014555
351.5 0.8996631984381755 0.8095225348599472
351 0.8995343884321819 0.8092912282119612
350.5 0.8994085171660108 0.8090671941532989
350 0.8993867251777973 0.8090313670795646
349.5 0.8992545101976838 0.8087910813418054
349 0.8991715231718954 0.8086373400009758
348.5 0.8989685114455943 0.8082707706750172
348 0.8986512296676876 0.8077043516048639
347.5 0.8985672296158851 0.8075507487067809
347 0.898474567100324 0.8073866254192175
346.5 0.8986257699508862 0.8076561459383347
346 0.8985688679685184 0.8075555319411574
345.5 0.8986491646065875 0.8077025955275035
345 0.8982994042746626 0.8070667035010132
344.5 0.8982175568925143 0.8069271379323428
344 0.8981984628084408 0.806889721158483
343.5 0.8980918350968906 0.8066970132989416
343 0.8978296422378601 0.8062265329893182
342.5 0.8974989168587446 0.8056346980607717
342 0.8975715525886666 0.8057604967378428
341.5 0.8973788971107899 0.8054134519656526
341 0.8976191350600635 0.8058483414014822
340.5 0.8970779049798323 0.8048780059383542
340 0.8973141737044487 0.8052995366705976
339.5 0.8967562212324528 0.8042965117925949
339 0.8967325271044829 0.8042532288516656
338.5 0.8969262424449859 0.8046027192241088
338 0.8968937168467536 0.8045449745440326
337.5 0.896669945691911 0.8041430768544361
337 0.8968155778901937 0.8044058487744853
336.5 0.8965374739402958 0.8039086139346848
336 0.8963816890238512 0.8036295337008853
335.5 0.8961513616897661 0.8032114803191835
335 0.8962005323085164 0.8033052722460534
334.5 0.8959514466627428 0.8028588100186919
334 0.8954614587564373 0.801978853644206
333.5 0.8955886358600269 0.8022070371926655
333 0.8955643751887646 0.8021645491415517
332.5 0.8952309687041813 0.8015696334894803
332 0.8952684667754485 0.8016345679854461
331.5 0.894908190593587 0.800988708462621
331 0.8950429024711392 0.8012322167719489
330.5 0.8950035804449965 0.8011580337889422
330 0.8950094137683607 0.8011704112208136
329.5 0.8945710541195304 0.8003888416092954
329 0.8948265101362362 0.8008438064783193
328.5 0.8945054427172188 0.8002723135573914
328 0.8941345186875255 0.7996071779764874
327.5 0.8941255448018229 0.7995885919593856
327 0.894079048770426 0.7995068840992706
326.5 0.8940019382627032 0.7993710459307232
326 0.8936603176476052 0.7987583024645422
325.5 0.893792180100214 0.7989934763687423
325 0.8936889533128055 0.7988065046826975
324.5 0.8935942889087963 0.7986393557567727
324 0.8933645258436627 0.7982293346495838
323.5 0.8932121864280037 0.7979601852569408
323 0.8932453781853439 0.7980151157586278
322.5 0.8930375490749405 0.7976440811612283
322 0.8926383671363879 0.7969331840800823
321.5 0.8927002092964361 0.7970396529313063
321 0.8928721248370105 0.797354434951216
320.5 0.8927156222617528 0.7970696689406528
320 0.8923711714276387 0.7964558581704837
319.5 0.8923421182953799 0.7964018731353764
319 0.8919274861775477 0.7956608137234058
318.5 0.8918372600659111 0.7955017436578667
318 0.8918728077711172 0.7955731446004095
317.5 0.8914636682997373 0.7948359621945742
317 0.8914811533203175 0.794867921205575
316.5 0.891433799071612 0.7947867318314153
316 0.8915733399738374 0.7950302317850226
315.5 0.8911514009021229 0.794280818261368
315 0.891069712033651 0.7941376878828575
314.5 0.8907961343587092 0.79364528652019
314 0.8911868766542128 0.794346987751573
313.5 0.8908077016561908 0.7936673548681852
313 0.8905985812585298 0.7932961812590154
312.5 0.8906018719855903 0.7932955101962058
312 0.8903325899166169 0.7928250009005673
311.5 0.8903821202611265 0.7929132962985704
311 0.8902669116989035 0.7927037020322786
310.5 0.889759643832249 0.7918022756220945
310 0.8898954769482184 0.7920446311534266
309.5 0.8898492625642278 0.7919649337227316
309 0.8896464797350222 0.7916004926260118
308.5 0.8892292391268378 0.790859362683454
308 0.8893303260765909 0.7910397544321289
307.5 0.8887834854320598 0.7900660990462189
307 0.8893098997868556 0.7910034030496247
306.5 0.8892121533759652 0.7908269547186912
306 0.8889216776015665 0.790311080804098
305.5 0.8883647520766638 0.7893252860932021
305 0.8885035338705717 0.789569609239059
304.5 0.8883428742054368 0.78928063592888
304 0.8884004263677195 0.7893860313814102
303.5 0.8877540799889982 0.7882388538675071
303 0.8877878460501931 0.7882984026552154
302.5 0.8876024200954978 0.7879657831068091
302 0.8875713821877776 0.7879118704203801
301.5 0.8873884797916243 0.7875869626734464
301 0.8872810847038761 0.7873951271539704
300.5 0.8871637909625161 0.7871869344274738
300 0.88669758493364 0.786362621421721
299.5 0.8867892439187821 0.7865216524637307
299 0.8864688983678625 0.785956203982925
298.5 0.8866645694858788 0.7863048415016057
298 0.8863324914079539 0.7857150005069149
297.5 0.8860535671731972 0.7852172197250875
297 0.8858789769387199 0.7849172235117975
296.5 0.8857074377830678 0.7846032336820247
296 0.8858972095694144 0.7849463988683375
295.5 0.885842168880442 0.7848422718708626
295 0.8856565755742489 0.784517909242332
294.5 0.8854249577216365 0.7841067043400725
294 0.8852387089263389 0.7837770835088836
293.5 0.8851873842645317 0.7836827683174995
293 0.885101008430287 0.7835335080681325
292.5 0.8850709022137869 0.7834840301699769
292 0.8843973412073999 0.7822905066784432
291.5 0.8845666793658726 0.7825877016459666
291 0.8843724175957925 0.7822445478339328
290.5 0.8838968695691645 0.7814047263941581
290 0.8834686990195985 0.7806450264513803
289.5 0.8836983386580329 0.7810563717420089
289 0.8835217781833646 0.780743465082922
288.5 0.8835180940332081 0.7807355922124811
288 0.8835325758082526 0.7807623994866644
287.5 0.8835645957988285 0.7808192587113578
287 0.8828704453103843 0.7795923923967528
286.5 0.8830906538466966 0.7799836544490217
286 0.8829267956972121 0.7796919416579882
285.5 0.882412763728848 0.7787830771359439
285 0.8824245810945809 0.7788049201298052
284.5 0.8820861603866266 0.7782058968929789
284 0.8818664832266778 0.7778138175629644
283.5 0.8819760319480207 0.778014025993021
283 0.8816347741283386 0.7774101375277607
282.5 0.8812176715625694 0.7766770881380916
282 0.88134276599309 0.7768916347123781
281.5 0.8811138825666455 0.7764926546610174
281 0.8808464714809047 0.7760240389182489
280.5 0.8808130157902443 0.7759608376429803
280 0.8808494074247981 0.776025718952002
279.5 0.8807068069059784 0.7757747312180342
279 0.8805153824045664 0.7754387610980373
278.5 0.8803131138169031 0.7750842271878333
278 0.8801346448729553 0.7747662632364376
277.5 0.8801887992550099 0.77486235646809
277 0.8797196088367922 0.7740394737060652
276.5 0.8794253485146989 0.7735235867221969
276 0.8790449262942726 0.772852787833818
275.5 0.8793840638609374 0.7734501874719245
275 0.8787910817573323 0.7724075867062783
274.5 0.8787780830983726 0.7723858989005767
274 0.8785581294857483 0.7719978599642671
273.5 0.8783036885980112 0.7715501459326999
273 0.8783222513959498 0.771578494780134
272.5 0.8780639462425689 0.7711264085406423
272 0.8779572111355507 0.7709421762398793
271.5 0.8776091165688927 0.7703301460574131
271 0.8775470417527947 0.7702211981061811
270.5 0.8774230710225159 0.7700034006055511
270 0.877214463745112 0.7696329104681491
269.5 0.8774574696324081 0.7700635915155556
269 0.8765650183231611 0.7684969998671184
268.5 0.8763806828469664 0.7681734747609937
268 0.8765990729847405 0.7685584305737511
267.5 0.876506869643993 0.7683993906429862
267 0.8762822298642955 0.7680033283299454
266.5 0.8762297247896381 0.767907051553878
266 0.875828163047124 0.7672065996241817
265.5 0.8756696792783357 0.7669273391471545
265 0.8756112217706313 0.7668290837638365
264.5 0.8752729160786912 0.76623561810985
264 0.8750997496782178 0.7659345133509418
263.5 0.8749844130604998 0.7657255581161313
263 0.8742348035861516 0.7644177743926021
262.5 0.8744882266391498 0.7648596887247998
262 0.8743122215402797 0.7645565006121292
261.5 0.8743096352285541 0.7645468147739374
261 0.873758807616676 0.763587264872698
260.5 0.8737582588354479 0.7635895322655316
260 0.8735495168464456 0.7632221042827544
259.5 0.8733738120064164 0.7629194118746845
259 0.8728772110113814 0.7620478913844526
258.5 0.8727213325690297 0.7617729838128123
258 0.8731543550255942 0.7625289934070568
257.5 0.8719386516400971 0.7604096477745239
257 0.8723974741894449 0.7612129162278636
256.5 0.8724951637343232 0.7613783609363297
256 0.8718736326093725 0.7602921110460303
255.5 0.8717876568055007 0.7601427588813136
255 0.8716606686009171 0.7599262461890525
254.5 0.8712813125428484 0.7592696415344107
254 0.8705936752319774 0.7580623117765191
253.5 0.8708279643785052 0.7584745806585289
253 0.8702674266013751 0.7574997416129772
252.5 0.8703771891121007 0.7576914820090297
252 0.8701131419520655 0.7572276722909631
251.5 0.8702779743864387 0.7575161953543055
251 0.8699445690670374 0.7569389691772573
250.5 0.8696021683506535 0.756340238546629
250 0.8696009169494442 0.7563427708846349
249.5 0.8691841960224086 0.7556109893860422
249 0.868854483588466 0.7550465026802207
248.5 0.8684791079193306 0.7543872032468552
248 0.8685895119046592 0.7545821334533669
247.5 0.8683498849433781 0.7541685574779579
247 0.8678811510177221 0.7533503968938376
246.5 0.8677571462453831 0.753137702511687
246 0.8675484415032099 0.7527743974740012
245.5 0.8674980948732616 0.7526866133374827
245 0.8675189942896474 0.7527241533938275
244.5 0.8668743065678985 0.7516028121193322
244 0.8668231785075968 0.7515156800649231
243.5 0.8667084647048587 0.7513173467658955
243 0.8662891784734614 0.7505888632254444
242.5 0.8660742768223393 0.7502178279493552
242 0.8659730998041303 0.750042885594216
241.5 0.8654702862473571 0.7491701914833526
241 0.8654270650931789 0.7491026553923181
240.5 0.8650747176477032 0.7484868465221344
240 0.8649925847999048 0.7483469174857784
239.5 0.8643966579301612 0.7473146040509724
239 0.8649078534184532 0.7481992765216264
238.5 0.864261313434179 0.7470781642637745
238 0.8640802008591743 0.7467691843722178
237.5 0.8638854747884595 0.7464367633199593
237 0.8634678037619984 0.745712307396999
236.5 0.8637092620374783 0.7461244703381427
236 0.863127272280347 0.7451230701227245
235.5 0.8623814647130486 0.743835693966499
235 0.8626492156542651 0.7442952163890536
234.5 0.8623676846614332 0.7438151277654351
234 0.8621274882903426 0.7433989195996871
233.5 0.8619208867193823 0.7430423978312917
233 0.8612209670213656 0.7418383267208544
232.5 0.8614024150741701 0.7421480095842151
232 0.8615102346622716 0.7423328549209839
231.5 0.8605210240121274 0.7406293379957145
231 0.8604894632576946 0.7405744214414642
230.5 0.8602406951704856 0.7401511022200761
230 0.8597242518332305 0.739260976833846
229.5 0.8598468231752117 0.7394742979242835
229 0.8592220168006076 0.7383958958060394
228.5 0.8592803771293852 0.7384974594004234
228 0.8591370624601917 0.7382510943670816
227.5 0.8585009572660032 0.7371584568295482
227 0.8585169404844659 0.7371857501975769
226.5 0.858075825317874 0.7364290320634428
226 0.8579152498087304 0.7361554437079497
225.5 0.8577516928914989 0.7358734089232581
225 0.8572625954481539 0.7350316565034912
224.5 0.8566659375821205 0.7340173343293213
224 0.8569250963321089 0.7344562228094381
223.5 0.8565195245441629 0.7337611070988022
223 0.8562287626352065 0.7332674360848358
222.5 0.8559824399289958 0.7328404475728229
222 0.8556705763234135 0.7323073636723669
221.5 0.8552560631917066 0.7316008365943073
221 0.8552547208902781 0.7315971398274931
220.5 0.8548979101422896 0.7309846450818237
220 0.8546285865150792 0.7305238558624808
219.5 0.8544427729870839 0.7302085025763186
219 0.8540872904396652 0.7296041623555208
218.5 0.853613572449326 0.7287938079198405
218 0.8529642977352578 0.7276856931007689
217.5 0.8533116857490097 0.7282777691594039
217 0.8528549825114863 0.7275004884252307
216.5 0.8528295452240965 0.7274533990460181
216 0.8526366687421052 0.7271252017463257
215.5 0.8518487110475572 0.7257830947503836
215 0.8523547317901707 0.7266457133877346
214.5 0.8513662800048561 0.7249590080451578
214 0.8510528032319347 0.7244309850408314
213.5 0.8509053004911625 0.7241779078236539
213 0.8505697044337294 0.723605208540168
212.5 0.8504593658064125 0.7234168929581817
212 0.8502022581640198 0.7229770791580806
211.5 0.849740943483677 0.7221962637830183
211 0.8493967096613761 0.7216154969130667
210.5 0.8491820655752401 0.7212461117151963
210 0.8488203990823538 0.7206363444002648
209.5 0.8483991996177807 0.7199167141645273
209 0.8480437580934934 0.719311790055787
208.5 0.8476752291644998 0.7186916224440992
208 0.8474561372544773 0.7183194555185137
207.5 0.8470312257410264 0.7175957802393561
207 0.8466325507437082 0.7169192320828811
206.5 0.8463097544357165 0.7163779118961151
206 0.8461612208977655 0.7161258960671313
205.5 0.8458146879357146 0.7155403198664471
205 0.8458871307905458 0.7156602724716564
204.5 0.8456288175679427 0.7152269764065295
204 0.8446991006321273 0.713653649117788
203.5 0.8445481201321237 0.7133954375377015
203 0.8439680075251014 0.7124219133332085
202.5 0.843993908071834 0.7124669713436446
202 0.8435858982990976 0.7117756144883531
201.5 0.8430568988065926 0.7108850723735542
201 0.8427477114919198 0.7103609651476749
200.5 0.8427023724480497 0.7102868201104142
200 0.842227751882525 0.7094796777797642
199.5 0.8417434977930109 0.7086720844430787
199 0.8415515406176657 0.7083487152020419
198.5 0.840909001552173 0.7072699863199906
198 0.840592079611687 0.7067326067003852
197.5 0.8406599228924082 0.7068446164436514
197 0.8400176239849865 0.7057695622689222
196.5 0.8396442108411887 0.7051428009357206
196 0.8393985128040629 0.7047303373653687
195.5 0.8391538621720327 0.704310792404321
195 0.8388516442943255 0.703808712242951
194.5 0.8383708971856272 0.7030059202546076
194 0.8376853648888019 0.7018577962269971
193.5 0.8372611995830824 0.7011446448906455
193 0.837100314203656 0.7008787068376215
192.5 0.8367805517331126 0.700334228683527
192 0.8365351636917995 0.6999331981427945
191.5 0.8360302583178735 0.699082584390254
191 0.835708730107403 0.6985422773021288
190.5 0.8353775759518888 0.6979947017546393
190 0.835184645552856 0.6976690447507291
189.5 0.8345458067895046 0.6966063389357483
189 0.8341518815777756 0.69594339534713
188.5 0.834132778182063 0.6959120621763915
188 0.8330348444595844 0.6940816852078865
187.5 0.8329464667189026 0.6939361299248165
187 0.8324420463668121 0.693099795744112
186.5 0.8326921921872038 0.6935131292237087
186 0.832045891136382 0.6924394171714308
185.5 0.8314127107764947 0.691386663427609
185 0.8304717001080234 0.6898262504331163
184.5 0.8306319497484406 0.6900854076718614
184 0.8304274577649655 0.6897476198041625
183.5 0.8296741690545029 0.6885000933053683
183 0.8292922466001851 0.6878649269163013
182.5 0.8286068027221659 0.6867278089992798
182 0.828662300597586 0.6868206888227476
181.5 0.828250944023042 0.6861385642175126
181 0.8275476075932473 0.6849772856194734
180.5 0.827157691477306 0.6843289346032791
180 0.8264896696061695 0.6832216594074892
179.5 0.8266977204363478 0.6835666436047811
179 0.8257005160363063 0.6819164569599564
178.5 0.8251405244380294 0.6809944751756303
178 0.824928278720249 0.6806461604118744
177.5 0.8245909715480376 0.6800916655631195
177 0.8245170549970446 0.6799664365184733
176.5 0.8238808226455445 0.6789144850342752
176 0.8240202075312818 0.6791480858334887
175.5 0.8225511278460141 0.676727823848312
175 0.8221900163510482 0.6761321773190476
174.5 0.8219246252588648 0.6756997378862127
174 0.8217445905538391 0.6754047241438805
173.5 0.8209831247948851 0.6741558118296245
173 0.8208335373637553 0.6739104530618291
172.5 0.8202637697785446 0.6729680616598672
172 0.8195037999295054 0.6717285647106694
171.5 0.8192103760221056 0.6712446888089539
171 0.819262501563583 0.6713318073552884
170.5 0.8183388669723702 0.6698175721799504
170 0.8178563033753388 0.6690296249079216
169.5 0.8173361227801408 0.6681847904696898
169 0.8172080490419839 0.667962097779628
168.5 0.8162154439892285 0.6663445191036182
168 0.8157381184584239 0.6655647302069018
167.5 0.8152889300868779 0.6648396965914226
167 0.8146539169929682 0.6637951319501049
166.5 0.8141980488088244 0.663057526549243
166 0.8133703048536185 0.6617102297930285
165.5 0.8136651272813228 0.6621921047292917
165 0.8122320976854235 0.6598615406623688
164.5 0.8124352662396591 0.6601935095148029
164 0.8114230537102282 0.6585466124745291
163.5 0.8113007305495794 0.6583509868765678
163 0.8107117345651496 0.657391887386574
162.5 0.8101430782773477 0.6564723274291127
162 0.8097891504572007 0.6559002210556759
161.5 0.8086627155619965 0.654078348969556
161 0.8086852869625824 0.654109793581503
160.5 0.8080197555872346 0.6530360214346461
160 0.8076283931325302 0.6524030723136918
159.5 0.8069245242207008 0.6512712317913627
159 0.8059298309451765 0.6496662184071159
158.5 0.8056704340351784 0.6492407690636867
158 0.8050885131085136 0.6483063651171221
157.5 0.8049285943154577 0.648052661650429
157 0.8038247695500614 0.6462689846918409
156.5 0.8025571117794676 0.6442401648843209
156 0.8028180385115442 0.6446606356042894
155.5 0.8023913377078434 0.6439802559366136
155 0.8015198620418322 0.6425797223539218
154.5 0.8009514515333872 0.6416687059381877
154 0.8001772840909018 0.6404215204418438
153.5 0.8007942553833868 0.641416670845709
153 0.7993444260484341 0.6390917407445903
152.5 0.7990928238955437 0.638688769945099
152 0.797826291635043 0.6366653583657027
151.5 0.7973554209721905 0.6359157349678201
151 0.796701013725605 0.6348742348078665
150.5 0.7961196320422145 0.6339545098513851
150 0.7957666376556521 0.6333801246213163
149.5 0.7945758683014638 0.6314932661694008
149 0.7941777756601044 0.6308593525882709
148.5 0.793875652497844 0.630384268650827
148 0.7928124800450191 0.6286898319185709
147.5 0.7918468149136724 0.6271655524785082
147 0.7913881484615732 0.6264348656479702
146.5 0.7910240890844727 0.6258571265694137
146 0.7902619082568866 0.6246507533392572
145.5 0.7895640429135655 0.6235533472939893
145 0.7885842630934445 0.6220048457352344
144.5 0.7879923214147 0.6210703499656983
144 0.7878630219473729 0.6208724114848688
143.5 0.7872186183808209 0.6198606533492091
143 0.7870773599669558 0.6196289382251096
142.5 0.7859314667618225 0.6178353774181291
142 0.7849352216486251 0.6162662715587502
141.5 0.7845006553748867 0.6155821730937241
141 0.7832871169742766 0.6136836946821449
140.5 0.7826935498231563 0.6127576814199269
140 0.7823660473929727 0.6122422533827739
139.5 0.7817585905711358 0.6112881814030929
139 0.7803873292044178 0.6091493714534693
138.5 0.780024442117192 0.6085741583312131
138 0.7793063398673095 0.6074576860947027
137.5 0.778525884380718 0.6062431154091804
137 0.7779178764808193 0.6052988295712931
136.5 0.7770876044897921 0.6040035808226025
136 0.7757519619330283 0.6019305494224286
135.5 0.7755393113166539 0.6016053345145882
135 0.7747807340591747 0.6004270604182098
134.5 0.7738415958249067 0.5989790726703077
134 0.7731547888771253 0.5979069125966784
133.5 0.7721744440251017 0.596393919172228
133 0.7712178384192481 0.5949200849653666
132.5 0.7705816761390598 0.5939348441623923
132 0.7700292972551179 0.5930863293899216
131.5 0.7690058542001637 0.591511613380704
131 0.7680303065063846 0.5900090812158545
130.5 0.7674112839564128 0.5890587451243827
130 0.7664568631608714 0.5875931381659679
129.5 0.7656561248424445 0.5863657286968562
129 0.7647069329663542 0.5849154757034569
128.5 0.7637714475236986 0.5834886092314207
128 0.762904235985639 0.5821614249028407
127.5 0.7623263111705118 0.5812793019247736
127 0.7608861862168482 0.5790897191035543
126.5 0.7607857789308087 0.5789318267765367
126 0.7603442746562776 0.5782642489011174
125.5 0.7583723251115673 0.5752672484680846
125 0.7576673272107538 0.5742022170266146
124.5 0.7571584641050306 0.5734321076347276
124 0.7559773514154381 0.5716393161985807
123.5 0.7547385117724115 0.5697689669871753
123 0.753800512895549 0.568354370373434
122.5 0.7530575496551821 0.5672357994427721
122 0.752615327043981 0.5665716647241336
121.5 0.7513438581420443 0.5646637117059684
121 0.7506941611407567 0.5636757856839724
120.5 0.749349982219924 0.5616723008629785
120 0.7485873074356356 0.5605186368723767
119.5 0.7470803028362207 0.5582732364604818
119 0.7462155218424317 0.5569762066308349
118.5 0.7451176357779637 0.5553476443475294
118 0.7446237241950051 0.5545972699885505
117.5 0.7433659531909581 0.5527293261481185
117 0.7424003280153095 0.5512938469729796
116.5 0.7410446342762198 0.5492916261331102
116 0.7404329726597855 0.5483865504305035
115.5 0.7399793181593965 0.5477092173448098
115 0.7380650700186504 0.5448800128655599
114.5 0.7371587763832066 0.5435337829755008
114 0.736084910671526 0.5419570962287481
113.5 0.7353042888317709 0.540808207974616
113 0.7331830394349668 0.5377064303585253
112.5 0.7329855507918647 0.5374069834705131
112 0.7320334115517361 0.5360050412202993
111.5 0.7310011872807259 0.5344986610349614
111 0.7296889775587154 0.532584754141503
110.5 0.7285566080324356 0.5309291478792669
110 0.7274082967119192 0.5292513887116399
109.5 0.7265667028601119 0.5280425495025066
109 0.7250065808254574 0.5257742235235174
108.5 0.7238076088543401 0.5240334416429199
108 0.7229411182497478 0.5227813990254018
107.5 0.7216475546154687 0.5209114800424883
107 0.7203625003806339 0.5190634848163669
106.5 0.7194127977645585 0.5176996185790899
106 0.7180985224716454 0.5158042574133285
105.5 0.7162746206030225 0.5131831211430545
105 0.7155655683906879 0.5121659685839396
104.5 0.7131062281570619 0.5086638824729933
104 0.7130632490787118 0.5086005282156827
103.5 0.7116834660895461 0.5066297907469794
103 0.7105193017341099 0.5049702369035655
102.5 0.7084086040616295 0.5019698121531565
102 0.7079468422857118 0.5013221298341229
101.5 0.7061045488571773 0.4987177797900619
101 0.7050972028823581 0.4972966911384379
100.5 0.7033027061641007 0.4947657907107901
100 0.7014090526957975 0.49210315976203733
99.5 0.7003560012140114 0.49063072352591675
99 0.6991732435914864 0.48897883620973126
98.5 0.6990587623654628 0.48881468472883005
98 0.6962027900880906 0.4848414776558903
97.5 0.694987306742366 0.48313635874295935
97 0.6936754320888785 0.4813206611984761
96.5 0.6923408724284834 0.47946241546467266
96 0.6909872981462736 0.4775940608832439
95.5 0.6890189946007822 0.4748837836466967
95 0.6889956000997206 0.47484295400813376
94.5 0.6867757835376642 0.47179682270338835
94 0.6848686641703909 0.4691730326819215
93.5 0.6840993045060584 0.46813194701843297
93 0.6831500239935144 0.46681613559960095
92.5 0.6798334051579499 0.4623065607260318
92 0.6791172312563367 0.4613290104562343
91.5 0.6766881144404286 0.4580369656005803
91 0.6768550631877701 0.458270105683995
90.5 0.6744108459669309 0.45495501601807453
90 0.6736358960383138 0.45391375967179265
89.5 0.6709386742529565 0.4502830918457258
89 0.669407494320921 0.4482271825238623
88.5 0.6680361535703868 0.4463952608289214
88 0.6664671041498049 0.4443060841613335
87.5 0.664186102050849 0.4412712480680349
87 0.663127653927747 0.43986177722747377
86.5 0.661801253865023 0.43811343215194826
86 0.6595038048084623 0.43507192920250837
85.5 0.6592092302808679 0.4346805986308151
85 0.6565796655150824 0.43121928545755955
84.5 0.6534925089190333 0.4271722379204667
84 0.6524803034636887 0.42585425519180375
83.5 0.6506802274383287 0.42350179594323495
83 0.6490924414685713 0.4214421893645269
82.5 0.6473626301771839 0.4192052234019836
82 0.6450284849428682 0.4161873459398992
81.5 0.6428123185768507 0.4133287736474269
81 0.6417041624458382 0.4119125946317312
80.5 0.6398118859870611 0.4094782425745932
80 0.6381237178536063 0.407318114208511
79.5 0.6359859972597871 0.40459670680013077
79 0.6338430396602716 0.40187532321620695
78.5 0.6321304100598285 0.3997023732095749
78 0.6315990067853322 0.3990293845101039
77.5 0.6281829100639645 0.3947314533618203
77 0.6255863863162395 0.39147442671390115
76.5 0.6242089233167667 0.3897491070376375
76 0.6234598135781595 0.3888146704974327
75.5 0.6207076334701989 0.38539195519453673
75 0.6189155813659969 0.3831697156915865
74.5 0.6160541253265341 0.3796294713519441
74 0.6141296989016135 0.3772683822524608
73.5 0.6117435772467155 0.37434398908962835
73 0.6095091441214794 0.37161544607752506
72.5 0.6078295053818593 0.36957383508435404
72 0.6057459602823061 0.3670352851931352
71.5 0.6038949926350803 0.3648055418249036
71 0.6025733175208374 0.3632043115230751
70.5 0.6003246611262543 0.36050941072147674
70 0.5973373113804342 0.3569135479118444
69.5 0.593614362041657 0.3524865084837414
69 0.5922817798048273 0.3508912466040419
68.5 0.5923659997255386 0.35099266121585365
68 0.586959275699177 0.34462834039199886
67.5 0.5855762737457639 0.34300586735726185
67 0.5854744204338468 0.3428875572284501
66.5 0.582009441828349 0.3388349005036106
66 0.580272749153542 0.33681602263543015
65.5 0.5763724849229572 0.3323056278690567
65 0.5748942403810833 0.33060298799272614
64.5 0.5727029462905752 0.3280834841902381
64 0.569814155612199 0.32478084212284714
63.5 0.5674923612799015 0.3221406718219489
63 0.5658568542199683 0.3202898268871141
62.5 0.5637880925395558 0.31794668455219627
62 0.5602616637567165 0.31398113778960635
61.5 0.5579479530066769 0.3113942390038148
61 0.5561825541214276 0.3094408213591268
60.5 0.5533273508520289 0.3062623268457557
60 0.551319859505492 0.3040397910665126
59.5 0.5482495245565836 0.3006694178468599
59 0.5468687831775443 0.29914537432243216
58.5 0.5441884714668915 0.29621892337605504
58 0.5416416980502741 0.29346235667011317
57.5 0.53911453809488 0.29072475186202756
57 0.5356928142300116 0.2870505836161745
56.5 0.5333083206329716 0.28450332798606126
56 0.5308495283043847 0.2818960484936612
55.5 0.5289137582647654 0.27983785363007685
55 0.5261353696811267 0.2768913520588342
54.5 0.5246289183743659 0.2753197403847927
54 0.5204125735800512 0.27090075358884497
53.5 0.5183437204043211 0.2687497372159085
53 0.5149735411531403 0.26526315194635
52.5 0.5134054044226845 0.26364723736794415
52 0.5092714394891165 0.25943512020217385
51.5 0.50825002711749 0.2583886697593113
51 0.5049541132112159 0.2550393201365881
50.5 0.5023130338430637 0.25239055514031494
50 0.5002621366616429 0.2503321616435192
49.5 0.49757797865009 0.2476529315754116
49 0.4961402726969721 0.2462182514084516
48.5 0.49120648909469866 0.24135044593044003
48 0.49076386063406285 0.2409069393174152
47.5 0.4877449615697268 0.23796808583217105
47 0.483596883169554 0.23392229728161507
46.5 0.4817672662989751 0.23214716051520976
46 0.4791181609192987 0.22961050679116507
45.5 0.4768980175541696 0.22749686806483277
45 0.473085406364149 0.22386878457294132
44.5 0.47039512387108523 0.2213172183284452
44 0.47000186916495035 0.22094772066435148
43.5 0.46410682793483793 0.2154511790886592
43 0.4636352400708548 0.21501165169719344
42.5 0.46166270283549243 0.2131746696194736
42 0.45894661871247244 0.21067173060458233
41.5 0.45584958649202717 0.2078449392815483
41 0.4536911110265973 0.2058833722426001
40.5 0.45012646462771533 0.2026526939784203
40 0.4475532103629997 0.20033782611102988
39.5 0.44561299724773495 0.19861301412277074
39 0.4424843936207076 0.19582794076970747
38.5 0.43918747393768337 0.19292361882508136
38 0.437430943653822 0.19138863353174493
37.5 0.43474835846894144 0.1890366275260816
37 0.4304073976175956 0.18528267433736154
36.5 0.42985716395740975 0.18480793957460423
36 0.4291074700882012 0.18416207088743453
35.5 0.4254994910368776 0.18107775276048618
35 0.4232068950770415 0.17913443546574187
34.5 0.42079039431240345 0.17708908928223294
34 0.41801366398146783 0.17476268642809398
33.5 0.4155058601961005 0.17266883156267435
33 0.4136258890980605 0.171109826925315
32.5 0.41171149692526143 0.16952778409485242
32 0.4089139127975667 0.16722751428300714
31.5 0.40563206552773523 0.16456037450045086
31 0.40389453949206316 0.16315862561313316
30.5 0.4025071720206496 0.16202685335344535
30 0.4007978418241639 0.1606575516649157
29.5 0.39762329766583454 0.1581258390153645
29 0.3932012250913842 0.15462191551847546
28.5 0.39289564411105843 0.15438865477055538
28 0.38992766166679155 0.1520574482706655
27.5 0.390339048054686 0.15237884877169122
27 0.38717084380000577 0.14991321267819532
26.5 0.38567800074962283 0.14875745722252062
26 0.3818685715709196 0.1458364105557744
25.5 0.38114628397295924 0.14528530415413043
25 0.379552371317381 0.14406820399432324
24.5 0.37647793456606554 0.14174198710691102
24 0.37619861417061184 0.14153321349162537
23.5 0.3713459879758858 0.1379051831500871
23 0.3727325998055379 0.13893479658109542
22.5 0.3721143992045251 0.13847867321223745
22 0.3713764145132908 0.13792411730401316
21.5 0.3693808345394942 0.1364528788120526
21 0.3678617967222464 0.13532537299405542
20.5 0.3652310908677299 0.13339966374548864
20 0.3632447811564797 0.13195254589510919
19.5 0.36128856383268737 0.13053240370620714
19 0.3585288396966111 0.12854558071738575
18.5 0.35989880896348375 0.12953032864083983
18 0.3590353198780221 0.12890923306424856
17.5 0.3587352302398327 0.1286935112670195
17 0.3569918843578319 0.12744443232057542
16.5 0.3553752595007375 0.12629393114465234
16 0.35492178228705984 0.12597087314109942
15.5 0.3533296798699218 0.12484364187926836
15 0.35276388351098575 0.1244442328361815
14.5 0.35145704846455517 0.12352307069909185
14 0.35040529998032577 0.1227854859804569
13.5 0.3501454557736593 0.12260276334728651
13 0.35039951090977167 0.12278065973690051
12.5 0.3480949544895117 0.12117071005611085
12 0.3464084330615363 0.11999914762417434
11.5 0.3464929091371881 0.12005750363440716
11 0.3468991450291167 0.1203392360344894
10.5 0.34614193236447865 0.11981467009892775
10 0.34548822574247207 0.11936230784528147
9.5 0.3451082522785102 0.11909981748423881
9 0.3453110888306856 0.11923983010106859
8.5 0.34483315830828715 0.11890999041220279
8 0.3448413616214599 0.11891566571879604
7.5 0.3446796545085263 0.11880412247907413
7 0.3443554149944491 0.11858067056784238
6.5 0.3442195605793978 0.11848713940620134
6 0.3441981013698429 0.11847235152506114
5.5 0.3441540300955475 0.11844200934201136
5 0.34405756453204206 0.11837562013731312
4.5 0.34401974961578957 0.1183495920482414
4 0.34407009090679586 0.11838423291230164
3.5 0.34410381657347905 0.11840743768008377
3 0.34413163429898597 0.118426582669716
2.5 0.3441354400283115 0.1184292016391123
2 0.34413288786532314 0.11842744468781592
1.5 0.34412016891118924 0.11841869076140142
1 0.34411575748269546 0.11841565460148992
0.5 0.34411040776539087 0.11841197273680926
