1000 0.49791770850030187 0.24804703577141574
999.5 0.4978648791442307 0.247993809935278
999 0.49794762977934365 0.24807622787557837
998.5 0.49768711841990887 0.24781662006149285
998 0.49784710148692723 0.24797951780904962
997.5 0.4977973000519468 0.2479267243951667
997 0.49774764306802644 0.2478753681542297
996.5 0.4979192148356876 0.2480488307568013
996 0.49784745079323806 0.2479757841203832
995.5 0.4976578413515028 0.2477889544451259
995 0.49763391648496613 0.24776324395454355
994.5 0.4976935004454042 0.2478259427065362
994 0.4980109467480326 0.24813700506554914
993.5 0.4977230786961162 0.2478534298017228
993 0.49764425454881644 0.247775549465884
992.5 0.4978699870606116 0.24799820886623894
992 0.4979363217723509 0.2480655057230637
991.5 0.49785198997542074 0.24798270307011758
991 0.49750075364510205 0.2476327787808477
990.5 0.49791717463064467 0.24804639962860633
990 0.4974811815675964 0.2476122114217283
989.5 0.4979306829301883 0.2480557855263639
989 0.4975794394046623 0.24771360261119718
988.5 0.49754877168508654 0.24767934686892296
988 0.4978132537096389 0.2479456915764233
987.5 0.49774874321284546 0.24787386438552225
987 0.49750920267384996 0.24763764798070712
986.5 0.4974106873519597 0.2475428647983261
986 0.49763673327059615 0.24776882259491476
985.5 0.49742342324933764 0.2475486906084896
985 0.4972096099671525 0.24734248195853073
984.5 0.49745759409475476 0.24758728617305437
984 0.4975575673545449 0.2476868057275078
983.5 0.4975530551717653 0.24768219343823988
983 0.4976158971627617 0.24774543341196245
982.5 0.4975795387067152 0.24770767358619739
982 0.4975059875456916 0.2476336924915553
981.5 0.49755469574779065 0.24768492896216018
981 0.49740395355216654 0.24753414384875452
980.5 0.4975528239516663 0.24768252107394706
980 0.49732654447701796 0.24745799895877182
979.5 0.4974831824223106 0.24761430324559325
979 0.4975172485324432 0.2476467981970484
978.5 0.4971512327596899 0.24728301283924145
978 0.49727895935579547 0.2474073363981254
977.5 0.4974119596711163 0.24754318688979132
977 0.497195588983675 0.2473283040734351
976.5 0.49722826326777053 0.2473616576861832
976 0.4973587084974714 0.24749181576636173
975.5 0.4973300690604139 0.2474604895291649
975 0.49728529703519564 0.24741728483642014
974.5 0.49718739837341774 0.24732010478484023
974 0.49727004088512844 0.24740154658826008
973.5 0.4972596048352219 0.2473901453508024
973 0.4971971858414855 0.2473276933961668
972.5 0.49724378649391543 0.2473761153868162
972 0.4973508454413285 0.24748145664824556
971.5 0.49705880367965644 0.247193611008154
971 0.4972555574988248 0.24738543002476532
970.5 0.4970968376594132 0.2472282213815368
970 0.49731262888415223 0.24744597331059215
969.5 0.49702031968551097 0.2471557244406118
969 0.4970372956536139 0.24717406239307246
968.5 0.49738578619249696 0.24751817078572902
968 0.49711516331784955 0.2472469314430961
967.5 0.49696051725083007 0.24709600716150812
967 0.4971353264901714 0.24726947941743746
966.5 0.49707502294654954 0.24720674124970946
966 0.49693130286068005 0.24706631829824563
965.5 0.4971126358647175 0.24724300557408954
965 0.49700360009748795 0.24713440216708676
964.5 0.4969959867357563 0.2471262563274228
964 0.4971555992866592 0.2472889053173786
963.5 0.4971067750079722 0.2472406205377255
963 0.49700648970330225 0.24714222551983306
962.5 0.49679763243550423 0.24693433678139826
962 0.4966886487420468 0.2468252842128635
961.5 0.49715258498823917 0.2472872087909315
961 0.4968650795998149 0.24700104857646096
960.5 0.49677452869576294 0.24690911973402882
960 0.4968975636503402 0.2470346320647253
959.5 0.4966731092779686 0.24680681860309414
959 0.49705232071304273 0.24718323767221217
958.5 0.496908383247334 0.2470411438567898
958 0.49671755707855203 0.24685091819591878
957.5 0.4968436710960244 0.2469788468719869
957 0.4970531984759297 0.24718623879950802
956.5 0.49683893890923203 0.24697540949829003
956 0.4967682570897686 0.24690463549469638
955.5 0.4968461581430117 0.2469807443630984
955 0.4966853217641577 0.24682050383056317
954.5 0.49670839550418855 0.2468460790648782
954 0.4965970214831813 0.2467319399960168
953.5 0.49674065418395164 0.24687457168858423
953 0.4967949642621484 0.2469280612256702
952.5 0.49676340771396743 0.246901375825964
952 0.4966861333441479 0.24682357129731583
951.5 0.4966915537449894 0.246824784692933
951 0.49671653582416636 0.24685195875189186
950.5 0.4966061590238588 0.24674470186024516
950 0.49633647424236493 0.2464739142220392
949.5 0.4968112466944348 0.2469442444862361
949 0.49660794397192437 0.24674344662741163
948.5 0.4966504281764666 0.24678605838305817
948 0.4965807322200701 0.24671311694399403
947.5 0.496514503220579 0.24665156733464902
947 0.4964447767601642 0.24658541267275444
946.5 0.49664191702715094 0.2467771268557473
946 0.49635760741978496 0.2464963034254268
945.5 0.4967331918770221 0.24687005604063778
945 0.4964127389776001 0.24655290004965508
944.5 0.49657659136446375 0.24671656364720357
944 0.49648965374718734 0.2466243111533346
943.5 0.4965035823243208 0.24663713989798824
943 0.49641259101864604 0.2465502683031514
942.5 0.49667567980967015 0.24680858528363345
942 0.4962177919718675 0.2463549093127288
941.5 0.4965316175676588 0.24666756175806
941 0.4963967900370418 0.24653588992564043
940.5 0.49637841699043844 0.24651499163389445
940 0.4961610366421031 0.24630158217484058
939.5 0.4962019332992578 0.24634413926132348
939 0.4962242234081611 0.24636277855637778
938.5 0.49629567448959033 0.24643185116699212
938 0.49633506819567585 0.24647555538636376
937.5 0.4963056942617893 0.24644261554378555
937 0.4960672574049408 0.24620781754261367
936.5 0.4963702898653656 0.24650921407071355
936 0.4960743247369808 0.24621342634791896
935.5 0.49614622093242705 0.2462842059235009
935 0.49639170024865664 0.2465250972821518
934.5 0.4961265813731288 0.24626924506319742
934 0.4961328025539292 0.24627260975775989
933.5 0.4960692128993399 0.24620948918366298
933 0.4960862710785153 0.2462246099403787
932.5 0.4959571316287522 0.24609465019506055
932 0.496356223557468 0.24649550498710363
931.5 0.4960768485583117 0.24621830542100082
931 0.4962070454867788 0.24634730153345355
930.5 0.4960714098897179 0.24621410067332525
930 0.4959852508094948 0.24612464459431735
929.5 0.4961753245248332 0.24631402054791415
929 0.49618763172263597 0.24632754318186706
928.5 0.4962988791170334 0.24643750634795641
928 0.4959315404369585 0.24607069217093575
927.5 0.4958489853025839 0.24599265843448206
927 0.49568225715787184 0.24582898212706894
926.5 0.49602494430699173 0.24616696081415085
926 0.49589721354588173 0.24603919218814524
925.5 0.49591962268748546 0.2460613470108427
925 0.4958539684675905 0.2459957935728858
924.5 0.49575518540935076 0.24589898039037367
924 0.49595514576603167 0.2460952352373385
923.5 0.4958042256204845 0.24594633035308655
923 0.49574898314160576 0.24589405829155028
922.5 0.49605043620657724 0.24619140779003035
922 0.49592424939453505 0.24606402781349349
921.5 0.4957971134464508 0.24594242637859778
921 0.4961005343170811 0.24623847533865725
920.5 0.4956444054824959 0.24578984741267632
920 0.4957433070085936 0.24588713771958529
919.5 0.4958373592383686 0.24597682717077995
919 0.49583471207474705 0.24597927474853534
918.5 0.4958383724059653 0.24598507724255095
918 0.4958107090027944 0.24595381411265618
917.5 0.49574789331951385 0.24589122561185398
917 0.4956677044305229 0.24580899148087598
916.5 0.4957933960550361 0.24593636046332232
916 0.4953337297426067 0.24547958480811355
915.5 0.49569527057014084 0.24583983493141054
915 0.49557848203647564 0.24572170905526508
914.5 0.4955283177606297 0.24567050383034136
914 0.49536627237145414 0.2455135793153626
913.5 0.49532296896664085 0.2454697713289748
913 0.49571716010040673 0.24585976686267616
912.5 0.4954481413498221 0.24559212071361977
912 0.49563545895180233 0.24577993539668136
911.5 0.4955727953961979 0.24571647368103788
911 0.49566148521724895 0.24580413662521644
910.5 0.49543897346312343 0.24558797015732556
910 0.49547851061879306 0.24562258012082913
909.5 0.4952924396041634 0.24544135230579575
909 0.4954703737581142 0.24561354861973225
908.5 0.4956906256859 0.24583505915393564
908 0.49547518317147476 0.24562410160336665
907.5 0.49562648079733296 0.24577093034905015
907 0.4952138158146929 0.24536080613527883
906.5 0.4954679345444467 0.2456151725555608
906 0.4953363237410274 0.2454847207987052
905.5 0.49530949765135573 0.2454568879849822
905 0.49512576040255896 0.24527498082655405
904.5 0.4953167088847819 0.24546246507787753
904 0.4954574157061096 0.24560358704253277
903.5 0.4952596678194921 0.24540646283748582
903 0.49512039854300777 0.24526818131793052
902.5 0.49545238989432355 0.24559810101453192
902 0.4952185210742796 0.24536694514734558
901.5 0.4950349390364304 0.24518445508418024
901 0.4951546776842669 0.2453068245884382
900.5 0.4953302514005828 0.24547584384348364
900 0.4949013870484695 0.24505325613136122
899.5 0.4950807633909386 0.24522868795637742
899 0.49518008567752325 0.24532772063179817
898.5 0.4949885134334408 0.24513961838203863
898 0.4952272249416349 0.24537851701900731
897.5 0.49498183373437005 0.24513428932987988
897 0.49507787445425666 0.2452284285079316
896.5 0.49501431186179207 0.2451645849575238
896 0.4949251582844616 0.24507570557143363
895.5 0.4949116008392692 0.24506219795521483
895 0.49492703183913417 0.24507610861652984
894.5 0.49481909911588434 0.2449716192232743
894 0.4949791681049311 0.24512616243253324
893.5 0.49483620356825714 0.24498799736763974
893 0.4948624500676942 0.24501279026628012
892.5 0.4949441997946484 0.24509334369712388
892 0.4949715342419176 0.24512387391639348
891.5 0.49499324816207074 0.24513960175663832
891 0.4948678123305041 0.24501832646761937
890.5 0.4946959604270605 0.24484854788101348
890 0.494994852654583 0.24514049153110448
889.5 0.49507587911095896 0.2452234752617626
889 0.4949004061610265 0.24505023153425634
888.5 0.4947112541310712 0.24486468664923094
888 0.4945721799035485 0.2447234167375961
887.5 0.49464799168257295 0.24480270312810007
887 0.49466939532561716 0.2448202070437044
886.5 0.4947608765461965 0.24491574752475
886 0.49457965535444776 0.24473637276953586
885.5 0.49479913696022076 0.24495072034730853
885 0.4947947219248076 0.24495005519097665
884.5 0.4947874065800951 0.24493986464345044
884 0.494423472888504 0.2445811222212173
883.5 0.49486220974532436 0.2450157300458837
883 0.49469377662029135 0.24484962371489372
882.5 0.4943489307623025 0.24450583965913356
882 0.49451502819383664 0.2446698140855834
881.5 0.49449529128698383 0.24465152535204757
881 0.4946073449400904 0.2447609471533395
880.5 0.49455289186063883 0.24470454918249215
880 0.4943142382631729 0.2444730432354964
879.5 0.49449999467407674 0.24465737223283465
879 0.4943027671220824 0.24445867458812817
878.5 0.49456415916810664 0.24472289351185944
878 0.494481484356519 0.24463994766279112
877.5 0.4945143539172206 0.24467026438328793
877 0.49452511832822327 0.2446785540814092
876.5 0.49438984025163935 0.24454333204948894
876 0.4943765181564548 0.2445353814497316
875.5 0.4941938120834311 0.24435394402256633
875 0.49426992566149863 0.24442636134556694
874.5 0.49441738329454116 0.24457410582176317
874 0.49444294589455795 0.24459790189594385
873.5 0.49448381040237327 0.24464001261476098
873 0.4944958905918045 0.24464960901009603
872.5 0.49439546619999314 0.24454950899357827
872 0.4943926642032156 0.24454823610430676
871.5 0.49421349958640876 0.24437256286883427
871 0.4941920593648855 0.24435208207969253
870.5 0.4941285004380045 0.24428937261073722
870 0.49419356718622004 0.24435310732282425
869.5 0.49402755012558497 0.24418972072142778
869 0.4942123811662608 0.24437015604353898
868.5 0.4941995180091669 0.2443562162284393
868 0.49431575419605783 0.2444735906923317
867.5 0.4940453772305489 0.24420576957721968
867 0.4942095570285497 0.24436956317290578
866.5 0.4943046305733964 0.24446254020001418
866 0.49439025695263483 0.24454179238749696
865.5 0.4940943500390989 0.24425436692759434
865 0.4939670935546246 0.24413093383615778
864.5 0.49404885133437476 0.24420951582877246
864 0.4939847355271644 0.24414373821262905
863.5 0.4939497390172474 0.24411121529800345
863 0.49376521408921953 0.24392907152107254
862.5 0.4939418666116252 0.24410405370790417
862 0.4938580052142352 0.24401967564665597
861.5 0.493944677004687 0.24410783894893723
861 0.4937996974474884 0.2439636333893766
860.5 0.49383326525976157 0.24399415772215513
860 0.49401456957768425 0.24417556483008648
859.5 0.49383877768300194 0.2440009595083862
859 0.49391774757955553 0.24407438721310695
858.5 0.4937526287644507 0.243913787163436
858 0.4938768389934463 0.24403979688675895
857.5 0.49367906177080256 0.24384490048363727
857 0.4937871727695046 0.24395021143135692
856.5 0.4937482124451322 0.24391281646927387
856 0.4936684901654263 0.24383785029060878
855.5 0.4937488281061971 0.24391188728537505
855 0.4938536800027888 0.24401528859383073
854.5 0.49344506054468035 0.24361249414538097
854 0.4936496665820514 0.24381482272631355
853.5 0.4935471007848727 0.2437158058148757
853 0.49360474069307775 0.2437700397369032
852.5 0.4935635000453734 0.24372965737306196
852 0.4935596710793744 0.243727358526263
851.5 0.4937954803816109 0.243958147048982
851 0.49353166712680563 0.24369681563381945
850.5 0.4934893251595791 0.2436533650578494
850 0.49368506880517954 0.243849683497113
849.5 0.49356625015469974 0.2437312488773158
849 0.49348513733407867 0.24365254923145768
848.5 0.49314730564330084 0.24331983480534233
848 0.4932680985124789 0.2434385808275306
847.5 0.493334901274492 0.24350133182873285
847 0.49307615502967594 0.24324889778681721
846.5 0.4931991667586454 0.24337251783112812
846 0.4934259142475832 0.2435940770978652
845.5 0.49347833835420235 0.24364580059210708
845 0.4931407697673053 0.24331472636519672
844.5 0.49347076246351795 0.2436391133293584
844 0.49346522966943024 0.24363386083364696
843.5 0.4930994311879049 0.24327059506340107
843 0.49313630529954733 0.2433129027344304
842.5 0.4932434568202635 0.2434164039778013
842 0.4931774185678768 0.24334732678160367
841.5 0.49341615394215754 0.24358294124491636
841 0.4933745953087734 0.24354178373407193
840.5 0.4930321927165535 0.24320733729479785
840 0.4931450430508998 0.24331911510553253
839.5 0.4934256971494919 0.24359057056078462
839 0.4929352779024415 0.24311205636588717
838.5 0.49326216674019724 0.24343390758930258
838 0.4931737664860958 0.24334507125057542
837.5 0.4927899052572503 0.24296719895918648
837 0.49304942738568336 0.2432233063788296
836.5 0.4930590891574759 0.24323174412559576
836 0.492959246133744 0.24313275222326097
835.5 0.49301467833420615 0.24318739408538406
835 0.4931054916730572 0.2432806197163529
834.5 0.4930156961790993 0.2431898694604982
834 0.4929744615500188 0.2431469691218871
833.5 0.4929822907205467 0.24315605102663856
833 0.49299214524957713 0.24316477833128078
832.5 0.4930206706260234 0.24319461243186638
832 0.4928337647810313 0.24300989283148652
831.5 0.4928612413241969 0.24303681143504344
831 0.4927726483901646 0.24294878030380657
830.5 0.4929130849755409 0.24308717119507503
830 0.4926664697195573 0.24284377670753302
829.5 0.49301950102356396 0.24319299428481728
829 0.49298674911557394 0.24315484603507023
828.5 0.4927754438214771 0.24295221686027446
828 0.4926854320244412 0.2428667464600376
827.5 0.49279381075910367 0.24296943553657263
827 0.49276770374092094 0.24294682034709617
826.5 0.49261261511669946 0.24279230515911104
826 0.4922448544642129 0.24242975851282575
825.5 0.4926844064673269 0.2428606004121186
825 0.49261369030512786 0.2427942853671984
824.5 0.4925461480200615 0.2427280480312493
824 0.492530556721281 0.24270998127724544
823.5 0.49261890655281093 0.24280292077246732
823 0.49251993171088193 0.24269875129260582
822.5 0.4922465439145087 0.24243164695801442
822 0.4925815718226167 0.24276264953125487
821.5 0.492396234501751 0.24257628521152577
821 0.4924323841884048 0.24261748093249075
820.5 0.49238385518141176 0.24256726863094735
820 0.4923247433121759 0.24250880862191435
819.5 0.4924273859088781 0.24260968048271078
819 0.49254669842407484 0.24272800209496403
818.5 0.4926394583613411 0.24281798712942426
818 0.49233744447357275 0.24252388621430104
817.5 0.49218713752741977 0.24237366611622552
817 0.49247900843012576 0.24265977526307156
816.5 0.49230344522222536 0.24248878219474237
816 0.49218563362148626 0.24237544876143596
815.5 0.4922405001699758 0.24242672479094737
815 0.4922395272896455 0.2424260276798196
814.5 0.4922509734204831 0.24243713656821184
814 0.49215921124603457 0.2423456680555513
813.5 0.49222360107771734 0.24240837149260344
813 0.4922220245957516 0.2424035904547461
812.5 0.4923820173727624 0.24256439338426836
812 0.4923464556521849 0.24253215688089785
811.5 0.49206650420811565 0.24225502455817743
811 0.49203056271525536 0.24222035824834703
810.5 0.49216095811757515 0.24234530086065753
810 0.49210600173801666 0.24229613177369919
809.5 0.49200034950674854 0.24218971635573583
809 0.49205579569863955 0.24224460176576157
808.5 0.49191594507693737 0.24210829766225664
808 0.49196173468222887 0.24215077594036555
807.5 0.49206993708317875 0.24225672713992932
807 0.4922091568038576 0.24239276696184117
806.5 0.49202372696588004 0.2422128858077478
806 0.4917724587541811 0.24196481231309708
805.5 0.49203349936097013 0.2422233877408559
805 0.4919713868044191 0.2421611967781391
804.5 0.49227229888024926 0.24245736655297606
804 0.4920927772144789 0.24228253095357188
803.5 0.4917327004828214 0.2419283995244211
803 0.49191764532901533 0.242108598472718
802.5 0.4919388606533827 0.24213069860234523
802 0.4916550205257741 0.24184938955392757
801.5 0.4915934884002218 0.24178941483798516
801 0.49182926506333996 0.24202111862914785
800.5 0.49162469895603494 0.24182533027905476
800 0.4914849412787025 0.24168550139220257
799.5 0.49168814973518954 0.24188257518968787
799 0.49158626182526644 0.24178067953732812
798.5 0.49158883399813685 0.24178280270955524
798 0.4914360047006089 0.24163401976231105
797.5 0.4915046626099023 0.2417041257227206
797 0.49152888682149726 0.2417276282271818
796.5 0.49138731269253083 0.2415882866688943
796 0.4916489977673176 0.2418455102308968
795.5 0.4912269945910235 0.24143066870652038
795 0.4912001387623179 0.24140295300989223
794.5 0.4910475043892086 0.24125482960270767
794 0.49134414741522636 0.2415449415384632
793.5 0.49146557528477447 0.2416645215011269
793 0.49121108929084906 0.24141813954294075
792.5 0.49136934323649084 0.2415705515541011
792 0.49150601192021065 0.24170399381409
791.5 0.4914026337812631 0.24160362398495777
791 0.49134864583406884 0.2415464531547091
790.5 0.49144308443325313 0.24164251671270665
790 0.49130323503777035 0.24150529705444734
789.5 0.4912565891130574 0.24145809913088184
789 0.4912108579902535 0.2414130850125759
788.5 0.4913102582480238 0.24151276182183626
788 0.4912851435941353 0.24148770526783797
787.5 0.49102393744627204 0.24122830623587618
787 0.4911427700886184 0.24134427854668192
786.5 0.4910850667467269 0.2412917583531932
786 0.4908379853583331 0.24105026471365235
785.5 0.49099456945219516 0.24120405125578415
785 0.4909697624115313 0.24117625533852063
784.5 0.49110661585212695 0.2413101181218773
784 0.49111312999546086 0.24131790481190324
783.5 0.4907981519460265 0.24100846026785294
783 0.49091171349482887 0.24111824513767152
782.5 0.4909713308467631 0.24118022572586884
782 0.491062318838794 0.24126834935447675
781.5 0.4906616038267618 0.24087638860277114
781 0.49072118678638343 0.2409338216219183
780.5 0.49106228414717734 0.24126880417484636
780 0.49085903261797076 0.241066220437881
779.5 0.49069665732119333 0.24090591289901808
779 0.4908084605114796 0.2410200299213493
778.5 0.490743162454073 0.24095342900614183
778 0.49101930205845273 0.24122843815896866
777.5 0.4909928420599055 0.24119975843547412
777 0.49087759607364795 0.24108670571570595
776.5 0.49075440330379877 0.2409657686347339
776 0.49078084727955823 0.24099219540466352
775.5 0.49052153353977684 0.24073835956387157
775 0.49040317135514383 0.2406216748284765
774.5 0.4908385194852351 0.2410468641287203
774 0.4906843344294661 0.2408979832742475
773.5 0.49054468153733777 0.24076280553391882
773 0.4906857538594535 0.24090103932708695
772.5 0.49048946676038085 0.24070784134728948
772 0.49061036993188 0.24082570876063109
771.5 0.4904899567407249 0.2407060178615188
771 0.4906438599488938 0.24085711733478965
770.5 0.49057257821987255 0.24078575127986362
770 0.4905088185661546 0.24072618535629225
769.5 0.49045760256376714 0.24067277998213896
769 0.49038674510475033 0.24060307281560173
768.5 0.49008034282011215 0.24030618473211018
768 0.4904106167281137 0.2406302290726057
767.5 0.4902097991304909 0.2404318249369415
767 0.4905091171807338 0.24072395619347742
766.5 0.4902832117374764 0.2405001225735549
766 0.49026096396479535 0.2404798932840268
765.5 0.49051230074475205 0.24072819133421755
765 0.490427375254863 0.24064590553850396
764.5 0.49025224813222995 0.24047464718643174
764 0.49022263402878563 0.24044442699650714
763.5 0.49021260910765735 0.24043284255143726
763 0.49023197787180484 0.24045532065716407
762.5 0.49014892780012326 0.24037432630668204
762 0.4901176795226962 0.24034201855923837
761.5 0.48994242599292603 0.24016938906631047
761 0.4899724589902111 0.24020086348672828
760.5 0.49003795584151494 0.24026386421636495
760 0.4899982668134414 0.24022488232386816
759.5 0.4899541606255382 0.24018138486734922
759 0.49000932031442834 0.24023490552661098
758.5 0.4900943211392304 0.24031758071976367
758 0.48969514393675206 0.23992474340421402
757.5 0.48995710178734136 0.24017943374369966
757 0.4897867856318924 0.24001913692322221
756.5 0.4897301938839622 0.23996396495244118
756 0.49017636888500243 0.24039955064931257
755.5 0.48987901736965483 0.24010606504726761
755 0.48958665869249485 0.2398207751810963
754.5 0.48986986126275295 0.2400968972460986
754 0.4899428427485591 0.24017164850162098
753.5 0.48974277374028347 0.23997448180015313
753 0.48984816698750305 0.24007905182094813
752.5 0.48967849924239937 0.23991033667494774
752 0.4897721572685577 0.24000124923426247
751.5 0.48990279593027813 0.2401320788240938
751 0.48954374652384347 0.23977646639480402
750.5 0.48959372013003544 0.23983110459505028
750 0.4894763538469609 0.2397096467584149
749.5 0.48972691047012223 0.23996099016802594
749 0.4896977680389972 0.23993155251575274
748.5 0.4897080525668147 0.23994137375119107
748 0.4895649166440367 0.2398013320217804
747.5 0.48917213019497197 0.2394138155746776
747 0.4895671281287797 0.23979913071237344
746.5 0.48961477585383706 0.23985050628733187
746 0.48906738964251634 0.23931157038332804
745.5 0.48912269988806456 0.23936595734840363
745 0.4892887807787637 0.23952679435086355
744.5 0.48922942043551976 0.23947483262752897
744 0.48925128261657935 0.23949471177670772
743.5 0.48930671291863553 0.23954681078923223
743 0.48938733303561316 0.2396239106210653
742.5 0.4893842725030325 0.23962177142433866
742 0.4892068397918829 0.23944983871537726
741.5 0.48931022555446446 0.23955178614836914
741 0.48918510469937404 0.23942728000779157
740.5 0.489224393886757 0.23946702675227438
740 0.4891968108641979 0.23943796129929673
739.5 0.48910099206298985 0.23934801008923193
739 0.4892033167351085 0.23944460020483005
738.5 0.48903221178709 0.23928000482867773
738 0.48906846821387423 0.23931228639305688
737.5 0.4891702577674843 0.23941182175722622
737 0.4891117858495682 0.23935478462452509
736.5 0.4889427620320804 0.23919127934654552
736 0.4889597594941366 0.2392063548798657
735.5 0.4889666562663782 0.23921484228912746
735 0.48881022731228724 0.2390638192981397
734.5 0.4888630040563327 0.2391115523415235
734 0.488905377315169 0.23915673456514794
733.5 0.48897061456494423 0.23921622550979163
733 0.48894832772466296 0.23919442679262043
732.5 0.488664654954565 0.23892153512272965
732 0.48885114739618735 0.2391035115803529
731.5 0.48854806463380474 0.23880413397695816
731 0.48846662804751867 0.23872488156566812
730.5 0.4887955189045605 0.239047171283981
730 0.48862004471840276 0.2388766839653389
729.5 0.48882193259708023 0.23907385456140276
729 0.4883978659879698 0.23865997443280712
728.5 0.48859455571825045 0.23885103002093802
728 0.4885732827350832 0.238829383223505
727.5 0.48875889707171666 0.2390123738858833
727 0.4885314166250991 0.23879236050665054
726.5 0.48873085401275523 0.23898657572949566
726 0.4884981556675996 0.2387544903261626
725.5 0.4885777516853995 0.2388368323524374
725 0.4884078091349605 0.23866859333406995
724.5 0.4881709112666737 0.23843628399709302
724 0.488287016420577 0.23854908452856696
723.5 0.48856944366972666 0.23882403242382824
723 0.4883765030546427 0.23864074654369333
722.5 0.48856914904873394 0.2388267854793397
722 0.4883844955492686 0.23864716153362273
721.5 0.4883392758037654 0.23860042296760414
721 0.4881259964609699 0.23839291108404126
720.5 0.48809936754493055 0.23836843944895056
720 0.4882008015299683 0.23846888827936114
719.5 0.4882454890646634 0.23850889956890245
719 0.4883324312975004 0.23859553700411415
718.5 0.4880233114719051 0.23829428654777282
718 0.48808900220133716 0.238359539793376
717.5 0.4878564623302724 0.23812987052962767
717 0.48813065492934415 0.23839665357478843
716.5 0.4878031239639697 0.23807847257718653
716 0.4878110179362999 0.23808839056081899
715.5 0.48800715646594545 0.2382763847732405
715 0.4879900922286353 0.23825925616642782
714.5 0.48806923543906744 0.23833916846750777
714 0.48797060036774076 0.238243176170423
713.5 0.4880588135517512 0.23833085664602638
713 0.4877064150661923 0.23798410023849417
712.5 0.4881474078357149 0.23841212226061453
712 0.48767833212951284 0.23795858095845607
711.5 0.4877758084208472 0.2380514564106952
711 0.4876177383502211 0.23789558524071472
710.5 0.4875938055371049 0.23787570141124734
710 0.48773855668876065 0.23801786728894708
709.5 0.4876166324489019 0.2378942014447968
709 0.48746878006990996 0.23775482961909947
708.5 0.48761977833229214 0.23789835022154837
708 0.48753280098127555 0.2378146405325283
707.5 0.4873515262691419 0.23764110678161715
707 0.48732140515366956 0.23760811600831758
706.5 0.48758725586271073 0.23786665808201032
706 0.48742218963659517 0.23770521396504393
705.5 0.48731283461094194 0.23760451917673667
705 0.48754116424523203 0.23782649174178117
704.5 0.48767090805750696 0.2379470215139758
704 0.4872291345941154 0.23752087055468996
703.5 0.4874213313510366 0.23770936352890376
703 0.48747838617591405 0.2377632983520167
702.5 0.48761109380520296 0.2378923642745325
702 0.48719931242313913 0.23748938611387496
701.5 0.4873069266813058 0.23759689475208734
701 0.48730150258577687 0.237589563849145
700.5 0.4871874296668122 0.23747891460805337
700 0.48706069273307273 0.23735252683776695
699.5 0.4872431344439331 0.2375319574813715
699 0.48729469923773533 0.23758446840205383
698.5 0.48723251025879233 0.2375241724189794
698 0.4871238194812321 0.2374132349012794
697.5 0.4867955440187443 0.23709774153592528
697 0.4870832460903125 0.2373726462380961
696.5 0.48708893137433795 0.23738363095074946
696 0.48679639296654503 0.23709545696117232
695.5 0.4867601370479935 0.23705941607457137
695 0.48659539098434657 0.2369019711413111
694.5 0.4868905451341106 0.23718846063972235
694 0.4866851625914448 0.2369904027530132
693.5 0.4867745897964471 0.23707808270785805
693 0.4866589511068153 0.2369664444046381
692.5 0.48665542955828683 0.23695982667255117
692 0.4867406452562334 0.23704453102832923
691.5 0.486766143107464 0.23706950810080024
691 0.4865093199248413 0.23681804712323917
690.5 0.48650249538007884 0.23681466286962366
690 0.4866440431531727 0.2369494053133003
689.5 0.4865684450757651 0.2368748446011954
689 0.48653413216026054 0.23684377002311202
688.5 0.4866726140485957 0.23697691761565212
688 0.48662601763727203 0.23693087876780153
687.5 0.4863143435788984 0.23662916717547688
687 0.48658408909713663 0.23689149703297546
686.5 0.48642283342887116 0.23673232594075574
686 0.4865579664675303 0.2368654408069664
685.5 0.4866009959260742 0.2369062402488718
685 0.4864965749577543 0.23681013526228542
684.5 0.4865280705756811 0.23683604649517312
684 0.48640606102189027 0.23671702339749082
683.5 0.4866409443753698 0.23694540607253126
683 0.48620148136215885 0.23651564606570782
682.5 0.48605225760730114 0.2363774777913563
682 0.48614113211896526 0.23646153473297266
681.5 0.485892974834286 0.23622028558217242
681 0.48614216322988496 0.23645944924069626
680.5 0.48617564098541033 0.23649275234935754
680 0.4859122116072741 0.23623696897079316
679.5 0.4861590603008459 0.23647636105870504
679 0.48611035283135007 0.23642992309807312
678.5 0.4861001712686188 0.23642132408293368
678 0.4858785151764549 0.2362055818918642
677.5 0.4860533258176322 0.23637563192202288
677 0.4861249086272607 0.23644510871220317
676.5 0.4860316655396506 0.23635333641514703
676 0.4854814532762334 0.23582075128153376
675.5 0.485991074818942 0.2363118866950778
675 0.48584024484785815 0.23616867237859684
674.5 0.4858898138693946 0.23621610926698305
674 0.48576638899790453 0.23609431101100567
673.5 0.4855890049600175 0.23592452647422243
673 0.48585573067339755 0.23618256975248036
672.5 0.48552538814029034 0.23586143386570077
672 0.48557427328091674 0.23590924116747491
671.5 0.48547880492612944 0.23581715531112427
671 0.4855112349339185 0.23584672645457846
670.5 0.48541644593569117 0.2357546829087858
670 0.4856112641759721 0.23594397993315203
669.5 0.4854948761395793 0.2358318255064913
669 0.4852632490360174 0.23561009160497362
668.5 0.4853829051121283 0.2357268150838283
668 0.4854056690776046 0.23574297314623968
667.5 0.48528101242199884 0.23562486876901398
667 0.4852949450122639 0.23563850638966408
666.5 0.4854384067742928 0.23577700443569008
666 0.48551509801793025 0.23585045369355148
665.5 0.4850558117692095 0.23540530931527023
665 0.4853436464783631 0.23568515701560544
664.5 0.48519286506772247 0.23553558040571165
664 0.48535266013658 0.2356991054365836
663.5 0.48513431540602275 0.23547929957200578
663 0.48523428983501776 0.23557754999778815
662.5 0.4853733563023036 0.23571405144901814
662 0.4851981965173227 0.2355467512343132
661.5 0.4852475889912016 0.23559033050496195
661 0.4852380302139598 0.23558548415246824
660.5 0.4849901806329589 0.23534460881476554
660 0.4849902347225908 0.23534269947106706
659.5 0.4848214766591164 0.23517570578447883
659 0.484707184351936 0.23506467367613723
658.5 0.48469375992750563 0.23505853509879543
658 0.4848035995551933 0.23516284984008234
657.5 0.4850626831297 0.2354105048724818
657 0.48467897809921234 0.23503762792398603
656.5 0.48474384842952717 0.2351084826370502
656 0.4846833616739994 0.2350446957738485
655.5 0.48470550176830546 0.23506468742802417
655 0.4847107524241624 0.23507403661304063
654.5 0.4844126062432077 0.23478093549982507
654 0.48452277941853966 0.2348908848479483
653.5 0.4846887418869877 0.23505325652123277
653 0.48475155336214953 0.2351135233836514
652.5 0.4849034348465102 0.23525879128753432
652 0.4846264816597469 0.23499130065031673
651.5 0.48457103037930654 0.2349367764448459
651 0.48463455664523797 0.23500199103389008
650.5 0.48425444435029913 0.2346272125573529
650 0.484277247077554 0.23465288677172993
649.5 0.4843771380200511 0.23475062424905446
649 0.48440710238560236 0.23477886445020757
648.5 0.48430326858038797 0.23467731412008952
648 0.4845538827037882 0.23491951304711797
647.5 0.48422753375235045 0.23460267402947152
647 0.48417473689647667 0.2345524702643822
646.5 0.48404684053210273 0.23442917561964
646 0.48424027430775646 0.2346143695360294
645.5 0.4842774420146865 0.23465220419184143
645 0.4843114395092034 0.23468491142048484
644.5 0.4838955933147267 0.23428422463010226
644 0.4839872877908589 0.23437023627939516
643.5 0.484032766221553 0.23441404775278926
643 0.4841885783323385 0.23456500291681023
642.5 0.4838437564355574 0.23423081347898164
642 0.48410409621057693 0.2344833487684594
641.5 0.4837381872775927 0.23412923719776352
641 0.48393315254307023 0.23431690100401384
640.5 0.48389740245692636 0.2342825543847743
640 0.48380138179127685 0.2341920806850136
639.5 0.48361606338056456 0.23401007010347175
639 0.4837298816186631 0.23412154200431784
638.5 0.48366579442513963 0.2340629079896694
638 0.48364831717293105 0.2340392762537064
637.5 0.48353270462063946 0.23393310298124984
637 0.4837225586180431 0.23411492363803815
636.5 0.4832005653279772 0.23360992357738347
636 0.48373581306623764 0.23412606182404727
635.5 0.4833969236471807 0.2337996713515364
635 0.4832569347238598 0.2336643890815006
634.5 0.4832780725490341 0.23368275841339978
634 0.48356828301885996 0.2339685741377333
633.5 0.48338254436082945 0.2337861887960257
633 0.4834676841902974 0.23386839414339108
632.5 0.4835245069000235 0.2339247457995773
632 0.48325744302423157 0.2336695299615076
631.5 0.4834386596881002 0.23383737770255922
631 0.48301028997925466 0.23342173545860828
630.5 0.4832360505805003 0.2336443173914035
630 0.4830359016619486 0.23345367288280086
629.5 0.4833135027115043 0.23371483578224492
629 0.482992295125256 0.23341106740983597
628.5 0.48316390313807744 0.2335792795406121
628 0.4828760182480757 0.23329923794553128
627.5 0.48277488456408235 0.23319898746822917
627 0.48299060787802034 0.23340846580236946
626.5 0.4828797459570839 0.2332998134009654
626 0.48284067115478013 0.23326114454752167
625.5 0.48289739938982446 0.23331460358942316
625 0.4826429584678874 0.2330702181053934
624.5 0.4830001165237446 0.2334200638283326
624 0.4830762502022878 0.23349194581084495
623.5 0.4826981880627642 0.23312569551867254
623 0.48250935934362527 0.2329434799205159
622.5 0.4828639586234477 0.23328477573910794
622 0.48239784651844975 0.2328392303055206
621.5 0.4828735497757475 0.23329599174350604
621 0.4826864342629297 0.23311322901480597
620.5 0.48273391897212753 0.2331569018768959
620 0.4825495370197955 0.23298137057111656
619.5 0.4824378609328774 0.23287417246366374
619 0.48233114475351024 0.23276901436014136
618.5 0.48247391213260477 0.23291202143421066
618 0.4823045670253117 0.23274530315379746
617.5 0.48254026464329425 0.23297520679386133
617 0.4823280703875109 0.2327646416399054
616.5 0.4822057253174521 0.23265066650262087
616 0.48236391547440105 0.2328021800695567
615.5 0.48211312217258406 0.23255707716533233
615 0.4822054240044971 0.23265120335655654
614.5 0.48192493668673003 0.23237784237651143
614 0.48203249946362203 0.23247993265168718
613.5 0.4817649902905928 0.23222648613700206
613 0.4821757566466957 0.2326201952819606
612.5 0.4817679115852933 0.23223077872796355
612 0.48183920303383015 0.232300437888493
611.5 0.48199444464747704 0.23244580482969282
611 0.48186382668444727 0.23232194971241493
610.5 0.4818130570034578 0.23227218175969383
610 0.48167999285421903 0.232146290160302
609.5 0.4816931101140008 0.23215895201920977
609 0.48185609712467653 0.2323165781717098
608.5 0.4816361347477263 0.2320998850187433
608 0.4818301399833345 0.23228765436505622
607.5 0.4817586628547794 0.23221808499351176
607 0.4817069920338105 0.23216934579216403
606.5 0.4815205087636193 0.2319915793800823
606 0.48149844983639367 0.23196869321028024
605.5 0.4815923492614413 0.23206072561719784
605 0.48143084366452377 0.2319028349969037
604.5 0.4813947294292518 0.23186936348058731
604 0.4814393390706454 0.231914053627635
603.5 0.4813193491964327 0.2317965168243223
603 0.48135994970710955 0.2318367393982081
602.5 0.4812781645495947 0.23175427146999708
602 0.4811009904377965 0.23158348801494316
601.5 0.4811330546924647 0.23161468339113148
601 0.48122774888756176 0.23170809574858325
600.5 0.48173904510166704 0.2321980214699657
600 0.48086958212863656 0.2313626725418368
599.5 0.48091846617334555 0.23141117264131056
599 0.4810743262745865 0.23156056186383436
598.5 0.48096915243141913 0.23145909121076433
598 0.48104257937961137 0.23153150139666137
597.5 0.48114378676361214 0.23162739351217496
597 0.4807676292963483 0.23126303090008415
596.5 0.4808387507539319 0.23133541575086872
596 0.4807724448326235 0.23127256165989074
595.5 0.48093598261206566 0.23142752611557937
595 0.4806505794919109 0.23115179233127653
594.5 0.48067006248700644 0.23117174430932927
594 0.48071402227197196 0.23121185381650367
593.5 0.4806885015464276 0.23118860034462074
593 0.4805814524862169 0.2310864999036407
592.5 0.480546850069303 0.23105098832684884
592 0.4804111006094794 0.2309247398803223
591.5 0.4804489441614832 0.2309577169877109
591 0.48034399221637447 0.2308564000498076
590.5 0.4802811733975762 0.23079681864021992
590 0.4804781178726463 0.23098420625327867
589.5 0.48025488591599924 0.2307743985544734
589 0.4801414367777071 0.23066249341366632
588.5 0.4802447237695968 0.23076675121745266
588 0.4806171640456479 0.23111935491473598
587.5 0.48011374242645394 0.23063568446109634
587 0.4800275433878758 0.23055793126922597
586.5 0.4801542165464101 0.23067508590424796
586 0.4802599200104044 0.23077767291428997
585.5 0.4801760001233811 0.23069571618728343
585 0.48011946760888874 0.23064117207852314
584.5 0.4797918645288494 0.23033020888843223
584 0.480204704024194 0.23072531981487646
583.5 0.4799233815665434 0.2304565406904519
583 0.48001528117487346 0.2305399340871784
582.5 0.4797248661952957 0.2302672080318548
582 0.4797455701999286 0.23028260846128099
581.5 0.4793211237172262 0.229879314798937
581 0.4795715545556659 0.23011438268617943
580.5 0.47984614160378863 0.2303778807401526
580 0.47963940258895454 0.230185786493515
579.5 0.4797285185010532 0.23026798410955
579 0.47951981317804615 0.23006929331967324
578.5 0.47972564780213417 0.23026748462801444
578 0.47941182487731954 0.22996515202159085
577.5 0.47949795580070986 0.23004870751668136
577 0.4796802992896256 0.23021775968178113
576.5 0.4792253120741825 0.22978359744597535
576 0.47923159846844476 0.2297886767267423
575.5 0.4791985068450255 0.22975943391659223
575 0.47922066674050523 0.22978238850652144
574.5 0.4792320967144071 0.2297921589123932
574 0.479178964556533 0.22974016147623702
573.5 0.4793153737054939 0.22986960347258015
573 0.4792967469806824 0.22985331426917652
572.5 0.4789064513805347 0.22947899980368996
572 0.47882667121864864 0.22940131668206534
571.5 0.4788189048838384 0.2293931897484016
571 0.47902608190501256 0.22959466735667544
570.5 0.4786839545589703 0.22926699240258855
570 0.4789421857198641 0.2295123168484841
569.5 0.47856476129433173 0.22915365497300966
569 0.47871102457560766 0.22929401902513008
568.5 0.4784020672805669 0.22899638682771203
568 0.47885295665558314 0.22942716327774723
567.5 0.4789055136866335 0.2294786952084291
567 0.4785289894309969 0.22911777361307253
566.5 0.47876369045074396 0.22934267349127063
566 0.4785164851383805 0.229106050010015
565.5 0.4785246246878834 0.2291185562520582
565 0.47840648247970413 0.22900106878422946
564.5 0.4785757072032375 0.22916266088428008
564 0.47841538104595294 0.22900540480505813
563.5 0.4782483514725784 0.22884683397454508
563 0.47842047959114736 0.2290160225555908
562.5 0.4782307584065136 0.22883276901771343
562 0.47826146305447204 0.22886531633623808
561.5 0.478230191818249 0.22883162072090488
561 0.47830775094508 0.22890671078417746
560.5 0.4779726628977656 0.22858416083814426
560 0.477728741688482 0.22835076528429235
559.5 0.47803617181312513 0.22864504781156347
559 0.4782277029962344 0.22882840297777984
558.5 0.47785925858303924 0.22847861552672027
558 0.47814358126379225 0.2287516148244942
557.5 0.47766640893341744 0.2282922133123008
557 0.478049273837113 0.22866037686046625
556.5 0.47786294213444036 0.2284816105176153
556 0.4777959819312591 0.22841483625332243
555.5 0.4777223555519528 0.22835008840192397
555 0.4776412055422124 0.2282677233968425
554.5 0.4775663994176004 0.22819953334714757
554 0.4775585082821865 0.22819049372679648
553.5 0.4777968490776812 0.2284153902160443
553 0.477688614540199 0.22831403509024514
552.5 0.47728590132584603 0.22793352391015365
552 0.4770568742223339 0.2277119527256879
551.5 0.4770724712113448 0.2277257293781781
551 0.47712159463278686 0.22776517834617258
550.5 0.47701075240634966 0.22766723005349218
550 0.47716873010148375 0.22781908218697694
549.5 0.47713005151003013 0.22777907364442812
549 0.47692082546196884 0.22758018947533531
548.5 0.4772198174592245 0.22786535932061153
548 0.47712950322875813 0.22778203916675893
547.5 0.47693450105736196 0.22759594210237824
547 0.47692979894359455 0.227588640556365
546.5 0.47652247310874474 0.22720088022011004
546 0.476811663271393 0.22747701179276292
545.5 0.47671719833058324 0.2273858306623283
545 0.4769741980190502 0.22763476168695276
544.5 0.476580607128468 0.2272571994480742
544 0.47647201781113746 0.22715264738715044
543.5 0.4763737884706942 0.22706227383839367
543 0.4767186187332135 0.22738998371065058
542.5 0.47628140225301274 0.22696889780877727
542 0.4765035446734802 0.2271872304030242
541.5 0.476287124638346 0.22698022118706726
541 0.4764746178236305 0.2271577757887648
540.5 0.47657170247377084 0.22725391531672445
540 0.4765462423754482 0.22722468978539007
539.5 0.4763791190363884 0.22706648654258796
539 0.4763722690349635 0.22705901589244587
538.5 0.47626980530496915 0.22695912507966132
538 0.4760425862725988 0.2267461590569225
537.5 0.47643262922263635 0.22711911961946035
537 0.47627761259281703 0.22696889455135327
536.5 0.4761236733365175 0.22682659345345657
536 0.47612359280622507 0.22682057677363757
535.5 0.4760653096410387 0.22676674662798843
535 0.47578025881138114 0.22649435733887285
534.5 0.47588443466709995 0.2265928563118967
534 0.4758594251110281 0.22656818150252417
533.5 0.47557702576442085 0.22630632119589333
533 0.4758223385733597 0.2265383609528109
532.5 0.47546068080136894 0.2261916475756489
532 0.4757517750545331 0.22646947253927505
531.5 0.47555796405491124 0.2262830346456244
531 0.4754038541504035 0.22613849050481505
530.5 0.47530247306260337 0.22604288521641802
530 0.4754613083684265 0.22619194676309706
529.5 0.4751681571398048 0.2259100529185298
529 0.4754983808152914 0.22622697359831434
528.5 0.47550741758975784 0.22623870199211096
528 0.47530826451758307 0.22604579932237848
527.5 0.47511850754678 0.2258653871970428
527 0.4751066270730373 0.2258554317501714
526.5 0.47517642173104935 0.22592533111679952
526 0.4747299984662614 0.22549832412219034
525.5 0.4747043050466228 0.22547447893978195
525 0.4748474124904561 0.2256061020201557
524.5 0.4747821759350668 0.22554671295753131
524 0.47479607668290996 0.22556160837130898
523.5 0.47483373993459826 0.22559531662406093
523 0.47483816125185513 0.22559992630201828
522.5 0.4747229573830122 0.2254933808951532
522 0.47482348353267395 0.22558756846985792
521.5 0.47465479746239414 0.2254274330465235
521 0.4747084279038755 0.22547746296471075
520.5 0.4745591721572373 0.2253358678286224
520 0.4745085920100129 0.22528896613257685
519.5 0.47460873952434496 0.2253815133093184
519 0.47435918647996383 0.22514324347362236
518.5 0.4744002888877109 0.22518618591260203
518 0.4742801405252776 0.22506870731988554
517.5 0.4741793086735486 0.22497416152618743
517 0.4742626989943994 0.22505829297119476
516.5 0.47421799824267 0.22501338012983854
516 0.4740407932107275 0.22483950901182936
515.5 0.4738360720860237 0.22464837683613328
515 0.47396498916750796 0.22477155346777286
514.5 0.4740849151674802 0.22488483635838133
514 0.47361291127981614 0.2244380982274924
513.5 0.47382643809865516 0.22463877817954192
513 0.4739064215220353 0.22471913122076068
512.5 0.4740186766548619 0.2248204439942515
512 0.4738155486469778 0.2246287153085033
511.5 0.4737033298008588 0.22452517515714918
511 0.4735926090441981 0.22442198234724792
510.5 0.4733174936572386 0.2241601157899382
510 0.4735208897610206 0.22435608774921012
509.5 0.4734094176695075 0.2242440111315424
509 0.47346813891239237 0.2243002244323698
508.5 0.4735042235218068 0.22433630350489156
508 0.4732488889516226 0.22409233098451825
507.5 0.4735355156290568 0.22436654193356054
507 0.4732548197774507 0.22410061464325137
506.5 0.47310172054885474 0.22395497720305008
506 0.4733503064588973 0.22418960468889168
505.5 0.4728566404359127 0.22372340070137883
505 0.47317625425052334 0.22402499253118197
504.5 0.47273670163187637 0.22360748992127996
504 0.4730381189196131 0.22389599240905508
503.5 0.4727088874605718 0.2235856153977464
503 0.47302423402356003 0.22388179908462133
502.5 0.4728320877012133 0.22369822363791403
502 0.4729354875866799 0.22379769137173708
501.5 0.47281197382925644 0.2236794799706753
501 0.47248140083634155 0.22336711236425008
500.5 0.4726814535429794 0.22355709632190332
500 0.4727333024811992 0.22360598236078336
499.5 0.47238099598447186 0.22327190950787254
499 0.4724538220484312 0.22334367732143548
498.5 0.4724494581445168 0.22333823550235843
498 0.4724546972144889 0.22334344496545802
497.5 0.4722424397253737 0.22314254269974446
497 0.47197921991714864 0.222893066600868
496.5 0.47210029691922345 0.22300751186332496
496 0.47228371472575353 0.22318086821410996
495.5 0.4720147065459879 0.22292866813608914
495 0.4723307984467674 0.22322601611406193
494.5 0.47202765916675793 0.22293955644716598
494 0.47203615929547693 0.22294577132825028
493.5 0.47183330585050864 0.2227527597132798
493 0.47196349650488156 0.22287901598496607
492.5 0.4717580823878874 0.2226858233523143
492 0.47173013640246325 0.2226566529788293
491.5 0.4716602643198404 0.22259166266543817
491 0.47148277805168237 0.22242720955811024
490.5 0.4713770086680879 0.2223255144454812
490 0.4717427055388816 0.22267212550054208
489.5 0.4714657741785113 0.22241193534433476
489 0.4714435251813552 0.2223859648668134
488.5 0.4711427079720154 0.22210804398106823
488 0.471503441027906 0.22244437079284016
487.5 0.471436611461308 0.22238498646978297
487 0.47139901807729506 0.2223478096292457
486.5 0.47075054528110427 0.22173518739441378
486 0.47120860184404545 0.2221680021771698
485.5 0.4709607316660526 0.22193140569531852
485 0.47067927982835434 0.22167076680205353
484.5 0.4709365437064018 0.22190665976448984
484 0.47086561600027654 0.22184094630752546
483.5 0.47084216714998783 0.2218247232766089
483 0.47087411390103906 0.22185045294042255
482.5 0.4708541228260924 0.22182993427902345
482 0.47050115101375695 0.22150070098139293
481.5 0.47057222569197954 0.2215655070866884
481 0.4704184138716626 0.22142385789621152
480.5 0.4701720917058332 0.2211953883296932
480 0.4703617794032458 0.22136769834387857
479.5 0.4701998617362656 0.22121405035864233
479 0.47024504344345675 0.22125998548719786
478.5 0.47004125907562827 0.2210645399711312
478 0.470290689361578 0.22130386669647154
477.5 0.46993635551593643 0.2209677059238063
477 0.47005104216124216 0.22107663922945847
476.5 0.47001484761292517 0.2210437583406309
476 0.46985253085243023 0.220892477784201
475.5 0.4697083254058373 0.22075327124141186
475 0.4699703661195118 0.22100428728869836
474.5 0.46970010116410144 0.22074903630971363
474 0.46963597675454305 0.22068999278984602
473.5 0.469623691891425 0.22067540890842083
473 0.4695551809349002 0.22061260159566964
472.5 0.46951372933042357 0.22057455373975163
472 0.4696700635210903 0.2207193099127391
471.5 0.46926418818408144 0.22033966973287253
471 0.4693332623712795 0.22040104054000897
470.5 0.4691486570299451 0.22022929801309657
470 0.46937376729127306 0.22044310652743587
469.5 0.4692608309105921 0.22033623570689548
469 0.46900348565420674 0.22009662495597
468.5 0.4690910485951234 0.22017548852530172
468 0.46904207796914676 0.22013155902580656
467.5 0.4689412962423577 0.22003578054883935
467 0.4690679827623056 0.22015732584938832
466.5 0.46865233124256056 0.2197676497695186
466 0.4688418085122317 0.21994061202031495
465.5 0.4685643631480951 0.21968325607258812
465 0.46837418390751023 0.21950316487798305
464.5 0.46862069049445504 0.2197359730199542
464 0.46864225765585266 0.21975604798197704
463.5 0.4686862658079214 0.21979744029796214
463 0.4687066923796752 0.21981444305588735
462.5 0.4680538684191814 0.2192086979292088
462 0.46822484575571893 0.21936566630546794
461.5 0.46841288648396867 0.21953854977645668
461 0.4678633557904371 0.21902686538812935
460.5 0.4683163087314652 0.21945206230714615
460 0.46799681534142273 0.21915460559627153
459.5 0.4678499719301541 0.2190132292205939
459 0.4679129109738445 0.2190738903164965
458.5 0.4679843399249036 0.21913844163766333
458 0.46766710876993495 0.2188453301623597
457.5 0.4677063731371052 0.21887737337316177
457 0.4676448702722286 0.21882138443837512
456.5 0.4678116647743798 0.218974616812465
456 0.4674792790323898 0.21866836819430505
455.5 0.4674110646968327 0.21860386135105359
455 0.46721672538061065 0.21842122611108902
454.5 0.4674452505018514 0.21863662413430657
454 0.46733342689289514 0.21852664149841836
453.5 0.46755566278320987 0.21873854800195336
453 0.4671821036981951 0.21838798374775792
452.5 0.46698379163608117 0.21820432080237234
452 0.46692082512924443 0.21814569311250168
451.5 0.466831033549396 0.21806128201364675
451 0.4671339690960308 0.21834301305037565
450.5 0.4667388560009781 0.21797189093130015
450 0.4668078853232134 0.21803770170957032
449.5 0.46663685817746064 0.21787615289667953
449 0.466628030913729 0.2178722614205192
448.5 0.4664931796199424 0.21774322708387311
448 0.46629401122618713 0.21756148884119167
447.5 0.4667860858312003 0.21801804733189922
447 0.46621342155930756 0.2174829976766422
446.5 0.46649768887543536 0.2177510439504682
446 0.4663450295835065 0.21760815180792234
445.5 0.4660783036190533 0.21736065692862394
445 0.46604920407344336 0.2173341653448014
444.5 0.4659758871956036 0.21725984266071008
444 0.46587559800766465 0.2171723765261069
443.5 0.46578273543280824 0.21708590340855566
443 0.46578509286796826 0.21708758456969426
442.5 0.465555704787508 0.21686997386808723
442 0.4654920470844171 0.2168130071340589
441.5 0.4658324100278086 0.217128719645869
441 0.4655632510727216 0.21688164875202043
440.5 0.46550207325451565 0.21682097982563586
440 0.4655287042338949 0.21684787578990175
439.5 0.46524923587222744 0.21658781500208305
439 0.4654489863946973 0.2167715195136396
438.5 0.4650233930138868 0.21637837351725547
438 0.46519986724243123 0.2165401303324506
437.5 0.4650373325030728 0.2163907450243653
437 0.4652722269539551 0.21661006591736415
436.5 0.46479862988539267 0.21616917109004744
436 0.46457151062390845 0.21595785228718375
435.5 0.46512762302936633 0.2164785449393887
435 0.4645745797915135 0.2159585449839974
434.5 0.46463173545058845 0.21601094279720212
434 0.46469529920696184 0.21607125800352278
433.5 0.46429852396156024 0.2157037388307248
433 0.46431692036829186 0.2157189292182852
432.5 0.4644589975129469 0.21585559759373976
432 0.4643170084490484 0.2157202306434845
431.5 0.4644548387389851 0.21585107614502957
431 0.4642436855603015 0.21565385644474078
430.5 0.4643746786624057 0.21577359074824318
430 0.4637886925392472 0.21523095234008255
429.5 0.4638855075417938 0.21532014620995668
429 0.46414203173399843 0.2155620390621656
428.5 0.4639640129671651 0.21539155542817903
428 0.463932492095019 0.21536346599989828
427.5 0.4635969979679816 0.21505588562449926
427 0.4635844647130884 0.21503916930114317
426.5 0.46333216821887063 0.21480963560858354
426 0.46354722935547993 0.21500564429811922
425.5 0.4633276996375607 0.2148063681651927
425 0.46330089045037554 0.2147725304342738
424.5 0.46346904013209106 0.2149335850794255
424 0.46323317599557834 0.21471282442677384
423.5 0.4629622848196937 0.2144651144719515
423 0.46330474693131724 0.21478275589712711
422.5 0.46301530845462563 0.21451404907402902
422 0.46300007910218177 0.2145003127960364
421.5 0.46314369305424796 0.21463596724355835
421 0.46260085847216137 0.21413010860637172
420.5 0.46268350974821254 0.21420734944450884
420 0.4626132117531834 0.214144535972365
419.5 0.46272473555790516 0.21424428981831087
419 0.46265358071710144 0.21417556471584448
418.5 0.4622427573529354 0.213801897224815
418 0.46231841588387096 0.21386866261820903
417.5 0.46207084391488795 0.21363813210536284
417 0.4620604781583418 0.213629439843714
416.5 0.46196127712288676 0.21354092858080792
416 0.46189207619743117 0.2134735912386786
415.5 0.4620583581137839 0.21362929805402336
415 0.46185900793869133 0.21344221189633028
414.5 0.4616338872625605 0.21323655165918895
414 0.4616302225731422 0.21323114777329868
413.5 0.4619509715479995 0.21352977086531125
413 0.46156063814543 0.2131713765843628
412.5 0.46161778240300816 0.21322377576589893
412 0.4614591867323239 0.21307385343842317
411.5 0.4612364609524265 0.21286663832137553
411 0.4615271483990643 0.21313545636018555
410.5 0.46137812164288433 0.21300184035606237
410 0.46111504454946667 0.21276257630171208
409.5 0.4609151569135638 0.2125739682136092
409 0.4609397480279368 0.21259417925062113
408.5 0.4610208444349298 0.21266997103402296
408 0.4605636791393891 0.2122506450033222
407.5 0.46064195881620906 0.21232041451893371
407 0.46048728577157627 0.2121766389358182
406.5 0.4607708982491745 0.21243839919027563
406 0.46046347820928984 0.21215927428943063
405.5 0.4607164175108814 0.21239129280218993
405 0.46039255241570454 0.2120907411623246
404.5 0.46021054840172754 0.2119225579744015
404 0.45993461209457215 0.21166918589241718
403.5 0.46022198484634047 0.21193307979859025
403 0.46017944739138905 0.21189844510765918
402.5 0.45981526531312594 0.21155940654839636
402 0.45972320873660794 0.21147177824854754
401.5 0.45993723977346607 0.21167499931294365
401 0.4594756288563681 0.21124620960133056
400.5 0.45963538329959064 0.21139529392479892
400 0.45938903846632323 0.2111689226573916
399.5 0.4592230603668507 0.21101674073804622
399 0.4594651858681579 0.2112395810804216
398.5 0.45933459093515383 0.21112097283709333
398 0.45939080269426597 0.21116563719306228
397.5 0.45926998032445926 0.21105760441039714
397 0.4590459395143554 0.21085722980285238
396.5 0.4589342141473205 0.21075211525656845
396 0.45904168609682805 0.21085024305571903
395.5 0.45889773227571895 0.21071723352127425
395 0.45868731259252304 0.2105244566020751
394.5 0.4585287340091306 0.21037909392844617
394 0.4586285201061569 0.21046743266688897
393.5 0.45833300996687426 0.21019753429839386
393 0.45850828586300396 0.21035959903902504
392.5 0.4579436146003808 0.20984268448760046
392 0.458407251575839 0.21027123755298813
391.5 0.4583871353094986 0.21025065401336007
391 0.4583122788538052 0.2101790369625877
390.5 0.4577677252965313 0.2096823511355712
390 0.4579621743162697 0.2098612246946886
389.5 0.45770253035760294 0.20962290259897381
389 0.45771890733280635 0.2096350617202455
388.5 0.45763853362417795 0.20956281963726345
388 0.45745127684158693 0.2093933652352276
387.5 0.4572405250823961 0.20920129730968265
387 0.4571619296045094 0.20912912827610616
386.5 0.45697506401382915 0.20895731863784028
386 0.4570247563486944 0.20900301854742473
385.5 0.45676973375617863 0.20876726456064332
385 0.45700575767346724 0.20899002980944817
384.5 0.45699420038867505 0.20897572746238902
384 0.4570870406102885 0.20906272705633144
383.5 0.4566436359723386 0.20865710188037523
383 0.45673042492071525 0.20873436026418427
382.5 0.4566174739921081 0.20862784835153406
382 0.45620545902521925 0.2082523362621808
381.5 0.4566866697795429 0.2086954096691366
381 0.45605996023037426 0.20811847372397677
380.5 0.45596499023817527 0.2080357655395112
380 0.4559823842852563 0.208051177569414
379.5 0.4559093647135425 0.20798424102574714
379 0.45592771942856847 0.20800131795171245
378.5 0.45581995239389556 0.20790400844691645
378 0.4557591374355326 0.20784586432171423
377.5 0.4553978047917649 0.20751818776120293
377 0.45573268485403684 0.20782354636030714
376.5 0.45549409325432993 0.20760378616812136
376 0.4554923611216837 0.20760534817960005
375.5 0.45516191790353944 0.20730516597598167
375 0.4548999178050218 0.2070655636499325
374.5 0.4550752564751119 0.20722658226100196
374 0.4548955556954165 0.2070610501760486
373.5 0.45461852017729965 0.2068090020182322
373 0.45470783984998553 0.20689195048696815
372.5 0.4547627584276767 0.20693810868270823
372 0.4545100093200154 0.20670778395796524
371.5 0.45465999242494587 0.2068456540129123
371 0.45445499189270305 0.20666135489864942
370.5 0.4544082996844166 0.20662101370610536
370 0.45443406016900073 0.2066443231621152
369.5 0.4541831961628199 0.20641088494716403
369 0.45415544083527287 0.20638957773549643
368.5 0.4539216858014549 0.20617806802711847
368 0.4538374647490213 0.2060994826080764
367.5 0.45373506781936307 0.20600504407497497
367 0.4537090153377867 0.20598452646137727
366.5 0.45358451575063874 0.2058720159540013
366 0.4532904992401898 0.20560314215223097
365.5 0.45307567446553343 0.20540994313915642
365 0.45309452871785705 0.20542563911869718
364.5 0.4530726517876428 0.20540615460047887
364 0.45325920220794613 0.20557399104258392
363.5 0.4528650452298575 0.2052182486122561
363 0.45267022026887016 0.20504003753894914
362.5 0.4530702159170878 0.2054043628191909
362 0.45271309147112043 0.20508128830079536
361.5 0.45249845050321347 0.2048871798033949
361 0.45248936243613574 0.2048800859636668
360.5 0.45228159598265105 0.2046885560001268
360 0.45241364337554224 0.20481200878457073
359.5 0.4518748419122946 0.20432334871903313
359 0.4521324533328108 0.20455781467135117
358.5 0.45168280668332705 0.20414808309698237
358 0.4518885177628359 0.20433402038270956
357.5 0.4516379428355338 0.2041098494001665
357 0.4517201976365936 0.20418317600077132
356.5 0.4516168310455601 0.20408741962674054
356 0.45142438776589106 0.20391202247159745
355.5 0.4510951791596326 0.20361688728456953
355 0.4514406121601155 0.2039334654478793
354.5 0.45105002023936713 0.20358133785435714
354 0.45133834630620695 0.20383606732258386
353.5 0.4510166621124261 0.20355162826931875
353 0.45070062756350016 0.20325937868392657
352.5 0.4507232271526804 0.20328480413857067
352 0.4506888753888143 0.203256728907902
351.5 0.4503181882151102 0.20292090516579597
351 0.4505866163314924 0.20315877966797727
350.5 0.45004828390435164 0.20267212560076694
350 0.45042288439694655 0.20301209060884617
349.5 0.4497983908857471 0.20245250794002312
349 0.44994804386079373 0.2025850204946074
348.5 0.4497643859477218 0.20241886799832765
348 0.4496712810712982 0.2023348494120451
347.5 0.4495291271856731 0.20220597951682634
347 0.4496057348471484 0.20227669696553355
346.5 0.4494412144074392 0.2021320945151236
346 0.44912942861926747 0.20184787696857856
345.5 0.44958068252653277 0.2022528550126052
345 0.44917247157935347 0.2018871834614068
344.5 0.44905070512281187 0.20177845179119583
344 0.44865157907758835 0.201417775393663
343.5 0.448739013422966 0.20149794597226797
343 0.4487324105703229 0.20149041530590686
342.5 0.44841005268280726 0.20120306742635136
342 0.44856122494924666 0.201336932985494
341.5 0.44795859818031025 0.20080324209205672
341 0.4477807715774497 0.20063874162077042
340.5 0.44827460349768117 0.20108044636189865
340 0.4478528971701621 0.20070742995421
339.5 0.44793845551175787 0.20077820650799594
339 0.4478159786918941 0.2006690091264919
338.5 0.4477181638673343 0.20058401761301797
338 0.44752701787464316 0.20040884128565897
337.5 0.4475330476912724 0.20041805160199247
337 0.447121244283869 0.20005062037231086
336.5 0.4469773798913957 0.19991736900123822
336 0.4469916522400057 0.199932215050594
335.5 0.44710977011731673 0.20003711700572374
335 0.4468131249136762 0.19977729000066552
334.5 0.44667121993551495 0.19964797324360983
334 0.4465690355136606 0.19955882696006572
333.5 0.44635523159011353 0.19936473784100886
333 0.4462967449897075 0.1993117834850423
332.5 0.44626870210457403 0.19928698567290895
332 0.44602561070231245 0.19906835504562262
331.5 0.44591509554490216 0.19896988248390418
331 0.44594263872163065 0.19899789899377468
330.5 0.44579895922972684 0.19886766954744875
330 0.445414248511732 0.19852609302292448
329.5 0.4451921230231944 0.198326894905897
329 0.44526907323735826 0.1983983740603305
328.5 0.44515032569560586 0.19829035589910324
328 0.44508139188184864 0.1982315201054127
327.5 0.44511061797046636 0.1982554523545093
327 0.44496277744242496 0.19812634212711114
326.5 0.4448345830887531 0.19800611274080293
326 0.4444726341782767 0.1976924186576241
325.5 0.4447565674058275 0.19794037643518037
325 0.44432147964925756 0.19755523385992238
324.5 0.4440351838314012 0.1972961349865927
324 0.4440345997457621 0.1972985048001073
323.5 0.44361733839253253 0.19692631131116034
323 0.44395355820759796 0.19722623637327616
322.5 0.4438286218538976 0.19711311270302848
322 0.44385063523589935 0.1971354239853532
321.5 0.44365967321787175 0.19696791821533274
321 0.4431243916940665 0.19649448784524962
320.5 0.44323244023820335 0.1965863228244981
320 0.44355887524205206 0.19687425719145407
319.5 0.4430820374104133 0.19645227098588358
319 0.4428328006891025 0.1962314646486791
318.5 0.4423851705819328 0.19583603859552925
318 0.4429310860274655 0.19632013125279302
317.5 0.4427300859754889 0.19614094808898536
317 0.44230130334076906 0.19576210591960017
316.5 0.4422382010696601 0.1957076197834202
316 0.4421039832704478 0.19558602598146524
315.5 0.44191553161764124 0.1954203291310015
315 0.44199629334104323 0.19549592792841292
314.5 0.4415583731713237 0.19510422639949532
314 0.4417844059380022 0.19530431250395144
313.5 0.4414045265567437 0.19497046335683263
313 0.4413168574710277 0.1948947944766577
312.5 0.4410953996998756 0.19469592397563254
312 0.4408491308430824 0.19447983928895882
311.5 0.44065707493891676 0.19430950494539212
311 0.440834769977887 0.19446487163344847
310.5 0.44056694356495346 0.19422971665733968
310 0.44035957538400866 0.19404819381616
309.5 0.4405372734164025 0.19420520307213104
309 0.44009503984209536 0.1938158410067642
308.5 0.43969541717342653 0.19345972404117542
308 0.4399305276456681 0.19366999435765203
307.5 0.4394578244959844 0.19325831815284492
307 0.43964365272031347 0.1934135530246449
306.5 0.43950830672385416 0.19330050248434846
306 0.4390584125203821 0.19290691745501715
305.5 0.4390886962467693 0.19293338985685468
305 0.43910933178086453 0.19294423651027598
304.5 0.43871705030343044 0.192605783543385
304 0.4388380126522987 0.19271233172489768
303.5 0.43883908498373336 0.19270906852635333
303 0.4385027097766456 0.19242080518661184
302.5 0.43861199462048767 0.19251109372180353
302 0.4380499438334294 0.19201837433893093
301.5 0.43811012376971076 0.19207268599543495
301 0.43770781178305884 0.19172152436004516
300.5 0.4377592681551048 0.19176432602013407
300 0.4380002221538356 0.19197518938292274
299.5 0.43749278283634996 0.19153046895502504
299 0.437673936391692 0.19169048460110452
298.5 0.4371551162063828 0.19123485718808014
298 0.4369929977545217 0.1910944297850947
297.5 0.43697853281678795 0.1910825771726783
297 0.4366099108208648 0.19075474252104643
296.5 0.4364884297673036 0.19065474269792101
296 0.4361924519579333 0.1903991387591439
295.5 0.43621594099052496 0.19041737282253066
295 0.4364465756845198 0.19061534520252427
294.5 0.43593074350364364 0.19016748520678325
294 0.4355900776099682 0.18986964332588938
293.5 0.43566575565680965 0.18994175404794114
293 0.4354473293843442 0.18974168428692953
292.5 0.43546394913387027 0.18976192198535086
292 0.43541433375450095 0.18971995660297478
291.5 0.43522563414697707 0.18955164020929294
291 0.4345931254649274 0.1890063352545869
290.5 0.4344594703156157 0.1888859410115214
290 0.4350030523931382 0.18935973255157926
289.5 0.43446607972737616 0.188891382591343
289 0.4338246698512866 0.18833634080626457
288.5 0.4341623386960802 0.18862808221666366
288 0.43422574795305513 0.18868506765568652
287.5 0.43409846709666106 0.18857486022304232
287 0.4337288126802866 0.18825688319279224
286.5 0.43350996192687224 0.18806115691038394
286 0.4328285362458947 0.18747632996885855
285.5 0.43321659735892504 0.18781310759567105
285 0.43316741100139045 0.18776372948993336
284.5 0.4327424503604275 0.18739938496584718
284 0.43259797793042537 0.18727212152459174
283.5 0.4326752022347899 0.18734038149050636
283 0.4322389340260238 0.18696014288160384
282.5 0.432380075030043 0.18708322175476635
282 0.43213262833457966 0.18687099794721904
281.5 0.431609450496879 0.1864187440731759
281 0.43187962826415205 0.18664987211322348
280.5 0.4314304597461153 0.18626412070920464
280 0.43126077006022745 0.18611691707052247
279.5 0.4310063965141577 0.18589698349819128
279 0.4310517772704227 0.18593523385368907
278.5 0.4307580848143779 0.18568233142599816
278 0.43041589728457696 0.18538756840696266
277.5 0.4307446770763887 0.18567158428663294
277 0.43048396677006007 0.18544787249924774
276.5 0.43012062181498695 0.18513788174773016
276 0.4297448995944895 0.18480955500094262
275.5 0.42963552063878624 0.18471670558430905
275 0.42961060374732135 0.18469519700826212
274.5 0.429258116869898 0.1843931175392354
274 0.4293679959770745 0.18448584766962145
273.5 0.4289604259271128 0.18413786770644497
273 0.4289395402639076 0.18411926382640403
272.5 0.42875146052086266 0.18396290027573114
272 0.42883188186441584 0.18402990953489828
271.5 0.4284297912712779 0.18368561187350227
271 0.4280774243600602 0.18338332416949302
270.5 0.42795654066395844 0.18327735891866265
270 0.4279779363928636 0.1833016492854967
269.5 0.4275512794080318 0.18293308936866695
269 0.4276615916758176 0.18302681879679222
268.5 0.4273967311275616 0.18279879875185107
268 0.4272144086165271 0.18264244047124703
267.5 0.4271075653858209 0.18255097801622458
267 0.42669332946078004 0.1822003712021123
266.5 0.426727182828003 0.18222547722807622
266 0.4263998126316889 0.18194822655312562
265.5 0.42620944755644036 0.18178212963543242
265 0.4259814747461965 0.1815891886823975
264.5 0.4259278295252067 0.1815444046355874
264 0.42544327141902494 0.1811307506706599
263.5 0.4252575310013639 0.18097310289698829
263 0.42520315100452233 0.1809239148572409
262.5 0.4250339300269883 0.18078564420177637
262 0.4245871250154391 0.18040300694099676
261.5 0.42470622324154067 0.18050835674143964
261 0.42425898981739557 0.18012713743470124
260.5 0.4243930422326886 0.18023731197774148
260 0.4241637356873881 0.18004383300549093
259.5 0.4242702780397842 0.18013525018110518
259 0.42400486494724693 0.1799105487050001
258.5 0.4234765238995055 0.1794639321201942
258 0.42370735524609976 0.17965549907660247
257.5 0.4229465059066259 0.17901567980099903
257 0.42310829088121493 0.17915066185611664
256.5 0.42266104908784013 0.17877631608598227
256 0.42272614992949575 0.17883075564651188
255.5 0.42248460712029196 0.1786238150990066
255 0.42234730604774395 0.17850917334004612
254.5 0.4217958567301201 0.1780421381858001
254 0.42158755866673864 0.17786552714605636
253.5 0.4216237792075872 0.1778976985021969
253 0.42151385645606326 0.17780327298421086
252.5 0.4212100060062531 0.17754877757934034
252 0.4208046932810393 0.17720926295030137
251.5 0.42078013808676695 0.17718926288930953
251 0.4206798481378314 0.1770967895858253
250.5 0.42024269202917575 0.17673395031428094
250 0.4204044199397852 0.17686698105352028
249.5 0.41989909554204097 0.17644656918898763
249 0.4197877809964362 0.17635176705513028
248.5 0.41937501160880125 0.17600491009189423
248 0.41921522468687306 0.17586899181671706
247.5 0.4187919909657628 0.17551608706269053
247 0.41867905506964825 0.1754222503438848
246.5 0.41844253298478895 0.17522512715559885
246 0.41876064081348174 0.17548993866604454
245.5 0.41812159295615375 0.17495862369624868
245 0.41745802058043363 0.17440144210199515
244.5 0.41783694302193974 0.1747146857475961
244 0.41759828571328184 0.17452121900844073
243.5 0.4173208487115488 0.1742888071315178
243 0.417068427228662 0.17407357225526449
242.5 0.41662217854303824 0.17370429124902897
242 0.41625616278403776 0.17340075374290861
241.5 0.4162536670753526 0.17339943137845984
241 0.41607756395002443 0.1732560362012007
240.5 0.4163791131018083 0.17350345462726802
240 0.41570102864962805 0.17293907477954706
239.5 0.4157025712194869 0.1729421432502653
239 0.4150193787276915 0.17236670417983832
238.5 0.41469423646052767 0.17210240234635737
238 0.41517726087476436 0.17249730228101248
237.5 0.4145117218958236 0.17195270225497977
237 0.41418347214386786 0.171677364649261
236.5 0.4146302428543435 0.17204896631951663
236 0.4136957535391765 0.17127429533296867
235.5 0.4139692146697047 0.1714988377620802
235 0.41359657899312247 0.17119385537539478
234.5 0.4130580892972193 0.1707532447261369
234 0.4128339253612966 0.17056305251831738
233.5 0.4127602887024928 0.17049974660682216
233 0.41242316858870903 0.17022215718344183
232.5 0.4123054051447784 0.17012688795305447
232 0.41198893601265274 0.1698635987353568
231.5 0.41136847918622255 0.16935745382994677
231 0.41150541610747376 0.16946338707276828
230.5 0.4114782857427258 0.16944478648599362
230 0.41124182223498434 0.16924659411309234
229.5 0.41085211894916246 0.1689283755326943
229 0.4102037704825412 0.16839371805022202
228.5 0.41009516458203 0.168302998227222
228 0.40999817451093157 0.16823030858899926
227.5 0.4097352231536884 0.16801411975827915
227 0.4094910493499543 0.16781549459341247
226.5 0.4093623463265153 0.1677111975114756
226 0.4093200864936821 0.16767429965642994
225.5 0.4087650976186551 0.16721944325296353
225 0.40862004121498346 0.16710374217973226
224.5 0.4081940509909237 0.1667514188607214
224 0.4078710364460717 0.16648878802543177
223.5 0.40780619658453665 0.1664375005947472
223 0.4076271588947157 0.166289136487202
222.5 0.40695508584430473 0.16574222009554732
222 0.40690741272010317 0.16570355706659012
221.5 0.4066495782866659 0.165490487097244
221 0.40633484121516555 0.16523635738340706
220.5 0.4064887237222199 0.16535954174156944
220 0.4057091472427269 0.16473124466289377
219.5 0.40561888662073553 0.16465122233212823
219 0.40517481939690925 0.16429694321405225
218.5 0.40488319824725266 0.16406270066197376
218 0.4049652302330019 0.16412543087791057
217.5 0.4045069196792627 0.16375429036750036
217 0.40418208614725554 0.1634908735279502
216.5 0.40384721246706795 0.16322130167427285
216 0.4038890478901192 0.16325614307178948
215.5 0.4038726986927036 0.16324066600409798
215 0.4034239088050451 0.16287981266302687
214.5 0.40312471983786297 0.16263717210307704
214 0.40258431313199144 0.1622089962816295
213.5 0.4022277409078569 0.16191717370236286
213 0.4019651796891722 0.16170760915459947
212.5 0.40163382215786464 0.16143640237408974
212 0.40119362285617427 0.161081544315599
211.5 0.4014960253596128 0.1613285721640409
211 0.400889867850231 0.16084295424431388
210.5 0.40051028707295816 0.1605369382728231
210 0.4000306535798192 0.16015096127882347
209.5 0.40013964016667986 0.16024433937327687
209 0.40008392375399227 0.16019804043138267
208.5 0.39957995705143534 0.1597911621491125
208 0.3990217524378087 0.15934486535563358
207.5 0.39916846507665327 0.15946288334796524
207 0.3985012314613991 0.15893212859133057
206.5 0.39854572565301155 0.15896629995677528
206 0.3977586961692469 0.15834048258029712
205.5 0.3979249925251255 0.15847339255121576
205 0.3971705994046481 0.15787311617848276
204.5 0.3969655308099921 0.1577101438625946
204 0.3965908861227787 0.15741313595089512
203.5 0.39689836423834224 0.15765444188924563
203 0.39597968741518225 0.15692730845886801
202.5 0.3956754972260503 0.15668798195008926
202 0.39557033546421816 0.1566038416655487
201.5 0.3955329002985844 0.1565753209100058
201 0.395087915341068 0.15621831465710956
200.5 0.39442627488160614 0.15569889921659477
200 0.3946112400244878 0.15584518638742426
199.5 0.39372478146948287 0.15513975744735772
199 0.39342745178442773 0.15490975246516966
198.5 0.3931609532315313 0.15469977904014642
198 0.3931261066418882 0.1546729668571923
197.5 0.3925931461611983 0.15425393806534635
197 0.39260657092370543 0.1542680981475845
196.5 0.39197455387479746 0.15377374881108433
196 0.39174411853779745 0.15359072037951776
195.5 0.39115237308858325 0.1531248366893852
195 0.3908599145823045 0.152894734093776
194.5 0.3906005502813021 0.15269543562999868
194 0.3900880687406695 0.15229542283011532
193.5 0.3898484076578636 0.15210817679931163
193 0.38962841582296054 0.1519328465808226
192.5 0.3892574539063923 0.1516457929375033
192 0.3892616972868327 0.1516538878698261
191.5 0.3886353682103792 0.1511626901002497
191 0.3882866274580087 0.15089108939997758
190.5 0.38809337923550746 0.15074433913125995
190 0.387653988510512 0.15039911180551896
189.5 0.3873306715275045 0.15015403750799122
189 0.38680060654935317 0.14973910320963427
188.5 0.38662285594297663 0.14960302703291667
188 0.38657184250280774 0.1495660525701001
187.5 0.38585348734559693 0.1490044910541635
187 0.38563774328317296 0.14884214672987456
186.5 0.3850866303441061 0.14842070950787237
186 0.38520771291207767 0.14851219861881754
185.5 0.3844818002504195 0.1479520948179179
185 0.384688785324622 0.14811388622601382
184.5 0.383487432975025 0.14718883419843326
184 0.3831926765516228 0.146964822108812
183.5 0.382924392365554 0.1467547207944086
183 0.3829822386848763 0.14679795096551138
182.5 0.3823064555821338 0.14628470935488716
182 0.3818356705398848 0.14592935683259206
181.5 0.3815426701878577 0.14570131763335525
181 0.3813576799993772 0.1455556856427618
180.5 0.38041192455555883 0.14483939658091557
180 0.3803706102568237 0.1448068081224335
179.5 0.38040586372436436 0.14483166664675937
179 0.38000064538768713 0.14452074445442062
178.5 0.3790539299329371 0.1438117201710479
178 0.3787458857203075 0.1435714086565523
177.5 0.37825781031139283 0.14320487390786743
177 0.3778985488230954 0.1429315842686606
176.5 0.3775495527404497 0.14266757505064323
176 0.37735288306980114 0.14251585205719863
175.5 0.37720584269624297 0.14241023851704085
175 0.37644830149441055 0.14183347550651304
174.5 0.3760670711738893 0.141552791737104
174 0.37559367227251406 0.141192443599362
173.5 0.37500321865427566 0.14075672899719682
173 0.37491291513726077 0.14068466388020184
172.5 0.3743836826455693 0.14028310098247415
172 0.3736619192506359 0.13974486382902276
171.5 0.3738474428002729 0.13988632711778828
171 0.3736289833994808 0.1397186429592198
170.5 0.3728631192148709 0.13914733879995286
170 0.37249732215646775 0.1388757795574356
169.5 0.3719194576439079 0.1384459667962324
169 0.3715445488928494 0.13816795525216077
168.5 0.3708378265759503 0.1376418011364618
168 0.3705732621640747 0.13744837976807586
167.5 0.3698954684161923 0.13694583454765533
167 0.3694191039832271 0.13658987605025397
166.5 0.36932307722763896 0.13651966315778288
166 0.3691375938669947 0.13638736512063135
165.5 0.36817139393798465 0.13566873426146622
165 0.3677156701862154 0.13533992995189925
164.5 0.36719886073407176 0.1349524919256311
164 0.3669106327250743 0.13474086166866792
163.5 0.36646104586974626 0.13441505523921718
163 0.36638721646532274 0.13435867714005278
162.5 0.3657353739717753 0.1338839366860974
162 0.3653471160797902 0.13359979453720974
161.5 0.36438319371904443 0.1328925862105205
161 0.36396006547212123 0.13259147639603414
160.5 0.3639748400352605 0.13259696672038632
160 0.3635773997906512 0.13230679298091333
159.5 0.3632656137799141 0.13207979409928255
159 0.3624469195406505 0.1314881205305803
158.5 0.36182211136128295 0.1310369056864991
158 0.36168736016544034 0.13093750817557692
157.5 0.3607210483164832 0.13024044613638952
157 0.3600862280545636 0.12977980032857833
156.5 0.3608103668207147 0.1303047289065715
156 0.3595123572284973 0.12937006888613994
155.5 0.3592897627518933 0.12920666304716605
155 0.3586214156298263 0.12872849897157493
154.5 0.35810622392862224 0.12835352146392245
154 0.3576943143707756 0.1280648004134899
153.5 0.35716778613569783 0.12768759778742067
153 0.3564941332114522 0.12720443488053515
152.5 0.3562548335208002 0.1270301748186161
152 0.35561566517970467 0.12657749250712227
151.5 0.3554932855261494 0.12649151457362007
151 0.35429479051097174 0.12564429373080804
150.5 0.3539483075603218 0.1253974908286904
150 0.3538349159489914 0.12531902846247905
149.5 0.35314239037585304 0.12482614786613162
149 0.3526574133460441 0.12448062689815556
148.5 0.35208645195905974 0.12407931042317512
148 0.3514022552436932 0.12359843975220428
147.5 0.35119741680171995 0.12345154707515771
147 0.35043923928744075 0.12292608722457758
146.5 0.3499138472245928 0.12255468333605346
146 0.34942696923079286 0.12221363690427932
145.5 0.349144027516011 0.12201581411137957
145 0.34864852207499586 0.12166947326567608
144.5 0.3482029220814634 0.12136149843058898
144 0.34760986780296554 0.12094596188512875
143.5 0.34638894746854587 0.12009239744870065
143 0.34640173774366073 0.12010544132947035
142.5 0.34549524878229865 0.11948094704346614
142 0.3450473980608786 0.11916878415523714
141.5 0.34434863452693937 0.11868517985784618
141 0.34442865814824836 0.11874358955447428
140.5 0.34334830910191244 0.11799926317470173
140 0.3427493036347277 0.11758996842831407
139.5 0.3419677749609079 0.11705605653978571
139 0.3415775709775515 0.11678816557806623
138.5 0.3412573325745046 0.11656612188139685
138 0.3406430014383551 0.11614935294458752
137.5 0.33985304940101496 0.11561018444175197
137 0.33902089421313275 0.11504399100423006
136.5 0.3384524891593851 0.11466066769455599
136 0.3384596083887665 0.11466271511294869
135.5 0.33719519750896465 0.11380609276810803
135 0.3371631607951254 0.11378478060087678
134.5 0.3365259617580226 0.11336054904705012
134 0.33603298455827973 0.11302833702680835
133.5 0.33482449183201596 0.11221351972037504
133 0.33432227689612626 0.11188157153520621
132.5 0.33383208027386657 0.11154949721035852
132 0.3334278337782321 0.1112805016081282
131.5 0.33222321319325443 0.11047489076496797
131 0.3319337961543445 0.11028793676054291
130.5 0.3311899193272615 0.10979559944881319
130 0.3304896721435972 0.10932965510734072
129.5 0.3297449972031444 0.10883873599796384
129 0.32958202992090546 0.1087310219107537
128.5 0.32865163228403593 0.10811505219557867
128 0.3277855679486875 0.10755010001704879
127.5 0.32736702398708806 0.10727150821311722
127 0.3263684578648247 0.10662230963347709
126.5 0.32628365115414437 0.10656688000773197
126 0.32519898569161065 0.10586258202766338
125.5 0.32501012613456287 0.10573946663897447
125 0.32401908486505326 0.10509477962747031
124.5 0.3233479240517736 0.10466004972098285
124 0.3227582588656245 0.10427837291489989
123.5 0.32204297893455763 0.10381656068604835
123 0.3215119329989255 0.10347315990443348
122.5 0.3209269706968199 0.1030955402733027
122 0.32064815438992605 0.10291670105267262
121.5 0.31943178419594104 0.10213832784200023
121 0.31830908452171397 0.10142419682534053
120.5 0.31851384372273556 0.1015489666413933
120 0.3167795729593703 0.10044836948315203
119.5 0.3166806530294531 0.1003892061449156
119 0.31570389467171067 0.09977510402361318
118.5 0.3151855720952392 0.09944060335183033
118 0.3141285432620812 0.09877941436905105
117.5 0.31342501321718425 0.09834075207973246
117 0.3128754957127853 0.09799157459818149
116.5 0.3125332043109872 0.0977764417684395
116 0.31160926186324406 0.09720045572724467
115.5 0.31085124891792293 0.0967329907840885
115 0.30989002859985626 0.09613153623008364
114.5 0.30939544402640734 0.09582705190782645
114 0.30834402954386914 0.09517160634623176
113.5 0.30799835488168475 0.0949599607747529
113 0.30681408223741524 0.09423234263919092
112.5 0.3063054681448317 0.09392377046998544
112 0.3054285397415535 0.0933818674528558
111.5 0.30505844084732253 0.09316227806252625
111 0.30348672668832455 0.09219785101965308
110.5 0.3033173892685732 0.09210413367344164
110 0.3020293397129855 0.09131433298940161
109.5 0.3012574043011459 0.09085387809236017
109 0.3010853090248016 0.09074652607969969
108.5 0.3000243162901964 0.09010940799021035
108 0.2990864106910558 0.0895491725079473
107.5 0.29857327945013606 0.08923694216341246
107 0.2978554186557455 0.08881244039333819
106.5 0.29672441728496785 0.08813551230223082
106 0.2956704695343309 0.08751710804683399
105.5 0.29476289752900126 0.08697569342534696
105 0.2939476714901229 0.0865003841431022
104.5 0.29322915790678417 0.08607257921833644
104 0.2921912031196564 0.08546548680097552
103.5 0.2917886689188391 0.08523145186650112
103 0.29068702258552587 0.08459064469871108
102.5 0.29014661219178917 0.08427434612511134
102 0.2888627703005219 0.0835289394845965
101.5 0.28851057774487976 0.08332263627068533
101 0.2873961636606369 0.08268441807891713
100.5 0.2863815233650276 0.0821025210611523
100 0.28601173525728013 0.08188941574064888
99.5 0.28444046887696767 0.08099457957023644
99 0.28434967355938195 0.08094507143346938
98.5 0.28377758450865875 0.08061999833241346
98 0.2822665807144052 0.07976348518717064
97.5 0.2809305799110195 0.07900553280872599
97 0.2806053557336092 0.07882031775697411
96.5 0.2796647211980317 0.07829511578532967
96 0.2781630344972619 0.07745864623975247
95.5 0.2780719289283122 0.0774112638313938
95 0.2764267521122116 0.07649471050381554
94.5 0.2752714951270816 0.07585474169351304
94 0.27527796596185605 0.07586346070265684
93.5 0.27390393395294704 0.07510210403128978
93 0.27338721924462694 0.07482185723306241
92.5 0.27206428025713253 0.07410078461870949
92 0.2711544972763753 0.07360932369802936
91.5 0.2700799379582323 0.0730233105166202
91 0.26860795084435085 0.07222971438439325
90.5 0.2682036331651636 0.07201126602068295
90 0.26708951201978837 0.07141667218901035
89.5 0.2660011266527436 0.07083437533682425
89 0.2655341212706283 0.07058988486179478
88.5 0.2641002151903283 0.0698239113357701
88 0.2633393775717518 0.06942326843697211
87.5 0.2621539885478846 0.06879805992007453
87 0.26128707965847303 0.06834663844712714
86.5 0.26043610284342966 0.06789839575068861
86 0.25886988566400876 0.06709136434293463
85.5 0.2586590824101726 0.0669771534493228
85 0.25731504994534843 0.06628356247120744
84.5 0.25603826712045097 0.06562744060353262
84 0.25553377568474084 0.06536820208320383
83.5 0.25385071454432034 0.06451144560970604
83 0.2536389892235605 0.06440576548417612
82.5 0.25207153207909994 0.06360954477515884
82 0.2513740021885308 0.06325895525141507
81.5 0.25040814105455017 0.06277677024434655
81 0.2490014879396268 0.062070522941355136
80.5 0.2482323394056545 0.061687679514605916
80 0.2472456128580847 0.061200553191335466
79.5 0.24599397643802068 0.06058098540550256
79 0.24474748861184883 0.0599712657712925
78.5 0.24367009874649662 0.0594410172529768
78 0.24238777886752874 0.058814753645936795
77.5 0.24141476660587333 0.05834693628573313
77 0.24047929920523625 0.05789698724664743
76.5 0.23970093668078532 0.05751826914689737
76 0.23822137159971335 0.05681258400795703
75.5 0.23723149440417068 0.05634434861517877
75 0.23622559905852944 0.05586297623291042
74.5 0.23513445100886302 0.055350002213158854
74 0.23394258184090974 0.05479140355487131
73.5 0.23268253924993526 0.05420718363976382
73 0.23188774358885716 0.05383528218716017
72.5 0.2302934221938209 0.05309868084521176
72 0.22829191911252406 0.05217433887131915
71.5 0.22797680425316658 0.052028585186287835
71 0.22728350287051746 0.051716220492680556
70.5 0.2258966844122107 0.05108692895968623
70 0.22454838138145145 0.050479843054674484
69.5 0.223424008474822 0.04997580282422191
69 0.22231602202150869 0.04947978491103696
68.5 0.22073811426498247 0.048780412738878565
68 0.2199705175763915 0.0484434735631751
67.5 0.218924238882998 0.047982357069773655
67 0.2171801482855104 0.04721959649297579
66.5 0.216780960316988 0.047045936846959006
66 0.21509570187570135 0.04631828621026735
65.5 0.21397819324581813 0.04583559813702626
65 0.212621541809929 0.04525885589160992
64.5 0.21210182423710752 0.045037942086516916
64 0.21048952062542453 0.044357874207710715
63.5 0.2087553421580034 0.04362873210687437
63 0.20702944173915874 0.04291116585253253
62.5 0.20591697789669305 0.04245017209017827
62 0.20542534039336086 0.04224876156817793
61.5 0.20338866838697747 0.04141530839882137
61 0.20262217790528295 0.04110390850773947
60.5 0.2009334331934512 0.04041983314198026
60 0.19923338859502226 0.03973950401948483
59.5 0.19862096271066557 0.039496665471198567
59 0.1971856165153843 0.03892645052526892
58.5 0.19585110821930993 0.038405708588064164
58 0.1948045397130884 0.037991646475998654
57.5 0.19350347355271494 0.03748770527818938
57 0.1919893644205797 0.036903724804684505
56.5 0.19094922321699895 0.03650431764681178
56 0.18975200886873034 0.03604884667200017
55.5 0.18839184917084745 0.03553361067671811
55 0.18659911879231825 0.03485731928753728
54.5 0.18563297990421646 0.03449698600187381
54 0.1838549129130936 0.033844066382687416
53.5 0.1827380254490606 0.03343169770260917
53 0.1811094463360703 0.03284085551333151
52.5 0.1804870596564304 0.032613506923871154
52 0.17888206057171405 0.03203715677184802
51.5 0.17756794694359693 0.03156793969816309
51 0.17638683375311892 0.03114825502098706
50.5 0.17457248547478701 0.030510641107433588
50 0.17284481914253244 0.029911134787628565
49.5 0.17166386452205618 0.029502244779981826
49 0.17029836392302128 0.02903445964499633
48.5 0.16895775119210035 0.028576223882957084
48 0.16807245387657274 0.02827933563467686
47.5 0.1661622275980673 0.027640846388182178
47 0.16491075240681952 0.027226121535881217
46.5 0.16382497289467246 0.026868787328646615
46 0.1618961350397029 0.026244850395665348
45.5 0.16068485263183177 0.025847756057131518
45 0.1596044416290568 0.025504113351567638
44.5 0.15750255623035037 0.02483666867804843
44 0.15611871941994357 0.024403403642762868
43.5 0.15495352204574572 0.024041177244314323
43 0.15355536231104355 0.023606423787424034
42.5 0.15258878087435218 0.023308300293016577
42 0.15021419613641032 0.02258963856956328
41.5 0.14894406781625336 0.022209179651738
41 0.14752083378248423 0.021787500420650897
40.5 0.14586571756784458 0.02129914663157447
40 0.1443280501542261 0.020854316665657662
39.5 0.14325923087905468 0.020548488661682667
39 0.14178296057070078 0.02012514846220643
38.5 0.14003316832954057 0.019630927042012067
38 0.13855756986506534 0.019220773856392606
37.5 0.13740819142377933 0.018901418754838407
37 0.1359682840436463 0.01851066403933501
36.5 0.13387915887869092 0.01794286201760593
36 0.1327632453821378 0.017647469162179522
35.5 0.131463990896232 0.017302726729561825
35 0.12944531403613627 0.01677280952816625
34.5 0.12804245569581438 0.016413039100327466
34 0.12647722300984074 0.01601331999784766
33.5 0.1255122922269708 0.01576996369080595
33 0.12356022573667809 0.01528311408855263
32.5 0.12176506700495632 0.014844011018561353
32 0.12050787226964674 0.014537892017411208
31.5 0.11853114267839483 0.014065299365960765
31 0.1175261218225558 0.013829021319268301
30.5 0.11599791273134677 0.013470892520250922
30 0.11412160934611262 0.013039492661062446
29.5 0.11237393332409454 0.012641827584968134
29 0.11074259966041337 0.012277833932612774
28.5 0.10948988814241173 0.011999805441379827
28 0.10785260220969792 0.011644253030805449
27.5 0.10624091354114304 0.011296642908901746
27 0.10512336497876704 0.011061308292282145
26.5 0.10356096280476483 0.010735706775104206
26 0.10171299128964813 0.010356395704605403
25.5 0.09986499934957777 0.009984509205519989
25 0.09826893481213694 0.009667375452759813
24.5 0.096805108337614 0.009379912822238894
24 0.09510196388897753 0.009053842184433124
23.5 0.09379132635610515 0.008806623521993621
23 0.09199320437494476 0.008470717256195545
22.5 0.08990060289379184 0.00808994899515873
22 0.08797998169755485 0.007747397988370017
21.5 0.08746695875321951 0.0076573684128903394
21 0.08521584734920752 0.007269366672273224
20.5 0.08372537105627904 0.007016476360783408
20 0.08250210462425944 0.006812551843764324
19.5 0.08076608383997928 0.0065288560366031905
19 0.07914456621961607 0.006269611003902351
18.5 0.07738861979713732 0.005995048834100957
18 0.07550960416059327 0.00570658479958709
17.5 0.07455365023881662 0.0055641089733359985
17 0.0721872998200541 0.0052164476624698905
16.5 0.0713709130150897 0.005097659055175509
16 0.069033558518603 0.004769303537973455
15.5 0.06781936828245819 0.004603755938086432
15 0.06592154271043504 0.004349054393899111
14.5 0.06477059789100059 0.004198375913327539
14 0.06295591183226285 0.003965791740985422
13.5 0.06182737802912497 0.003825046916778365
13 0.05927900907108358 0.003516694839309868
12.5 0.05860451419802277 0.003436892002753413
12 0.05687233539172543 0.003236168178741055
11.5 0.05493834089626068 0.003019996077670122
11 0.05384756500511114 0.0029017122227074786
10.5 0.05277226887502007 0.0027863418672409235
10 0.05105230123826293 0.0026075112756131775
9.5 0.04910033969282991 0.0024121717983567954
9 0.047811017064989955 0.002287026484057104
8.5 0.046844507865229285 0.0021951044098553704
8 0.04627452820974037 0.0021424334784904435
7.5 0.04537751742876462 0.0020596968731672765
7 0.04331187770773235 0.0018762713690593047
6.5 0.04274438009422785 0.0018274100381051937
6 0.041539217867708964 0.0017258195852527488
5.5 0.04117631190678245 0.0016957461074024018
5 0.04062583952802447 0.0016506415141500491
4.5 0.03972136641205986 0.001577947618300628
4 0.03934462203286131 0.0015480496230277127
3.5 0.03923302734576736 0.001539264238326056
3 0.038900118952845675 0.00151323909822136
2.5 0.03860532522595523 0.0014903825780843234
2 0.038368972178556476 0.0014721846492890408
1.5 0.03824593784530558 0.0014627551625996545
1 0.03814319516434876 0.0014549036822290868
0.5 0.03812026365400407 0.0014531545593612556
