1000 0.6395965983007077 0.40920921987857445
999.5 0.6392309643581308 0.4087379300084497
999 0.6391901647404346 0.40868915009403783
998.5 0.6392778975284542 0.40880152336474945
998 0.6394731338646544 0.40905164882037104
997.5 0.6392486557089196 0.4087639103711274
997 0.63945055796728 0.4090216485276473
996.5 0.6394341530607514 0.40899918999927337
996 0.639474514261904 0.4090481479513875
995.5 0.6392315659713735 0.408742993451831
995 0.6391520351219857 0.408640067770165
994.5 0.6393597129208934 0.4089011266116853
994 0.639174449401462 0.40866885063828023
993.5 0.6393432640391777 0.4088854479964156
993 0.6392853555000116 0.40880857763099054
992.5 0.6392978320719064 0.4088233122776512
992 0.6392517364938765 0.4087651983372424
991.5 0.6396150031409258 0.40923440573771896
991 0.6394413491318652 0.4090107134913992
990.5 0.6393418372239775 0.40888224350108576
990 0.6393120879512335 0.408843535279542
989.5 0.6390904596144772 0.40855925853426756
989 0.63909061093399 0.408560077707083
988.5 0.63904532182752 0.40850092804004007
988 0.6390607464195625 0.4085224789616743
987.5 0.6393089412010237 0.40884154972264203
987 0.6389625386883704 0.40839744759531205
986.5 0.6392357387049082 0.40874361247813595
986 0.6389781507329741 0.40841744115013867
985.5 0.639201481809039 0.4087052800693633
985 0.6391433846706677 0.4086317305172924
984.5 0.6389807109140282 0.408422522395392
984 0.6390552456329764 0.4085167521755888
983.5 0.6390716034040242 0.40853535499844923
983 0.6389588871903926 0.40839627647452453
982.5 0.6390490710212888 0.4085080408149437
982 0.6389171677011325 0.4083409464494424
981.5 0.6386933221123611 0.40805344455515585
981 0.6389021759690224 0.4083194609605696
980.5 0.6391281585198769 0.4086071914722193
980 0.6387875733710701 0.40817442595446124
979.5 0.6387007227275828 0.4080654401102664
979 0.638902248216851 0.40832147321810125
978.5 0.6388514617351356 0.4082556982059304
978 0.6389908372132005 0.4084355922132493
977.5 0.6388199556881974 0.40821314618505206
977 0.6388710978851359 0.4082810213046411
976.5 0.638894287837091 0.40830912750571485
976 0.6387022645837503 0.4080654906107877
975.5 0.6390259280646146 0.40847939325018734
975 0.6387747157081417 0.4081541693933687
974.5 0.638673693752358 0.4080254948295789
974 0.6390120329561522 0.4084615852250684
973.5 0.638410217481721 0.40769217499295346
973 0.6389879759534027 0.4084301016289672
972.5 0.6389036134125593 0.4083237801088003
972 0.6386584627609122 0.4080096943725044
971.5 0.6386081860369416 0.40794035115289173
971 0.6383332874288877 0.4075958737737917
970.5 0.6389281596314167 0.40835559331465404
970 0.6387544515448845 0.4081338848267796
969.5 0.6386320341334275 0.40797684670393275
969 0.6385984748580779 0.40793320090843666
968.5 0.6385404332256253 0.40785837451125123
968 0.6386038876470681 0.40794042729507646
967.5 0.6385621684316655 0.4078864552628063
967 0.6384295563292794 0.40771551320709065
966.5 0.6385841565120286 0.40791464753737033
966 0.6383954414180264 0.40767490374444915
965.5 0.6384797932168769 0.40778023377531925
965 0.6383926975918701 0.40766640615796024
964.5 0.6382049829308716 0.4074308012096121
964 0.6385474250799975 0.407868337881334
963.5 0.6386110928439671 0.4079476010679518
963 0.6385325044434025 0.40784972961881516
962.5 0.6385666850363476 0.407892846274656
962 0.638562115018027 0.4078841801780821
961.5 0.6383140450117838 0.40757129330946484
961 0.6382982096630726 0.40754763088405366
960.5 0.6386721216103195 0.4080243933601606
960 0.6383769658649894 0.40764656044794
959.5 0.6383014841768639 0.40755331890780827
959 0.6385193422211914 0.4078331266358864
958.5 0.6384378919906017 0.40772808695276
958 0.6383825573400292 0.40765642618520836
957.5 0.63838945155667 0.40766427622286877
957 0.6382854565235336 0.40753111488868404
956.5 0.6380886593776895 0.40728235466737545
956 0.6380422062224063 0.4072219352011346
955.5 0.6384556283797393 0.40775256973656787
955 0.6382720182573833 0.40751749013124544
954.5 0.6379922685224606 0.40715802913289617
954 0.6382403233251619 0.4074732482347825
953.5 0.6380387879381652 0.4072201559192985
953 0.6381105328792168 0.40731080197556857
952.5 0.6382623356808442 0.4075026613313112
952 0.6383199803844579 0.4075764357600505
951.5 0.6380853526011051 0.4072788668286385
951 0.6382137634178322 0.40743788493899646
950.5 0.6381047425088641 0.4073022616428989
950 0.638063759972881 0.4072526584312244
949.5 0.6379483775776092 0.4071016172990029
949 0.6379170563784051 0.4070623743826268
948.5 0.6378402703532076 0.40696442094946017
948 0.6379061104405678 0.40705111221459944
947.5 0.6379274676864888 0.4070728347049825
947 0.6378386803786769 0.40696376603039897
946.5 0.638094876236546 0.40728319802493446
946 0.6379513714149708 0.40710736853334967
945.5 0.6376461484785502 0.406714960056001
945 0.6378014864967496 0.40691402879984295
944.5 0.6378503534512815 0.4069778241317014
944 0.638023559877155 0.4072004082614882
943.5 0.6379155404253333 0.40706048513006654
943 0.637633568400154 0.4067019263740655
942.5 0.6378572658744829 0.40698689085876266
942 0.6380523965749543 0.40723726583622194
941.5 0.637963681590362 0.40712084209929134
941 0.6377247199729522 0.4068198405592463
940.5 0.6380908858780678 0.40728425040989846
940 0.6378161320325723 0.4069375990615206
939.5 0.6376991694241293 0.4067827689482347
939 0.6379921635562701 0.40715722784658775
938.5 0.6378260977069848 0.4069486951317764
938 0.6378642303286945 0.4069958665251125
937.5 0.63803814592176 0.4072217605762183
937 0.6378155479064544 0.4069340132346343
936.5 0.637798888520244 0.4069103772730476
936 0.6379550317199255 0.40711245022423603
935.5 0.6377687294409149 0.4068743971691819
935 0.6375843333416011 0.40663624088121303
934.5 0.6377916856126654 0.4069034350734402
934 0.6378952436104245 0.4070378090706379
933.5 0.6377860536014862 0.40689755429790775
933 0.6375515839179662 0.4065951781768264
932.5 0.6376525028099506 0.40672610341307397
932 0.637493374276374 0.406525515851377
931.5 0.6375133058790698 0.4065485578496412
931 0.6374833123945088 0.40650757079686195
930.5 0.6377403928601252 0.4068369500693036
930 0.6374734819044586 0.40649611288467735
929.5 0.6375172220152212 0.4065490291066049
929 0.6374788962351314 0.40650282391842485
928.5 0.6375587225602516 0.40660697570909915
928 0.6374522411512183 0.4064684293384429
927.5 0.6375042776923577 0.4065356597189073
927 0.6376187966388992 0.4066789024436869
926.5 0.6374327918415384 0.40644684103495976
926 0.6374628550388298 0.4064841730150944
925.5 0.6374993120572406 0.4065282988791667
925 0.6375225947767174 0.4065591476899718
924.5 0.6373004806599537 0.40628063497774314
924 0.6373250861122846 0.406306849479086
923.5 0.6372840250521512 0.40625392776480423
923 0.6372110067567184 0.40616152247019005
922.5 0.6372056858334236 0.406158096415185
922 0.6373662718750955 0.4063603085157146
921.5 0.6370771147637764 0.40599056546570556
921 0.63747228856021 0.4064979162643623
920.5 0.637214857055542 0.40616774220661017
920 0.6372428297094808 0.40620184777526624
919.5 0.6372022786900072 0.40615138343301893
919 0.6373939307050197 0.4063994922230983
918.5 0.6371890788731828 0.4061339426405807
918 0.6372239335443635 0.4061796938202935
917.5 0.6371607665076628 0.40609701389265374
917 0.6371901473022462 0.40613601422417867
916.5 0.6370730506916393 0.4059888417381777
916 0.6373161538250147 0.40629496122688663
915.5 0.637278946499755 0.40624681200730384
915 0.6369754254890783 0.4058625065887629
914.5 0.6370475724775473 0.4059552497983619
914 0.637007051130032 0.4059041573094274
913.5 0.6370517133292647 0.40595640157288454
913 0.637163972121322 0.4061030855605399
912.5 0.6373031204940797 0.40628231442832435
912 0.6367654876753863 0.4055953842547454
911.5 0.6368132337023567 0.4056554558918257
911 0.6369042651684388 0.40577295388270945
910.5 0.636855538245482 0.4057078531777091
910 0.6370052772296021 0.40589856639742977
909.5 0.6367925524816924 0.4056266148775955
909 0.6366449264428408 0.4054406089560564
908.5 0.6367218508927456 0.405536940415835
908 0.6368901469064195 0.4057542343317684
907.5 0.6367525479863114 0.4055794877078205
907 0.636817277793132 0.4056603106797696
906.5 0.6368881268000237 0.4057487863576398
906 0.6367528909264095 0.4055773787111457
905.5 0.6369592541607214 0.40583957149916133
905 0.6367092623824395 0.4055248762435134
904.5 0.6367403893745088 0.4055635432519139
904 0.6366912506803898 0.4054986169573636
903.5 0.6368038158722988 0.40564411882739587
903 0.6368573042185313 0.40571087768033837
902.5 0.6366814893720442 0.40548796414211263
902 0.6366666630000662 0.4054704209890697
901.5 0.6368503803731537 0.4057022241524542
901 0.6367441612924228 0.4055667533866962
900.5 0.6366347522044546 0.4054277858105697
900 0.6367210255550679 0.40553986489256344
899.5 0.6366980692928242 0.40550615112344396
899 0.6366059743639502 0.4053925392492842
898.5 0.6364958487783096 0.4052529776967461
898 0.6366499657597229 0.40545096518474766
897.5 0.6367285646912623 0.4055502607513739
897 0.6365029024141614 0.40526020256656414
896.5 0.6366494578688143 0.40544504019949923
896 0.6365619195101765 0.40533428451427717
895.5 0.6365713023090529 0.40534668845532884
895 0.6365869969277749 0.40536720127158843
894.5 0.6363352907310302 0.4050481610274774
894 0.6366196840899159 0.4054065021723296
893.5 0.6362836149810949 0.4049842687555232
893 0.6363132742885529 0.40501981428807415
892.5 0.6361248585870762 0.40478215827703545
892 0.6364164075981015 0.40515062094598076
891.5 0.636355799879759 0.4050703090494318
891 0.6364927119269997 0.40524965305523697
890.5 0.6363714681342848 0.4050975683996457
890 0.6363595289743911 0.40507847804122993
889.5 0.6361295580294043 0.4047861911090188
889 0.6364377193889145 0.4051786360248452
888.5 0.636361329464977 0.40507986189896733
888 0.635986792073638 0.4046056010496496
887.5 0.6366164432276025 0.40540354878938484
887 0.6361946335664311 0.4048728111178491
886.5 0.6362571637613692 0.40494756239733287
886 0.6361497478813541 0.4048129187995991
885.5 0.6364203634506341 0.40515515544620795
885 0.6359243602549371 0.40452552259227487
884.5 0.6365036770493826 0.40526021437790904
884 0.6360644105912275 0.4047036425890925
883.5 0.636064324440568 0.4047044825986418
883 0.6363430461966809 0.4050580819326455
882.5 0.6362377070683015 0.40492356493958837
882 0.6360280896956658 0.40465797995320857
881.5 0.6361741382840925 0.4048422990179891
881 0.6360174388116121 0.4046430073019271
880.5 0.6361371970143185 0.4047962202142358
880 0.6358215779075879 0.40439467254337236
879.5 0.6359409149580284 0.4045435755989435
879 0.6358678563582414 0.40445620900221063
878.5 0.6358963300178697 0.40449129158224095
878 0.6358225056029687 0.4043933352816208
877.5 0.6359934142785991 0.4046070635276921
877 0.6357440853944285 0.4042947335093733
876.5 0.636056340878275 0.40469695412315126
876 0.6358650761761173 0.4044505785033683
875.5 0.6356681890108421 0.40419904047848376
875 0.6356538082977298 0.4041794746865863
874.5 0.6359401449545206 0.4045458267399852
874 0.6359600085031113 0.4045687983636942
873.5 0.6356784630318564 0.40421018812358495
873 0.6359315751878486 0.4045349523035231
872.5 0.6357719404009455 0.4043298959101938
872 0.6360194208590703 0.40464484038145304
871.5 0.6358077291198982 0.40437489078496
871 0.6360181367346336 0.40464652206147994
870.5 0.6361045765437079 0.40475241534606615
870 0.6354785862242031 0.40395531785554595
869.5 0.635701674846619 0.40424257258666013
869 0.6356126464080388 0.404128902620301
868.5 0.6356733918767724 0.40420542957781813
868 0.6357392719942961 0.40428565621208984
867.5 0.6356794614095896 0.404212781780473
867 0.6355952666626203 0.40410733655266573
866.5 0.6355244113247347 0.4040186839897836
866 0.6354680821995635 0.40394405573321135
865.5 0.6354334687614644 0.4038979783358583
865 0.6354922513343114 0.40397463342814216
864.5 0.6354086621001467 0.40387017676004167
864 0.6354472442413733 0.4039196316477189
863.5 0.6351929577712344 0.4035916418975071
863 0.6353306696890556 0.40377027103678037
862.5 0.6355030212503346 0.4039899208655018
862 0.6352167458693209 0.4036272846409482
861.5 0.6355024875230263 0.403990839595773
861 0.6349964316763248 0.40334772317903517
860.5 0.635307755457332 0.40374218005997037
860 0.63530651770137 0.4037414725749551
859.5 0.6352801974576735 0.40370807212755133
859 0.6353221001126043 0.4037577638017417
858.5 0.6355191206148159 0.4040113491366985
858 0.6352058456991041 0.40361430886800265
857.5 0.6351689319008926 0.4035651554178463
857 0.6350376969292771 0.40339910658323763
856.5 0.6349995240057105 0.4033447044459154
856 0.6350828736880301 0.40345467186082157
855.5 0.6353984060761515 0.4038540673448557
855 0.6351810365215038 0.40357958574110414
854.5 0.6352327055452883 0.403647484945488
854 0.634850680561262 0.4031626821596122
853.5 0.6353453275772186 0.4037918512414395
853 0.635056857886799 0.4034230511006368
852.5 0.6350681006464353 0.403439354054735
852 0.6350986167902399 0.4034750667962431
851.5 0.635088331994855 0.4034644891384299
851 0.6349076761824192 0.4032311621477452
850.5 0.634774459747146 0.4030650528512969
850 0.6349784522073274 0.4033260861748659
849.5 0.6348718507276354 0.40318788409810835
849 0.6348985676602878 0.4032225227640589
848.5 0.634770204272556 0.40306038528147947
848 0.6351591866129443 0.40355312864460513
847.5 0.6349713320424697 0.4033142116224363
847 0.6350453655002862 0.40340912521937033
846.5 0.6349419267324717 0.4032763570732252
846 0.635005229659192 0.40335492721571736
845.5 0.6350789198696853 0.403450595398018
845 0.634802123519165 0.4030992396719667
844.5 0.6347821227154888 0.40307327218972805
844 0.6347794843162075 0.40307382724461893
843.5 0.6347965779123244 0.4030921572000793
843 0.634713197055293 0.40298707176882786
842.5 0.6348279171432252 0.40313306089551115
842 0.6346034296227984 0.40284739886608983
841.5 0.6348711468994797 0.4031885129728892
841 0.6344325458376217 0.4026305711979035
840.5 0.6345247073162762 0.4027469062690942
840 0.6345510574667559 0.4027835167085627
839.5 0.6346794139941441 0.4029436321810053
839 0.634355777148738 0.40253391691128115
838.5 0.6347546978525944 0.403039104767079
838 0.6349250983049405 0.40325178634200204
837.5 0.6346420269991215 0.40289455159450666
837 0.6345346619460857 0.4027542033180643
836.5 0.6346808662007377 0.40294439931873705
836 0.6344355665883796 0.4026351849349428
835.5 0.6345890280366665 0.40282865215693775
835 0.6345377659147273 0.4027643851552256
834.5 0.6345035022532902 0.4027232444850016
834 0.634370981539688 0.40255320300734154
833.5 0.6345166668207721 0.4027355475952843
833 0.6344074066906523 0.4025996018492689
832.5 0.634603920151743 0.4028480891726886
832 0.6345522606431099 0.40278474782122076
831.5 0.634303043169469 0.40246821727030674
831 0.6343984454830828 0.40258935216746233
830.5 0.6341300252035535 0.4022457690523043
830 0.6343416604384117 0.4025151516974684
829.5 0.6341701013478613 0.40229301761414343
829 0.6342377615286726 0.40238385318830205
828.5 0.6342921887086012 0.4024472533193946
828 0.6341427053534513 0.40226194330931975
827.5 0.6341057208852081 0.4022175273243044
827 0.6343434402616 0.4025188583936033
826.5 0.6342087362756924 0.40234386862636623
826 0.6341873986768848 0.4023207584188432
825.5 0.6342719429210142 0.40242732879141463
825 0.6340387833203354 0.40213042089665657
824.5 0.6341748115738098 0.402301546535894
824 0.6340387549317681 0.4021284436244539
823.5 0.6338706682846491 0.40191713052144057
823 0.6339578829845811 0.4020280485716254
822.5 0.6341578524771345 0.4022791887513985
822 0.6338485422477941 0.4018904613580125
821.5 0.6334937746072302 0.4014404804138569
821 0.6338849454817364 0.4019383250555111
820.5 0.6335642314128972 0.401530389104119
820 0.6339825111108387 0.4020613109445099
819.5 0.6341387500210769 0.40225659714794954
819 0.6339708912040022 0.4020471309554888
818.5 0.6338065629554603 0.4018345031942315
818 0.6340004979200233 0.4020794170123261
817.5 0.6336088341930209 0.4015830426440758
817 0.6336652913005668 0.40165705313327327
816.5 0.6335416280259004 0.40150220830877736
816 0.6340922342829388 0.4021962765074825
815.5 0.633886983442967 0.40193502084403576
815 0.6337653724874592 0.40178299125196526
814.5 0.6335656054406518 0.4015304135692098
814 0.6338278158063165 0.40186181095482115
813.5 0.6338471080782185 0.4018881017208991
813 0.6338280170718716 0.4018632610157551
812.5 0.6337756973508265 0.4017966603425924
812 0.6336610656274262 0.4016517947540166
811.5 0.6336311341231812 0.4016145981090135
811 0.6338309862362145 0.4018660428476733
810.5 0.6334190324265191 0.4013443126797995
810 0.6331792823089714 0.4010402756498656
809.5 0.6335393189368916 0.4014983596858082
809 0.6334702940327166 0.4014075960011795
808.5 0.6335233589025724 0.40147684333374983
808 0.6334258966181652 0.4013541371334305
807.5 0.6334340748350539 0.40136295826593604
807 0.6335349587245537 0.40149228842466766
806.5 0.6334329635911369 0.4013623523611824
806 0.6333953233363622 0.40131931660993514
805.5 0.6333943584402226 0.4013145432482629
805 0.6334483155082592 0.4013825528612025
804.5 0.6334719539744981 0.40141505719162873
804 0.6332106065799431 0.4010828162121636
803.5 0.633030907184336 0.40085139424661226
803 0.6332270972183055 0.40110328207589985
802.5 0.6331665133739471 0.40102336212015344
802 0.6329033892676923 0.4006916670663416
801.5 0.6332812540785373 0.4011699772366384
801 0.6332785392238166 0.4011674138217946
800.5 0.633066362971439 0.40089755035975166
800 0.6331557722286788 0.4010132993910497
799.5 0.6327547560738838 0.4005050993723292
799 0.6333090367579177 0.40120733159758276
798.5 0.6330720755105714 0.4009050013526625
798 0.6331711589411045 0.401031131093548
797.5 0.633092305362744 0.40093188518187467
797 0.6330056592630527 0.4008209064914344
796.5 0.6329395751860436 0.4007400640522898
796 0.6330570647176406 0.40088689845891196
795.5 0.6330345769391583 0.4008574329903968
795 0.632887400502637 0.40067284796984776
794.5 0.6329310938808959 0.4007297506429434
794 0.6329239658339005 0.400717413100139
793.5 0.632988334726738 0.4007972185550458
793 0.6328824515940523 0.40066655744863056
792.5 0.6332632088244311 0.4011485376510934
792 0.6328079954726133 0.4005719199209418
791.5 0.6328528145077097 0.4006278907655985
791 0.6326396026278092 0.4003562847556839
790.5 0.6326059079375476 0.40031518386614123
790 0.6325253467522116 0.4002124854690938
789.5 0.6326128488889278 0.4003245959159448
789 0.6327768889350481 0.40053495750772733
788.5 0.6326125321080877 0.4003229370697173
788 0.6325247718366391 0.40021662161246235
787.5 0.6324838804678051 0.40016056120548615
787 0.6325337024111416 0.4002255608333507
786.5 0.6326818515427041 0.4004114127623081
786 0.6327110197683803 0.40044628725929726
785.5 0.6325239671442375 0.40021482617822873
785 0.6326576079000458 0.4003819721140857
784.5 0.6324869577508964 0.40016742994596005
784 0.6327835618835027 0.4005412654324978
783.5 0.6324112116109848 0.40006993230246346
783 0.6323886445051532 0.40004295944670115
782.5 0.6327701547513249 0.4005255024714083
782 0.6323164976777793 0.3999520020790897
781.5 0.6325396235030106 0.40023450272854594
781 0.6323544200436942 0.39999776009502397
780.5 0.6323910311107389 0.4000454841504974
780 0.6323357853655542 0.3999761829668115
779.5 0.6320725658522188 0.3996413414346368
779 0.6323374148216371 0.3999760064147453
778.5 0.6323122608747397 0.3999455527102825
778 0.6322892938680881 0.3999139327468116
777.5 0.6322029814958577 0.3998059054898625
777 0.6321667663256777 0.3997607517304427
776.5 0.6321994303941173 0.3998007249530589
776 0.6322458840262765 0.39985990763549956
775.5 0.6321157284316171 0.3996940513371616
775 0.6322060031345461 0.3998093523443374
774.5 0.6321583664619055 0.39975329351928984
774 0.6321749579001777 0.39976928441364096
773.5 0.6320130197177444 0.39956725038004237
773 0.632126078746852 0.39970773230045553
772.5 0.6320157947167008 0.39956923681808587
772 0.6318480867988615 0.39935898498414873
771.5 0.6320878149510635 0.3996610338320791
771 0.6319667628493874 0.3995073791487383
770.5 0.6318380671562943 0.3993495980888278
770 0.6316502843942537 0.3991111867397371
769.5 0.6319493258957156 0.39948594227155093
769 0.6321355846119676 0.3997211184621733
768.5 0.6318122707790177 0.3993134574692232
768 0.6318097193777376 0.39930986081694203
767.5 0.6316938898727601 0.3991629999769929
767 0.6317102334120722 0.3991835760483131
766.5 0.6319134174609621 0.39944443039395555
766 0.6316533984074203 0.3991130997704688
765.5 0.6317513062734951 0.3992340957826107
765 0.6314420066491414 0.3988472709788336
764.5 0.6317450325373835 0.39922943135899014
764 0.6316924213921875 0.3991593265010516
763.5 0.6315922043963575 0.3990376823976674
763 0.6316549955482317 0.3991128067645156
762.5 0.6316844860585114 0.3991491601591731
762 0.6313928432286106 0.39878043485952713
761.5 0.6315585385454283 0.39899310547514866
761 0.6315519747537718 0.3989824957336179
760.5 0.6314163810667954 0.3988114343931417
760 0.6317151722767509 0.3991917346075137
759.5 0.6316745148793205 0.3991387098818918
759 0.6316606045941544 0.3991218601293752
758.5 0.6313102852460636 0.39867881573524944
758 0.6311367751213339 0.3984613574295129
757.5 0.631382118992521 0.39877217496406286
757 0.631436284281164 0.39883832656427376
756.5 0.631094326306503 0.3984034727427654
756 0.6314116018988191 0.39880619398319084
755.5 0.6313078017234447 0.39867705564847694
755 0.6311484945515122 0.3984728966027503
754.5 0.631468312363247 0.39887923173512624
754 0.6311547786597855 0.39848193521753
753.5 0.6312213533152258 0.398564128226425
753 0.631131832126697 0.39845283763751194
752.5 0.6313752856798763 0.39875800591516763
752 0.6312163537000306 0.3985628901122382
751.5 0.6310224405709933 0.39831626161386136
751 0.6310483012203475 0.39834877240450334
750.5 0.6309581499467649 0.3982341830466856
750 0.6310306594185577 0.3983269952126465
749.5 0.6312103711272784 0.39855060918121654
749 0.6308747541380106 0.3981289392447543
748.5 0.6308864731614131 0.39814933452513657
748 0.6308148730486923 0.3980539160373976
747.5 0.6308185807186308 0.39805918452391786
747 0.6306419424756055 0.397837030975313
746.5 0.6308245674311084 0.3980663225957068
746 0.6309533841595255 0.3982279654026761
745.5 0.6310513906133343 0.3983523290347473
745 0.6310068267880128 0.3982945686197768
744.5 0.6309757055285026 0.3982563270504356
744 0.6309654155082388 0.3982444883718617
743.5 0.6308155580690791 0.3980579284605738
743 0.6310287034835411 0.3983236568142946
742.5 0.6307370367559559 0.39795460343975647
742 0.6306627249411013 0.3978654232187832
741.5 0.6308018572932722 0.39804109487908923
741 0.6305250379982307 0.3976891403217441
740.5 0.6305875009184538 0.3977679612354469
740 0.6304922466653019 0.3976513324243468
739.5 0.630608519756309 0.3977911372724357
739 0.6304057687090022 0.39753780495938756
738.5 0.6305160671418327 0.3976794387818504
738 0.6307842405830992 0.39801508739668406
737.5 0.6302557843864565 0.39734909106892674
737 0.6305068307110215 0.39766503448826757
736.5 0.6304207504204522 0.3975529254555037
736 0.6304122847591628 0.3975487766169777
735.5 0.6303727750251572 0.39749507377347537
735 0.6303164733599064 0.3974234692428557
734.5 0.6303275457622874 0.39743930747227424
734 0.6301258339785867 0.39718401272569115
733.5 0.6305995962664941 0.39778172284862195
733 0.6300712455088511 0.39711698970105713
732.5 0.6303037915940546 0.3974100606316501
732 0.630250099962604 0.3973383654574337
731.5 0.6303183153141066 0.39742954433854194
731 0.6301942083370404 0.3972702662768407
730.5 0.6301691590471646 0.39723978159695034
730 0.6301273641158094 0.397188518218625
729.5 0.6300636511542008 0.3971063164102076
729 0.6298596905875931 0.39684860414751977
728.5 0.6300564422550378 0.39710086485914453
728 0.6300497800336727 0.39708682657293104
727.5 0.630070975660881 0.397117732321234
727 0.6301662821971621 0.3972368281376011
726.5 0.6298416686930146 0.39682841492609455
726 0.6301906140808112 0.39726531498263884
725.5 0.6297727962492876 0.39673798027403556
725 0.6298626232328108 0.3968555804617591
724.5 0.6300457738142007 0.3970830709959399
724 0.6299596559198924 0.39697841557870445
723.5 0.6297188680085195 0.3966743168569751
723 0.6297623423142534 0.3967248623884498
722.5 0.6297743415313397 0.3967452544557062
722 0.6297824655303912 0.39675785087659243
721.5 0.6297766963992577 0.3967482976691952
721 0.6296789103884983 0.39662257018401953
720.5 0.6298828972204771 0.39688079484561867
720 0.629630505898737 0.3965595634956106
719.5 0.629591346755987 0.39651488643453986
719 0.6294122255177017 0.3962861834104231
718.5 0.6294590925793345 0.3963450852538514
718 0.6296844549375408 0.39662825317675776
717.5 0.6295276430503507 0.3964321190866622
717 0.6293467432632038 0.39620453777973685
716.5 0.6293240794457798 0.3961762177044041
716 0.6295949408283521 0.39651777207042993
715.5 0.6290823716777144 0.39587163852457885
715 0.6292317415624066 0.3960596606399582
714.5 0.6292003586612264 0.396021028425372
714 0.6295928073262672 0.39651296101257205
713.5 0.6293937560703718 0.39626318860682264
713 0.6292562033897352 0.39609009410968304
712.5 0.6291135656468643 0.39591183221407555
712 0.6292151467330943 0.39603800552729024
711.5 0.6293479291978752 0.396204400344818
711 0.6292383716258015 0.3960698552605183
710.5 0.6291543541902027 0.39596211622751576
710 0.6293433836466753 0.39620061833344483
709.5 0.6288088326371569 0.3955289628434441
709 0.6289679745470756 0.3957282663844396
708.5 0.6291524927259243 0.39596073774829166
708 0.6291033951597214 0.39589772695463804
707.5 0.6290951429088669 0.3958859173045831
707 0.6286479175756385 0.39532646876431454
706.5 0.628918492678441 0.3956644885315748
706 0.6290053119609768 0.39577384090809525
705.5 0.6290429007422896 0.3958203227794657
705 0.628930130346893 0.3956794722373939
704.5 0.6288117654033081 0.3955334103405421
704 0.629066795645678 0.3958495158640603
703.5 0.6288445430118331 0.3955712844596326
703 0.6287019968614449 0.395392493136122
702.5 0.628627257247154 0.39529966767782126
702 0.6288173446559004 0.39553755347299085
701.5 0.6286270696010496 0.39529945776865477
701 0.6288465251689326 0.3955737268211561
700.5 0.6286683846791389 0.395352218759459
700 0.6287619995975164 0.39546469488881564
699.5 0.6285701214359571 0.39523055209968344
699 0.6285153827410085 0.395157444643905
698.5 0.6286449934934 0.39532186333328173
698 0.6286579259202203 0.39533838596257204
697.5 0.628615948258446 0.39528467903230463
697 0.6283890935282352 0.39500280005225313
696.5 0.6282614616252812 0.3948378904925747
696 0.6283119942121305 0.3949024096002551
695.5 0.6284138718045286 0.3950316937332844
695 0.6283752394871434 0.3949826341209211
694.5 0.628314152731088 0.3949075182426727
694 0.6280246327246782 0.39454170223119506
693.5 0.6283241416024263 0.394918854286581
693 0.628302536857857 0.3948920107113626
692.5 0.628263425232917 0.3948422596135441
692 0.6283854131160238 0.3949946629725085
691.5 0.628158111039054 0.3947107014657084
691 0.628173528548426 0.3947294029387624
690.5 0.628293479987028 0.3948827253036264
690 0.6276301202920971 0.3940455964101184
689.5 0.6281114453508162 0.39464985243679807
689 0.627910974843836 0.3943991416811764
688.5 0.6280508671519509 0.3945735618859647
688 0.62801889138926 0.3945325815884399
687.5 0.6279389521727297 0.39443621104333654
687 0.6277818925407258 0.39423657271784623
686.5 0.6278542117378563 0.3943269493596583
686 0.628087003344784 0.394617042027586
685.5 0.6279854106289955 0.394491627062376
685 0.6277989660540783 0.39425717104605545
684.5 0.6279496378444596 0.39445042562711014
684 0.6278904254539412 0.3943705612275325
683.5 0.6272536309734271 0.39357644916266576
683 0.6278460587071966 0.3943171116459875
682.5 0.6279367653247088 0.39443163747297877
682 0.6275670836175672 0.3939677416954586
681.5 0.6276049583106152 0.39401605521343297
681 0.6275672733204972 0.39396393528135365
680.5 0.6276734328860691 0.3940998275961438
680 0.6275849850661381 0.3939897155667747
679.5 0.6276174300008647 0.39403441049316024
679 0.6275607930857258 0.39396512999813516
678.5 0.627474158754887 0.3938489676947363
678 0.627467665201091 0.3938433448469559
677.5 0.6271361876558178 0.3934278261795768
677 0.627468281958943 0.39384519133390267
676.5 0.6273419514750906 0.39368573912586086
676 0.6273131163629756 0.39364627439047506
675.5 0.6273175496896014 0.39365473484025865
675 0.6272436607741996 0.3935613679874621
674.5 0.627186493923419 0.39348856445714964
674 0.6272448716887881 0.39356517912044436
673.5 0.627188605744471 0.39349038297875466
673 0.6271003807192723 0.393380226128906
672.5 0.6270656089405363 0.3933378741795706
672 0.6270857432131154 0.3933662472719591
671.5 0.6273196262422909 0.39365560908192665
671 0.6268673336352036 0.393090955185695
670.5 0.6273603624260736 0.39370547452688015
670 0.6271112893121228 0.3933982780722582
669.5 0.6271002202694624 0.39338046999484
669 0.6270032013079968 0.3932618846424791
668.5 0.6271620632855104 0.3934572835443554
668 0.6266318895953081 0.39279153901400854
667.5 0.6268864225846669 0.39311121396459986
667 0.6267230407138218 0.3929124169186419
666.5 0.6267433309845561 0.39293139976516195
666 0.6269751629586061 0.39322575454700937
665.5 0.6264629469034299 0.3925821990339693
665 0.6266224986126097 0.3927847719694746
664.5 0.626780774383878 0.3929810905740452
664 0.6268748356583335 0.39309975395847724
663.5 0.6267457069822931 0.3929384125803932
663 0.6265469936968076 0.3926906879068098
662.5 0.626445900912056 0.39256433653124045
662 0.6265489592178668 0.39269247190288314
661.5 0.6264893212936793 0.3926184233393961
661 0.6262218124692801 0.39228254295272064
660.5 0.6263502524664777 0.3924430001562398
660 0.6261372718663979 0.39217906322127016
659.5 0.6264190937985415 0.392530311227705
659 0.6262461546884288 0.3923102394396037
658.5 0.6264646276051052 0.3925846852076874
658 0.6261445669765539 0.39218402192949975
657.5 0.6263428528617927 0.3924325577566139
657 0.6262874665656936 0.39236499279714304
656.5 0.6260386910081935 0.3920518200545152
656 0.6262703438697755 0.39234234519793104
655.5 0.6261521692299287 0.3921943660055893
655 0.62600690404413 0.39201190298457517
654.5 0.6260114624769053 0.3920174902964125
654 0.6261106589872695 0.3921424806877736
653.5 0.6259034889609417 0.39188259942972203
653 0.6259811399750722 0.3919777220466484
652.5 0.6258528806821753 0.39181789161597985
652 0.6259506065888513 0.3919446271534637
651.5 0.6257888206628672 0.39173975202681366
651 0.6258364674157239 0.3917979161294862
650.5 0.6259551839960991 0.39194364109371405
650 0.6258656474142298 0.39183730057007415
649.5 0.6258739693287133 0.3918466247563278
649 0.6259152244624917 0.39189604220217006
648.5 0.6259034642437646 0.3918852585230022
648 0.6256001592900402 0.39150450214521354
647.5 0.6257523402489528 0.39169729654828084
647 0.62576917748508 0.39171433795129923
646.5 0.6257927683449233 0.3917469462414566
646 0.6256334880977847 0.3915461325300874
645.5 0.625469089514392 0.3913389886924405
645 0.625387149388934 0.3912404587157858
644.5 0.6251176011822058 0.3908987659110364
644 0.6252375786840612 0.3910515111134239
643.5 0.6256045871021381 0.39151474825523225
643 0.6253763961966463 0.39122338720431166
642.5 0.6254413393283044 0.3913069374068825
642 0.6252502143063322 0.3910680547470438
641.5 0.6251965415519513 0.39099678442111413
641 0.625237132702242 0.3910501777354757
640.5 0.625290188379462 0.39111565789350733
640 0.6252948116434791 0.39112161430490494
639.5 0.6252020315956821 0.39100626548595446
639 0.6253811807541753 0.3912263253764897
638.5 0.6253682959192289 0.3912116419675904
638 0.6252547443405823 0.39107021834029493
637.5 0.6249684399137064 0.3907138441624301
637 0.6247521999404764 0.3904432451030746
636.5 0.625038575726892 0.3908038426409351
636 0.6250915337662856 0.3908637980895612
635.5 0.6251016430921849 0.39087980466976724
635 0.6249847276203365 0.3907373908871215
634.5 0.6249645334326764 0.39070822256462334
634 0.6248942769622615 0.39062027807677463
633.5 0.6248087441728979 0.39051135949351673
633 0.6247836630756456 0.39048063301132735
632.5 0.6249304263969376 0.39066753859551656
632 0.6246493051594101 0.39031302313656846
631.5 0.6245353899086286 0.39017484531750835
631 0.6245210986372033 0.3901558763644641
630.5 0.6245166337135771 0.3901497894614846
630 0.6245381915245918 0.39017708189780076
629.5 0.6244885736304114 0.3901117857039972
629 0.6244913816456836 0.3901195991195172
628.5 0.6243726545297122 0.38997221383814373
628 0.6245110899287875 0.39014029589508953
627.5 0.6243767782805061 0.38997314670582545
627 0.6243771883032682 0.3899768230347986
626.5 0.624127989771864 0.3896624158573747
626 0.6240184619630486 0.38952690319308014
625.5 0.6242271103550221 0.38978762219837654
625 0.6242321019502172 0.38979492164848584
624.5 0.6237987972649303 0.3892515651953514
624 0.6238346884773469 0.3892981820393479
623.5 0.6242471770681297 0.38981220560599245
623 0.6243063333513638 0.3898836107301212
622.5 0.6239231177718406 0.3894093322541233
622 0.6239829273214466 0.3894821558610604
621.5 0.624236486189683 0.38979801223743404
621 0.6239397744457982 0.389432595599672
620.5 0.624014536302312 0.3895214704561722
620 0.6240699449200513 0.3895915008861842
619.5 0.6237300977212505 0.3891682691499604
619 0.6239133900532998 0.38939367899058436
618.5 0.6239754443629513 0.3894714188163742
618 0.6237757062453714 0.3892246935079773
617.5 0.6237432241669455 0.3891867966346979
617 0.6235898180102255 0.3889957725656597
616.5 0.6238244343805677 0.389287451296639
616 0.6237029466133795 0.3891355053297046
615.5 0.6234785153137048 0.38885178432232803
615 0.6235970475594446 0.3890029830824198
614.5 0.6234780471880542 0.3888509887780458
614 0.6236451526641971 0.38906536495379274
613.5 0.6235081245165351 0.3888929590382394
613 0.6234724207747853 0.3888485742601867
612.5 0.6233050670397412 0.3886382712540906
612 0.623081043816124 0.388358251597819
611.5 0.6230906194089096 0.38837023706896057
611 0.6233594115696298 0.388705543467903
610.5 0.6232070787313062 0.3885158254769608
610 0.6231114571594655 0.38839539079599716
609.5 0.6232045994999256 0.38851570601744306
609 0.6231355328096068 0.3884275871003545
608.5 0.6232045865335982 0.3885105337700138
608 0.6230537237124764 0.3883245110933524
607.5 0.622707501019379 0.38789106469068907
607 0.6229855165750596 0.38823972100490656
606.5 0.6228953664895006 0.3881289681544658
606 0.6230050564755941 0.38826186170564736
605.5 0.6230128596258825 0.38827028816121134
605 0.6227350942418984 0.38792739636253276
604.5 0.6227531093357646 0.38794883517475853
604 0.622899176810501 0.3881323162840499
603.5 0.6228582799176023 0.3880844830090367
603 0.6228390576499575 0.3880561722753771
602.5 0.6227362464328672 0.3879286210865268
602 0.6227502834347091 0.38794634827306373
601.5 0.622883970373257 0.3881141580665321
601 0.6224516553929544 0.3875785817892733
600.5 0.6225673446929597 0.3877163580202308
600 0.6224394931820347 0.3875623955157864
599.5 0.6226864612891637 0.3878672500106078
599 0.6224925107331896 0.38762561554467373
598.5 0.6225130209299603 0.38765130597837827
598 0.6222179007258329 0.38728245717488013
597.5 0.6225190899853178 0.3876576600074
597 0.6222960809313394 0.3873804669797853
596.5 0.6223237314844954 0.38741627890002844
596 0.6224257781904202 0.387542972648763
595.5 0.6222303880007588 0.3872981835603375
595 0.6219502448984102 0.3869536509738729
594.5 0.6223144801590753 0.38740463057601165
594 0.6222279565288208 0.38729930536504026
593.5 0.6222500007279764 0.38732507889021506
593 0.6217071105467037 0.3866462978546066
592.5 0.621971935084901 0.3869777899009417
592 0.6220029483811397 0.3870139798991377
591.5 0.6218238413330326 0.3867925018747857
591 0.6218760949079117 0.3868589747849213
590.5 0.6218193164601358 0.38678901916566255
590 0.6215564814359734 0.38646139437739885
589.5 0.6220028473903957 0.38701329649516336
589 0.6220373177647682 0.3870596281815532
588.5 0.62168083408644 0.38661680134719945
588 0.6218611165845509 0.38684401101992555
587.5 0.6217526371677514 0.3867033510570061
587 0.6216374978275649 0.3865609136187809
586.5 0.6213742388389726 0.3862336579780822
586 0.6213190057314517 0.38616727472202467
585.5 0.6210972209145417 0.38589160019658486
585 0.6212764795385687 0.38611645147302726
584.5 0.621384772561964 0.3862495546251891
584 0.621441532328637 0.38632008097169673
583.5 0.6213708281609642 0.38623028810943555
583 0.6211228907240057 0.3859235572843358
582.5 0.6211662578289209 0.38597708444868234
582 0.6211896263959308 0.3860059603758092
581.5 0.6213140838254044 0.3861604874449814
581 0.6211995422699397 0.38601762990624305
580.5 0.6210627941597192 0.3858466212850545
580 0.620994874613264 0.3857610300853757
579.5 0.6209855432261261 0.3857530586540665
579 0.6208621516675973 0.385599720740474
578.5 0.6207940694452511 0.38551568960441374
578 0.6209561147072798 0.385715340824332
577.5 0.6208038360005939 0.385526387349357
577 0.6207277258110512 0.385435179739466
576.5 0.6206999436794214 0.3853980194416772
576 0.6205279810099854 0.3851833792437316
575.5 0.6207499767159892 0.38545849326136467
575 0.620323773959748 0.384928459829548
574.5 0.6207717615991656 0.3854855406388013
574 0.6201848867681018 0.3847582366392392
573.5 0.620238136775491 0.3848258254629268
573 0.620637314530625 0.3853191183512034
572.5 0.6204627471340132 0.3851050246582842
572 0.6202442567186338 0.3848310877822441
571.5 0.6206123952671044 0.3852925704800755
571 0.620412551688656 0.38503880323927875
570.5 0.6200640269247609 0.38460848256909436
570 0.6204887523097604 0.38513370207158065
569.5 0.6203978447177204 0.38502362574307436
569 0.6200901414915077 0.3846409526796098
568.5 0.6199091308359915 0.384418648237164
568 0.6202496031869853 0.3848378400385098
567.5 0.6197776718499601 0.38425754347955376
567 0.6198769162019749 0.3843786768971818
566.5 0.6200652652696125 0.38460792187325155
566 0.6203340451873797 0.38494440496647797
565.5 0.6201314500085212 0.3846909572628815
565 0.6197289161257035 0.3841892840140312
564.5 0.6197801409789103 0.3842562536093642
564 0.6198424716223357 0.38433421573657833
563.5 0.6195493550438472 0.3839712245427129
563 0.6193942893798762 0.3837769072010196
562.5 0.6196593893766794 0.3841076998157137
562 0.6195981036798143 0.38403218669900596
561.5 0.6194969072534179 0.3839129290410982
561 0.6193159635162004 0.3836842748773621
560.5 0.6194435007092045 0.38384004111473163
560 0.6192918117052503 0.3836502123315962
559.5 0.6192539227209526 0.38360450650615424
559 0.6194203080258243 0.3838129392203942
558.5 0.6191795863440521 0.3835157222308147
558 0.6190969105593059 0.3834091538069506
557.5 0.6191926486646229 0.38352948722270647
557 0.6192292071973668 0.38357141705861736
556.5 0.619291441209644 0.3836507192326574
556 0.6191144065394102 0.38343303247567173
555.5 0.6189873172096193 0.38327259594871455
555 0.619193133512664 0.3835298412154932
554.5 0.6190491192735198 0.38335274427098565
554 0.6187174961817968 0.38294306785414584
553.5 0.618978183199174 0.3832652755203918
553 0.618946237784723 0.38322117224504354
552.5 0.6186197918479396 0.38282028102554927
552 0.6189462940695037 0.38322266355579576
551.5 0.618558373174284 0.3827455515531507
551 0.618567979204957 0.38275949384912245
550.5 0.6187939496629902 0.38303501037473936
550 0.6183896909057428 0.3825349666543504
549.5 0.6187143990760131 0.38294175949638576
549 0.6185858820562583 0.38277908825388635
548.5 0.6187377747491906 0.3829674599987824
548 0.6185919101817704 0.3827841508732347
547.5 0.6182847227138198 0.3824083227426002
547 0.6184155644488852 0.3825681888718439
546.5 0.6185735332298012 0.38276268384077
546 0.6182962511178003 0.38242155598227157
545.5 0.6179364480446375 0.3819775205161184
545 0.6182058137827569 0.38230771143551007
544.5 0.618464735346018 0.38262958952496157
544 0.6179570797301999 0.3820009611753795
543.5 0.617922243807806 0.3819550639970342
543 0.6181306117966753 0.38221590287591545
542.5 0.6181075182524564 0.38218499072607376
542 0.6177803920614273 0.3817781268420836
541.5 0.6177126976607904 0.3816982931913193
541 0.6176751270053342 0.381650826845052
540.5 0.617857372184093 0.3818795332787633
540 0.6177615774517854 0.38175888821254034
539.5 0.6178241190838597 0.38183444713686143
539 0.6176311278346834 0.38160049124206025
538.5 0.6176684734806784 0.3816435154668931
538 0.6173995710304068 0.3813139767382508
537.5 0.6178929151025845 0.3819226877676212
537 0.6174773831241416 0.3814075975407036
536.5 0.6174612315329102 0.3813856116150412
536 0.6175163821653125 0.3814571338280109
535.5 0.6173247873037595 0.3812172686572293
535 0.6175161752037617 0.38145768820309595
534.5 0.6175274498053874 0.38147171087755616
534 0.6169564271095405 0.3807642491254825
533.5 0.6170659252873546 0.3809062830974738
533 0.6173152364304436 0.3812084510422005
532.5 0.6170062374451599 0.3808226042634295
532 0.6169424626861789 0.3807468424490147
531.5 0.6171991720026685 0.3810672593953809
531 0.6169226563174961 0.3807242942111975
530.5 0.6171363283772119 0.38098521672822255
530 0.6167965144029701 0.38056780064269696
529.5 0.616883493192619 0.3806711376812603
529 0.6167715341446723 0.3805383139843836
528.5 0.6166795001584835 0.38042560900377315
528 0.6168592365376573 0.3806476745944132
527.5 0.6166358676704362 0.38037213202641007
527 0.6168044344900909 0.38057964647388454
526.5 0.6166497869134174 0.38038701049116475
526 0.6162546195780623 0.3799036352935806
525.5 0.6165361651371233 0.3802490105974167
525 0.6161882601201878 0.3798159196632967
524.5 0.6163818066553295 0.38005860905745076
524 0.6161402795567845 0.37976019916718734
523.5 0.6163555494292797 0.3800216802416494
523 0.6165683927839352 0.38028923583523
522.5 0.6164588627574711 0.38015132115106975
522 0.6160271436178146 0.37962144720678076
521.5 0.6159425623749667 0.3795180498935471
521 0.6157867114999899 0.37932632850760123
520.5 0.6159983917117752 0.37958555156661533
520 0.6161059621716363 0.37971503600641837
519.5 0.6157607270124337 0.37929015541967165
519 0.615678761544821 0.3791874197994328
518.5 0.6159001427010034 0.37946554626673623
518 0.6157397516456569 0.37926581047632646
517.5 0.6155453196433848 0.3790243545879071
517 0.6158647286935932 0.3794179366528843
516.5 0.6155198509151286 0.3789947025008125
516 0.615262190402037 0.37867776199667225
515.5 0.6153077803106775 0.378735535987868
515 0.6154091406719429 0.37886183919752275
514.5 0.6155027409268703 0.3789732961630211
514 0.6153689869870562 0.37880968572987633
513.5 0.6151460849550864 0.37853873750954165
513 0.6153038249301847 0.37873032301538595
512.5 0.6150841131073294 0.3784616125465137
512 0.6150864557506678 0.37846218508482304
511.5 0.6149591490947629 0.37830616049116134
511 0.6149880301307493 0.37833979597614037
510.5 0.6147563531707838 0.3780568141624813
510 0.6146664639846277 0.37794646816306604
509.5 0.6146301914405901 0.3779012483671203
509 0.6149302073002769 0.37826912072223545
508.5 0.6145981345220828 0.37786069686618595
508 0.614766617293319 0.3780705768278358
507.5 0.6150352979544186 0.37839898245473064
507 0.6147509539632486 0.37804959379163194
506.5 0.614842916694468 0.3781606956562076
506 0.6143735668813946 0.377590687419139
505.5 0.6143737869657014 0.377585186341154
505 0.614304855775704 0.3775012405379732
504.5 0.6146656092760096 0.37794380687237505
504 0.6146461412923421 0.37791984684201585
503.5 0.6145030102806588 0.37774694853903046
503 0.6143828077756305 0.3775985275033534
502.5 0.6139828424022319 0.3771041021938764
502 0.6139636041432799 0.3770847358996965
501.5 0.6138622522410325 0.3769577095680682
501 0.6139549403853461 0.37707136238458944
500.5 0.6136050191091262 0.3766445222818202
500 0.6142076682421206 0.37738391775899377
499.5 0.6139296581754448 0.37703902884935303
499 0.6139751835773544 0.37709991229419526
498.5 0.6137214405502803 0.37678343572635103
498 0.6133566518222249 0.3763349333974803
497.5 0.6137032712612899 0.37676046158414406
497 0.6133824221474607 0.3763702083971474
496.5 0.6135120368330059 0.37652931064527384
496 0.61335394574454 0.37633392914911556
495.5 0.613305620662455 0.3762739231724418
495 0.6133069507907404 0.3762774222973571
494.5 0.6133024211714716 0.37626987021853475
494 0.6136415563756359 0.37668545186391716
493.5 0.6131763346516274 0.3761181940120154
493 0.6132053567776015 0.37615236118219714
492.5 0.6127923886793355 0.3756471484213128
492 0.6132388584900764 0.37619242971732064
491.5 0.6128867485799874 0.3757595493534148
491 0.6132601712356591 0.37621632008617373
490.5 0.6131250253130212 0.3760562802217056
490 0.6128219855625748 0.37568211131123475
489.5 0.6127554339456017 0.37560057876405906
489 0.6124954313003352 0.3752804965342432
488.5 0.6125778718750989 0.3753798397414157
488 0.6126950462533792 0.3755247833113918
487.5 0.6128921661977391 0.37576644392196795
487 0.612427736229143 0.37519792280946734
486.5 0.6126421322587084 0.37546215722495907
486 0.6125514803449379 0.3753507350010856
485.5 0.6122142760354278 0.3749352642193359
485 0.6121471555043623 0.3748571524919686
484.5 0.6123856350971287 0.3751448285071612
484 0.6122352541899196 0.3749614040768393
483.5 0.6121600520482942 0.37487017940279205
483 0.611990441365359 0.3746600767698955
482.5 0.6119254812673438 0.37458532859670673
482 0.6120194766211349 0.3746981695137524
481.5 0.6117694287296366 0.3743929312174665
481 0.6119480735782087 0.3746101010001898
480.5 0.6117654324452858 0.3743897321589026
480 0.6116417325356389 0.37423956236168443
479.5 0.6115190893689699 0.3740855426630296
479 0.6116138291212699 0.3742052835473975
478.5 0.6116361636490368 0.3742288276495393
478 0.6113593654170699 0.37389069639783096
477.5 0.611427173559 0.37397329053163897
477 0.6114217767838226 0.37396786645894525
476.5 0.6115247689473396 0.37409179889340555
476 0.6112790716845371 0.37379480610613736
475.5 0.6111203463504815 0.3735973698117136
475 0.6111271855155708 0.37360976404000945
474.5 0.6113001310991091 0.373820417370535
474 0.610936959862043 0.37338020627039853
473.5 0.6108664199213566 0.37328572487101397
473 0.6108755670794636 0.37330257804456557
472.5 0.610655225086473 0.3730318657489344
472 0.6107857343474524 0.3731889130577549
471.5 0.6106519181173415 0.3730298612141519
471 0.6109686202743694 0.3734119680931783
470.5 0.6108148618143161 0.37322858327059727
470 0.6105468506281476 0.37289681935709823
469.5 0.6106757673769199 0.37305264616076794
469 0.6104315720211833 0.3727591257377184
468.5 0.6102236503965185 0.37250368516568827
468 0.6102271915442085 0.37250816791692404
467.5 0.6101354355050841 0.3723981202038444
467 0.6105122389514344 0.37285992034201776
466.5 0.6103577697074227 0.37266810638027265
466 0.6098684491344311 0.3720685565361813
465.5 0.6100576643719974 0.3723024272330441
465 0.6099504323870371 0.3721733770746758
464.5 0.6097146747812383 0.37188600665087673
464 0.6099827833759566 0.3722131916499641
463.5 0.6097655411426905 0.3719413377260952
463 0.6096859566635294 0.3718489796911175
462.5 0.6094237756491522 0.3715266248626666
462 0.6096301258303132 0.37178156824744607
461.5 0.6091993479083236 0.3712581972579682
461 0.6093373109698376 0.3714275798116624
460.5 0.6092701757360657 0.3713408168690289
460 0.6094382898123896 0.37154527949677807
459.5 0.6092737575653367 0.37134428117607454
459 0.6090432127425057 0.3710634807909817
458.5 0.6091457893589064 0.3711931286444219
458 0.6091789150356279 0.3712267980221981
457.5 0.6089587988423666 0.3709631731409884
457 0.608959859246881 0.37096285241359334
456.5 0.6093153359904327 0.3713960731829781
456 0.6085501773293063 0.370466830503336
455.5 0.6086141579499443 0.37054028480720774
455 0.6086328516884083 0.37056702695715477
454.5 0.6085890283102007 0.370515061440265
454 0.6088898883576577 0.3708812942886692
453.5 0.6087057144716265 0.37065627214727337
453 0.6085451591943548 0.3704590642143831
452.5 0.6082190298575914 0.3700638342765041
452 0.6084509715461156 0.37034288805822235
451.5 0.608443844337111 0.37033848739554065
451 0.6082002902721834 0.3700367393704943
450.5 0.6081346980645271 0.36996291747734994
450 0.6079382339941308 0.3697199291770678
449.5 0.607948979135271 0.36973599427209064
449 0.6078140520841011 0.3695709355020253
448.5 0.6079085167323915 0.36968662477438374
448 0.6074348338037058 0.3691076496945478
447.5 0.6073912571999163 0.3690553363971104
447 0.6077106171013075 0.36944463538353833
446.5 0.6077105501818684 0.3694432218659541
446 0.6071833171656812 0.36880377960589694
445.5 0.6073880869624213 0.3690509171202157
445 0.6073383181665041 0.3689902479221531
444.5 0.606969933253592 0.36854604886564735
444 0.6071514332907925 0.3687655378365148
443.5 0.607040145802049 0.368629852841156
443 0.6067452454673642 0.3682742494615226
442.5 0.6069348106543772 0.36850174196958596
442 0.6068736588902875 0.3684261215447668
441.5 0.6070268301823194 0.36861406026199667
441 0.6067686814154994 0.36830155899196304
440.5 0.6068759185385673 0.3684310805110778
440 0.6064063276778511 0.3678604461997427
439.5 0.6064267829831632 0.36788558509130703
439 0.6064378384634097 0.3678958982524289
438.5 0.6066464063348216 0.3681507948358668
438 0.606268173177622 0.36769075310498245
437.5 0.6064578049482917 0.36792200316659046
437 0.6061558317504585 0.36755720534556446
436.5 0.6062592548294213 0.3676813401636661
436 0.6061048241953688 0.36749889218335846
435.5 0.6059807968245721 0.3673436210641169
435 0.6060616936282331 0.3674439028696214
434.5 0.605861784655499 0.3672010521758146
434 0.6058353717326664 0.36717152882235077
433.5 0.6055054505596685 0.3667662414696347
433 0.6056291731830327 0.3669162885402415
432.5 0.6056074708087312 0.3668936510306025
432 0.6054546064067426 0.366707602064013
431.5 0.6055844419542583 0.3668617661359903
431 0.6052202071632117 0.36642019616563143
430.5 0.6054435995029024 0.3666952987304877
430 0.6051429360505227 0.3663278474155967
429.5 0.6052963594374823 0.3665186519922207
429 0.6051024041489512 0.36628284801499017
428.5 0.6050298344195784 0.36619500968663854
428 0.6047470062289052 0.36585272321510454
427.5 0.6050481731169768 0.3662131506017288
427 0.6049661749865819 0.36611717079758693
426.5 0.6050926844610218 0.36626986872521117
426 0.604825904693162 0.3659452597688552
425.5 0.6047983356694138 0.36591315201528984
425 0.6046802524077836 0.3657652805373247
424.5 0.6047147868931154 0.3658170302869164
424 0.604388354510838 0.36541737368811955
423.5 0.6043526507750605 0.3653747826927476
423 0.6042546782515656 0.3652576307131871
422.5 0.604097543962842 0.3650670199332202
422 0.6045146838609299 0.365569970672763
421.5 0.6040584427975798 0.3650170051492914
421 0.6041576715469211 0.36514019701957084
420.5 0.6038608769631869 0.3647801551549091
420 0.6041424153080666 0.36511993635799234
419.5 0.603683185963009 0.36456478948796345
419 0.6036202307877602 0.36448898725879186
418.5 0.6038302808163564 0.36474534855200197
418 0.6036299040800799 0.3645016867348974
417.5 0.6036449805273679 0.36451940829527213
417 0.6034033281679239 0.36423158926747085
416.5 0.6034312204726269 0.3642639300719098
416 0.6032473837693182 0.36404085712612827
415.5 0.6029933895324366 0.3637357780016597
415 0.6030112791907314 0.3637593121866543
414.5 0.6028186222830948 0.36352197615452486
414 0.6028465830271623 0.3635571693834805
413.5 0.6030571269049952 0.363808086877751
413 0.6027528770832461 0.3634442249781935
412.5 0.6027001238948189 0.36338180575643014
412 0.6025683933989281 0.36321986956544094
411.5 0.6025924921942717 0.3632516273135287
411 0.6024669632886362 0.36309749456171286
410.5 0.6021899995427805 0.36276887582546896
410 0.6023835277280865 0.3629988312828745
409.5 0.6023528395868963 0.36296249973766115
409 0.6023643898515048 0.36297544050518915
408.5 0.6020429977343325 0.3625883166240872
408 0.6019994988304281 0.36253742744823375
407.5 0.6018121277985317 0.3623128722097825
407 0.6019863651964479 0.36252229836138267
406.5 0.601955650686056 0.3624859557141237
406 0.6018346450851606 0.36233863378236547
405.5 0.6013009214651198 0.3616952623102328
405 0.6018096340822822 0.3623073044591265
404.5 0.6011054247405128 0.36146703509037165
404 0.601411778253039 0.3618351358149094
403.5 0.6014764555327542 0.3619047784931953
403 0.6011244405535695 0.3614853614044166
402.5 0.6013527805521418 0.361760076656216
402 0.6010740033647579 0.3614227841455243
401.5 0.6008676335212274 0.36117621460303195
401 0.6006683247852379 0.3609384390294425
400.5 0.6009339235695865 0.36125781406039237
400 0.6004643082766826 0.36068992122940546
399.5 0.6006229864015598 0.36087983464977985
399 0.6003942357021013 0.36060427779243853
398.5 0.6003750247518133 0.36058023503906417
398 0.6003535118110693 0.36056120410601555
397.5 0.6000728522222508 0.36021954449134924
397 0.6001888990192974 0.3603633688869488
396.5 0.6001831226664811 0.3603531747837895
396 0.6002276992349689 0.36040713841273275
395.5 0.5999543639664427 0.3600761541496621
395 0.5999287668958512 0.3600461336022637
394.5 0.5997943665076666 0.3598898316222792
394 0.599544598863618 0.359586093738847
393.5 0.5995035427912379 0.35954082090900763
393 0.5994981145556869 0.3595317971106915
392.5 0.5991533014736499 0.3591201008349078
392 0.5996985117789881 0.3597744926546044
391.5 0.5993673114684028 0.35937555426882195
391 0.5991158577810158 0.35907702168646427
390.5 0.5991731315509464 0.3591450866987314
390 0.5991332301168125 0.3590938935078406
389.5 0.5986436408840536 0.3585067930459871
389 0.5990222711739761 0.3589644256298729
388.5 0.5985696554321029 0.35841701627414685
388 0.5985903321095085 0.35844354993617233
387.5 0.5986989460751335 0.3585735475230376
387 0.5985753438374741 0.35842416537807453
386.5 0.5983097260990398 0.3581077066255513
386 0.5982851306590221 0.35808091968566264
385.5 0.598073134966386 0.35782550757808235
385 0.5981367614182181 0.35790060533380963
384.5 0.5980588735941234 0.35780721837459806
384 0.5978307047677907 0.35753396080023814
383.5 0.597774607791376 0.357466696535179
383 0.5975605615520715 0.35721333942217526
382.5 0.5978220877646834 0.3575247154954174
382 0.5974233380196364 0.3570506180627265
381.5 0.5974466533353736 0.3570753782950375
381 0.5971281587113799 0.35669943283016486
380.5 0.5973090742380993 0.35691149659619575
380 0.5971584922345593 0.35673030525783117
379.5 0.5971906806035959 0.3567707066197903
379 0.5970958699833314 0.3566540549473086
378.5 0.5969163465636171 0.3564449843362377
378 0.5966781742896432 0.3561572546352897
377.5 0.5966981356524058 0.3561853035748748
377 0.596804367665004 0.35630868521887854
376.5 0.5965914699493211 0.3560573247902354
376 0.596293422238593 0.35570245842861875
375.5 0.5960117518975474 0.35536822221514164
375 0.5960331545185896 0.3553915789897475
374.5 0.5960761085007525 0.35543764823932844
374 0.5961802352780503 0.3555699650396946
373.5 0.5961734715874175 0.3555565219387935
373 0.5957995618650579 0.3551149585204205
372.5 0.5959962146146184 0.3553414418726692
372 0.5957488923331716 0.35505041933989157
371.5 0.5957831015048748 0.3550926987059941
371 0.5954728931978248 0.35472479845421695
370.5 0.5953718986280286 0.35460530159842635
370 0.5954066353941365 0.35464416667430604
369.5 0.5953590179850298 0.35459047275070604
369 0.595304813291375 0.35452175233245875
368.5 0.5950612460245331 0.3542304974017966
368 0.594779576795206 0.3538960017397344
367.5 0.5945978333665622 0.3536829397515385
367 0.5944511247344408 0.35350134752542584
366.5 0.5947081746984141 0.3538129974392735
366 0.5944455967948483 0.35350082171448227
365.5 0.5942966060048491 0.3533265315961786
365 0.5941829776454881 0.3531865519854641
364.5 0.5943334501236054 0.353366335688198
364 0.5942243587770629 0.3532357472354455
363.5 0.5938610513095789 0.35280362214059197
363 0.5939036681796378 0.35285711240712164
362.5 0.5935843695205058 0.35247461070467595
362 0.5935779346619827 0.35246826659377734
361.5 0.5934081319852057 0.3522681095942037
361 0.593288863951724 0.3521275669700208
360.5 0.5931192763516753 0.35192610315019307
360 0.5934725704587636 0.35234412904809326
359.5 0.5930819134979126 0.3518801959930179
359 0.5930376123511156 0.351824904526877
358.5 0.5927447122333375 0.3514866936450824
358 0.5932740939349606 0.3521063740632092
357.5 0.5926903019521716 0.3514175790507673
357 0.5924791316448909 0.35116573298216586
356.5 0.5927948198272398 0.35154120641327496
356 0.5922154167195691 0.35085766914859357
355.5 0.592262398165483 0.35091045878639526
355 0.5924854220316833 0.3511748835691577
354.5 0.592279832319891 0.3509308351622224
354 0.5921152188030653 0.35073311820807745
353.5 0.5920760795109186 0.35069079028158257
353 0.59165282238315 0.3501852537504904
352.5 0.591677058064165 0.3502170135886873
352 0.5915642134187521 0.35008238751060694
351.5 0.5912876532554309 0.3497549300902481
351 0.5914483738542181 0.3499443139467153
350.5 0.5912554460285953 0.3497182684419517
350 0.591020515244343 0.34943721170685754
349.5 0.590698782358691 0.3490571206369251
349 0.5911096246378819 0.3495449844284567
348.5 0.5908103160854199 0.34919222758173946
348 0.590706426408706 0.34906933484195146
347.5 0.5903270991155986 0.3486190634880231
347 0.5904635861185215 0.3487821980832952
346.5 0.5903819378890918 0.3486888461140738
346 0.5901546738912447 0.34841507740703853
345.5 0.5899257839058004 0.3481471815785023
345 0.589982496036996 0.3482198514614312
344.5 0.5898415200464255 0.3480473695738412
344 0.5897819571081746 0.3479736619321001
343.5 0.5898462950629222 0.3480536767690381
343 0.5893782806197091 0.3474995197182285
342.5 0.5893494087678645 0.3474703827744334
342 0.5894347680680022 0.3475687589857524
341.5 0.5889564218745019 0.3470059313094242
341 0.589263571203611 0.34736915699825516
340.5 0.5886662219229063 0.34666424443588095
340 0.5886967096227947 0.34670071640082234
339.5 0.5884618611543257 0.3464211154761039
339 0.5885747000662989 0.3465536294876942
338.5 0.5882234684458265 0.3461395633720575
338 0.5886076115238114 0.3465908243062197
337.5 0.588231284534579 0.34615243601524615
337 0.5880936450301884 0.3459927661435572
336.5 0.5877168810516482 0.3455475920932102
336 0.5878546639875986 0.34570770696273534
335.5 0.5879513991031199 0.3458250159229764
335 0.5875298659222482 0.34532851459780123
334.5 0.5875370540488241 0.34533451498418405
334 0.587592618881521 0.345404392941009
333.5 0.5875539903767426 0.3453566388839627
333 0.5872448137628282 0.3449913238187136
332.5 0.5871290143851712 0.3448534431952536
332 0.5868938366363032 0.34458081998523993
331.5 0.586792801177874 0.3444587066894685
331 0.5866296223527886 0.344270794551357
330.5 0.5861239665263 0.3436800613279055
330 0.5865255860557614 0.34414953409350396
329.5 0.5862009115803103 0.34377154356716005
329 0.586285297520022 0.34386070815018815
328.5 0.5859781120807428 0.3435054111936878
328 0.5860848298825299 0.34362900793068435
327.5 0.5856230603838192 0.34309301756095745
327 0.5852384459655785 0.34263980599597726
326.5 0.5858263407893631 0.3433292196316449
326 0.5854655433271532 0.342909357016591
325.5 0.5852882954582483 0.34269737772011694
325 0.5851063920612072 0.3424841636531183
324.5 0.585062668713155 0.3424364584675388
324 0.5849558115048412 0.3423101047358272
323.5 0.5848143073121116 0.34214291475210584
323 0.5846480400359358 0.3419495539547437
322.5 0.5843325588990685 0.34158059942373037
322 0.5843466667028471 0.34159654474233425
321.5 0.5844939618439204 0.3417685896006103
321 0.5839031445608436 0.34108134294033177
320.5 0.5838228810100216 0.34098541927669945
320 0.5834940857780082 0.3405982460473072
319.5 0.5839922676430757 0.3411815914741049
319 0.5836521364753698 0.34078922041395143
318.5 0.5832673899194118 0.3403379367171517
318 0.5831409820524445 0.34018851830912306
317.5 0.5831278072429701 0.34017045698503273
317 0.5827936669260128 0.3397814398319932
316.5 0.5827250047247912 0.3397043942956038
316 0.5831632056744788 0.3402162053704431
315.5 0.5823895578359336 0.3393109197760042
315 0.5825193269786821 0.33946689178743694
314.5 0.5824612857251321 0.339396195869826
314 0.582419425474543 0.3393495898676577
313.5 0.5820899221625172 0.3389630668388078
313 0.5820730037932048 0.33894260856686126
312.5 0.5816387300111348 0.3384388162064486
312 0.5816231677045035 0.33842202267242255
311.5 0.581303514173894 0.33804711228039946
311 0.5815565126456039 0.33834200685180793
310.5 0.5811685421341357 0.3378944262933189
310 0.5810610467709744 0.33776760684309326
309.5 0.5808793225660861 0.33755217213790534
309 0.5807464122336358 0.3373997293894795
308.5 0.5808421710688295 0.33751569128357206
308 0.580205799613847 0.3367758184661461
307.5 0.5802273132521014 0.33680004292626553
307 0.5805994735008835 0.3372275837455011
306.5 0.5800873796041417 0.3366377685914461
306 0.579996493579906 0.3365275105104828
305.5 0.5798631815552643 0.3363785791498302
305 0.5794293144922984 0.33587577934071533
304.5 0.5796861976869726 0.33617235744140184
304 0.579411529978994 0.33585194958184245
303.5 0.5791139496051295 0.33550941419917507
303 0.5787440934470235 0.33507911405469776
302.5 0.5789171347707972 0.33527788858955504
302 0.5786817140631212 0.3350080000960036
301.5 0.5786392754561229 0.3349562668625075
301 0.578625066364308 0.33494359236073673
300.5 0.578579584528273 0.33488993529396377
300 0.5783755266520593 0.33465670723466123
299.5 0.5781155675352561 0.33435662282611534
299 0.5779879901108007 0.3342057059161956
298.5 0.5778914162223493 0.33409368269346185
298 0.577656898884782 0.33382592302245334
297.5 0.5773077608502415 0.33341998933525124
297 0.5774029772743524 0.3335354968258443
296.5 0.576973871081182 0.333034666304191
296 0.5769867018855598 0.3330508718801545
295.5 0.5767342268596801 0.33276081855548084
295 0.5768718362986336 0.3329166981656101
294.5 0.5767685206076707 0.3327951883115786
294 0.5768276861738086 0.3328649947131515
293.5 0.5761570135976939 0.3320929468660825
293 0.5761678005499818 0.33210695746075597
292.5 0.5759578368866852 0.3318672769092892
292 0.5759671947651999 0.3318751099630484
291.5 0.57540702381512 0.33122652720669676
291 0.5753725055368738 0.3311853280733014
290.5 0.5753294406278406 0.33114280899012366
290 0.574849947340031 0.3305880444444005
289.5 0.5749460529075447 0.33070054301290186
289 0.5747782687591101 0.3305075671685407
288.5 0.5746255405956998 0.3303307254443007
288 0.5746036864242925 0.3303053467914914
287.5 0.5745313911700286 0.3302263590888238
287 0.5739513080308011 0.3295590132003322
286.5 0.5736648377038542 0.3292293186445004
286 0.574067757450212 0.329690946549199
285.5 0.5735942044233825 0.329151722334661
285 0.5736583319710479 0.3292225865167516
284.5 0.5728832058722889 0.32833124332241387
284 0.5729096641558699 0.328362371032634
283.5 0.5727710973265224 0.32820427825397536
283 0.5725154095416783 0.3279114593138295
282.5 0.5724188637719283 0.32780372448385114
282 0.5725955412339697 0.32800710630569135
281.5 0.5725287540402283 0.32792404174347306
281 0.5721599901337596 0.32750341149955436
280.5 0.5715987774510269 0.32685880568168385
280 0.5717082993232162 0.32699115253485345
279.5 0.5715639662790213 0.3268256117383895
279 0.5712368900443002 0.3264511200849092
278.5 0.5712719828937383 0.3264851785840938
278 0.5709989508287114 0.3261757818177732
277.5 0.5709900891750692 0.3261681568051174
277 0.5705618980793524 0.3256765833770077
276.5 0.5702803712988813 0.3253547042495376
276 0.5702341518994515 0.3252998031046054
275.5 0.5699921191039387 0.3250285511149397
275 0.5697250944350721 0.3247237098155695
274.5 0.5695724586069156 0.32454715057185884
274 0.5694939558175748 0.324457453006665
273.5 0.5691363965791777 0.3240570739472335
273 0.5693147309880338 0.324255195329927
272.5 0.569216924873034 0.32414434873895354
272 0.5685605712628236 0.32339830442850026
271.5 0.5686668447592351 0.32351946676728993
271 0.5682844049345869 0.3230820407552687
270.5 0.5682479574852266 0.32304448185866524
270 0.5683854566231553 0.32320051882742595
269.5 0.5678622430138173 0.3226050003091271
269 0.5677723566340213 0.3225010019405193
268.5 0.5672678154685376 0.32192811930832566
268 0.5674888442398335 0.3221814989199925
267.5 0.5671963307054494 0.32185231545383264
267 0.566757724593572 0.32135050806660936
266.5 0.5665468302968889 0.32110741874250154
266 0.5666420657883467 0.3212190524901754
265.5 0.5663537269378319 0.3208935459287068
265 0.5660160003722459 0.32051422020448495
264.5 0.5659495991648363 0.3204372740365252
264 0.5654782285797112 0.3199043618108537
263.5 0.5655253702906955 0.3199603922001786
263 0.5656160084427636 0.3200552542464617
262.5 0.5647199563960512 0.31904724401448953
262 0.564844201046506 0.31918594529320143
261.5 0.5645469045869189 0.3188488183693386
261 0.5645724213445918 0.31887656948783083
260.5 0.5642324864333719 0.3184926542828369
260 0.5640529613762048 0.3182955858040066
259.5 0.5639773480564763 0.3182106986591724
259 0.5633094153345806 0.3174575662487622
258.5 0.5634028797350096 0.31756006575433154
258 0.5632824554170441 0.31742242621777694
257.5 0.5631890622858732 0.31731973987880535
257 0.5628264760269941 0.3169103897809282
256.5 0.5624582351708195 0.31649587618900354
256 0.562128360279231 0.31612161958731033
255.5 0.5622229104178708 0.31622942269831467
255 0.5620253828155999 0.3160098579530402
254.5 0.5618409207683377 0.3158035889505224
254 0.5617440751532096 0.3156966793405661
253.5 0.5611240858420538 0.31499969256200905
253 0.5611409438421834 0.31501828950467115
252.5 0.5609116668778276 0.31476166771681663
252 0.5607024367892975 0.31452459751507916
251.5 0.560765336396364 0.3145950108665427
251 0.5602166882642028 0.3139779806405811
250.5 0.5599089520723375 0.3136347457040683
250 0.5600194107126696 0.31376006737581874
249.5 0.5597195194296497 0.31342230989275766
249 0.5589285712330984 0.3125406192531792
248.5 0.5588056818974284 0.3124003842324984
248 0.5594263577382389 0.31309622121895436
247.5 0.5587833161051841 0.3123725722040122
247 0.5585639401744656 0.31213290370873603
246.5 0.5581739060857119 0.3116957776363697
246 0.5579149513019694 0.31140616965684875
245.5 0.5581670551871344 0.31168691682756255
245 0.5573134276884136 0.3107341514510833
244.5 0.5574051515384375 0.3108364021041217
244 0.5568306273627918 0.3101981049767782
243.5 0.5572080441060535 0.31062168334518114
243 0.5565880906346637 0.3099303876969994
242.5 0.5560598153502392 0.30934359954385277
242 0.5563785242218429 0.30969295415694875
241.5 0.5561520053415977 0.3094406484915515
241 0.5556854044612437 0.30892592905902916
240.5 0.5552468114159939 0.30843965893841196
240 0.5555507039778018 0.3087779902926503
239.5 0.5552068973545425 0.3083954051201542
239 0.5547581983516123 0.30789204903512407
238.5 0.5543278098543576 0.3074122099786233
238 0.5544263331491999 0.30752435759763797
237.5 0.5537634635196077 0.30679411991777855
237 0.5539828413205373 0.3070386392570668
236.5 0.5537849810097683 0.30681292360246204
236 0.5534568927165141 0.30645792661377924
235.5 0.5531941937800552 0.30616446214466264
235 0.5529404821529251 0.30587801175942436
234.5 0.5527030514329121 0.3056204720177321
234 0.5521341251723442 0.3049854050714021
233.5 0.5524784968763998 0.3053727761766015
233 0.5517847794480517 0.3046068803722163
232.5 0.5514064261099163 0.3041891374493675
232 0.5508601576291323 0.3035853543164892
231.5 0.5514329809701823 0.3042166313051664
231 0.5504450452159888 0.3031257129197134
230.5 0.5506723104723708 0.303379550596827
230 0.549933318959753 0.3025699143391283
229.5 0.5498421929960399 0.3024637724724273
229 0.5494332536494692 0.3020151452632923
228.5 0.5491976892921288 0.30175562904229125
228 0.5494699126631564 0.30205674586097697
227.5 0.5488194257015444 0.3013432336209259
227 0.5485086901402771 0.30100137852383224
226.5 0.5483353205182896 0.30081290986024
226 0.5478024014311175 0.3002281619644708
225.5 0.5479167830219166 0.3003530485729961
225 0.5475992857374826 0.30000200544225686
224.5 0.547395298433836 0.29978256243138196
224 0.5469361609169845 0.299277514792682
223.5 0.5467697309687475 0.29909838694306284
223 0.5466515555989471 0.2989641717673495
222.5 0.5458526820548361 0.2980938113098645
222 0.5461850792869684 0.2984579323938202
221.5 0.5455012641670668 0.29771002893762416
221 0.5455842620092209 0.29780568659434153
220.5 0.5451603581210331 0.2973418071466968
220 0.5444817572759691 0.2966010887531381
219.5 0.5446229255000263 0.2967513580386077
219 0.543802240986249 0.2958609947194897
218.5 0.5438884681546111 0.2959551571996651
218 0.5437357189145988 0.29578798532556977
217.5 0.5435329663198638 0.295564815465556
217 0.5430742876957203 0.2950679081673456
216.5 0.5426812996531382 0.29464355149103644
216 0.5422974502701963 0.29422784061958224
215.5 0.541837564307427 0.2937209848019389
215 0.5416953248724337 0.2935725716674293
214.5 0.5416282807837791 0.2934967261919324
214 0.541571385078238 0.29343763423070246
213.5 0.5409164149868653 0.2927280125849925
213 0.5403338643382913 0.2920951461572301
212.5 0.5401881996560515 0.29194470366872555
212 0.5399043952669775 0.2916346982273482
211.5 0.5394624358488407 0.2911588003283234
211 0.5391972090441897 0.29087254586258304
210.5 0.5390100583614605 0.29067045783120665
210 0.5386682650394317 0.2903001324405976
209.5 0.5384682281658228 0.2900861692584319
209 0.5382428883416822 0.289844163367752
208.5 0.5380610302871213 0.28965212628821857
208 0.5374903328500394 0.2890364354182305
207.5 0.5372993886035778 0.288827450975122
207 0.5367844814713534 0.28827391531152535
206.5 0.5362113879870407 0.2876601176243377
206 0.5362744635387354 0.2877282096123712
205.5 0.5356602455201344 0.2870713721481663
205 0.5351547584668164 0.2865310136294763
204.5 0.5351774246219898 0.2865512753435404
204 0.5349934625627008 0.28635504097034303
203.5 0.5345710842360882 0.28589903482372847
203 0.5344633776351495 0.2857903343038605
202.5 0.5339968010283663 0.28529249258899125
202 0.5335922529711313 0.2848556541896908
201.5 0.5327121903978269 0.2839207061700558
201 0.5331040360634581 0.28433505971071904
200.5 0.5324992844726799 0.28369267110879537
200 0.5321451799477498 0.283323409701996
199.5 0.5318875729051445 0.28304857222005325
199 0.5312592844766884 0.28237260286994365
198.5 0.5310745117605176 0.2821783777867284
198 0.5310144395971765 0.2821130092852394
197.5 0.5306563589764062 0.2817338657783218
197 0.5301079605307163 0.2811506618484089
196.5 0.5297465715399116 0.2807681019530138
196 0.5298700947365729 0.28090015210364394
195.5 0.52882551092152 0.279790219083719
195 0.5283809514617177 0.27932149621986835
194.5 0.5285321595955542 0.27948184322732755
194 0.5279154311557889 0.2788346418569609
193.5 0.527188640718048 0.27806443576438505
193 0.527611751278953 0.2785162430719671
192.5 0.526949426217263 0.2778175888175193
192 0.5267781327260586 0.27762840612255607
191.5 0.5260128366451364 0.2768314054165568
191 0.5257213007729334 0.2765243581240757
190.5 0.5247978477139316 0.2755491231981621
190 0.5248297286441623 0.2755836015801365
189.5 0.5247017140514704 0.2754510181942688
189 0.5237802595067375 0.27448198825378756
188.5 0.5237407889475498 0.27444259052379644
188 0.5233642428942351 0.27404496476302087
187.5 0.5231829460424097 0.27385758852895636
187 0.522922442889468 0.27358421019064333
186.5 0.5222931103103066 0.2729278604651175
186 0.5218706819079778 0.27248389450905175
185.5 0.5214801129287122 0.27208118420088007
185 0.5210686321074308 0.27164728732121934
184.5 0.5205248668053369 0.2710867845092233
184 0.5199307859036527 0.27047140329060465
183.5 0.5199153305467368 0.27044591983546307
183 0.5192938836697366 0.26980513005797285
182.5 0.5189681007024325 0.26946531993055706
182 0.5189309160778209 0.2694231764691953
181.5 0.5181426652536378 0.2686113018454593
181 0.5172392298514145 0.2676768674264401
180.5 0.5179357200314472 0.26839406547899336
180 0.5172947269356029 0.26773066289510944
179.5 0.5166763697604604 0.2670899980660596
179 0.5159048414649664 0.2662911510494047
178.5 0.5156131051569742 0.2659958543582735
178 0.5148251153377819 0.26518142419399204
177.5 0.5148926703378467 0.26525100749806396
177 0.5141889250690899 0.26452698644288675
176.5 0.514017150033553 0.26435355519597153
176 0.5132362266676035 0.2635466563025397
175.5 0.5129362136633596 0.2632387140217925
175 0.5122577598341781 0.26254680981080175
174.5 0.5119495164563085 0.2622291811667682
174 0.5114328995634843 0.26170049809088736
173.5 0.5115969004287303 0.2618685237280728
173 0.5107913237779292 0.26104301278354825
172.5 0.510312690224038 0.2605499960909661
172 0.509622367456686 0.25985148446718026
171.5 0.5090577819958946 0.2592743902675363
171 0.5090149937572583 0.25923263598102314
170.5 0.50805126205592 0.2582522131044164
170 0.5079666225038152 0.25816516211162266
169.5 0.5073376713321996 0.2575273315932141
169 0.5068056416693161 0.25698522623808634
168.5 0.5065006400350479 0.2566789475585545
168 0.5058118948960896 0.25597848648623667
167.5 0.5061332921841453 0.2563055521038841
167 0.50492603399338 0.25508640602750376
166.5 0.5042075643692914 0.25436199760547007
166 0.5041547350871319 0.25430643921378954
165.5 0.5036362199581699 0.25378429149467396
165 0.5030500756258279 0.2531962189942133
164.5 0.5027959704089259 0.25294142307440975
164 0.5018666074126115 0.25200712416132737
163.5 0.5013873583059952 0.2515232396000511
163 0.5012456554150595 0.2513857463491225
162.5 0.5005175837920666 0.25065398823483553
162 0.49978128013401696 0.24991953809815118
161.5 0.4998525772829359 0.24998566914626555
161 0.49874254226647885 0.2488767502549233
160.5 0.4984807236098581 0.2486159203399177
160 0.4976720509207767 0.2478148242103268
159.5 0.49754542739535745 0.24768703622103458
159 0.4969731878029687 0.24712165001200892
158.5 0.4963813886428315 0.2465323581559947
158 0.4952642787826289 0.24541861789779934
157.5 0.495622635504148 0.24577472896619304
157 0.49514320879718565 0.24529756490392363
156.5 0.49417028706429283 0.24434645146385914
156 0.4938318322236696 0.2440049739099577
155.5 0.4930080539601092 0.24319224634549538
155 0.49285650934046776 0.24303911768164507
154.5 0.4919078778818804 0.24210554130969605
154 0.49127479070673796 0.24148654523645083
153.5 0.4905736624377137 0.24079482142480796
153 0.489988272162385 0.24022099260357757
152.5 0.4895048243792197 0.23974729911266954
152 0.48955507601530873 0.23979789669090842
151.5 0.4883704199711967 0.23864137881677444
151 0.4877782201095654 0.2380605508624158
150.5 0.4877299737080793 0.23801194307736906
150 0.4869251350435774 0.23722539672922044
149.5 0.486349365536433 0.23666835542304737
149 0.4855252321599195 0.23586538560318066
148.5 0.48543970699049366 0.23578243037216742
148 0.48438164939861983 0.23475838397212398
147.5 0.4839074416041117 0.23430357919807235
147 0.48312233584760383 0.23353713048653613
146.5 0.48275255106131565 0.23318184593354974
146 0.4817773351629612 0.23224194180158972
145.5 0.48168279228397437 0.23214462857802243
145 0.48055149997086904 0.23106008288854513
144.5 0.47975386021108746 0.2302937135387656
144 0.47927857779123784 0.22984363116207446
143.5 0.4786539045855099 0.2292432776476291
143 0.4779478843881713 0.2285667647941403
142.5 0.4780273516808724 0.22863980242128618
142 0.4770992267946481 0.22775611161350448
141.5 0.4762250443878447 0.22691878928297027
141 0.47543997847896285 0.22617393619367773
140.5 0.4747649560063529 0.22554022280224653
140 0.47473828844254956 0.22550559603419196
139.5 0.4738088341051529 0.22462453585236866
139 0.47271500351064827 0.22358503780294264
138.5 0.4720356560319377 0.22294850247069528
138 0.4716741681118604 0.222608692345764
137.5 0.4712212152235484 0.2221808109640939
137 0.470378029718735 0.22137578911580433
136.5 0.46938974241863185 0.22045528654828483
136 0.4688754852165752 0.21997405354768165
135.5 0.46827769144781634 0.21940873812014508
135 0.4672802614855273 0.21847738736290692
134.5 0.4663661815778577 0.21762591190896174
134 0.465631595749243 0.21694168640203737
133.5 0.4647811188571892 0.21614783871801935
133 0.46427283203787334 0.21567779989629857
132.5 0.46347156471341466 0.21493536555705312
132 0.4630559943467721 0.21454554322114758
131.5 0.4620203242478211 0.21359277191506532
131 0.4617764285493171 0.21336352475286946
130.5 0.46053329516285435 0.21221961529733938
130 0.45959890607198567 0.21136321628222055
129.5 0.45975880748610887 0.2114989425623932
129 0.45886846735574044 0.21069002018950253
128.5 0.457303075723215 0.2092575863003883
128 0.45677073179707334 0.20876270203445488
127.5 0.45625003882381066 0.2082912687537341
127 0.4555321253735398 0.20763527282562344
126.5 0.45479501955043494 0.20696835053899232
126 0.45411670232855605 0.20634220875327872
125.5 0.45288540655493437 0.20523257920738153
125 0.4522004347073689 0.20460880353486116
124.5 0.45127475741739476 0.2037802098928035
124 0.45094518786053 0.2034806977662884
123.5 0.4498014654392386 0.20244680447251442
123 0.44898172239133555 0.20170695295189445
122.5 0.4479586148740273 0.20078646709079703
122 0.4473555171964277 0.20024866287158977
121.5 0.4469907459228939 0.1999255573255203
121 0.4458122064105742 0.1988740505279855
120.5 0.4450842483700558 0.19822591479839485
120 0.4441936405757561 0.1974250773608852
119.5 0.4426377062169415 0.19605291690146043
119 0.4420518362239514 0.1955292841582853
118.5 0.4406702165007938 0.19431440414284765
118 0.44024980004971676 0.19393547395506971
117.5 0.4402588167002428 0.19394254907324612
117 0.43886643697439875 0.19272747026364384
116.5 0.43817478690934303 0.19211311038536544
116 0.43672530502594076 0.19085305132106012
115.5 0.43625347597604813 0.19043798866472356
115 0.4346136777633176 0.18900966391057
114.5 0.4339259975330815 0.18841799011500268
114 0.433386000993592 0.18794533486924347
113.5 0.43269910435846476 0.18735216716131597
113 0.43117598398085094 0.1860303387620728
112.5 0.43057339384835924 0.1855101359432805
112 0.4297356211407974 0.18478638482106813
111.5 0.4285144749621369 0.18373968993863718
111 0.4278326202585268 0.18315768424655418
110.5 0.42681561231971704 0.18228340428674272
110 0.42593947060140325 0.18154275228048103
109.5 0.4249848227668766 0.1807329060240927
109 0.4236948722511685 0.17963306477899438
108.5 0.42257938442140136 0.1786878648485866
108 0.4216991404466443 0.1779455609614361
107.5 0.4207961949541186 0.17717987780087222
107 0.4196465464494738 0.1762194516992896
106.5 0.41903948918770745 0.17570636782608562
106 0.41834588755092084 0.17512788343896804
105.5 0.4169298742305152 0.1739427831926401
105 0.4162011226078853 0.17333065631563413
104.5 0.41536701195857517 0.1726404698735842
104 0.4140608405269712 0.17156150799551262
103.5 0.41253848445030167 0.1703000935823613
103 0.4117922853042364 0.16968369948798898
102.5 0.41065384446364817 0.16874541835798906
102 0.4094330628846714 0.16774850830426413
101.5 0.4083938124089523 0.16689835578501572
101 0.4071769980195015 0.16589842136018704
100.5 0.40605072585253854 0.1649843410375691
100 0.4056617328899533 0.16466918709603864
99.5 0.40359349155899504 0.16299846292897147
99 0.403426276166879 0.16286373793554534
98.5 0.40159597773748623 0.16139160449670864
98 0.4015699731873331 0.16136688095312618
97.5 0.39985983503868755 0.1599980964301627
97 0.398932022487942 0.15925450581412276
96.5 0.3974959066136271 0.15811038843264802
96 0.3964393476448429 0.1572736726120559
95.5 0.39465401915255915 0.1558533629412882
95 0.39422277022161456 0.15551806685260583
94.5 0.3924996188494353 0.1541617109115445
94 0.39090387066527266 0.15291116829915505
93.5 0.39047649625771896 0.15257449865557776
93 0.3897472405459437 0.1520079873820207
92.5 0.38813456844515093 0.150746938972026
92 0.38724127977206335 0.15005375940472757
91.5 0.3854446167163594 0.14866769485782266
91 0.3850877039640485 0.14839598691194655
90.5 0.38343624296549134 0.14712026404386713
90 0.38183381610638867 0.14589881695650805
89.5 0.3804262066917015 0.1448185802183615
89 0.3800337548896677 0.1445254800130245
88.5 0.3785046070878557 0.1433629428896935
88 0.3768948627590103 0.1421538072523237
87.5 0.3752860806545854 0.14094034195021507
87 0.37433895767414993 0.1402296817543364
86.5 0.3739394029265499 0.13993379108655343
86 0.3714363439740762 0.13805901430232898
85.5 0.3704525437462461 0.13732656910834212
85 0.3687868505441255 0.13610394898432301
84.5 0.36775216968686575 0.13533603515265188
84 0.3661725080136574 0.1341772037757088
83.5 0.36513363514960445 0.13341358493690064
83 0.36425412125745105 0.13277908170663233
82.5 0.36211735438591824 0.13121885406537812
82 0.36111170415177196 0.130491820628316
81.5 0.35963424499902497 0.12943521875657882
81 0.35861286656165986 0.12869322248478235
80.5 0.35664256977498826 0.12729149976860613
80 0.3551464016167564 0.12621728531154147
79.5 0.35378053153808103 0.12524997119966086
79 0.3529825728151171 0.12468605469740947
78.5 0.35145463488217843 0.1236085151248191
78 0.34977911702760583 0.12243417725367961
77.5 0.3486579847301005 0.12164632740216477
77 0.34635691372205313 0.12004711559921424
76.5 0.34427422765670945 0.11860916507483298
76 0.34449118508530685 0.11875546497903791
75.5 0.342443947128415 0.11734954316827209
75 0.341339643889616 0.11660220999036053
74.5 0.34015078441146784 0.11578508225370596
74 0.33775633099543556 0.11416114081238078
73.5 0.336060918404451 0.11301116001643555
73 0.3344893230236568 0.11196694930596006
72.5 0.33353001190273907 0.11132806246172035
72 0.3320237850804876 0.11032224779339202
71.5 0.33096985225184156 0.10961884431632846
71 0.329246677177922 0.10847913490251582
70.5 0.3279890007929087 0.10765648752044404
70 0.32565446017502686 0.10612724916988202
69.5 0.3241198257903686 0.105129975859773
69 0.3228536940620136 0.1043079046134595
68.5 0.3209608733361676 0.10308873299348613
68 0.31952903936650834 0.10217155595386035
67.5 0.31739108498785185 0.10080802694888935
67 0.3153674117264325 0.0995307724623375
66.5 0.3148096348753288 0.09917300494665215
66 0.313199408765577 0.09817240750113165
65.5 0.31116694698677805 0.09689675665229672
65 0.3095701318612815 0.09589924179024133
64.5 0.30828379264966443 0.09512051850376615
64 0.3061288729751466 0.09378351234522804
63.5 0.3045718606398906 0.09283129946755331
63 0.3026687518308892 0.0916767727093517
62.5 0.3010096498745298 0.0906695680164754
62 0.29987686026872934 0.08999509093439619
61.5 0.2977477036658863 0.0887121897479996
61 0.2968201890878617 0.08816296680665928
60.5 0.29533758423337486 0.0872890578205771
60 0.29284058197544127 0.08581762310913121
59.5 0.2908540019980501 0.08465955179891906
59 0.2899713488864461 0.08414046937630215
58.5 0.2877908588527196 0.08288668834656748
58 0.28563344378461175 0.08165009671847057
57.5 0.28417074012485444 0.08080865909815732
57 0.28249992331347 0.07986642158525015
56.5 0.27988137203394203 0.07839096187386257
56 0.27929932199978696 0.07806192577411374
55.5 0.27666112290137085 0.07658933679528211
55 0.27453267885365223 0.07542226711725651
54.5 0.27298732244226953 0.07458050407119533
54 0.27176821873921586 0.07390942941117476
53.5 0.26923765903795904 0.07254177585184404
53 0.26737661156496006 0.07154438635864492
52.5 0.26667306660922235 0.0711616970738107
52 0.2640610641983117 0.06977673634135192
51.5 0.2621607341379341 0.06877590946146912
51 0.26035510303073955 0.06783592586563943
50.5 0.2583088563055915 0.06677062635588817
50 0.2558842819034556 0.06552422561672296
49.5 0.254629312431581 0.06488189695309877
49 0.25306896548353086 0.06408476295638475
48.5 0.2504509188204209 0.062767383587789
48 0.24868163673851537 0.06188104920799025
47.5 0.2470374629810505 0.06107476471910865
47 0.24480633717148856 0.05997023311994439
46.5 0.24269675537611865 0.05894111791820064
46 0.241393396105567 0.05831007344559813
45.5 0.23938428700830783 0.05734350474701766
45 0.2368857766241726 0.056152599700715
44.5 0.2354771783111664 0.055488471592491075
44 0.23316986793499264 0.0544040542014367
43.5 0.23037517075083416 0.05310761828431427
43 0.22853144768663933 0.05225925515457455
42.5 0.22644754652140148 0.05131369535865405
42 0.22510803506124927 0.05071095161057801
41.5 0.22241161415623364 0.04949594171669377
41 0.22055314487026847 0.04867941354227306
40.5 0.21878905713957225 0.04789497768712726
40 0.21681098560083942 0.047036808612097226
39.5 0.21553529387815137 0.046484037464664694
39 0.21347710558710511 0.045602097135071844
38.5 0.21119637505499977 0.044633277952259874
38 0.209027766941704 0.04372067348138004
37.5 0.20810359221949717 0.04333430539243508
37 0.204393701174818 0.04180276175299147
36.5 0.20297514761060276 0.04122384913419339
36 0.20215278911732418 0.04089089762895289
35.5 0.1981537386506914 0.03928841716560575
35 0.19768074272300112 0.03909778792525068
34.5 0.19550247114478364 0.038247775534901704
34 0.19265739799332512 0.0371407527232888
33.5 0.19061694200513196 0.03635413403363103
33 0.18848779522017017 0.03554711008924229
32.5 0.18682302670129 0.03492684493457208
32 0.1849176576260776 0.03421652661111262
31.5 0.18180512335519516 0.03307398694686461
31 0.18092665418401171 0.03275235778288962
30.5 0.17845944443812312 0.03186895933050298
30 0.17594272798562624 0.0309727496705125
29.5 0.1744598946098928 0.03045798837654274
29 0.17142736426895328 0.029401474094299468
28.5 0.17047975197495135 0.029081373218088527
28 0.16770678926894883 0.02814241840603085
27.5 0.1664016292674322 0.02770112524942552
27 0.16337541823409496 0.026708102796138902
26.5 0.16225962383255826 0.0263407746589671
26 0.1611684680270317 0.02599041936021817
25.5 0.15915455003369655 0.02534208781338533
25 0.15648758586419478 0.024501484012516454
24.5 0.15500984286328795 0.02403820663069063
24 0.15269764004239636 0.023327030542287287
23.5 0.1510387538977826 0.022823063705678378
23 0.14947392509277865 0.022353269998176734
22.5 0.14668186865111557 0.021526225546550617
22 0.14537054523320764 0.021142488272938582
21.5 0.14334851929925915 0.020556763374023384
21 0.14189472815966572 0.020140651390610997
20.5 0.13905896555686162 0.01934316777677327
20 0.13765567489944983 0.018954626064267288
19.5 0.13598364723296022 0.018497661900783734
19 0.13495534194525324 0.01821838100188457
18.5 0.1325689847994264 0.017580286482990738
18 0.13057877388905983 0.01705578277782691
17.5 0.1293647638274304 0.016741077597190672
17 0.12742475143657175 0.016243148892702456
16.5 0.1259948336273664 0.01587849997723076
16 0.12448475646595034 0.015499747236439489
15.5 0.12206445859061686 0.014902483521462005
15 0.12116391468213442 0.01468394655447207
14.5 0.12063544017300451 0.014555151132358215
14 0.11843922177177137 0.014029669895967954
13.5 0.11792777616617096 0.013909031235599013
13 0.11661369990159215 0.013601102031054397
12.5 0.11488667524126665 0.013200612509561813
12 0.11390188615887925 0.012975852320132049
11.5 0.11258848726414754 0.012677618811163596
11 0.11192069407099815 0.01252713622651665
10.5 0.11049741355687658 0.01221060532291975
10 0.11072297144095428 0.012260550775083775
9.5 0.10977607662523961 0.012051132789284243
9 0.10959378407650203 0.012011606382547082
8.5 0.10815672472922767 0.01169821617755287
8 0.10734670094556625 0.011523580928202062
7.5 0.1059314077839679 0.011221758205725765
7 0.1056778579368454 0.011167952451832532
6.5 0.10569219061744414 0.011170985432095154
6 0.10546200367901626 0.01112237846052658
5.5 0.10497810451920067 0.011020437980012116
5 0.1048301669366739 0.010989395480318586
4.5 0.10462000893307959 0.01094537550537958
4 0.1044911640501351 0.010918425395307943
3.5 0.10432308855241498 0.01088331640334636
3 0.10432856187600897 0.010884455524963033
2.5 0.10422679355337737 0.010863227817839036
2 0.10417933186817066 0.010853334329140952
1.5 0.10413906922749551 0.010844946462077214
1 0.10412340168163103 0.01084168294780292
0.5 0.10410923539303596 0.010838732909652248
