1000 0.48755063644055713 0.2378213430677175
999.5 0.48768080003775727 0.23795345774548665
999 0.48803271912926816 0.23829773123945108
998.5 0.48764588636341166 0.23791444503232587
998 0.4878033000559358 0.2380723897113833
997.5 0.48757819204473835 0.23785165499975253
997 0.4879754635270283 0.23823797144242329
996.5 0.48751675872053163 0.23779380995322622
996 0.4876222271051743 0.2378944604729131
995.5 0.48762817840787387 0.23790024071152868
995 0.4878230031741925 0.23809035742357715
994.5 0.4876141034227917 0.23788475406942755
994 0.48755355434276293 0.23782834592862148
993.5 0.48764088617618234 0.23791508972244665
993 0.4874274457237053 0.23770252088822894
992.5 0.48762586001147085 0.23789767742455892
992 0.48768267589395986 0.23795540335396886
991.5 0.48775675108442323 0.23802639357088312
991 0.487355385144987 0.23763326783270164
990.5 0.48774575473734 0.23801827769424372
990 0.48746376757492205 0.2377413661098793
989.5 0.487643887807186 0.2379171200795741
989 0.48753383764544006 0.23780803302254083
988.5 0.4874250377414916 0.23770190550266726
988 0.4875524409672084 0.23782926107808286
987.5 0.48725448864469356 0.23753361499880063
987 0.4877203291622538 0.23799148407372867
986.5 0.48763329073199146 0.2379042791723396
986 0.48765669247630317 0.23793056943029872
985.5 0.4873330203773794 0.2376168909957624
985 0.4874518702423004 0.23772722632397528
984.5 0.48734021942905376 0.23762075679564867
984 0.4872820853157541 0.23756400778267575
983.5 0.48737270053575077 0.23764959154232243
983 0.4874317075528102 0.23770856549362626
982.5 0.48717448363763277 0.23746088319716815
982 0.48725432643620825 0.23753715126111544
981.5 0.4873428160993413 0.23762325997858497
981 0.48731446266938994 0.23759558335977599
980.5 0.48728626049374724 0.2375690752708716
980 0.4871769682775063 0.23746218730852536
979.5 0.4872785359127239 0.23756002993628328
979 0.4873786586423257 0.23765805888242292
978.5 0.4871582847301095 0.23744362082754492
978 0.48717455736510484 0.23745818380634204
977.5 0.4873776166133086 0.23765616853393098
977 0.4873856896429034 0.2376647335878905
976.5 0.48709389242650686 0.23738167961049794
976 0.48721518079690224 0.2374989191175416
975.5 0.48695151257310026 0.23724071150997636
975 0.4871449162047748 0.23742832086174703
974.5 0.4869663059905064 0.23725433907580923
974 0.4870503133692617 0.23733839282045535
973.5 0.487008846335647 0.2372967139739707
973 0.48704429945828925 0.23733206146140445
972.5 0.48732983333671975 0.237611505274988
972 0.48701861608741737 0.23730836421751786
971.5 0.48699953602325036 0.2372887198560796
971 0.48707354031045286 0.23736107609198245
970.5 0.487116475815335 0.23740254753356652
970 0.48701430187081146 0.2373031227437701
969.5 0.4869680181883209 0.23725702916325464
969 0.48683948959342926 0.23713548713296215
968.5 0.48714368929370233 0.23743110685412516
968 0.48698128928756007 0.23727055507089734
967.5 0.4868788142819918 0.23716975457148984
967 0.4870329455332737 0.23732234256336732
966.5 0.48698939930575075 0.2372759823489843
966 0.4864647952996462 0.23676559351397516
965.5 0.4869016641070121 0.23719550050521648
965 0.48666203141912223 0.23695995647258605
964.5 0.4869234917478487 0.23721216462222328
964 0.4869605577419676 0.23724997695333172
963.5 0.4869170667794835 0.23720885628515884
963 0.4868032100411108 0.2371000589087012
962.5 0.4866969128914772 0.23699403635626132
962 0.48690152545878473 0.23719487537616257
961.5 0.48699010893148814 0.2372806147027411
961 0.4867199792818851 0.2370160477538532
960.5 0.48678985496072347 0.2370879251470679
960 0.48693466667217017 0.23722723853125025
959.5 0.48679099335332726 0.23708885373963215
959 0.4865024251949373 0.23680602522013794
958.5 0.4866651820561869 0.23696364410971976
958 0.4867180262659154 0.23701681741332867
957.5 0.48671296153833193 0.23700782504830628
957 0.48651130531234904 0.23681236492977625
956.5 0.4867985764087461 0.23709445996375184
956 0.4870760761420444 0.2373614449835607
955.5 0.4867708673537811 0.23706912410959105
955 0.4865978150193606 0.23689425255133667
954.5 0.4864101181814542 0.23671609520748246
954 0.4865025172030223 0.23680315446494857
953.5 0.4867871654096424 0.23707934612441472
953 0.48661405739284325 0.2369143016037985
952.5 0.48646326913953536 0.23676836524888167
952 0.48675868231964586 0.23705182138614758
951.5 0.4865383572943359 0.23684126090110189
951 0.4863756969149928 0.2366809778780649
950.5 0.48651259337483055 0.2368149507852192
950 0.4866829896044967 0.2369817782721325
949.5 0.4864747498366821 0.23677640584152626
949 0.48648642046008544 0.23678680487882522
948.5 0.486394903094286 0.23670370113772354
948 0.48630736564203253 0.23661525901788769
947.5 0.4866783055013944 0.23697821715348136
947 0.4864327070095153 0.23673514057259543
946.5 0.4864320945194101 0.23673772775576565
946 0.48625139793486544 0.23656146353840168
945.5 0.48639672408202217 0.23670351076246782
945 0.4862649605688103 0.23657452116943042
944.5 0.4864258426403266 0.23672770242255614
944 0.4862587329889362 0.23656738341896277
943.5 0.4864251479520621 0.23672924418670477
943 0.4862473328580944 0.2365571450466877
942.5 0.4862095332587293 0.2365211952797455
942 0.4861495945437817 0.23646345582180597
941.5 0.4859294440954197 0.2362474812495903
941 0.48627063023906586 0.236577891469979
940.5 0.48626309804038825 0.2365742865781076
940 0.48620243448733835 0.2365136236304715
939.5 0.4862814708618624 0.2365889170714125
939 0.48637249949853917 0.23667823113228859
938.5 0.48618821686993186 0.23649835886305992
938 0.4862957151752733 0.23660441720099534
937.5 0.4862365293755742 0.23654736443558902
937 0.48620505397430375 0.23651545098912785
936.5 0.48605143413736446 0.2363657077588441
936 0.4859537701826471 0.23627301791829614
935.5 0.4859841406980067 0.23630204605730273
935 0.48624904130846786 0.23655958398145557
934.5 0.48633561954735416 0.23664165582120825
934 0.4862733219776628 0.23658152702786223
933.5 0.4861542445008019 0.23646820854667508
933 0.48600673451676074 0.23632174597150282
932.5 0.48615126846394935 0.23646262416337302
932 0.48590877537371224 0.23622484145694944
931.5 0.48616794032166594 0.23648066318619917
931 0.48585662348774566 0.23618105181649363
930.5 0.48611213023447875 0.2364233616870867
930 0.4859459526779153 0.23626325382636917
929.5 0.4859798287559549 0.23629284907084253
929 0.485861285941145 0.23618099401091636
928.5 0.4858772563130069 0.23619913751423657
928 0.4858930238395988 0.23621193516190925
927.5 0.48591742466337984 0.2362360443708592
927 0.4859420631236101 0.23625659514699243
926.5 0.4858112387911121 0.23613210067049972
926 0.48557198392444084 0.23589964146398842
925.5 0.4858443293930254 0.23616362707422642
925 0.486058590697659 0.23637375867806082
924.5 0.4857899390796243 0.23611273975412356
924 0.4857597729659498 0.23608227573464496
923.5 0.4857377934631259 0.23606282665074177
923 0.48560402540816544 0.23593031562607378
922.5 0.48572430725150545 0.23604724330129137
922 0.4856951685100501 0.23602108539628755
921.5 0.48584118515453234 0.23616229992139273
921 0.48562125232320635 0.23594747508262903
920.5 0.48560655785535983 0.23593523062694172
920 0.48569147035212507 0.236015251910728
919.5 0.48556747078171847 0.23589441539215192
919 0.48548721106800874 0.23581667950773766
918.5 0.4855693385348378 0.23589796351623007
918 0.48539518747378096 0.2357303020130141
917.5 0.4856456948632308 0.23597267178731332
917 0.48558205612886624 0.2359083359091708
916.5 0.48537085699216664 0.23570508093108614
916 0.48566734859658683 0.2359891248744166
915.5 0.48552631714486794 0.23585832115522493
915 0.4856902722028593 0.23601771723375262
914.5 0.48543854005830284 0.2357730044450902
914 0.4855914243347399 0.23592070803185863
913.5 0.48546972696440327 0.2357995465150896
913 0.4856020451252119 0.23592867415897753
912.5 0.48564467293806485 0.2359713009871307
912 0.4853556469947143 0.23568924557163937
911.5 0.4853449012198899 0.2356798183665648
911 0.4853027113365302 0.23563876096998396
910.5 0.4853558405965355 0.23569076876826692
910 0.48562637319857127 0.2359542259231184
909.5 0.48535900254010295 0.23569603884195414
909 0.4853122419081609 0.2356463461199845
908.5 0.48533307627087074 0.23566609172524117
908 0.4852612612245923 0.23560060678542996
907.5 0.48542350011041097 0.2357531356962851
907 0.4853820393631205 0.23571642704955542
906.5 0.4850502559143834 0.2353924576189756
906 0.48527323402382605 0.23561094499498952
905.5 0.48516367959434764 0.23550526462225985
905 0.48529037252396934 0.23562601598725538
904.5 0.4852976514453477 0.2356318825875446
904 0.48528949263110954 0.23562795792222516
903.5 0.48511717393872633 0.2354579174924009
903 0.4850779356173406 0.23541801402848242
902.5 0.485439164844222 0.23577076208225375
902 0.48506830637331955 0.2354112983849478
901.5 0.4850113158180647 0.23535742088791792
901 0.48518656319552056 0.23552733580779686
900.5 0.48531510146183016 0.23564970200589075
900 0.4849393631869246 0.23528954754342632
899.5 0.48510898845877587 0.23544652445155956
899 0.4851488112604293 0.23548921676124948
898.5 0.4850044826550058 0.23535220822949934
898 0.485117887724569 0.2354592856994987
897.5 0.48534522102541017 0.23567819798847425
897 0.48515461743359733 0.23549628579019954
896.5 0.48493736475123467 0.23528482827203165
896 0.48472435530086244 0.23507578554702546
895.5 0.485050617928178 0.23539352890849927
895 0.48498876057079154 0.23533684001104513
894.5 0.4847185392345598 0.23507112335036523
894 0.4848672320108091 0.2352200759965768
893.5 0.4846811932973025 0.23503844721164285
893 0.4848435729879852 0.2351947008250266
892.5 0.48504810460294484 0.23539094627093335
892 0.4848331050722203 0.23518394458341763
891.5 0.48483889492318344 0.23518672995595605
891 0.4846507990911622 0.2350067031684755
890.5 0.4847171084732761 0.23507074804579667
890 0.48483273294516366 0.23518222263408242
889.5 0.48464453845010497 0.23500066779423442
889 0.48473518728464515 0.2350867046814405
888.5 0.4848028826717803 0.23515080396500543
888 0.48462610079647966 0.2349838767651013
887.5 0.4847276725070493 0.23508012134707706
887 0.4846578672562867 0.2350126474336618
886.5 0.4845274100875815 0.23488692333414848
886 0.4849376051868542 0.23528400636221433
885.5 0.4847060564141731 0.2350610522066736
885 0.48478618389381917 0.23513793703464098
884.5 0.48457237553848537 0.2349280956780758
884 0.4846074739106675 0.23496537395008188
883.5 0.4846988891487302 0.23504935971577529
883 0.4847845973907856 0.23513671110896028
882.5 0.48450775557606923 0.23486701384766734
882 0.48451046195509184 0.23486837756223128
881.5 0.4846183284404397 0.23497616197936194
881 0.48469887057820127 0.23505312731921624
880.5 0.48468286993069487 0.2350409739839077
880 0.4845729057650196 0.2349311474177153
879.5 0.4843243373256609 0.23469103373496336
879 0.484423294160456 0.23478581717919603
878.5 0.4844877715087394 0.23484874602344066
878 0.48436522327205656 0.2347321223854952
877.5 0.4844238425222801 0.23478611630206395
877 0.48446521000980497 0.23483001126104613
876.5 0.48418429257240947 0.23455605682254765
876 0.4843490990055186 0.23471380380347667
875.5 0.48456178514955695 0.23492069711703303
875 0.48436175672592796 0.23472674324297563
874.5 0.48420495963660826 0.23457508391687468
874 0.48417109117583695 0.23454176336507276
873.5 0.4842951831486348 0.23466168485371383
873 0.48441123774553263 0.23477407770248185
872.5 0.484424873445273 0.23478916342478495
872 0.4841772500289001 0.23454665921450196
871.5 0.48415582648103705 0.23452939395852804
871 0.48405617197946005 0.23442486442491126
870.5 0.48416983652840573 0.23454250462670534
870 0.4840706657488541 0.23444150315943144
869.5 0.4842154637251821 0.23458543258315634
869 0.4844536328042498 0.23481537680209125
868.5 0.48400659488286646 0.23438296053699742
868 0.48414433906859344 0.23451559552027357
867.5 0.4839568266075399 0.23433427444129976
867 0.484099174439194 0.2344737488143349
866.5 0.48411184138264834 0.23448769377300188
866 0.4841791642232182 0.23455156077431258
865.5 0.4840905160360012 0.23446433635108388
865 0.4838947388210148 0.23427531175814753
864.5 0.48404333170827546 0.23442000859528153
864 0.4839706109474052 0.2343482370978243
863.5 0.4840712278822625 0.23444409171981598
863 0.48398836342676227 0.23436363862408566
862.5 0.4840744962569079 0.23444905545424824
862 0.48395245660676056 0.23432978948214708
861.5 0.4838547036450032 0.23423570699068524
861 0.4839999183062743 0.23437505984438078
860.5 0.483750471449426 0.23413426036780874
860 0.4839945730445928 0.23437043267421223
859.5 0.4839286516612161 0.23430271482635148
859 0.483778635001022 0.23416157776044308
858.5 0.48384802477026717 0.23422632146055605
858 0.48379658562688493 0.23417767628625433
857.5 0.4834444045049568 0.23384240044136007
857 0.48381508458021666 0.23419413361210115
856.5 0.48380996488382505 0.23419343051151845
856 0.4839974921899403 0.23437675021428211
855.5 0.4836154118535772 0.23400545070107945
855 0.4836508718109006 0.23403650737332363
854.5 0.4836329213598133 0.2340240255570599
854 0.48358762258301574 0.2339749813241091
853.5 0.4838427326394372 0.23422205843146937
853 0.4837558721196616 0.2341412653020975
852.5 0.48363815357563417 0.23402364704692918
852 0.48340199414593826 0.2337970352722674
851.5 0.4837191647560335 0.2341006354514567
851 0.48353144886876664 0.23392136564465466
850.5 0.4833886603050942 0.23378581876050417
850 0.4834447177539772 0.233840547018466
849.5 0.48349082567284607 0.23388469068112577
849 0.48338545609329864 0.23378443917810493
848.5 0.48326073835157907 0.2336607553870083
848 0.4835457714875292 0.2339366478068799
847.5 0.4833958739931916 0.23379169500949548
847 0.48344356760593166 0.2338401289483701
846.5 0.4832023588596497 0.23360335096467716
846 0.48370264217808234 0.2340883181609604
845.5 0.4833541718089908 0.2337528743631107
845 0.4834141144450126 0.23380801598597892
844.5 0.48336839547764776 0.2337641415121216
844 0.48360921389620953 0.23399890448524516
843.5 0.4832835590844563 0.23368191191403762
843 0.48357814313197084 0.233964245065535
842.5 0.48326610796860775 0.23366449168006523
842 0.4832501549151632 0.2336506758396026
841.5 0.48335166931338125 0.23374731033027926
841 0.4830567013501403 0.2334620185765899
840.5 0.48332004851265714 0.23371850893781684
840 0.483109637967592 0.2335128262090941
839.5 0.4834386201783186 0.23383434091687774
839 0.4831244113613728 0.23352903425929913
838.5 0.48312176420542274 0.2335273660196687
838 0.48319908090793307 0.23360288669850754
837.5 0.48323414504025747 0.23363816383050112
837 0.48295175782465183 0.23336160480908558
836.5 0.4829569730960226 0.23336738885557679
836 0.4831690171517068 0.2335745609791335
835.5 0.4828717546470869 0.23328771219912728
835 0.4829599953197786 0.23337254409812874
834.5 0.48299953779820337 0.23341106851743745
834 0.48295999995757855 0.23336944392906575
833.5 0.48277291599714445 0.2331906151855528
833 0.482662467922845 0.2330820069895671
832.5 0.482947326969684 0.23336174250455524
832 0.4829266241396153 0.23333852338660238
831.5 0.4829734495402049 0.2333836887607866
831 0.4828934529804413 0.23330351895262832
830.5 0.4829684169922755 0.23337783327017933
830 0.48289164634557347 0.2333057007593415
829.5 0.4829572623166548 0.23336500909064278
829 0.4826011936585198 0.23302533493012087
828.5 0.4828513149605254 0.23326563990212007
828 0.48243342859174304 0.23286336990314274
827.5 0.48284744917541295 0.23326312869884835
827 0.4827320896609668 0.23314773016854679
826.5 0.4828793298685506 0.23329214823321934
826 0.48275381148899726 0.2331756936586493
825.5 0.482633693958778 0.23305637432603504
825 0.4827335910189008 0.23315235130170683
824.5 0.48264178943616354 0.23306186624830555
824 0.4826648466472281 0.23308200981948843
823.5 0.48261646997008717 0.233041436446195
823 0.4826061360729744 0.2330269791793269
822.5 0.4824799907028959 0.2329070406180601
822 0.4825902729466827 0.23301418454964917
821.5 0.4827276996513074 0.23314701504906613
821 0.48241309960354384 0.232845113966389
820.5 0.48259150961621045 0.23301477340087848
820 0.4825521443322143 0.23297498864922128
819.5 0.48233881210591595 0.23277445835519892
819 0.4824984891749858 0.2329270744044589
818.5 0.48253683947121206 0.23296255843256827
818 0.48222812935064535 0.23266159013554852
817.5 0.48234422480004185 0.23277805068301663
817 0.48237132272430755 0.2328020452741706
816.5 0.48230885501583076 0.23274361169928343
816 0.4824978202601689 0.23292386371199944
815.5 0.4826265498343164 0.23304961340674968
815 0.48250014024973176 0.23292467985195417
814.5 0.482376870286488 0.2328102328233066
814 0.48217604477547427 0.23261430322788118
813.5 0.4825169705468631 0.2329420857817824
813 0.4821187175575012 0.23256257584613899
812.5 0.4819759694440922 0.2324218794880302
812 0.482190728313858 0.2326329476485992
811.5 0.4822661257846628 0.2326990005166312
811 0.4822406317336259 0.23267591796799625
810.5 0.48214715279570486 0.2325860481740959
810 0.48196510387600494 0.23241117301655714
809.5 0.4820631234030915 0.23250359061799997
809 0.48224486856533355 0.23268229886156802
808.5 0.4822054353345706 0.23264135700212646
808 0.48204922097436004 0.23249092353124926
807.5 0.4819893978134452 0.23243286535069058
807 0.48211347525632864 0.23255583532991414
806.5 0.48215940696060305 0.23260086346731823
806 0.482287217294654 0.23272190326403086
805.5 0.4819075669339241 0.23235662972430382
805 0.48201679272191783 0.23246329782343036
804.5 0.48206383614060433 0.2325034125076803
804 0.48180555446922896 0.23225762715054876
803.5 0.48177963294330206 0.23223135353785995
803 0.48201663614529544 0.2324602090646744
802.5 0.48193777043859465 0.23238408147120257
802 0.48172357512804276 0.2321777718844931
801.5 0.48177479915173393 0.23222870777952376
801 0.4819338582779582 0.2323812542975033
800.5 0.4816355435572826 0.23209200470457578
800 0.4818742725240474 0.23232514011494895
799.5 0.481561645287997 0.2320192330502026
799 0.4815916900365187 0.23204954540306505
798.5 0.4816720331292178 0.23212702092005758
798 0.4816885609057979 0.23214287075283005
797.5 0.48184038563684745 0.2322907607812798
797 0.4816278838342746 0.23208365146680046
796.5 0.4817378688462579 0.2321932787636388
796 0.48145111287073494 0.23191630832192595
795.5 0.4816844239888098 0.23213984789803274
795 0.48161652937105703 0.23207146381269628
794.5 0.48139359577839086 0.23186249417464425
794 0.4814233772261422 0.2318904200229484
793.5 0.4814762427930643 0.23193872503330948
793 0.4815406743598069 0.23200218853635796
792.5 0.48124820969713195 0.23172100717883778
792 0.4815009291718972 0.23196147560730124
791.5 0.4813416020669339 0.2318112007888931
791 0.4813874925080135 0.23185333717625173
790.5 0.4816587861694346 0.2321171795825561
790 0.4813866287291073 0.23185455511321668
789.5 0.48102615228418694 0.2315107231184053
789 0.48140691912641825 0.23187281445229369
788.5 0.4815660002876938 0.23202792685787832
788 0.48134734962263714 0.23181336995769278
787.5 0.48127359275649284 0.23174469179563234
787 0.48142261754503224 0.23189148608949595
786.5 0.48131348480137365 0.23178236018745355
786 0.4809534228945229 0.23143431417443258
785.5 0.4812861028473694 0.23175849427081766
785 0.48116544962788055 0.23164259999996906
784.5 0.4811702844742187 0.23164600375941105
784 0.4812932210208497 0.23176756206446839
783.5 0.48122911878278074 0.23170170163114898
783 0.4810234964884993 0.231507237735334
782.5 0.48093957803262394 0.23142213533661968
782 0.48113828593678093 0.2316136220886174
781.5 0.480933366886474 0.23141774445435837
781 0.4810562156230871 0.2315366144543924
780.5 0.4807290432822901 0.23121677297932855
780 0.4809504639147222 0.2314351647346989
779.5 0.4808962357370152 0.2313812116112809
779 0.4808991161086217 0.23138430845646488
778.5 0.4809105489538152 0.2313965036687137
778 0.4810123712855603 0.23149523091041302
777.5 0.48083754152397884 0.23132637857123817
777 0.48091862430108157 0.2314065710396699
776.5 0.48080252120157296 0.2312913685467826
776 0.4811766073971235 0.23164998306628426
775.5 0.4808254431761638 0.23131484165115693
775 0.48072050378775283 0.23121595578576146
774.5 0.4807669014590178 0.23125854591384534
774 0.48098321033359165 0.23146754210338402
773.5 0.48085279568343375 0.2313353995171796
773 0.4808212199087809 0.23131019794643903
772.5 0.48091228332800756 0.23139809487827825
772 0.4806010530143117 0.23109778007417653
771.5 0.48045997725332923 0.23096346651009192
771 0.4808093307291082 0.23129942194881292
770.5 0.48090553141374465 0.2313871392479235
770 0.48057877533550797 0.231077040337778
769.5 0.48059730165433967 0.23109541435932
769 0.4804863402165546 0.23098821431199237
768.5 0.480306811849137 0.2308136831046319
768 0.48072777307069003 0.23122218376121773
767.5 0.48052893305998046 0.2310299867022611
767 0.4806355191684626 0.23112904133325013
766.5 0.48065230254802355 0.23114433808524587
766 0.4803973396666368 0.23090547506113523
765.5 0.48076246948470086 0.23124909393651727
765 0.4802219843361959 0.23073368260325708
764.5 0.48053180632510234 0.23103184759692152
764 0.48025041308333544 0.23075858614995184
763.5 0.48002874256849876 0.23054838277782636
763 0.48037766649374597 0.23088197754732465
762.5 0.4801981437784894 0.23070927861339133
762 0.48026139579719357 0.23077132109173148
761.5 0.4800519992818803 0.23057043797328358
761 0.48003119595246313 0.2305482027786322
760.5 0.48018623478866274 0.23069915987349907
760 0.48022937036869334 0.2307432235572473
759.5 0.48019640416096426 0.23070872479247423
759 0.4800092128761487 0.2305302652077375
758.5 0.48004860362398527 0.23056558522918164
758 0.48023382615614496 0.23074610789707703
757.5 0.4800059550285463 0.23052434641156247
757 0.4798064224657415 0.2303374532438864
756.5 0.4800733966793043 0.23059214422592683
756 0.48012465273375976 0.23063977713529726
755.5 0.48005936379009384 0.23057945253118345
755 0.4801354036439732 0.23065140040305024
754.5 0.4801338441952935 0.2306499690799717
754 0.47997568167072685 0.23049934408995676
753.5 0.480195144467301 0.23070806897201945
753 0.4799341540421333 0.230457101711925
752.5 0.4794836119976393 0.23002691687777696
752 0.479556718833204 0.2300986291493596
751.5 0.47968867525052 0.23022201200867293
751 0.47982343143031586 0.23035290800899966
750.5 0.4797190067926672 0.23024982093285506
750 0.4797498200604158 0.23027925879843814
749.5 0.4798359070929296 0.23036413508340753
749 0.47974595940999204 0.23027860195695454
748.5 0.4798372407070078 0.2303661857712093
748 0.47982248553318874 0.2303515852196764
747.5 0.4797669559902418 0.23029626483240812
747 0.47978498992620383 0.23031731879260164
746.5 0.4794308329191249 0.22997651251211884
746 0.47971509281195696 0.23024456358438616
745.5 0.47954190609536906 0.23008161422772247
745 0.4794351601408365 0.22997970955313235
744.5 0.47916514087463147 0.22972089440168988
744 0.47908758964458464 0.2296438559535736
743.5 0.47967688290523824 0.23021259408165495
743 0.4798107224891491 0.2303411791884352
742.5 0.4795454185333754 0.23008263712796936
742 0.4793423001147363 0.22988965881012718
741.5 0.47938253090812005 0.22992873803640818
741 0.4792483674210611 0.2298030133622858
740.5 0.4795885871808006 0.23012980387512882
740 0.4794983203767209 0.23003890021485254
739.5 0.4791514290250988 0.22970875316281583
739 0.4791136298030124 0.229671668431479
738.5 0.4794261948589085 0.22996903389840548
738 0.47932640746266925 0.22987829414845337
737.5 0.4791997075323973 0.22975172073640848
737 0.4791963599915278 0.2297521664475154
736.5 0.4793714397620698 0.22991841465654195
736 0.47915780764637983 0.22971648445729223
735.5 0.47904446411223683 0.22960618684121936
735 0.47909674584582823 0.22965413995532696
734.5 0.4791411727916026 0.2296968108360598
734 0.479080490226161 0.22963655237540298
733.5 0.479163858876025 0.22971788749721242
733 0.4790565070553081 0.22961297658725136
732.5 0.4790469225728368 0.2296091691677022
732 0.47902254009376444 0.22958379488943687
731.5 0.479049122083055 0.22960962902308285
731 0.4787354521064447 0.22930991591798694
730.5 0.47900043086687366 0.2295619201189618
730 0.478802137836941 0.2293714376528875
729.5 0.4788781795287797 0.22944563140138208
729 0.4786224344432219 0.2292042450765777
728.5 0.4788398386193879 0.2294073512097893
728 0.47868688516269203 0.22926403974710793
727.5 0.4789749942610254 0.22953923416748856
727 0.47867056815296577 0.22924740262883753
726.5 0.47853756218176674 0.22911866033768702
726 0.4787862453767782 0.22935579276668094
725.5 0.4787908773398091 0.22936025144491504
725 0.47863270479568 0.22920931781015919
724.5 0.4786605483941012 0.22923507732717555
724 0.478456998601891 0.22904269794319695
723.5 0.4786218816268479 0.22920146601999805
723 0.4784403175326054 0.22902783620996853
722.5 0.47831287377319176 0.228907046883409
722 0.4784764525637111 0.22905868848666394
721.5 0.4785340033838604 0.2291196325875561
721 0.47874128696892804 0.2293107701673003
720.5 0.47853340155674084 0.22911629757324495
720 0.4783674702408351 0.22895741603892353
719.5 0.4784370520753607 0.22902357936432935
719 0.47848630275244824 0.22907221287879848
718.5 0.47843143594152693 0.2290193186145516
718 0.47830298543176597 0.2288945471202161
717.5 0.47838633518984647 0.2289773810382128
717 0.4783834773825172 0.22897392952445414
716.5 0.4783306726112052 0.22892046886777156
716 0.4781945968148335 0.22879032940800523
715.5 0.4784160348796746 0.2290057487438101
715 0.4781290488962735 0.22872992221922464
714.5 0.4781805316537262 0.2287804140113511
714 0.47807444231627755 0.228679471248826
713.5 0.4785140788742087 0.22909434440231047
713 0.47809404818708245 0.22869534974868505
712.5 0.47831092270839176 0.22890498719667124
712 0.4777081931538182 0.22832971040803857
711.5 0.4781374170572251 0.22873711389489124
711 0.47789626433161836 0.22850721307017546
710.5 0.47794840301484287 0.22855550452658768
710 0.47834722052360634 0.2289380937388796
709.5 0.47787413388965316 0.2284846554644232
709 0.4776902603576484 0.22831097718277518
708.5 0.47782258033740105 0.2284333536427896
708 0.47782995207145373 0.2284408259046924
707.5 0.47777614087457226 0.22839189825031372
707 0.4779101115982122 0.2285205365621634
706.5 0.47771505960499405 0.22833215407525764
706 0.47781302681311083 0.22842613770723208
705.5 0.4777017645682055 0.22831843856850595
705 0.4776225841486598 0.22824221733765035
704.5 0.4776375662290775 0.22825999006752634
704 0.47764706510868327 0.22826656029174067
703.5 0.4775933285881516 0.22821536436012263
703 0.4773500236399394 0.22798399825266516
702.5 0.477526391666919 0.228151977249371
702 0.47756423560474476 0.2281891460044339
701.5 0.477586548904178 0.22821327789979298
701 0.477704752624211 0.22832701129656177
700.5 0.4774485896278085 0.22808267023647621
700 0.4775692266014517 0.22819324582791578
699.5 0.47746270293045184 0.22809521784993453
699 0.4774503886271094 0.2280803211955246
698.5 0.4776179097003801 0.22824425306814491
698 0.477550595660286 0.2281755275558254
697.5 0.4772725928676244 0.22791230347612587
697 0.4772106813721555 0.22785241939104595
696.5 0.4771496109976701 0.22779337499711558
696 0.4773671196151479 0.22800236103779864
695.5 0.47727772624590575 0.22791619790485898
695 0.47738645357345355 0.22802037699295083
694.5 0.477167200319152 0.22780882121258222
694 0.47717408513778936 0.2278173504459016
693.5 0.4770471633960523 0.22769368047699579
693 0.47709176224916655 0.22773744376133448
692.5 0.4768411976325577 0.22749949726949922
692 0.47687627888781026 0.22753310133771207
691.5 0.4769255576962512 0.22757758757874258
691 0.4771684211296052 0.2278103487483614
690.5 0.4768427631744053 0.22749890829742672
690 0.47697199050844796 0.22761979656174558
689.5 0.4768353921065334 0.22749170045598557
689 0.47688582341794045 0.22754270327225962
688.5 0.47675785553134176 0.22742123175134527
688 0.4767408062987635 0.22740543903713453
687.5 0.47682309756593555 0.22748143749952132
687 0.47682766583039266 0.22748904748359505
686.5 0.47696858995323127 0.22762137822918058
686 0.4765879730482566 0.227259170699154
685.5 0.4767025814420309 0.22736654510960996
685 0.47675964527431036 0.22742127004754273
684.5 0.4766553607342198 0.22731881270566648
684 0.4765415265680909 0.22721381359729442
683.5 0.47631071165775707 0.22699251469322454
683 0.47673082978668213 0.22739414451512782
682.5 0.47637072664815017 0.2270489315903553
682 0.47654224418261837 0.2272145837628293
681.5 0.4764870130390213 0.22715929372222032
681 0.4765040639811591 0.22717654448609428
680.5 0.4763859278018905 0.22706525072326145
680 0.47647653314694444 0.22715128870455456
679.5 0.47659068508821323 0.22726100176478214
679 0.4762664082984558 0.2269517177064274
678.5 0.4763764443380628 0.2270554602145124
678 0.47631984279620326 0.22700121934226702
677.5 0.4764704516293615 0.2271457716607878
677 0.47624103046994637 0.22692920158352875
676.5 0.4764706029762882 0.2271470001021851
676 0.47633136962836536 0.22701491188782535
675.5 0.47608537655937117 0.22677853197810832
675 0.47611055678639463 0.22680351684626185
674.5 0.47618901186923873 0.2268784148956741
674 0.47617277934460295 0.22686223395551952
673.5 0.47585905351997315 0.2265648060374842
673 0.4760170702196025 0.22671219390667197
672.5 0.47603324565128396 0.22673048482582003
672 0.4756517480180255 0.2263655691844869
671.5 0.47599508441812705 0.22669313545428332
671 0.47577516056203656 0.2264839108545216
670.5 0.4761503600500044 0.22684257429543203
670 0.47586549891281815 0.22657183165036754
669.5 0.47584439075541446 0.22655198380430802
669 0.47617588003873373 0.22686277009783382
668.5 0.4758472632072621 0.2265546593624934
668 0.4759699180617025 0.22666716382346008
667.5 0.4756313376258164 0.22634602269227308
667 0.4757108490876887 0.22642311406648755
666.5 0.47572442204224863 0.22643653465390223
666 0.47570547362645044 0.22641851179485345
665.5 0.4757000960773589 0.22641204095696255
665 0.47557741680041 0.22629800140625317
664.5 0.4755511944608743 0.22626895290573026
664 0.4755590234795264 0.22627949401246933
663.5 0.4756801892980775 0.22639669145994964
663 0.47557803114990965 0.22629433052641648
662.5 0.47547908104294806 0.22620140830921348
662 0.47535565644578903 0.22608377810084124
661.5 0.47576271191691655 0.22647262835709656
661 0.4751349857677517 0.22587630277817425
660.5 0.47542594632347757 0.22615110312748005
660 0.47538021460308116 0.2261056425613352
659.5 0.4752411775671577 0.22597987049162926
659 0.47525151340170035 0.22598611274196562
658.5 0.4751147977699885 0.22585509792190225
658 0.47505078116783633 0.2257935552724329
657.5 0.4754522688278157 0.2261769006970865
657 0.4753758439988985 0.2261069212407771
656.5 0.4751249025356819 0.22586290129087355
656 0.47507217864463974 0.2258156785501053
655.5 0.4748297179729104 0.2255846297355007
655 0.4750932484286484 0.22583885887722321
654.5 0.4750578213979396 0.22580007716618614
654 0.47489734099850406 0.22565078658985316
653.5 0.4749715766159198 0.2257202913872287
653 0.47480640959735304 0.22556239159806565
652.5 0.4749680234507493 0.22571810251413052
652 0.4748563432277163 0.22561044312036793
651.5 0.4750414560670748 0.22578668735892368
651 0.4744961055808386 0.22526840494893371
650.5 0.4749751720213693 0.22572717310246504
650 0.4748101133369868 0.2255673757289377
649.5 0.47480934760162474 0.22556675768232282
649 0.474828596616505 0.22558452405552856
648.5 0.47427907718469753 0.22506120384069836
648 0.4747979110450851 0.22555966137744235
647.5 0.4746942010118253 0.22545763697669843
647 0.47446123755836084 0.22523574658025894
646.5 0.47456266677309394 0.22533262380075728
646 0.4745202599319888 0.2252891604727631
645.5 0.4742302171207791 0.2250170826873825
645 0.4744560820181276 0.22523216180678016
644.5 0.47452141017099864 0.22529564857814227
644 0.47447812136347123 0.22525031438012977
643.5 0.47411092604035066 0.22490696560723306
643 0.47413454054256854 0.22492778532572336
642.5 0.47412515945513767 0.22491661567673513
642 0.47444801397947695 0.2252248361932694
641.5 0.4741083805259647 0.22490051137540149
641 0.4740947201046526 0.22489166983013514
640.5 0.47424762084158667 0.2250346931553312
640 0.47416583180571026 0.2249566701748782
639.5 0.47406444297854944 0.22485777215071667
639 0.47409231093261656 0.2248850156671142
638.5 0.47424528696072177 0.22502861399864493
638 0.4737743119526833 0.22458352873867582
637.5 0.4742096725898793 0.22499799505017046
637 0.47410878771323317 0.22490333359324566
636.5 0.47394702890835755 0.22474775462397395
636 0.4738342483670996 0.2246411560944722
635.5 0.47416025943483286 0.22494990145036153
635 0.4736661926924448 0.22448151296016441
634.5 0.4737335047885038 0.22454273345481812
634 0.4738481240085351 0.22465486803814064
633.5 0.47381084048032157 0.22461611548365898
633 0.4736513076410636 0.2244675514128754
632.5 0.4735685446269757 0.22438738354093937
632 0.4739601871936936 0.22475850500703837
631.5 0.4736522841173931 0.22447157146946242
631 0.47386975628415334 0.22467381076480636
630.5 0.47352842863224 0.22435292990476058
630 0.47348874026275517 0.22431361814634357
629.5 0.4736912096156425 0.22450415769183457
629 0.47378388852736253 0.22459680694722886
628.5 0.4734102630630756 0.22423893658494157
628 0.47339098782835265 0.2242229269647895
627.5 0.4732040943694364 0.22404178906280686
627 0.4734524384998787 0.2242822600534155
626.5 0.47340103308808873 0.224231141099096
626 0.4735167855368717 0.22433809009837086
625.5 0.47330624922021763 0.22414227095235753
625 0.4734070289778 0.22423827069428653
624.5 0.47318100307850336 0.2240174252074633
624 0.4730392534805418 0.22388705191486688
623.5 0.47298036983677266 0.2238347619091849
623 0.47298676027214276 0.22383959520003177
622.5 0.4731918950907842 0.22403180585547458
622 0.472916380216088 0.2237733839498143
621.5 0.47301179267760407 0.22386183563024556
621 0.47328893289544677 0.224126344262729
620.5 0.4729703319149072 0.2238232646281008
620 0.47322319294622334 0.22406457921246378
619.5 0.47304737481283443 0.22389540010449152
619 0.4728370882159499 0.22369633632976282
618.5 0.4728594099371089 0.2237150613333732
618 0.47290564958784487 0.2237612803515318
617.5 0.47276711939341537 0.22363029669031168
617 0.4727060356195578 0.2235718748001852
616.5 0.47261067215321373 0.2234799241350643
616 0.47275289139802734 0.22361883029476468
615.5 0.47276274236300353 0.2236272350557874
615 0.4726804856824211 0.2235458296344793
614.5 0.47243558120910173 0.22331770949742777
614 0.4727310572841369 0.22359709251090984
613.5 0.47256524900073965 0.22343982686623126
613 0.4723229480023126 0.22321196570395266
612.5 0.47228974027044474 0.22317788865039773
612 0.47228024783358724 0.22317048633123368
611.5 0.47243082781095325 0.22331089328348822
611 0.47252076151069206 0.22339871541868456
610.5 0.47238807562450297 0.22327368386157423
610 0.47230783862475206 0.2231978947348244
609.5 0.4724324910700552 0.22331549552964278
609 0.47224654831292323 0.22313825702990692
608.5 0.47211065627744747 0.22300952928569495
608 0.4722158873820377 0.22310962532444586
607.5 0.472142739124414 0.22304104264505317
607 0.471923936635053 0.22283314594156242
606.5 0.4719941450069944 0.2229022372956295
606 0.4722937706372186 0.2231829106784853
605.5 0.4720612295256275 0.22296357242548995
605 0.4720580341700424 0.2229590014635478
604.5 0.4721412715747935 0.22303795757669403
604 0.47191244048134834 0.2228234536607521
603.5 0.4718919651485004 0.22280482701459547
603 0.47186739404683575 0.22278291011532972
602.5 0.4717334344002894 0.22265593160592215
602 0.47177316107095824 0.22269255666839985
601.5 0.4718533178976735 0.2227672736610388
601 0.4718028911592921 0.22272237736324862
600.5 0.47175276483709755 0.22267194112675792
600 0.4715746757604758 0.22250542270969934
599.5 0.4715806530481135 0.22251018889797378
599 0.4715057008387054 0.22243851809489995
598.5 0.47154852954883353 0.22248335851354345
598 0.4715346728168001 0.22246740814521695
597.5 0.47129111123631245 0.2222388124414408
597 0.4715871353751594 0.22251694384829934
596.5 0.47137112082705374 0.22231269148069954
596 0.4712387926464452 0.22218891193897558
595.5 0.4711699837716283 0.22212387448483642
595 0.4711133323292198 0.22207005325473733
594.5 0.4712912163998609 0.22223718004424012
594 0.4712778911924027 0.222226991880574
593.5 0.4712789372099571 0.22222480313330786
593 0.4711104820037616 0.22206717920865637
592.5 0.47110829730179204 0.22206620854789672
592 0.4709771497299679 0.22194040745449606
591.5 0.4712092714755216 0.22216014058778485
591 0.47092280650146134 0.2218899814940877
590.5 0.47089556148206063 0.22186719817556125
590 0.4711172286900984 0.22207365617654265
589.5 0.4706317683490955 0.2216180299666757
589 0.4708104342619526 0.22178688584508124
588.5 0.470657932321626 0.22164202805169406
588 0.4710934752926701 0.22205276465536605
587.5 0.47078767820317785 0.22176113593756022
587 0.4707266697079032 0.2217077632410382
586.5 0.470580512272598 0.2215661926952286
586 0.47083145977163793 0.2218028239449844
585.5 0.47053726607090607 0.22152834563599572
585 0.47062722951390507 0.22161117257321836
584.5 0.47053904910364924 0.22152814200294985
584 0.4706653773478982 0.2216504322024575
583.5 0.4705416939309643 0.2215320641721532
583 0.4703422157035498 0.22134427449944533
582.5 0.47050734462429533 0.22150298949501945
582 0.4702134962846278 0.2212264138562124
581.5 0.4704973952563117 0.2214910856575523
581 0.47009980440820925 0.22111757876801927
580.5 0.47025883429589627 0.2212640685989179
580 0.47023804713128187 0.22124613430738285
579.5 0.4702794004718427 0.2212856351894496
579 0.47029840544464485 0.22130431164555686
578.5 0.4703478122779546 0.22135072863718758
578 0.4700498226495569 0.22107025760052676
577.5 0.47001573765471255 0.22103816137333399
577 0.4700294692085479 0.22105226881207915
576.5 0.46995613464306296 0.22098331712404617
576 0.46994190170049893 0.22096964476396933
575.5 0.47015897072347634 0.22116960705131578
575 0.46986216759702804 0.2208932665329101
574.5 0.46958783026612244 0.2206318648092994
574 0.4698753608487871 0.22090610177577347
573.5 0.46979473456522847 0.22083016476034145
573 0.469685155614272 0.22072905661577988
572.5 0.4696602387458465 0.22070469955887878
572 0.46938465454994893 0.22044513806605054
571.5 0.4694975553955333 0.22055196933388346
571 0.4693488588595599 0.2204153353171559
570.5 0.46958957525458056 0.22064025613421548
570 0.46947850936070795 0.22053386144979406
569.5 0.46959015212554295 0.2206357739980929
569 0.46910700116408277 0.22018493724692154
568.5 0.4692633547651889 0.2203302019510175
568 0.4690342082614734 0.2201166539502051
567.5 0.46926180091929026 0.22033025038455403
567 0.46915057077107597 0.2202236565093747
566.5 0.4691031103881934 0.22018145693397626
566 0.469180272182537 0.22025167330077464
565.5 0.4690693783628854 0.22014909881432376
565 0.46910149559739656 0.2201797875096784
564.5 0.46919981992098403 0.22027382232696494
564 0.46913659789026296 0.2202156151689782
563.5 0.4689614941192968 0.2200465595275684
563 0.46891927683027695 0.22000568506997786
562.5 0.4690524671924216 0.2201316019576541
562 0.4688798176466034 0.21997363963607827
561.5 0.4686529905266092 0.21975930102264676
561 0.4689301861062905 0.22001928644397797
560.5 0.4687359716342955 0.21983419512005378
560 0.4687019053617089 0.21980587583316802
559.5 0.46866590063382796 0.21977377118492133
559 0.46879931401844205 0.21989531712061852
558.5 0.4685588373132168 0.21966775237727734
558 0.4682551817738131 0.21938710919271356
557.5 0.4684844761115993 0.219601983513091
557 0.46834386809713213 0.21946888669346992
556.5 0.4687092045089784 0.21981272866413054
556 0.4682546140902963 0.21938640208901766
555.5 0.4684455990927914 0.21956441416316286
555 0.46823578366252394 0.21936937473132198
554.5 0.4683609247102044 0.21948565570135872
554 0.468391864415488 0.21951576595511643
553.5 0.4684215632708114 0.2195409814100166
553 0.4681670765276677 0.21930172998196304
552.5 0.468228194869768 0.21936056685434452
552 0.4681529607273793 0.21928602116685267
551.5 0.46772253004080766 0.21888751571902074
551 0.46768249335335477 0.2188514716275617
550.5 0.467712716402686 0.21887732958342784
550 0.46784479324329015 0.21900352887411656
549.5 0.4679361068821759 0.2190890134918664
549 0.46770413147969925 0.21886957160113618
548.5 0.4676244078366528 0.21879775608256993
548 0.46783199018940697 0.21898943503752785
547.5 0.467767886399383 0.2189279801608293
547 0.4673872677820319 0.2185753462609403
546.5 0.4677774679054798 0.2189401232354385
546 0.4673564357194037 0.21854459792667172
545.5 0.4675274700569898 0.21870218750634124
545 0.467465241302654 0.2186467060742375
544.5 0.4676690438767447 0.21883888691028988
544 0.4674261623428029 0.21861179228713742
543.5 0.46717564596266753 0.21837505023739434
543 0.4674146749971702 0.21860134754881985
542.5 0.46728371331926316 0.21848094771482993
542 0.4671979641486665 0.2183941833724782
541.5 0.4672469013098557 0.21844237178013148
541 0.4669821890304207 0.21819488941824575
540.5 0.46709925399133945 0.21830340429087328
540 0.467061524278679 0.2182682849621015
539.5 0.46697204260054714 0.21818575685780578
539 0.46688958159993105 0.218110310345271
538.5 0.4667355067022522 0.21796235549647106
538 0.46663944916355443 0.21787449427055453
537.5 0.46671783227998764 0.21794777388742867
537 0.4668536076133048 0.2180787071513591
536.5 0.4668207619140643 0.21804237359118012
536 0.46681708733542443 0.21803882974888547
535.5 0.4668136662011454 0.21803749771575429
535 0.4668564213418684 0.21807849571183638
534.5 0.4669457904863281 0.2181602522025195
534 0.466598838412632 0.21784105524174394
533.5 0.4664914366291963 0.21773728530469766
533 0.46654296294522507 0.21778782400057983
532.5 0.4661126730786266 0.21738234233949688
532 0.46629405342678587 0.21755251893539349
531.5 0.4662532650061894 0.21751689387854722
531 0.4664534474411434 0.21770279135231413
530.5 0.4662961329504894 0.2175562074624287
530 0.4660768538447362 0.21735091581887336
529.5 0.4660602421382886 0.21733500387489355
529 0.4661151310978939 0.21738938259261145
528.5 0.4659219666156813 0.21720644867044384
528 0.4657448411689486 0.21703967077827516
527.5 0.466177345636267 0.21744528209690372
527 0.46583429634129697 0.21712830626268148
526.5 0.465858346799132 0.21714552426380943
526 0.4655209453454755 0.21683276926151093
525.5 0.4660258931760697 0.21730577275678115
525 0.46572892631520413 0.2170275306953973
524.5 0.4657058502619488 0.21700590107396395
524 0.4657671932381187 0.217062489771439
523.5 0.4652645021377408 0.21659003929789203
523 0.465500332736133 0.21681507063911878
522.5 0.4657312351198852 0.21703215006814094
522 0.4655423770654965 0.21685472741397374
521.5 0.46541131799953905 0.2167305093428769
521 0.46533205754577844 0.21665925495895383
520.5 0.46527507959013975 0.2166033433556751
520 0.46518056084836923 0.21651731595798185
519.5 0.4653117412341139 0.2166357565256947
519 0.4650409285046551 0.21638676138098792
518.5 0.46514614962225176 0.21648548433984854
518 0.46513329754393995 0.2164725678642998
517.5 0.4650164872615768 0.21636412528974094
517 0.46496087676216097 0.21631565770148223
516.5 0.4650530323297883 0.21639471679493152
516 0.46510315081614606 0.21644582760380823
515.5 0.4648228425050251 0.21618474060094597
515 0.4649377614276638 0.21629104474102226
514.5 0.4647280232170703 0.2161001002002196
514 0.4645791453838917 0.21595682053001702
513.5 0.4647379541282042 0.2161058055846972
513 0.4643554837097572 0.2157488703283937
512.5 0.4646924924474572 0.2160610593369853
512 0.4645780275331647 0.2159599419941946
511.5 0.4642422154827716 0.21564630001820254
511 0.4643757137170886 0.2157686434128192
510.5 0.46459436479433347 0.21597438307585745
510 0.4640912945108042 0.2155050855519385
509.5 0.4642380420248974 0.21564272323715808
509 0.4643351191106322 0.21573423839481778
508.5 0.46426560096489966 0.2156647345367924
508 0.46422080954464523 0.21562711822342687
507.5 0.4644727545052231 0.21585523870716242
507 0.46401753348001895 0.21543512245039204
506.5 0.4641149662805899 0.21552537755772344
506 0.4639366999290675 0.21536008381479685
505.5 0.4639645139877459 0.21538799034277115
505 0.4643718984652275 0.21576709226929175
504.5 0.46400179988882395 0.21542314438518617
504 0.46376690508011986 0.21520086828058332
503.5 0.46366224870910316 0.21510425083283805
503 0.46387369975651294 0.21530107895776637
502.5 0.46354904664259733 0.21499973566379782
502 0.46361686454651757 0.21506512051998683
501.5 0.4636747932851398 0.21512092268414792
501 0.46395434574611316 0.21537787851952472
500.5 0.46342800522031913 0.2148852197926096
500 0.4631190345766665 0.21460330227528243
499.5 0.46365726740936564 0.21510279680756134
499 0.463484875481133 0.2149423477542
498.5 0.4632409742133247 0.2147158451061347
498 0.46332344098623923 0.2147907970097947
497.5 0.4631604092251269 0.21464481209277142
497 0.463120978604903 0.21460334553947508
496.5 0.46311520741097895 0.2145958680656025
496 0.4628872328410102 0.21438523458145517
495.5 0.46311701016664814 0.21460162767625438
495 0.46299937695671556 0.2144928360273087
494.5 0.4629567985369047 0.21445150011429417
494 0.4629157459268573 0.214417672186487
493.5 0.4628114748133556 0.21431674894648792
493 0.46277316632200033 0.214281309541411
492.5 0.4626643586102456 0.21418321781080196
492 0.4624603768279172 0.2139917607419128
491.5 0.46239676713168365 0.21393494202339583
491 0.46265397552095955 0.21417353902035294
490.5 0.46244292466982934 0.21397371705812168
490 0.46247299235424516 0.21400535552566
489.5 0.4622121940073109 0.2137669783317863
489 0.46225477557706907 0.21380301522837844
488.5 0.46223298663973417 0.21378014618420274
488 0.4622542780923494 0.21380283497939442
487.5 0.46218843367918805 0.21373880048599406
487 0.4622176935513135 0.21377011105956895
486.5 0.46209305734866174 0.21365151238711727
486 0.4618413150897106 0.21342306947311457
485.5 0.4620246141661983 0.21358551555101982
485 0.461713335194485 0.21330512665972856
484.5 0.4616874798673955 0.21327749589739536
484 0.4616941018830998 0.21328454807325117
483.5 0.46173492489598317 0.213322334062209
483 0.4615658464416971 0.21316638541768745
482.5 0.4617940240637141 0.21337494026723183
482 0.4614647726200222 0.21307296607342757
481.5 0.46149029535074354 0.21309902671555855
481 0.4612076032068419 0.2128404360536567
480.5 0.46120988016341563 0.2128397625114604
480 0.46144950548334057 0.2130613864141
479.5 0.4614458691268688 0.21305586219104863
479 0.46115975779533075 0.212791132660863
478.5 0.4614943295493283 0.2131019963755571
478 0.46121914849072504 0.2128457521065126
477.5 0.46125724651980204 0.2128806033404662
477 0.4609107862603476 0.21256442124470895
476.5 0.4609898088517144 0.21263680173227473
476 0.4607505697777381 0.21241442104629024
475.5 0.4608728539029255 0.21252724126332445
475 0.4608969191070935 0.21255081448212246
474.5 0.4605947051247948 0.21226942610984134
474 0.4603883375458028 0.21208231053150328
473.5 0.4606104809673292 0.21228405417453966
473 0.46071381206145406 0.21238374232992563
472.5 0.46050940293364495 0.21219243035369503
472 0.46021253405342405 0.21192276695001946
471.5 0.46001951417471093 0.2117413434247817
471 0.4603665753874106 0.2120651581808225
470.5 0.4602556508498633 0.2119589790244777
470 0.4600541490706186 0.2117765565845725
469.5 0.4604553797194355 0.2121406478514856
469 0.4597743450972055 0.21151389251035543
468.5 0.45985822777449953 0.21159235332749324
468 0.46016012525607775 0.21186934815164035
467.5 0.4600231885664561 0.21174625355715987
467 0.45974756049927124 0.21149339782464105
466.5 0.45994267726575994 0.21167026312607667
466 0.4596873618971744 0.21143520970404664
465.5 0.45971468637795354 0.2114628586651146
465 0.45958932102217837 0.2113463356037602
464.5 0.45970208407905583 0.21145107925465684
464 0.45974468500885063 0.21148994707462113
463.5 0.4595071215527642 0.21127151706916839
463 0.4595374325676444 0.21129831458836712
462.5 0.4594703972377604 0.21123619274884628
462 0.45956326204804965 0.21132139492273075
461.5 0.45908358583689823 0.2108825707060563
461 0.45903191305486263 0.21083632625782175
460.5 0.45897841408642315 0.21078810768558362
460 0.45923666568528865 0.2110204389620598
459.5 0.45882029805196456 0.21064031544281273
459 0.458920600656868 0.21073159817759562
458.5 0.4587052374288227 0.21053509530893294
458 0.45876246498800366 0.21058196337786364
457.5 0.45881758976930115 0.21063668739313524
457 0.45872668148199647 0.21055351805781644
456.5 0.458839345218319 0.21065804551444672
456 0.4586064786513717 0.21044057309518957
455.5 0.4587728044942168 0.2105951044829565
455 0.45853500915068396 0.21037644370990793
454.5 0.45829776007619905 0.2101597431682128
454 0.45862974550165886 0.21046504845197944
453.5 0.45836125863502686 0.21021794025709073
453 0.45830350708583173 0.21016531014287165
452.5 0.4582019224828312 0.21007391424521618
452 0.4583946843659737 0.21024854358035464
451.5 0.45809366952094244 0.2099745086587664
451 0.457925741762805 0.20982213469659977
450.5 0.4579409890190738 0.20983610625902216
450 0.45796649339287165 0.20985638597161388
449.5 0.45779043698259975 0.20969721401201744
449 0.45782742740156585 0.20972754566609367
448.5 0.4577015790435081 0.20961274398027052
448 0.45776332604606024 0.20966846961603788
447.5 0.45757231718270464 0.20949750564094577
447 0.45768833292434 0.20960603091811986
446.5 0.45765550958968254 0.2095723645826231
446 0.4572609721070922 0.2092128657971946
445.5 0.4571007186154498 0.20906606787246867
445 0.45706968523939373 0.20903356617886745
444.5 0.4570807674344932 0.20904632022963035
444 0.45733940781835003 0.20928139415440372
443.5 0.457080484415575 0.20904280280843532
443 0.45702759392334585 0.20900231703812755
442.5 0.4570265211477736 0.20899835854410367
442 0.4569695816657711 0.2089497098269072
441.5 0.4568767579299571 0.2088630958393
441 0.456548710732136 0.20856047685164125
440.5 0.4564715906023681 0.2084891643826317
440 0.45658873732433763 0.2085962352394489
439.5 0.4563578755402079 0.2083870109628316
439 0.45648798780738165 0.20850857462282008
438.5 0.4566029124816019 0.20861153704529864
438 0.4562005754722952 0.20824077514108907
437.5 0.4564896471504627 0.20850610604869302
437 0.4563591608729593 0.20838949952276098
436.5 0.4562908147361737 0.2083248612019926
436 0.4562006876600483 0.20824204199649496
435.5 0.45612245484918285 0.208173593287228
435 0.4561693572493663 0.20821361751008544
434.5 0.4557797158457246 0.20785832709731675
434 0.4557126310338821 0.20779670432376274
433.5 0.45590540954060293 0.20797272431050298
433 0.4556718302267443 0.20776319311627425
432.5 0.45575226651430895 0.20783603039572363
432 0.45563367247261116 0.20772414436654832
431.5 0.4555860437988522 0.20768422219246038
431 0.45535218880247086 0.20747013631106473
430.5 0.4553976446875462 0.20751209765288536
430 0.4551293080694851 0.20727167723374973
429.5 0.4550027539581967 0.20715249112916934
429 0.4549574136381478 0.20711058988037792
428.5 0.4552153606063528 0.20734328517846073
428 0.4548213344970598 0.20698625028243695
427.5 0.4549821681975516 0.20713575723589836
427 0.45511157383633166 0.20725052844312036
426.5 0.4546720308651204 0.2068550857834827
426 0.4545385775115703 0.20672925856125504
425.5 0.45467324297599265 0.20685478999278667
425 0.4545060423561228 0.20670158941255184
424.5 0.45469840049783544 0.20687194432182698
424 0.4545178042266737 0.20670959155309035
423.5 0.45436534772558296 0.20657461065437258
423 0.4542822957588954 0.20649614432232638
422.5 0.4543406860689646 0.2065469132367899
422 0.4541823912297026 0.20640596998157312
421.5 0.4542991678328265 0.2065094482808557
421 0.45404531950185884 0.20628069815200367
420.5 0.4539507156641679 0.2061965706259318
420 0.454083758370294 0.20631469983431122
419.5 0.4540089841416609 0.2062494407468289
419 0.4536789989760947 0.2059475212458151
418.5 0.4538332150738596 0.2060869041702527
418 0.4537180114287513 0.20598406763495325
417.5 0.4534955648596634 0.2057814166047318
417 0.45369259813888313 0.20596194067221008
416.5 0.45341959457787917 0.205715268507849
416 0.453291934583976 0.20559401425745075
415.5 0.45334451384586566 0.2056470937370234
415 0.45335705186644737 0.2056592262872569
414.5 0.453286068635327 0.205591190938273
414 0.4532857678199206 0.2055943917480893
413.5 0.45314437151197284 0.2054650558475887
413 0.45289773787728266 0.20523919478317976
412.5 0.4524952397375578 0.20487592076660036
412 0.45298674857988447 0.20532041767060374
411.5 0.45269280863024164 0.2050576676247226
411 0.4528654895664546 0.20521288785226105
410.5 0.45250314845608836 0.20488363259502607
410 0.4526152484994006 0.2049860338455264
409.5 0.4523375895476855 0.20473525308785304
409 0.4525075928196399 0.20488749872353226
408.5 0.4523873547221396 0.20477896724617
408 0.4522135453830135 0.20462380672741454
407.5 0.45171168500410874 0.20416873132501903
407 0.4517929166708104 0.2042390444929495
406.5 0.45224114605658083 0.20464760470654672
406 0.45197722665112144 0.2044087091883273
405.5 0.45145150203341117 0.20393243901211855
405 0.45182863354343106 0.20427615000702368
404.5 0.4520608804188593 0.2044853092772042
404 0.45180069695711655 0.20424628024545066
403.5 0.4515261062669068 0.20400098063194422
403 0.451504539449617 0.20397853122969398
402.5 0.45104058725939356 0.2035607261222527
402 0.451160505990857 0.20367046273214856
401.5 0.450919788805781 0.20345061541427825
401 0.45089496561296216 0.20343312696305849
400.5 0.45085651431596835 0.20339391368261595
400 0.4509411244380571 0.20347182267395453
399.5 0.4507759677531321 0.203322275981191
399 0.45082257509434 0.20336452275200137
398.5 0.45072897347274465 0.20328076300278805
398 0.45081834743627197 0.20336288865927862
397.5 0.45064621620658923 0.20320738394680757
397 0.45059522781453754 0.2031598563841548
396.5 0.45049360634087465 0.20306957591857266
396 0.45028764126011467 0.20288182403717417
395.5 0.45040524393766085 0.20299062432298356
395 0.4500360517275888 0.2026574905126405
394.5 0.4500460673252502 0.20266825549382675
394 0.4499506323408453 0.2025829359930362
393.5 0.4501462350009162 0.2027586341737415
393 0.4498329885699124 0.2024739229699224
392.5 0.45001258549801076 0.20264277219380747
392 0.44968187636346546 0.20234050433030876
391.5 0.44969653351843775 0.20235189511571558
391 0.4497038776975749 0.20236032250593808
390.5 0.4492539713841961 0.20195450382910984
390 0.449559142943712 0.20222795592282652
389.5 0.44936734665243966 0.2020545091102948
389 0.44951419574209367 0.20218676323283047
388.5 0.44918329998420087 0.20189151350325227
388 0.44926169778380126 0.20196082491099207
387.5 0.44925762618609 0.2019590226902996
387 0.4487809275650134 0.20152968864803536
386.5 0.4486982156462476 0.20145451731924216
386 0.44877560374659653 0.20152359022729055
385.5 0.4485722391027174 0.20134253661033294
385 0.44830131488801744 0.20109687175323804
384.5 0.4485060838367219 0.20128265143731028
384 0.44837250508674026 0.20116552019359737
383.5 0.4481154593754581 0.20092764896110427
383 0.4480477079295618 0.20087456206850224
382.5 0.4482641036696474 0.2010665902395251
382 0.4479074288746022 0.20074645898218393
381.5 0.44799732404142095 0.20082516651973198
381 0.44765027143694347 0.20051748908479605
380.5 0.4478538332498543 0.20070140314876808
380 0.44756605625626505 0.20044116036757156
379.5 0.4474791370862028 0.20036223246408535
379 0.44762933438730357 0.20049458406302892
378.5 0.4474996040258062 0.20038290331005779
378 0.44738344907802485 0.20027900382279454
377.5 0.44755805883849065 0.20043498665318815
377 0.44716130256110853 0.2000758521483727
376.5 0.4469371162902003 0.19987790933192193
376 0.446987728554472 0.1999265615817769
375.5 0.4469362249991328 0.19987744233615304
375 0.4467400684283969 0.19970203781484508
374.5 0.4464324498083578 0.1994238593737098
374 0.4466419945106757 0.19961254919815438
373.5 0.4466915120270239 0.19965405086912305
373 0.4464099371450399 0.19940429260136536
372.5 0.4465248989687527 0.19950886854862587
372 0.44597704272397165 0.19902191463258725
371.5 0.44615318698021345 0.1991766353505052
371 0.44617068446489916 0.19919513372591324
370.5 0.44606535259172087 0.19909868839841868
370 0.4458498481853674 0.19890841198306922
369.5 0.4457063902080132 0.19878058501865992
369 0.4455784280079719 0.1986645972870619
368.5 0.44568770310024935 0.19876277179930388
368 0.4457239732407713 0.19879492248242245
367.5 0.4452960546061086 0.19841452902820075
367 0.4452453027673782 0.19836842996119153
366.5 0.44521034219311023 0.1983421051702148
366 0.44502039197365295 0.19816781461181132
365.5 0.444847974312711 0.19801583809818812
365 0.4448282852131724 0.19799825214073363
364.5 0.4447437651636528 0.1979206386121698
364 0.4450624611905884 0.19820404497939922
363.5 0.444917430109919 0.1980764483613352
363 0.4446437793676685 0.19783288310411012
362.5 0.44478770739596113 0.1979611429394213
362 0.44427062839072495 0.19750365256827102
361.5 0.4443747309535425 0.19759144929691788
361 0.44412252193258084 0.19737287476200077
360.5 0.44394095012480006 0.19720672420217586
360 0.4441427306618088 0.19738712416263937
359.5 0.44381610762334905 0.19710099020532226
359 0.44421325217736246 0.19745370500459755
358.5 0.4437699107107359 0.19705959122994554
358 0.443549094820346 0.19686115892622064
357.5 0.4435985500710565 0.19690852141515297
357 0.44344303197239726 0.1967712690407676
356.5 0.44332036935295815 0.19665667151674493
356 0.44305657409823024 0.19642350271036116
355.5 0.443421068841344 0.19674725329202727
355 0.4433403472763248 0.19667259863307024
354.5 0.44301661689536137 0.19639013660796367
354 0.44307113122654 0.19643637692880186
353.5 0.44259735658443683 0.1960212311073137
353 0.4428581991248849 0.19625195119461564
352.5 0.4426053476841187 0.19602310677621965
352 0.4421384001129686 0.19560977366218907
351.5 0.4425024179616979 0.19593056455390817
351 0.4422176041423133 0.19568551716115468
350.5 0.4420653002603172 0.1955454042393277
350 0.4421658787083434 0.19563269974244485
349.5 0.4418573781952576 0.19536377217419165
349 0.441482685235726 0.19503085201439926
348.5 0.4416400393529588 0.19517065202379605
348 0.44165272096184843 0.19518327642703429
347.5 0.44171290024429677 0.195231622962901
347 0.4415615672414899 0.19509775934609305
346.5 0.44131339547501836 0.19488468955460267
346 0.4409466212910899 0.19456073903350316
345.5 0.4410547810468896 0.19465388546960133
345 0.4410195145025002 0.19462690207898
344.5 0.44078036830825107 0.1944120973783266
344 0.4408505913050257 0.1944756529697141
343.5 0.4406122003710361 0.19426512093230755
343 0.44054435206471454 0.19420502668728437
342.5 0.4404756592371279 0.19414383212759254
342 0.4400016599710834 0.19372737428183237
341.5 0.44031839731652145 0.1940010268874817
341 0.4400511135232149 0.1937704554761371
340.5 0.4397182067970292 0.1934780899283053
340 0.43989495970725323 0.19363327479897005
339.5 0.43981769024643447 0.1935647154951016
339 0.43986986886810064 0.1936082407634591
338.5 0.43934435037600705 0.19314807669372114
338 0.4396132349138511 0.1933833555410286
337.5 0.4394680903904121 0.19326088032993047
337 0.43946954530034577 0.1932590300109543
336.5 0.4392112513906742 0.1930294763282983
336 0.4390265417490785 0.19286972831017324
335.5 0.43908470888154666 0.19291873738243598
335 0.4390017281071256 0.19284668477846653
334.5 0.4387143583688951 0.19259492504971926
334 0.43853239281957507 0.19243675708880284
333.5 0.43874878887328567 0.19262488510242284
333 0.4383548222079189 0.19228215286177644
332.5 0.43803655242112266 0.19200367969700208
332 0.43838738245344044 0.19231000577943844
331.5 0.4379696270461832 0.19194248512044568
331 0.43781014989081324 0.1918044742519936
330.5 0.43802168996023627 0.19198856613775617
330 0.43740901757676304 0.191452179895355
329.5 0.4376669111693315 0.19167730873881808
329 0.43719668130972333 0.19126786934101989
328.5 0.43719896984870604 0.19127203017765151
328 0.43717777122339374 0.19124875696010224
327.5 0.4368935991476125 0.19100198278508734
327 0.436841818997705 0.1909571600707017
326.5 0.4371673706574577 0.19124235523872118
326 0.4368525901526662 0.1909656092520859
325.5 0.43666286068690763 0.1907999534216718
325 0.43652872626092826 0.1906823463013849
324.5 0.43662425526192344 0.19076141683848333
324 0.4361332997136735 0.19033825666362192
323.5 0.4363741460003661 0.1905491361308504
323 0.4358276911224781 0.19006854393164171
322.5 0.4357479381090858 0.1900009404196443
322 0.435922244446748 0.19015418847305368
321.5 0.4355928871134859 0.18986665352740656
321 0.435590981563821 0.189865958237294
320.5 0.43554393029601524 0.18982392930915917
320 0.4352219927789229 0.18954481734419804
319.5 0.43507071211478765 0.18940808627330638
319 0.43507351937894595 0.18941103837871667
318.5 0.4349177232607438 0.18927685015747547
318 0.4347020582370485 0.1890925495564839
317.5 0.43473298562072926 0.18912053883568022
317 0.43458230173958834 0.18898307238186973
316.5 0.4345548885023759 0.18896287892775668
316 0.4342198561739536 0.1886754813839753
315.5 0.4343026938702565 0.18874468947517542
315 0.4339181905789117 0.18840758562857718
314.5 0.43410824428677536 0.18857457870883335
314 0.4339047596176981 0.1884020436926421
313.5 0.4337658182085905 0.18827566712478017
313 0.4332028828099076 0.18778911818187438
312.5 0.433562169794645 0.18809791621481695
312 0.43323038593017954 0.1878193996544609
311.5 0.4332142512692976 0.18779994239450512
311 0.43310748285785483 0.1877052489028246
310.5 0.4331682847315753 0.18776122681042304
310 0.4327120538027689 0.18736416132690206
309.5 0.4329622108485141 0.18758046243717827
309 0.43240711409874755 0.18710141500704933
308.5 0.43235853773714406 0.18706330189613876
308 0.43214101881769257 0.18687028547228612
307.5 0.4319850596694122 0.18673577570538277
307 0.4319438229271079 0.18669808893108683
306.5 0.4319506485081857 0.18670753289074746
306 0.4316896217190056 0.1864837355364762
305.5 0.43169373914911024 0.18648393100552765
305 0.43150945399392354 0.18632583181695167
304.5 0.43127659154816356 0.18612544175048534
304 0.4310977385507312 0.18596750369210105
303.5 0.43112563435644885 0.1859928253167668
303 0.43083807061500257 0.18574882304514587
302.5 0.43087875702822526 0.18578334281740289
302 0.430751322171483 0.18567177144616004
301.5 0.43031693104295154 0.18529747428114915
301 0.4304981262564497 0.18545839895949245
300.5 0.43016261434073694 0.1851672238556539
300 0.43001985433093365 0.18504243536904316
299.5 0.4298619468965599 0.1849080791923547
299 0.4296001205337639 0.1846802510523242
298.5 0.4296533622340092 0.18472825569333007
298 0.4295218068770185 0.18461774711108914
297.5 0.429205601360047 0.18433933128309948
297 0.42936479419737195 0.1844809051561795
296.5 0.42876025020637515 0.1839618328412785
296 0.4288285308290449 0.18402181118821637
295.5 0.42910933267918494 0.18425875674488362
295 0.4282815769539812 0.18355138721612066
294.5 0.4286601397577044 0.18387150489626386
294 0.42838158234660134 0.1836432111929421
293.5 0.4285071440781505 0.18374364388006978
293 0.42805107100849266 0.18335479318863765
292.5 0.42804286234889044 0.18334879489411698
292 0.4278569163578662 0.18318649843367696
291.5 0.4273998038026853 0.18279401067226042
291 0.4276016886227039 0.18296760886228147
290.5 0.42711881583343764 0.18255536500909555
290 0.4272030259930522 0.18262806440733176
289.5 0.42696240129411467 0.18241995947673456
289 0.4270496540604007 0.18249346931645297
288.5 0.4271412462726414 0.18257106776236695
288 0.42659164885889933 0.18210376156329586
287.5 0.42624937734879803 0.18181638028690048
287 0.42644721094927235 0.18198267650331382
286.5 0.4263473948926249 0.18189946083180902
286 0.42622595649437667 0.181792883965489
285.5 0.4258254312153506 0.1814553359862024
285 0.4256697505981456 0.18132095098522746
284.5 0.4254395881504218 0.1811205698326537
284 0.4251516117763293 0.18087742230020784
283.5 0.42517770186262416 0.18090269451286134
283 0.42507938099190984 0.18081376297349566
282.5 0.42479835474063293 0.1805773825449015
282 0.4246540397539375 0.18045518926686735
281.5 0.42447438369225665 0.18030679848377523
281 0.4243862721820981 0.18022482513959845
280.5 0.42425677514552135 0.1801189150629469
280 0.4239363671115533 0.1798452861347811
279.5 0.42397644817408003 0.17988000834534493
279 0.4237207187521141 0.17966427131350302
278.5 0.4235301595099865 0.17950178010772583
278 0.4234706644810617 0.17945218880996003
277.5 0.4232866126715192 0.17929896786426103
277 0.4232739811593231 0.1792903182315576
276.5 0.4229925331063689 0.17904840644901426
276 0.4229076560695513 0.17897407994900644
275.5 0.42289512014142466 0.1789644755584403
275 0.4223195229502689 0.17847750830339168
274.5 0.4222728757385842 0.17843727380700472
274 0.421891862980523 0.1781177172293594
273.5 0.4219672875560121 0.1781823368656259
273 0.4220038309062644 0.1782110975878222
272.5 0.421814257443631 0.17805414885469883
272 0.42134703690704867 0.17766024535203856
271.5 0.42134067091517086 0.17765311632651684
271 0.4211721783607791 0.17751019990008965
270.5 0.4210408843993221 0.17740202131490707
270 0.4206637221525392 0.17708393990016774
269.5 0.42099366889332207 0.1773622992330005
269 0.4205619277864434 0.17699824780009274
268.5 0.42000303772982406 0.1765247625456359
268 0.4198936847181898 0.17643417121574503
267.5 0.4198846210959231 0.17642977732564688
267 0.4197814743335784 0.1763433795029084
266.5 0.4197162514237328 0.17628913209182454
266 0.4193094127524432 0.17594756128309996
265.5 0.4196132626780486 0.17620084730121796
265 0.4189874825143518 0.17567622233517252
264.5 0.4186942560923636 0.17542662615401478
264 0.41836786284583455 0.17515995558877778
263.5 0.4187670438977078 0.17549197417801335
263 0.4184791314719949 0.17524827183637282
262.5 0.41825046697104284 0.1750581738192492
262 0.41803607103501855 0.17487960873197814
261.5 0.4178348766014686 0.17470985854277407
261 0.41772811787586883 0.17462145769266704
260.5 0.41729806391509533 0.17426141168859244
260 0.4174101085933937 0.17435752224396617
259.5 0.41700760266726244 0.1740223144786636
259 0.416700153187157 0.17376654213334175
258.5 0.4167026010340624 0.1737670235988498
258 0.41642352333815225 0.17353261372956322
257.5 0.4164711232210619 0.17357244520245946
257 0.4163143222258119 0.17344168237849514
256.5 0.4156484928692111 0.17288879114726025
256 0.4157306344916454 0.17295687918205177
255.5 0.4155703557994396 0.17281931385850777
255 0.4154180475735609 0.1726999247985754
254.5 0.41504107973319804 0.17238256882288489
254 0.41495459848628174 0.1723126300227215
253.5 0.41501575846132405 0.17235807892990745
253 0.4145455949322736 0.17197153469297394
252.5 0.41432354037890134 0.1717865370007707
252 0.41468343100896116 0.1720891173330475
251.5 0.4139604741043689 0.17148899445942456
251 0.41381338428850417 0.17136308578561307
250.5 0.4136815457358703 0.17125505314004533
250 0.41325176822135967 0.17090174307491335
249.5 0.41326765897027523 0.17091952945580088
249 0.4132192325143754 0.1708785503095818
248.5 0.4127412844182391 0.17047804404982767
248 0.41240615715907564 0.17020242020056678
247.5 0.4125780303228728 0.17034561002488863
247 0.4120447887077288 0.16990511311602005
246.5 0.4122021162448159 0.1700340036052558
246 0.4117915784015047 0.16969886742711696
245.5 0.4117363409850549 0.16965099785957538
245 0.4115888528621423 0.1695313819523995
244.5 0.4112248010206378 0.16923458301132038
244 0.41085783324794767 0.16892071057125446
243.5 0.4108100755488493 0.16888748625375968
243 0.41069931590144615 0.1688016564330473
242.5 0.4104791486294483 0.16862173732528338
242 0.40989988694936846 0.16814332954477984
241.5 0.4098149400142835 0.16807333113388706
241 0.40945030116736325 0.16777376803438154
240.5 0.40925434968216334 0.16761621568501733
240 0.40917236761348713 0.167542873303969
239.5 0.40870385742689835 0.16716549329468414
239 0.40891951390097325 0.1673366962813185
238.5 0.4087337116350754 0.16718808714190977
238 0.408522088934691 0.16701123376754304
237.5 0.4078535613715128 0.16646737660694186
237 0.4081727459162851 0.16672978414740067
236.5 0.4078745493107393 0.1664901827858184
236 0.4072996689166498 0.16601840943694607
235.5 0.40709190018766495 0.16584930021449443
235 0.406893245014005 0.16568567946665505
234.5 0.40672478859784855 0.16554750106981186
234 0.4063357258743237 0.1652337661403869
233.5 0.406334332572379 0.16523034338003487
233 0.4061825704222451 0.16510349647256858
232.5 0.4056200334338932 0.16465260208614843
232 0.4056350701205631 0.16466299971665266
231.5 0.4052993710579433 0.16439020143498284
231 0.40530588785076127 0.16439526575320942
230.5 0.4051513104453874 0.16426717522062245
230 0.4044590825135839 0.16370653573215915
229.5 0.4041895216766535 0.16349490776119233
229 0.4044350350786251 0.1636895983075019
228.5 0.40394128553117953 0.16329302970106246
228 0.40401330237392213 0.1633565610722337
227.5 0.40360074350511105 0.16302261774461
227 0.4030755105822372 0.16259317766784478
226.5 0.40328807595590105 0.16276316965693238
226 0.40286928547163237 0.16242757624887635
225.5 0.40264079788200785 0.16224306543748618
225 0.4022386045191969 0.16191939892569607
224.5 0.4023052082418288 0.16197413836749833
224 0.4019163310652431 0.16165745872285178
223.5 0.4017993041829454 0.16156731322792212
223 0.40118160163215 0.16107394567465497
222.5 0.40109480604870246 0.1609985998810833
222 0.4006710440692126 0.16065521112411577
221.5 0.4006711702885746 0.16065686626472594
221 0.4002710552001437 0.16034071614863518
220.5 0.3999614053256464 0.16008781671087696
220 0.40005542546472095 0.16016907551514803
219.5 0.39968171527465174 0.15986546790798367
219 0.3995685987625836 0.15977798194990533
218.5 0.3992890851707847 0.1595555814043148
218 0.398810506853626 0.15917320615133185
217.5 0.3990311416740829 0.1593450285963969
217 0.39847425995459185 0.15890309959467808
216.5 0.39814990079266666 0.15864184474639473
216 0.3977277786126411 0.15830724541566288
215.5 0.3972369175033096 0.15791821128087868
215 0.39715893679864095 0.15785501512312833
214.5 0.397037404022013 0.157760657112769
214 0.39675269754342213 0.1575353916083803
213.5 0.3967307269174657 0.15752245323181915
213 0.3964584155691392 0.15730300360249677
212.5 0.39601005925559785 0.15694730495113454
212 0.39569244405712506 0.15669777212084934
211.5 0.3955722077052583 0.15660234657788846
211 0.3947251959786216 0.15593134134919218
210.5 0.39510623756387414 0.15623501559899425
210 0.3943789233759035 0.15566010208537692
209.5 0.39414968124645117 0.15547302342869726
209 0.3942295157712962 0.15553759229746975
208.5 0.39364250726596445 0.1550773061310257
208 0.39342635675562965 0.15490346152616083
207.5 0.39336705077342676 0.1548588628909764
207 0.3929818683976554 0.15455513080400987
206.5 0.39269442995984083 0.15432795218014186
206 0.3925019862651583 0.15418014209606884
205.5 0.3920998149014133 0.15386193170117407
205 0.39157509457017126 0.15345081331617913
204.5 0.3915186527087609 0.15340773476468453
204 0.3912788736029762 0.15322015164470376
203.5 0.3906948664173454 0.15276420431752072
203 0.3904803299992003 0.15259204316587444
202.5 0.3900363181894589 0.1522493076712668
202 0.39011247760188883 0.1523079508600887
201.5 0.3903430600687575 0.15249015021509346
201 0.38941013163779425 0.1517617086665848
200.5 0.38942865570564456 0.15177189031087385
200 0.38914587654248933 0.1515586523518018
199.5 0.38871592080285944 0.15122348771219138
199 0.38785811247257523 0.15055418633945314
198.5 0.3877606101966572 0.15047991105759911
198 0.38770464020901096 0.15043031648585384
197.5 0.3870918631554861 0.1499584806313767
197 0.3868366819251308 0.14976116175891435
196.5 0.3866791927121619 0.14964092646108826
196 0.38601648269988204 0.14912923984330934
195.5 0.3859843285592832 0.14910226174462848
195 0.38586667738489017 0.14901065715722658
194.5 0.3853291712161259 0.14860382823166335
194 0.3851465113962155 0.14845942873059184
193.5 0.3848559099988354 0.14823389361300304
193 0.3846468526946138 0.14807159555785596
192.5 0.3840641217041041 0.14762689285569267
192 0.3837307874107219 0.14737241334412574
191.5 0.3830008831822713 0.14681095104272363
191 0.3831862041328391 0.14695228044871353
190.5 0.38272574904468143 0.14660004396318677
190 0.3821517882273323 0.14616008216690823
189.5 0.38202201243259826 0.1460638372413276
189 0.3818354633902285 0.14591790949307346
188.5 0.3816313046451594 0.1457566910061123
188 0.3810091234356025 0.14529000897475805
187.5 0.380512866504358 0.14491280605877638
187 0.38040436059831045 0.14482623437292508
186.5 0.3802176035930268 0.14468457697018816
186 0.3794406283204071 0.14409481826465195
185.5 0.3795756572374006 0.1441942749871432
185 0.37908415716348914 0.14382333592474877
184.5 0.3790927926069262 0.14382595774823131
184 0.37848714238727 0.14337525442249904
183.5 0.37790033769665005 0.14292725098104242
183 0.377501234801697 0.142624172673048
182.5 0.3769154503490007 0.14218832720366587
182 0.37713206861304005 0.14234535955870456
181.5 0.3762355467455512 0.14167137348631192
181 0.3763673490851245 0.14177231946091384
180.5 0.37577270773226684 0.1413233270245805
180 0.3754345192201858 0.14106760996361575
179.5 0.3752196069422407 0.14090419424747236
179 0.37448614353771803 0.1403573839810471
178.5 0.37462241777656113 0.1404624946202338
178 0.37412957175005856 0.1400940487839852
177.5 0.37357094448982564 0.139672816073612
177 0.37336491159643115 0.13952001279166157
176.5 0.372931499564905 0.1391918137478136
176 0.37228364793758995 0.13870794131105457
175.5 0.37213015629668583 0.13859458323111293
175 0.3716748483948495 0.13825744745524404
174.5 0.3713201117692876 0.13799553292548344
174 0.37090641269496266 0.13769546853616188
173.5 0.37073740239137754 0.13756170383465485
173 0.37041502423962813 0.1373230978480789
172.5 0.36953391074688824 0.13667363478807865
172 0.3694665935233713 0.13662099659780255
171.5 0.3691688828990857 0.13640222902375382
171 0.3683899479537308 0.13582536955995617
170.5 0.36808844945820185 0.13560728130287147
170 0.3677182744215513 0.13533029887658848
169.5 0.36743404878556446 0.13512388152038046
169 0.3672104330294104 0.13495934888844716
168.5 0.3668077442940928 0.13466166708611044
168 0.36652217450918184 0.13445843490072137
167.5 0.3658346881364064 0.13395425192148327
167 0.36509232471264247 0.13340826336588593
166.5 0.364886610364877 0.13325612095861125
166 0.3649450236659945 0.13330290297184352
165.5 0.3642954016139516 0.1328256538637753
165 0.3635874801785445 0.13231218946507572
164.5 0.36360477554560183 0.1323243770937716
164 0.3632458277292863 0.13206357042957945
163.5 0.3621243998729059 0.13125323045314508
163 0.3620733004645416 0.13121056796932085
162.5 0.36139687697927975 0.1307221641247989
162 0.36084674641212083 0.13032691645284067
161.5 0.3610442708306922 0.1304664285385057
161 0.3607111871195221 0.1302210290606672
160.5 0.35968125868070944 0.12948442886246475
160 0.3598431862308996 0.12960146151480648
159.5 0.359165194644077 0.12911260078319978
159 0.358636411488167 0.12873529461213726
158.5 0.3577824803141315 0.1281198514039569
158 0.35774666353678186 0.12809888157644075
157.5 0.35717361447818213 0.12768360855055852
157 0.3562986669776236 0.12706199590977593
156.5 0.35619408481930365 0.12698403037660766
156 0.3561874369777308 0.12698183950656897
155.5 0.35529829640535426 0.12635084682547518
155 0.35493469717005227 0.12609282111482953
154.5 0.35446763385813906 0.1257602153522933
154 0.3542691582915545 0.1256209088387938
153.5 0.35352958790506334 0.12509980795759285
153 0.35306337871971893 0.12476481774463527
152.5 0.3525302530785175 0.12438869829858348
152 0.3520541572971963 0.12405285249277537
151.5 0.35147992985488746 0.1236475352085313
151 0.3508797802040168 0.12322375145841295
150.5 0.3506018561091161 0.12302884170654857
150 0.35000998692929525 0.12261548805197248
149.5 0.349470041600126 0.12223982600589622
149 0.34926629527086284 0.12210283362145312
148.5 0.34873444900183614 0.1217259155782496
148 0.3480801198578561 0.12127157675719263
147.5 0.34747359660079113 0.12085014518693395
147 0.34715135278517945 0.1206214517467116
146.5 0.3462447222242361 0.11999351691426004
146 0.34592562145848477 0.11977483609368722
145.5 0.3454302583105823 0.11942678848975105
145 0.34540654113637764 0.11941163011401844
144.5 0.34430578549907137 0.11865395735772843
144 0.3441702839003443 0.11856112812542144
143.5 0.34361064484917564 0.11817786728490771
143 0.3427339684360296 0.11757198531242784
142.5 0.34191643223002205 0.1170146491791487
142 0.3420239581739309 0.1170896236785231
141.5 0.3409457991063402 0.11635238747366347
141 0.34065855646223303 0.11615613827702312
140.5 0.3402041295628735 0.11584347713706869
140 0.33990311735924894 0.11564139249324094
139.5 0.3388007164209216 0.11489263336785376
139 0.3382885627785238 0.11454968812454303
138.5 0.3381360476351053 0.11444043766793587
138 0.3376661521014085 0.11412706311476284
137.5 0.3363901411010239 0.11326078731517164
137 0.3361184287928878 0.11307947616934441
136.5 0.33509971228959406 0.11240128688679371
136 0.3351388879605855 0.11242137693161308
135.5 0.334619888381286 0.11207366600540801
135 0.33350019820904614 0.11132916770323309
134.5 0.3331469015089003 0.11109367451226783
134 0.3330281110771187 0.11101168267073067
133.5 0.3318440843389911 0.11023115213522916
133 0.3313854586394565 0.10991700399782277
132.5 0.3311366958087219 0.10975239269235997
132 0.33035102074202316 0.10923489718364801
131.5 0.33003473242297504 0.10902534987980309
131 0.32926721705697404 0.10852259806734635
130.5 0.328940117978417 0.1083060443276815
130 0.32777259226945116 0.10753547992112338
129.5 0.3273722340315377 0.1072767118734874
129 0.3273903155003455 0.10728450144564426
128.5 0.32625773853819023 0.10654945688146039
128 0.32537075680809346 0.10597159469037383
127.5 0.3252125041143037 0.10586626633637322
127 0.3240574635623881 0.10511616040249176
126.5 0.32373372699227154 0.10490206907997347
126 0.3230344534252324 0.1044541615257617
125.5 0.3222450427699938 0.10393764283375982
125 0.3216653595617822 0.10356880415447205
124.5 0.3210517017118764 0.10317670816050421
124 0.3206695968442371 0.102931986856292
123.5 0.3200058093939636 0.10250337035937855
123 0.31915937410964 0.10196248755199941
122.5 0.3188674724264884 0.10177578059390152
122 0.3176486523800228 0.10099770995816537
121.5 0.31706064242178766 0.1006272849196994
121 0.31687922472383434 0.10051467936672248
120.5 0.3163785952796214 0.10019608445280588
120 0.314950997329286 0.09929135028077424
119.5 0.31457239451466823 0.09905495939818701
119 0.3133512422358113 0.098284514150025
118.5 0.3127064390373875 0.09788133474157475
118 0.3128010712188063 0.09794061614683217
117.5 0.3118326216716984 0.09733540421244302
117 0.31071284731846355 0.09664084466806594
116.5 0.3106757871065024 0.09661766581704545
116 0.3092120055889159 0.0957065526635007
115.5 0.3084910035325559 0.09526029648223916
115 0.3083098540390492 0.0951475774844577
114.5 0.3073047025573253 0.09452916590287613
114 0.3063037287125789 0.09391367930978156
113.5 0.30604240094649143 0.09376126609840037
113 0.3048720251775944 0.09304341840957586
112.5 0.30460204996061013 0.09287702402959694
112 0.3038183708789019 0.09240019857975311
111.5 0.302735909363667 0.0917421807567801
111 0.3026562468315364 0.09169577507567056
110.5 0.30152693764917043 0.09101333397152235
110 0.30084409552343117 0.09059985456701164
109.5 0.29990042583302756 0.09003264461921053
109 0.29941223822160973 0.08974101169649507
108.5 0.29849701378072596 0.08919085337042129
108 0.2980676413397568 0.08893974698565046
107.5 0.29666792246726637 0.08810001041333378
107 0.2959339359765548 0.08766755983680079
106.5 0.29547794214641243 0.08739068231346839
106 0.2947148486770511 0.0869475449185321
105.5 0.29360684296981865 0.08628941223559661
105 0.2924976341913109 0.08564508321711485
104.5 0.29217155811767953 0.08545203488056263
104 0.2913394965032941 0.08496640901691145
103.5 0.2904517451452388 0.08445427277203718
103 0.28957859285580323 0.0839417751119579
102.5 0.28879878434205897 0.08349154600999978
102 0.28779142460673746 0.08291069876408048
101.5 0.28718244791377057 0.08256012162188926
101 0.2868332748731286 0.08235940609791022
100.5 0.2858508999949835 0.08179539270877541
100 0.28492304464460516 0.08126706115306212
99.5 0.28392925297109506 0.08070113191304888
99 0.28284270482663615 0.08008597555715471
98.5 0.282400798696899 0.07983588985596157
98 0.2811023767035979 0.07910108233289814
97.5 0.28079947740155403 0.07893040128546758
97 0.2793463400066437 0.0781184044639831
96.5 0.27887251188041745 0.07784912374286783
96 0.27791557083055346 0.07731765826821156
95.5 0.2769951381623443 0.0768061251587025
95 0.2763466712944156 0.07644814702033105
94.5 0.2751128996746321 0.07576734012025965
94 0.2738925501345672 0.07509489134491613
93.5 0.27357396736298245 0.0749219843483879
93 0.2726234642968107 0.0744026734520085
92.5 0.2714392992085244 0.07375867951759475
92 0.2703638514565742 0.07317371977623201
91.5 0.26924400153911804 0.0725675813643028
91 0.268645416021288 0.07224582092053904
90.5 0.26758797957400554 0.07168289548113191
90 0.2665842931257057 0.07114277910297437
89.5 0.265936844799572 0.07079973250090633
89 0.2644613115628177 0.0700148344994086
88.5 0.2641851834502146 0.06987173716955158
88 0.263195510377713 0.0693472107395396
87.5 0.2620702771496576 0.06875577136803582
87 0.261547919350178 0.06847934463287747
86.5 0.26014951779197426 0.06774801192664205
86 0.259174454161308 0.06724184111131085
85.5 0.25808706478705057 0.06668029618831581
85 0.25680751134314006 0.06601966151573672
84.5 0.25542763077193004 0.06531224124108435
84 0.2552268403357304 0.06521162391292315
83.5 0.2542307047946936 0.06470260872348524
83 0.25294345308220306 0.06405110211978346
82.5 0.2521469363175487 0.06364775633339771
82 0.2509409014599712 0.06304109977649343
81.5 0.2501519609440271 0.06264396124240039
81 0.2488141857854556 0.0619784256160815
80.5 0.2478293752693776 0.06149275963592347
80 0.2471460839040292 0.06114767461318565
79.5 0.24545394495578352 0.06031215205474108
79 0.24498196996709298 0.06008411876658295
78.5 0.2443277202673172 0.0597585906964492
78 0.24323603204703734 0.05922892496059544
77.5 0.2413869881129589 0.05833263456857923
77 0.24062899141808128 0.057966882925593655
76.5 0.23969047074882566 0.05751904774090965
76 0.23810440245601894 0.05675982122603236
75.5 0.23730706009433203 0.05637487248538841
75 0.23604624343510666 0.05578017706342711
74.5 0.23513917503471893 0.05535464815234194
74 0.2334324071583558 0.05455686119317355
73.5 0.23291646117952486 0.05431146147851668
73 0.2315445320337485 0.05367069741578628
72.5 0.2305750132218592 0.053223739553542024
72 0.2291804663736509 0.05258268465295594
71.5 0.22854558748312873 0.05229078842228844
71 0.22688113133867077 0.051531695639179795
70.5 0.22574980175560444 0.05102280721579923
70 0.22459465186454075 0.050497187121985226
69.5 0.22348472608506786 0.050001961288353665
69 0.22277722462235494 0.04968293483262992
68.5 0.22151180239953788 0.04912826839124746
68 0.2205086875396427 0.048679955536832874
67.5 0.2186733473297455 0.0478730261266121
67 0.21789974890281216 0.04753034879782618
66.5 0.21730480169833102 0.047277366485713054
66 0.2156839441971432 0.04656834071896397
65.5 0.21396981512597874 0.04583722873353343
65 0.21308471063365172 0.045455480534553554
64.5 0.2114702032030342 0.04476941673312283
64 0.21024443667044157 0.0442507993520814
63.5 0.2094789825508826 0.04392924300609781
63 0.2081357944917445 0.04336923867295156
62.5 0.20696495764761677 0.04288472597340728
62 0.20566915710043565 0.04234835686810222
61.5 0.20446245917443795 0.0418523872878413
61 0.20389345027926029 0.041617579824987073
60.5 0.20212111922861234 0.04090243815881002
60 0.2003403451872381 0.04018197749388841
59.5 0.19955348002503975 0.039867635099242266
59 0.1974935977373701 0.03904835129359021
58.5 0.19684729607276438 0.038790308736074315
58 0.19557162934879987 0.038289911372293865
57.5 0.1942098502263806 0.037762708112862906
57 0.19294858066833517 0.037270539984313324
56.5 0.1919821413152302 0.036898928550149215
56 0.19057187377127596 0.036358462303412414
55.5 0.18925144337972366 0.0358555973380913
55 0.1876143580120337 0.03523640620600146
54.5 0.18622729707776495 0.03471778806208787
54 0.18490590182520691 0.03423102193518197
53.5 0.18381792280813444 0.03382760934660678
53 0.1824619781505805 0.03333076656669459
52.5 0.18096228750786472 0.03278312381173061
52 0.17985978412545528 0.03238912170965121
51.5 0.17876183716650465 0.03199404427273229
51 0.17746179129006875 0.03152760395988051
50.5 0.17531732254964327 0.03077139828192021
50 0.1739240226900323 0.03028632232124474
49.5 0.17263854333143505 0.02983633819638251
49 0.1715048403398233 0.029443199170764312
48.5 0.16993055853733705 0.02890866958772027
48 0.16863740251023904 0.028471901072651764
47.5 0.16718944409279626 0.027985252039977652
47 0.16551661195593767 0.027423987218240922
46.5 0.16399639671399538 0.026923176557672287
46 0.16277410744405563 0.026526989159556234
45.5 0.16169907833296068 0.02617727987821982
45 0.16008212026385937 0.025657329646622807
44.5 0.15840857211334328 0.025121499314489575
44 0.15704292023337757 0.024691921833125633
43.5 0.1556562164581547 0.024255928356589556
43 0.15419858113882523 0.023804814850450204
42.5 0.15271286465232253 0.023347149185417363
42 0.15094444087380243 0.022809030491295502
41.5 0.15000664552328724 0.022528161374060253
41 0.14838100010898703 0.022040594734773072
40.5 0.14730195282301708 0.021720587097536378
40 0.14555757877143774 0.02120899653085667
39.5 0.14428925071942694 0.02084138502040179
39 0.14244398606146036 0.02031306521055909
38.5 0.14118806402424053 0.01995477377877569
38 0.13943578330440348 0.019462533400005932
37.5 0.13803650969646084 0.019074010062865483
37 0.13672222364735567 0.018715037512127275
36.5 0.1352130522431113 0.01830185580249003
36 0.13344774918312333 0.017828011232368934
35.5 0.13169535658205736 0.017364816091173657
35 0.1304701909806078 0.01704097832061364
34.5 0.12917907323377875 0.01670723123726482
34 0.127207460324695 0.016200001640391988
33.5 0.12620986423413677 0.01594486580594167
33 0.12452121924008222 0.015522548336126816
32.5 0.12281900794538962 0.015100473415948511
32 0.12162354651089635 0.014811084622792601
31.5 0.1196782914363896 0.01433732528779265
31 0.11775994991247801 0.013881851314960947
30.5 0.1161047338360489 0.013495950081235622
30 0.11473001216419143 0.013176736579653235
29.5 0.11303383085527338 0.012789519565939288
29 0.1113287839044968 0.012406856773170712
28.5 0.11009549646765543 0.012134231461603804
28 0.10862600118006359 0.011810860525380728
27.5 0.10701742081016723 0.01146593639438448
27 0.10563294030305227 0.011171503689613293
26.5 0.10408891308490333 0.010846608101664447
26 0.10231856212096807 0.010480100119955304
25.5 0.10044326666626087 0.010098813153070492
25 0.098999890943857 0.009810955378027956
24.5 0.09696298896199013 0.009410998280423888
24 0.09606179261243765 0.009236557692529988
23.5 0.09428466203953097 0.00889887642730834
23 0.09278596301719606 0.008617528013599223
22.5 0.09100857254831841 0.008290578832525408
22 0.08961726207642458 0.008038299912984123
21.5 0.08773566824408968 0.0077041654293306516
21 0.08646574289068244 0.007483463722786077
20.5 0.08461867876548976 0.007166794617222268
20 0.08226185503976088 0.006774174714691548
19.5 0.08097400136226104 0.00656161001476058
19 0.07922152738602606 0.006282923540488481
18.5 0.0776423874191853 0.006034022687261579
18 0.07670861802907354 0.005889382154539999
17.5 0.07475707033026864 0.00559382827666513
17 0.07340528983109769 0.005392329219582192
16.5 0.07167512650464881 0.0051423201358687335
16 0.06956260225983667 0.004843165191432762
15.5 0.06813783324622871 0.0046464150767373995
15 0.06648792743441319 0.004423929941037258
14.5 0.06491999339984976 0.004218609795140838
14 0.06386706527408549 0.00408224132549562
13.5 0.06201110212150621 0.0038488028478707243
13 0.06037650354881086 0.0036476665567489806
12.5 0.05856571650266506 0.003433169364233661
12 0.05717707319983242 0.003270926376326615
11.5 0.055462413678822965 0.003078504820293526
11 0.053901564379626704 0.0029071586649861802
10.5 0.05315681951558707 0.0028271472455470912
10 0.05168371245830462 0.002672353352492616
9.5 0.050610303965319854 0.0025626621874246555
9 0.04887799828080579 0.00239003333648642
8.5 0.04767677518441163 0.002274307423883238
8 0.04614208198206682 0.0021301513845378654
7.5 0.04500763979158187 0.002026537220211566
7 0.04365006505609555 0.0019060411361284042
6.5 0.042428780045306085 0.0018005734112098123
6 0.041936362737943864 0.001759001240667362
5.5 0.04126534376846145 0.0017030017780472445
5 0.04020600984745484 0.0016166419017283658
4.5 0.03975490306906323 0.001580541210684021
4 0.039208187462685666 0.0015373611187309854
3.5 0.03892822177564729 0.001515448342478099
3 0.03873851606032509 0.001500690512259536
2.5 0.038541560081043355 0.001485467063714385
2 0.038358433431381 0.001471375255561571
1.5 0.038266024076014885 0.0014642903309817882
1 0.038195878694000755 0.0014589255214690158
0.5 0.03817194508033825 0.0014570974432460495
