1000 1.1004635599415458 1.2111343850545093
999.5 1.1003755339276975 1.2109360535643774
999 1.1004291043710177 1.2110559364505562
998.5 1.1004642740384176 1.2111359832779145
998 1.100368449997042 1.2109241872896195
997.5 1.100354308438267 1.2108938482265323
997 1.100649419980924 1.2115407503198912
996.5 1.1004931880893634 1.211199657932802
996 1.1003508449514936 1.2108848007484054
995.5 1.1002668907163102 1.2106988282064362
995 1.1003043350409423 1.2107830892319098
994.5 1.1004597156112428 1.21112714204957
994 1.1001822394326086 1.2105130685953525
993.5 1.100384241380597 1.2109608621739654
993 1.100082014206828 1.210295412374668
992.5 1.1001562971958487 1.21045332894971
992 1.100120595894539 1.2103800933643676
991.5 1.1002540688935547 1.2106689205758763
991 1.1002883106916892 1.2107478687000781
990.5 1.100350201038655 1.2108844829471905
990 1.1000469720997381 1.2102179723193935
989.5 1.1001793305798355 1.2105077094480596
989 1.100216936409229 1.2105953637613498
988.5 1.0999839977415249 1.2100780500063506
988 1.100077266316099 1.2102840334810816
987.5 1.1000433722715723 1.2102091510375592
987 1.0999334511478198 1.2099670798391875
986.5 1.100157278270897 1.210462576580638
986 1.1002706352362712 1.210708973618899
985.5 1.100176226069148 1.2105005931719484
985 1.099960857636744 1.210029138599019
984.5 1.0997078359705519 1.2094671591138135
984 1.1001622816331802 1.210470406567884
983.5 1.0999443799784352 1.2099902667543894
983 1.100020752245782 1.21016077769717
982.5 1.0999964576867103 1.210108031858332
982 1.1000322004843686 1.2101843036526796
981.5 1.100103813156157 1.2103389902085204
981 1.1000617688259058 1.2102465773902336
980.5 1.099990074406859 1.21009084481938
980 1.0999052296568905 1.2099061894558365
979.5 1.0998957808933916 1.209883842205878
979 1.0998819675988791 1.2098544896950352
978.5 1.0999018164719865 1.209896296486945
978 1.09962390939818 1.2092856745008007
977.5 1.1000453232506449 1.2102117893327218
977 1.0999346482377939 1.2099692545465142
976.5 1.0996377733786946 1.2093152582792905
976 1.0996707749313037 1.209390557586052
975.5 1.0998559311037002 1.2097950474377124
975 1.0998376239018353 1.2097564743830773
974.5 1.0997769415384844 1.2096242194599105
974 1.100027992826468 1.2101761154060056
973.5 1.0997512306221684 1.2095642281340506
973 1.099991877570151 1.2100963352456473
972.5 1.0999171414646367 1.209929318024379
972 1.0996295447773734 1.2092980540938834
971.5 1.0999750869725242 1.2100554610615832
971 1.099386562555864 1.2087668051929805
970.5 1.0996427452254023 1.2093242391116137
970 1.09988391046825 1.2098587732906665
969.5 1.0996208555872264 1.209280218239177
969 1.0998036040665875 1.2096828199833323
968.5 1.099686638369513 1.2094265734766596
968 1.0995961759233286 1.2092244594753971
967.5 1.099448884117572 1.2089031908463435
967 1.0995815027053693 1.2091948643947776
966.5 1.099748952252024 1.2095652402769128
966 1.0996014450909164 1.2092361476966698
965.5 1.0994056362937223 1.2088066509057775
965 1.0996318688538642 1.2093045802540243
964.5 1.0997657347130487 1.209595531584443
964 1.099447660604757 1.2088958921899842
963.5 1.0993601745536512 1.208706905072131
963 1.0997074650515868 1.209469755420322
962.5 1.0996127670252185 1.209261741711373
962 1.0995813719231764 1.2091924135695777
961.5 1.0994592937336487 1.208925420384142
961 1.0994783420300056 1.2089647285611675
960.5 1.099655437401315 1.2093552409091304
960 1.0995670172704348 1.209159677015009
959.5 1.0994662429785829 1.2089372747216451
959 1.0993743551625854 1.2087380230616376
958.5 1.0993525350868858 1.2086904550812159
958 1.0994857260775588 1.2089824199877606
957.5 1.0993053864232116 1.2085864522264367
957 1.099475453524152 1.2089599816825347
956.5 1.0992468202552883 1.2084550564805954
956 1.0993975501756255 1.2087879690958068
955.5 1.0990763451129846 1.2080838167923413
955 1.0993476171231422 1.2086773983044063
954.5 1.0994964726944096 1.2090071456606402
954 1.0995730386611169 1.2091743584624948
953.5 1.09928576994021 1.208544489130825
953 1.0990750567972145 1.208079986826957
952.5 1.0992788479814233 1.2085286293243545
952 1.0992988876165692 1.2085706911064171
951.5 1.0993212920335866 1.2086192808947942
951 1.0993634593133896 1.2087151362580428
950.5 1.0995232418715202 1.2090629174712795
950 1.0992746410228633 1.2085173370712217
949.5 1.0990957785342381 1.2081271398309832
949 1.099364688659039 1.208716902209383
948.5 1.0991248058258625 1.2081866784392965
948 1.0991201858600632 1.2081771111058996
947.5 1.0990412015402078 1.2080047135721639
947 1.099314361541457 1.208605780137131
946.5 1.0990295541408603 1.2079786186609451
946 1.0992246610883758 1.2084078990552158
945.5 1.0990950748050603 1.2081246451614625
945 1.0992721999110093 1.2085123991991151
944.5 1.0991979982951479 1.2083467358936124
944 1.099090229091623 1.2081125028307744
943.5 1.098915570184014 1.2077277003150675
943 1.099024033281923 1.207968900786428
942.5 1.099123086532162 1.2081860568795266
942 1.0990629448562528 1.2080523432019872
941.5 1.0990378963001173 1.2079980413476428
941 1.099143092763516 1.2082278166005778
940.5 1.0989506254037082 1.2078057786272096
940 1.0989252886796357 1.207749242281608
939.5 1.0992440183476926 1.2084503132322186
939 1.0989694213882077 1.207849402069209
938.5 1.0989503616980212 1.2078051810193113
938 1.0988840045287023 1.2076581617613031
937.5 1.0990255813695433 1.2079698410709452
937 1.0988669826746111 1.2076231899980512
936.5 1.098790767256229 1.2074546307797924
936 1.0990337831315273 1.2079894014675723
935.5 1.0987828930614383 1.2074371979154424
935 1.0988483270040363 1.2075810210213773
934.5 1.0987299269333888 1.2073194236026665
934 1.0990127674229697 1.2079434365017125
933.5 1.09901238611584 1.2079425334594722
933 1.098717912891675 1.2072935827781102
932.5 1.0986744680404088 1.2071989228068924
932 1.0988881090653673 1.2076667395482035
931.5 1.098832662988678 1.2075515828487675
931 1.0989338679019223 1.207771066830988
930.5 1.0989095938865803 1.2077159568659699
930 1.0986266917782823 1.2070969885911855
929.5 1.0984101073356471 1.2066209431855484
929 1.0988612593566582 1.2076072713159534
928.5 1.0987681677113794 1.2074054433020514
928 1.0985500822300718 1.2069285252776745
927.5 1.0985989935110638 1.2070305453064178
927 1.0986988240488698 1.2072536449459834
926.5 1.0986673185804285 1.2071849009271598
926 1.0986848411948538 1.2072210027394417
925.5 1.098501382325801 1.2068201133591836
925 1.0985302889732198 1.2068797034488083
924.5 1.0989078513709467 1.2077123508180245
924 1.098704221195301 1.2072685423638727
923.5 1.0986330404777498 1.207109773819164
923 1.0986956326559199 1.2072456907478075
922.5 1.098620438144427 1.2070807313555323
922 1.0983596835463707 1.2065109789433925
921.5 1.098510544675642 1.2068365142828528
921 1.0983929425687018 1.2065796145927814
920.5 1.0984180091813416 1.2066354904704024
920 1.0983588756708513 1.2065101510422869
919.5 1.0981502493475581 1.2060500150201832
919 1.0984149537469645 1.206630030235002
918.5 1.0984836009766936 1.2067839146038588
918 1.0986604400063047 1.2071672279985015
917.5 1.0983198988582128 1.2064208623637898
917 1.098548325206821 1.2069217522923414
916.5 1.0983146523773495 1.2064092406211313
916 1.098415596407279 1.206633655669479
915.5 1.09840069054976 1.2066004378271886
915 1.0981071033942518 1.205952109509302
914.5 1.0982719796542857 1.2063155602006301
914 1.0985681655458854 1.2069619413382915
913.5 1.0984510500601086 1.206712781222112
913 1.0983104900277534 1.2063977854159533
912.5 1.0982950250630457 1.2063697839721477
912 1.098156053000865 1.2060607895222426
911.5 1.0980000974015347 1.2057183633610828
911 1.0979704302698496 1.2056529291201155
910.5 1.098061889622062 1.2058551771597514
910 1.0982844322275707 1.2063418910815877
909.5 1.0981563398111571 1.2060588409536583
909 1.0983069722504077 1.2063942586035215
908.5 1.0980309444467478 1.2057872280745532
908 1.0979260730568483 1.2055562164715727
907.5 1.098254088894557 1.2062777162174143
907 1.0982050769584877 1.2061692999093263
906.5 1.0981319440747899 1.2060084548590997
906 1.0981705177027867 1.2060920235945258
905.5 1.0978283687775263 1.2053419572310082
905 1.0979599774435878 1.2056291043495335
904.5 1.098069673240878 1.2058705652574977
904 1.0978997649985924 1.2054990525216722
903.5 1.0981461828137695 1.2060396519831829
903 1.0977471931612333 1.2051631244764378
902.5 1.0979398062442207 1.2055867548384713
902 1.0980166821951853 1.2057551856011521
901.5 1.0978995927982202 1.2054940252599082
901 1.0978667310869816 1.2054235438200407
900.5 1.0978813975263888 1.2054582910762774
900 1.097874945586023 1.205443855830301
899.5 1.097920948819739 1.2055421276753036
899 1.0977172983743944 1.2050983744981534
898.5 1.0979072195891229 1.2055133499406854
898 1.0975910473372277 1.2048183830876908
897.5 1.0978433882205072 1.2053721924176886
897 1.097857939635936 1.2054046502649347
896.5 1.097892371869186 1.2054845631643354
896 1.097879663406332 1.205453941637451
895.5 1.0977466538750433 1.205160327355003
895 1.0977836014597313 1.2052406090809726
894.5 1.097840444930627 1.2053659514912856
894 1.0978141305326639 1.2053110810462628
893.5 1.0977818518396516 1.2052382182424788
893 1.09773823527027 1.2051433391488844
892.5 1.0978228940541468 1.2053306683717397
892 1.0977779647243402 1.2052337903647392
891.5 1.0976310203761037 1.2049105423546878
891 1.0979676726228995 1.2056486449476373
890.5 1.0976383111573382 1.204924952320895
890 1.0977283437510226 1.2051197207365638
889.5 1.0972891057062677 1.20415974597786
889 1.0978277658163897 1.2053400828280185
888.5 1.0973811042888442 1.2043592032094863
888 1.0975785974477898 1.2047928079904116
887.5 1.0974450637124966 1.2044995391662203
887 1.0977222299513942 1.2051084893655444
886.5 1.0973574711116822 1.2043102160542791
886 1.0974336803030553 1.2044776284750687
885.5 1.0974105878240443 1.2044240811863738
885 1.0973511487380394 1.204297190614284
884.5 1.0975838715454314 1.204805184669395
884 1.097810205077644 1.2053007198448198
883.5 1.0975537999758922 1.2047390592735547
883 1.097391739357685 1.2043808710014685
882.5 1.097496001769947 1.2046161433624847
882 1.097589259460525 1.2048148188116945
881.5 1.0972432223006594 1.2040591057700458
881 1.0973742445581065 1.20434649031158
880.5 1.09736818555242 1.2043332261266315
880 1.0976627096878497 1.2049757547775952
879.5 1.097404562279515 1.2044121146688138
879 1.0972113306521978 1.2039871758929541
878.5 1.0973616180753165 1.2043144379552413
878 1.0972997459122238 1.2041802470015197
877.5 1.0972556460486342 1.2040852938217228
877 1.0972563981187304 1.2040870013525893
876.5 1.0972386968039847 1.2040461703090133
876 1.097224378112039 1.2040155117277576
875.5 1.0971399183188892 1.2038289095715597
875 1.097084372997641 1.2037076772339992
874.5 1.0971211300783603 1.2037892837177766
874 1.0971149472157513 1.2037749863531284
873.5 1.0970345305450553 1.2036006362814287
873 1.0970692564102034 1.2036747353032062
872.5 1.096854358577077 1.2032063970470506
872 1.0973900279825215 1.2043753098461105
871.5 1.0972909114924734 1.204160208785695
871 1.0969915568536721 1.2035053017603612
870.5 1.0969397685231548 1.2033904963469448
870 1.097003983662379 1.2035339903303766
869.5 1.0971107844689305 1.2037675864136812
869 1.0968895009772022 1.2032830294015229
868.5 1.0969315096437762 1.2033715028526069
868 1.097018561035032 1.2035643133967098
867.5 1.0969293781819456 1.2033688339815205
867 1.0968595819233369 1.2032139141771223
866.5 1.0970403595966467 1.2036101282487834
866 1.096868104842353 1.20323554846333
865.5 1.0970177729219672 1.2035631761579246
865 1.0970620640209015 1.203657780730565
864.5 1.0969567980266657 1.2034273328507281
864 1.0968038769182291 1.2030925923555476
863.5 1.0969014762974574 1.2033056567233706
863 1.0967986283428737 1.2030812337046484
862.5 1.096869825330826 1.2032389718246483
862 1.0969154080057906 1.2033377188877195
861.5 1.096893114030857 1.2032894665820113
861 1.0966589230031025 1.202774696914098
860.5 1.096748054443441 1.2029678274152316
860 1.0970087622478024 1.2035398161784308
859.5 1.0965664176004184 1.2025713585437612
859 1.0966006227322318 1.202645543026963
858.5 1.0966840845188024 1.20283080686771
858 1.0966878410792196 1.20283927763603
857.5 1.0965438468332682 1.202522509905577
857 1.096739837740591 1.202954872439701
856.5 1.09658116760901 1.2026067653495578
856 1.0967003984380281 1.202864733966177
855.5 1.0964844034079144 1.2023926986996776
855 1.0967156208193698 1.2028999574087071
854.5 1.0964845362869307 1.2023906181340607
854 1.0965416524608174 1.2025203968667326
853.5 1.0963838668577681 1.2021731302621406
853 1.0965332148595701 1.202498633588667
852.5 1.09658365667778 1.202610011509879
852 1.0965890496425033 1.202623815083269
851.5 1.0962286373310823 1.2018321266520215
851 1.0966586422284292 1.20277283022122
850.5 1.0965418995945577 1.2025160428779336
850 1.0961434460078396 1.2016452964131712
849.5 1.0962270623070405 1.2018258959097374
849 1.0963871106053527 1.2021793106377472
848.5 1.0960492432755855 1.2014356489932918
848 1.0962351502377485 1.2018471878048322
847.5 1.096277656490969 1.2019365167241356
847 1.0966183765025137 1.2026855906679101
846.5 1.0962053182846139 1.2017814238619084
846 1.0963218190968134 1.2020343595729852
845.5 1.0961100887898951 1.201569350057911
845 1.0963803462645771 1.202165897918254
844.5 1.0961814178163256 1.2017274686322976
844 1.0960438582039198 1.2014233809178303
843.5 1.0963537102331475 1.2021098397641616
843 1.096117707717338 1.201589357069154
842.5 1.0960070457152185 1.2013459965269018
842 1.0963433213715252 1.2020829953377747
841.5 1.0961486828209053 1.2016569293880046
841 1.0961362828724903 1.2016284785160438
840.5 1.096224506797728 1.2018221390909827
840 1.0958159000998982 1.200927657388553
839.5 1.09601156097039 1.2013564949342057
839 1.0962503044164877 1.2018796218369134
838.5 1.0958548531928023 1.201010998501424
838 1.0958694340437543 1.2010457744515188
837.5 1.0958660185522424 1.2010352760027063
837 1.0959253522177914 1.201164978636135
836.5 1.0961991236000475 1.20176508508677
836 1.0962827456161413 1.201951327866395
835.5 1.095775883173635 1.200841438588957
835 1.0958911605147954 1.201089584760219
834.5 1.0957728866307352 1.2008318208745492
834 1.0957780216985915 1.2008431864233449
833.5 1.0958260207592259 1.2009487473865494
833 1.0958855096138673 1.2010777647864768
832.5 1.0957660544414083 1.2008159262923759
832 1.095751350028726 1.2007854698130866
831.5 1.0957541165394835 1.2007887149223606
831 1.0957819771513946 1.2008534173577838
830.5 1.0954927937209036 1.20021993737601
830 1.0958753022625989 1.2010582102048835
829.5 1.0956766607623754 1.200622753059558
829 1.0955607018459737 1.200368178649539
828.5 1.0959456926287405 1.2012138985235734
828 1.0957630071309319 1.2008112732261582
827.5 1.0956903844489472 1.2006543317510017
827 1.0956538745608917 1.2005765067040157
826.5 1.0956134525363586 1.2004828781984997
826 1.0958124097183273 1.200916257448853
825.5 1.0952827377902956 1.199760323692383
825 1.0951942974191389 1.1995629484348218
824.5 1.0954770274245036 1.2001820424244924
824 1.0954684650009656 1.200163560146487
823.5 1.0953327365548906 1.1998692581189898
823 1.0953172882768987 1.1998367463886372
822.5 1.0955252446788972 1.2002921250069123
822 1.0952886542244216 1.1997712611215743
821.5 1.0953673111716904 1.1999433202216998
821 1.0952682602089843 1.1997261857118864
820.5 1.095558659588657 1.2003658183419694
820 1.0954364488375794 1.2000965561395414
819.5 1.0954800467617434 1.2001877196715494
819 1.0952816285780764 1.1997573909527761
818.5 1.095382039675392 1.1999768997722182
818 1.095294256727116 1.1997846186438101
817.5 1.0953071357369308 1.1998134721163956
817 1.0952576855697302 1.1997022068179695
816.5 1.0955342338287104 1.200310108073511
816 1.0953329613381415 1.1998669796374817
815.5 1.0953456879067611 1.1998990491295227
815 1.0954417920989503 1.2001095934292592
814.5 1.0953165160840506 1.1998329628641031
814 1.095103458325911 1.1993671353380855
813.5 1.0950750368138065 1.1993065904653362
813 1.0953273977747784 1.199857223734755
812.5 1.0952182987233083 1.1996186113752074
812 1.095149102070151 1.1994674169324624
811.5 1.0947874632031214 1.1986755890426941
811 1.0950849238492517 1.1993233429519563
810.5 1.0950066496144135 1.1991577844996864
810 1.0952556782138922 1.1996996515329075
809.5 1.094904850885731 1.198932830573173
809 1.0950481596838795 1.1992440611277297
808.5 1.095027806380705 1.199200036622806
808 1.09504485253842 1.1992361313730984
807.5 1.0951090192607158 1.1993787959949236
807 1.095200290754798 1.1995811999204091
806.5 1.0949417026211732 1.1990114484279935
806 1.0951842949002528 1.199539958665349
805.5 1.0949321577887599 1.1989924981933286
805 1.094903237978153 1.1989303447834276
804.5 1.095122233378694 1.199409736317759
804 1.0952171183550459 1.1996181672147832
803.5 1.094741601634143 1.1985740584550169
803 1.0948135979930098 1.1987322234045212
802.5 1.0948617566941972 1.1988382835954914
802 1.0947436633582088 1.1985797723303186
801.5 1.094766172538467 1.1986262056612424
801 1.0947407699220062 1.198569953897334
800.5 1.0948014260504775 1.1987053679523445
800 1.0946379763572929 1.1983447660146245
799.5 1.0945558801827882 1.1981696961174009
799 1.0946479819324806 1.1983690812819607
798.5 1.094611664521044 1.1982886449938879
798 1.0947057316660955 1.1984950675372943
797.5 1.0944699663934119 1.197980266273176
797 1.0945728174890694 1.1982036761287818
796.5 1.094549396893253 1.1981515471798867
796 1.0945678257909193 1.1981918875871254
795.5 1.0945607175529288 1.198175402392333
795 1.0945919070620296 1.1982469720722468
794.5 1.0944588667841448 1.1979544641057542
794 1.0944588394080665 1.1979556346193918
793.5 1.0945350127206213 1.1981212788435096
793 1.0941807748451526 1.197347435997676
792.5 1.094557385295817 1.1981727020740893
792 1.0943070029076574 1.1976229654618877
791.5 1.0943412804518753 1.1976971219402166
791 1.0942137505338017 1.1974191629278579
790.5 1.0941869964379805 1.19736297246061
790 1.0944293683496908 1.1978917594388119
789.5 1.0943090330972367 1.1976247657558847
789 1.094289628627702 1.19758348337146
788.5 1.0944379106432662 1.19791022314962
788 1.0943096113460657 1.1976260794107816
787.5 1.0941784988415697 1.1973391070712787
787 1.094254293834508 1.197509132435886
786.5 1.0942727474872613 1.197549199222654
786 1.09419969995847 1.1973890388929855
785.5 1.0942300078500502 1.1974544572662722
785 1.0939156941379402 1.1967677349542127
784.5 1.0941414066599597 1.1972582245266474
784 1.0943063763375178 1.1976217764253936
783.5 1.0942420208422179 1.1974827539791948
783 1.0941563347049241 1.1972892509787598
782.5 1.0942521558461722 1.197503766174131
782 1.093935575828843 1.1968113889944423
781.5 1.0940141690693084 1.1969810460908659
781 1.093974435677274 1.1968965657817996
780.5 1.0938913477514403 1.1967133198977737
780 1.0941673430974428 1.197316396173587
779.5 1.093989278692239 1.1969273547654165
779 1.0940537570359778 1.1970715114704418
778.5 1.0939945775086721 1.1969393721131887
778 1.0938389593420141 1.1965985211989727
777.5 1.0938434756123157 1.1966093561853473
777 1.09381375946793 1.196546428044283
776.5 1.0939572312672299 1.196858485094565
776 1.0938701458341447 1.1966687202285522
775.5 1.0937198107273416 1.196337843220593
775 1.0938014015462596 1.1965133515238984
774.5 1.0937630202024922 1.1964338441055342
774 1.0939017648942737 1.196734295653774
773.5 1.0936312563783297 1.1961445412394396
773 1.093567579526198 1.1960062120542947
772.5 1.0936593991412233 1.1962036833086709
772 1.0935186057451405 1.195896329719822
771.5 1.093587083081281 1.196043159343323
771 1.093637814013467 1.1961611833549357
770.5 1.0935030795362055 1.1958634955462553
770 1.0935282833853006 1.1959201485451365
769.5 1.0934936359018295 1.1958447782292017
769 1.0934723679593596 1.1957991823102174
768.5 1.0934669149668925 1.195785135915784
768 1.093726730116859 1.1963538876766973
767.5 1.093494119623024 1.1958434605849915
767 1.0935553619664595 1.1959749924405723
766.5 1.0935198611990304 1.195899551983169
766 1.0933040011456712 1.1954307126559545
765.5 1.0933331210713961 1.1954926751564436
765 1.0934926754288294 1.1958411541526472
764.5 1.0933278072183268 1.1954798599710363
764 1.0934107770951973 1.1956600368482573
763.5 1.0931951260131152 1.1951921803812011
763 1.0934495703016178 1.1957473909560223
762.5 1.09343431473094 1.19571585034157
762 1.0930958384023002 1.194975805633583
761.5 1.0934258239902934 1.195693717296797
761 1.0934683173088753 1.1957877410234983
760.5 1.0931678977927914 1.195132211838945
760 1.0932527158137262 1.195313842851952
759.5 1.0932117666326884 1.1952266274484762
759 1.0929501171169063 1.1946562929486333
758.5 1.093138957264404 1.1950639648054802
758 1.093117332310415 1.1950211574139602
757.5 1.0932101762754032 1.1952224169598171
757 1.093168480824235 1.1951341500679638
756.5 1.0930092476797701 1.1947854822515718
756 1.0931717635968263 1.195137588129129
755.5 1.0929959091540753 1.1947550994072869
755 1.0926272542112603 1.193953219178246
754.5 1.093081031409724 1.1949420251613114
754 1.0928686729290051 1.1944750776962658
753.5 1.093059742532229 1.1948933958852042
753 1.0929651710011428 1.1946865004631484
752.5 1.0927441812214655 1.1942055712793074
752 1.093070798703447 1.1949174571711194
751.5 1.092894817193619 1.1945323662757636
751 1.0928285721179443 1.1943885414613866
750.5 1.0927840350087878 1.194289451755185
750 1.0929064215410882 1.194557068685622
749.5 1.0927731768363442 1.1942688291715728
749 1.0925811606713582 1.193847933156773
748.5 1.0926197893045295 1.1939325004849566
748 1.092636175906373 1.1939684342735892
747.5 1.0928999957660217 1.1945455311018494
747 1.092675730421612 1.194055883253329
746.5 1.0925466945638813 1.193775389309958
746 1.0926802083716043 1.1940679283948499
745.5 1.0924621843871531 1.193586810537036
745 1.09263109564365 1.1939591167108585
744.5 1.0926480264325196 1.1939951416267711
744 1.0925848717646056 1.1938550361338618
743.5 1.0927185251705138 1.194145557556545
743 1.0925757309887216 1.1938379108944315
742.5 1.092771161843127 1.1942640218113247
742 1.0923343436713868 1.1933092960770062
741.5 1.09237541553146 1.1934008677383874
741 1.092375143840448 1.1933982780484007
740.5 1.092234450494214 1.193092390474466
740 1.092509839066883 1.1936940735906731
739.5 1.092339877506009 1.1933219371731105
739 1.09211274950759 1.1928272484752422
738.5 1.0920720262323675 1.192735006341959
738 1.0923570773260873 1.1933590565539756
737.5 1.092395232515072 1.193441820953328
737 1.0920838168849107 1.192764248390981
736.5 1.092325918904771 1.1932898189735597
736 1.092156331547448 1.1929235140100098
735.5 1.0920560754627668 1.1927030214060252
735 1.092234213589431 1.1930922246079128
734.5 1.0921407094241897 1.192887679999061
734 1.092194635655626 1.1930031850350957
733.5 1.0920579269088757 1.1927096772189671
733 1.0920558700186016 1.1927040726978453
732.5 1.0920272985257031 1.1926427977422172
732 1.0921060267401144 1.1928126134876507
731.5 1.092017060565004 1.192616191593473
731 1.0919754014952596 1.1925231452115836
730.5 1.0920355918694487 1.1926568637959707
730 1.0920803345393888 1.1927577701320506
729.5 1.0918753449090168 1.1923076256059597
729 1.0920770484805902 1.1927505529225135
728.5 1.0920953187863591 1.1927853018444505
728 1.0920102409030181 1.1926017864425729
727.5 1.0917988556623968 1.1921378226758337
727 1.091874878673638 1.1923056316353193
726.5 1.0914917948424359 1.1914677805527216
726 1.0917449240230264 1.1920196657407212
725.5 1.0919962412376263 1.1925704561906636
725 1.0917726121284141 1.1920833201915289
724.5 1.0918340841269316 1.1922167793672502
724 1.0917634538385932 1.1920627292978918
723.5 1.0920217761691502 1.192627683573297
723 1.0916220816062912 1.1917576579207354
722.5 1.0918172344225954 1.192181589742923
722 1.0916081902819292 1.191724988590971
721.5 1.0916202775682773 1.1917485301508466
721 1.0914728264060012 1.1914292907481474
720.5 1.0914170281833875 1.1913096369572345
720 1.091276618417289 1.1910008610969471
719.5 1.0912119590393676 1.1908581198865356
719 1.091391932281104 1.1912544599985637
718.5 1.0915443645311658 1.191579566981679
718 1.0914224092066989 1.1913186195483492
717.5 1.0914627525008147 1.1914105860629638
717 1.09165997313597 1.1918387066174074
716.5 1.091410709652887 1.191294190441135
716 1.091447808480865 1.1913760666702342
715.5 1.0914670158534858 1.191416616902476
715 1.0911819839302468 1.1907961767514297
714.5 1.091285830956494 1.1910230550779826
714 1.0911365745654988 1.1906936818311273
713.5 1.0913566130266221 1.1911731439330013
713 1.0911373973102476 1.1906962823879688
712.5 1.0911299355245652 1.1906796196562066
712 1.091044867266871 1.1904960953823245
711.5 1.0911888124460845 1.1908101534676263
711 1.0912139907882028 1.1908621144135954
710.5 1.09113195189645 1.1906846120840366
710 1.09111956748616 1.1906576340321453
709.5 1.0910095635239905 1.1904212502875198
709 1.0906576994665937 1.1896509550209509
708.5 1.09100432334711 1.1904069387147471
708 1.0910044434960322 1.190407105464169
707.5 1.0909489997754758 1.1902888084993548
707 1.0908238224792017 1.190011139505948
706.5 1.0908346749498514 1.1900344994755734
706 1.0906681565464753 1.1896725089368043
705.5 1.0909498068951287 1.1902879043032373
705 1.0909190170539809 1.190219584071612
704.5 1.0905280521302638 1.189364786612157
704 1.0908380305683534 1.1900405116448007
703.5 1.0905386076714827 1.1893896522805685
703 1.0909065167316416 1.1901956397768105
702.5 1.090726579128467 1.1898004474776145
702 1.0906205846272623 1.1895694331277857
701.5 1.0904520638101154 1.1892003418603083
701 1.0904926104387025 1.1892898893405077
700.5 1.090413358043689 1.1891173770137788
700 1.0904960345690293 1.1892970187027625
699.5 1.0904600310516521 1.18921809787014
699 1.0905541477313618 1.1894226112138693
698.5 1.0906135501279774 1.1895560109429666
698 1.090561196978051 1.1894399339132427
697.5 1.0906292333309537 1.1895865279975466
697 1.090509563794552 1.1893276596274418
696.5 1.0902803708071604 1.1888296203856528
696 1.0905321371848282 1.1893767171627048
695.5 1.090031632029936 1.1882878824433118
695 1.0901407844033468 1.1885231826873228
694.5 1.090649606099904 1.189630885409008
694 1.0900863265605678 1.1884020248644747
693.5 1.0902610040801304 1.1887856138509671
693 1.090254999183545 1.1887727795490652
692.5 1.0900852171673987 1.188400995849069
692 1.0900372650329537 1.1882988347230075
691.5 1.0901396538319283 1.1885219537298033
691 1.0900823386756342 1.1883967007902163
690.5 1.0899203908360788 1.188042505532
690 1.0901959298739752 1.1886423404487707
689.5 1.0901057674617551 1.1884479999740158
689 1.0899835217210805 1.1881816107812921
688.5 1.0901206899934224 1.1884804021112698
688 1.0900397723854216 1.1883005474254316
687.5 1.0902881366060362 1.1888460515006096
687 1.08996808333559 1.1881454837200942
686.5 1.0901518641218564 1.1885478001818193
686 1.0896624180347974 1.1874763784369828
685.5 1.0899368997339487 1.1880751012590027
685 1.0898901884964993 1.1879758466092185
684.5 1.089819364343162 1.1878247037481302
684 1.0898287147790569 1.187845472128934
683.5 1.0897775973409718 1.187729550925282
683 1.089924739260509 1.1880521919329696
682.5 1.089829819245295 1.1878436786556492
682 1.089738062089191 1.187642402334658
681.5 1.0896472946196631 1.1874470244686333
681 1.089779769278279 1.1877362062425971
680.5 1.0899006435619034 1.1879992988284376
680 1.0895995338857873 1.1873408158648173
679.5 1.0897897369628553 1.1877560515344279
679 1.0892820638795593 1.1866479529106704
678.5 1.0893848210304027 1.1868712126706344
678 1.089469291287127 1.1870610635031948
677.5 1.0895572985388084 1.1872514485349228
677 1.0894282692142527 1.1869690335639551
676.5 1.0894348179205358 1.186985821100025
676 1.0895536158382526 1.1872414710226158
675.5 1.08943501886058 1.1869874173474486
675 1.0898221020632737 1.187829957330692
674.5 1.089383077235499 1.18687144701419
674 1.0893263624742822 1.186748740383763
673.5 1.089433910333178 1.1869815847525107
673 1.0891928129256592 1.1864560658699217
672.5 1.089263366078018 1.1866088594285042
672 1.0893222989183318 1.186739348236013
671.5 1.0891894005347085 1.1864472560131
671 1.0891865583269784 1.1864449321732657
670.5 1.0890013239708896 1.1860396478196453
670 1.0893577208409213 1.1868181145918273
669.5 1.089150300940238 1.1863634011862934
669 1.0893824374288377 1.1868726146180435
668.5 1.0890869299012198 1.1862247320880852
668 1.0890620881937176 1.1861727210445443
667.5 1.088946108110394 1.1859203189179452
667 1.0889875143492658 1.1860072375954518
666.5 1.0889325112716 1.1858906263091074
666 1.0888910879544351 1.185800775358519
665.5 1.0887962205643722 1.1855951132429021
665 1.0887516543898568 1.1854968175469103
664.5 1.0887917076809572 1.185583545765605
664 1.0885510494429596 1.1850602979128226
663.5 1.088718645387357 1.1854251217972203
663 1.0886575652211985 1.1852901281927308
662.5 1.0888160996925182 1.1856378386838817
662 1.0888762739821922 1.1857687108825385
661.5 1.0887540861104619 1.185502257324747
661 1.0883739744765064 1.1846757627806774
660.5 1.0886682494235858 1.185315640043125
660 1.0887624565386076 1.185517436929401
659.5 1.088474801478801 1.1848961767611417
659 1.0883949459098907 1.1847187133831438
658.5 1.0885803676957306 1.185125467068104
658 1.0885944109393986 1.1851547935568354
657.5 1.0883795419227733 1.184687929599456
657 1.0881457879278778 1.18417513574022
656.5 1.088433053716071 1.1848007845030852
656 1.0881212801172522 1.1841265458799335
655.5 1.0886530667507754 1.1852834254455236
655 1.088507409833478 1.1849627800708693
654.5 1.088301153428888 1.1845161653951775
654 1.0883173477628978 1.1845526801968864
653.5 1.0882967839676998 1.1845074465079155
653 1.0880930308270826 1.184063814143305
652.5 1.0881325982383687 1.1841492827176794
652 1.0883511476414163 1.1846244876381116
651.5 1.0881971291087262 1.1842909248235864
651 1.088112260760582 1.1841036763418227
650.5 1.0880357776948573 1.1839389796200808
650 1.0880471900664201 1.1839637509575165
649.5 1.0880136247166783 1.1838950997621192
649 1.0878855943358303 1.183612524990828
648.5 1.0877097566474765 1.1832294347877261
648 1.087904329594094 1.1836532028035576
647.5 1.0879202787192588 1.18368844543355
647 1.0878286357448335 1.1834911676808484
646.5 1.08788636978124 1.1836135826163505
646 1.08808536680602 1.1840487962391764
645.5 1.0879913918718966 1.1838433045634464
645 1.0875726339576242 1.1829350025389909
644.5 1.0878244968873712 1.1834787215190552
644 1.0877877525978068 1.1833928191403027
643.5 1.0877426358639846 1.1832992493881274
643 1.087597074237774 1.182984863503044
642.5 1.0880676793661448 1.1840072088755063
642 1.0877646779810546 1.1833476643330485
641.5 1.0878230999421807 1.1834756303088132
641 1.087445595752165 1.1826537836554243
640.5 1.0874503419900687 1.1826660305613441
640 1.0874293630863592 1.1826192878146757
639.5 1.0876251501305256 1.1830448468761037
639 1.0877807742248504 1.1833823937822447
638.5 1.0875774708722181 1.1829406484853253
638 1.0872463593362724 1.1822200964171585
637.5 1.0871846672077217 1.1820892712165711
637 1.0870867873113765 1.1818726402947903
636.5 1.087386154036212 1.18252586976099
636 1.0872060325217372 1.1821330718405616
635.5 1.0873840138074327 1.1825208904625826
635 1.087329291608976 1.182402346078237
634.5 1.087228533835372 1.1821860321312785
634 1.0874257249957635 1.182609353459239
633.5 1.0869826092257733 1.1816484999795538
633 1.0873452279156461 1.1824375025743237
632.5 1.0869587588200331 1.181597656309861
632 1.0872491734935745 1.1822302036600232
631.5 1.0868017275242552 1.1812559278572254
631 1.086997707252096 1.1816782250416482
630.5 1.086860150023703 1.1813817208545718
630 1.0869881176630483 1.1816621571158021
629.5 1.0868277734508127 1.1813101468197076
629 1.0868027578958572 1.1812570645789213
628.5 1.086734838389516 1.1811086274069427
628 1.086590259538186 1.180796136928748
627.5 1.0868313186829224 1.1813204200891247
627 1.0867960122556446 1.1812418126413988
626.5 1.0867922755899309 1.181235382359783
626 1.0865268204461858 1.180657910193665
625.5 1.0868555422386965 1.1813714613056263
625 1.0866702346556434 1.1809709978532048
624.5 1.086526383602517 1.180656348389993
624 1.086615877638431 1.180849903405282
623.5 1.0866031504572915 1.1808248043641274
623 1.0866475651295737 1.1809197718560813
622.5 1.0864518177076026 1.1804924017433576
622 1.0862034118635213 1.179953951867959
621.5 1.086505997991304 1.1806121756779904
621 1.0862367572430969 1.1800244038060492
620.5 1.0864218625508393 1.18043206034667
620 1.0861060873212545 1.1797416369882414
619.5 1.0861319476829274 1.1797989661935142
619 1.0862833843873663 1.180129133127692
618.5 1.0861976666798057 1.1799395925064502
618 1.0863460294094944 1.1802622319725793
617.5 1.0858742650818396 1.1792393514924622
617 1.0862912588022349 1.180146705906775
616.5 1.086093077061315 1.1797124825791303
616 1.0860708653907158 1.1796661660896288
615.5 1.085949349011304 1.179400563791794
615 1.085855448571797 1.1792006583333443
614.5 1.0858850068419925 1.1792614415055431
614 1.0859100276729472 1.1793163975589398
613.5 1.0858422788371096 1.1791688857023466
613 1.085990739812174 1.1794921575094182
612.5 1.085961605665902 1.1794321428579124
612 1.085607735515035 1.1786609551203233
611.5 1.0858285183714955 1.1791423007696817
611 1.0858112843539014 1.1791026772873447
610.5 1.0859616723782788 1.1794295313833223
610 1.0858558275473789 1.1791996846105488
609.5 1.0854332822083292 1.1782856515640974
609 1.0857115020426795 1.1788836233924271
608.5 1.0856543121905378 1.1787637815175651
608 1.0854016875169128 1.1782152215867354
607.5 1.085634862463571 1.1787184844013068
607 1.0856205014151716 1.1786872717202699
606.5 1.085368425669275 1.1781400374952635
606 1.0852778852735767 1.1779409173582058
605.5 1.0853762444372623 1.178161587383825
605 1.0851752651059325 1.1777239889933218
604.5 1.0851093591987981 1.1775788799115015
604 1.0854162749234553 1.1782448939800143
603.5 1.0854243246019426 1.178261073553602
603 1.085320859079424 1.178036638408594
602.5 1.0850837763644445 1.1775239520849718
602 1.0850707697050939 1.1774973300851859
601.5 1.0852191542045628 1.177817227698909
601 1.0851802180226364 1.1777312201784322
600.5 1.0848436739398666 1.1770031838727475
600 1.0851557439038901 1.177678216276849
599.5 1.0847802513507443 1.1768644251461096
599 1.0851449058926308 1.177656675633907
598.5 1.0849963067099915 1.1773334672718199
598 1.084822964952987 1.1769585434052936
597.5 1.0848088919432417 1.176927694885495
597 1.0845504928941838 1.176370253603529
596.5 1.0846012611746447 1.1764749114319475
596 1.084710105210613 1.1767139437049332
595.5 1.084828940960884 1.1769726879801992
595 1.0845310282509608 1.1763205109791193
594.5 1.0848495253001942 1.1770173208295491
594 1.0847933576194893 1.1768921680364468
593.5 1.0846680745342534 1.1766236757599828
593 1.0845859868539527 1.176441335490934
592.5 1.0845709667149075 1.1764105788721126
592 1.0842890309317985 1.1758033105195727
591.5 1.0843897954440218 1.1760187596015494
591 1.0842451501341626 1.1757052496975144
590.5 1.0843891183164853 1.1760197098879865
590 1.0844456520751127 1.1761441519295988
589.5 1.0843311523612809 1.1758905479813173
589 1.0842308918902628 1.1756743281365296
588.5 1.084156708988001 1.1755143625594777
588 1.0842088770157445 1.1756252793619812
587.5 1.0838092285642473 1.1747605819548752
587 1.0841912347288631 1.1755896260307506
586.5 1.0843484105087018 1.1759266039721425
586 1.0844962639878022 1.1762496433511498
585.5 1.0840533235801997 1.1752863332553078
585 1.083883830335694 1.1749202115363506
584.5 1.0839330882921347 1.1750275054628208
584 1.0839831845242904 1.1751373199257997
583.5 1.0838734301692419 1.1749008362684823
583 1.0840311406724363 1.1752424318163315
582.5 1.0838721315519646 1.174897908597445
582 1.0839405945543272 1.175044606716941
581.5 1.0840413159645665 1.1752646216531089
581 1.0837338029978518 1.1745959336138987
580.5 1.0837896898298607 1.174716262632162
580 1.083663492492782 1.1744444293059146
579.5 1.08377307486521 1.1746803373651824
579 1.0837873478477837 1.1747123344235586
578.5 1.0837915498109987 1.1747226242102788
578 1.0833113262102858 1.1736794692302432
577.5 1.0834745200417877 1.1740335174148557
577 1.0835788727030713 1.1742614165703753
576.5 1.0835987892558379 1.1743053341908158
576 1.0834873998355836 1.174064105450216
575.5 1.0832353436408102 1.173517443580724
575 1.0832320008454996 1.1735088737436405
574.5 1.0834504156017128 1.173983070413643
574 1.083280904312695 1.1736151751307005
573.5 1.0831260240309235 1.1732829295167573
573 1.0830608613709078 1.1731400797160032
572.5 1.083007654226703 1.1730225493633388
572 1.082973965536707 1.172950101065513
571.5 1.0829243066785075 1.17284172297641
571 1.0831598850823274 1.1733523991791295
570.5 1.083146480913024 1.1733205589786067
570 1.083097729348527 1.1732184595760362
569.5 1.0828271102969151 1.1726348162773974
569 1.0827972900294716 1.172564736408376
568.5 1.082932561772077 1.172864009943162
568 1.0827282789399866 1.1724224505530527
567.5 1.083042894440905 1.1731000981484068
567 1.0827976589215929 1.1725652940991835
566.5 1.0829382456331926 1.1728717992602786
566 1.0825967186550172 1.172130975151331
565.5 1.0828301689038415 1.1726376740021727
565 1.082701171819673 1.1723609863867468
564.5 1.0824991825547083 1.1719231480322012
564 1.0825808961711794 1.1720996310166
563.5 1.0824992437412286 1.1719219208927638
563 1.082444629537897 1.1718040180858333
562.5 1.082601081346307 1.1721452157561087
562 1.0825149985953444 1.171956248241544
561.5 1.0825837432773193 1.1721037340181506
561 1.0825904013049674 1.1721197471305544
560.5 1.0822771593666154 1.171441705111566
560 1.0820013947091018 1.1708462916547466
559.5 1.0821980617269853 1.17126868302948
559 1.0821239614322358 1.1711063651397675
558.5 1.0821996736745045 1.1712745334706929
558 1.0820051996021742 1.1708529931528904
557.5 1.0817389818927494 1.1702768433051325
557 1.0821553680862253 1.1711779839505079
556.5 1.0819716127296948 1.170778507550704
556 1.0821696925976654 1.1712105220150573
555.5 1.0817507052788202 1.170304790397492
555 1.082011435593262 1.170867856501358
554.5 1.0817525943325612 1.1703072262486947
554 1.081808978157227 1.1704283739840549
553.5 1.081721409205541 1.1702408473559287
553 1.0814939713295353 1.169748017222926
552.5 1.0819286050987678 1.1706858546990582
552 1.0814556163601243 1.1696636009264507
551.5 1.0814116521671187 1.1695718673359907
551 1.0815774764409452 1.1699296222726911
550.5 1.0814683845555517 1.1696901502974433
550 1.0812709881770899 1.1692643006776102
549.5 1.081289933575375 1.1693058447714313
549 1.0814221449282102 1.169594534978078
548.5 1.0812516443006375 1.1692232065584978
548 1.081381844994737 1.169501885932328
547.5 1.0811557077007092 1.1690161436833837
547 1.081203642053968 1.1691200154045485
546.5 1.0811047626034433 1.1689049376399734
546 1.0809715805121956 1.168621789841053
545.5 1.0810977200087233 1.1688903412064
545 1.0811735438920826 1.1690563839605648
544.5 1.0809795792831403 1.1686343532784558
544 1.0811867594957232 1.1690851044790957
543.5 1.0809834138366667 1.168641713486283
543 1.080945016961884 1.1685598558644341
542.5 1.080744205283873 1.16812568624775
542 1.0808495239718587 1.168355301952
541.5 1.0806988093845982 1.168026722131984
541 1.0808131330705433 1.1682754032682545
540.5 1.0810986705099654 1.1688920666139244
540 1.0809280977975984 1.1685261592681557
539.5 1.080486322118442 1.1675674530736517
539 1.0807203245968207 1.1680729743458191
538.5 1.0805058321082657 1.1676127781641517
538 1.0806506330606263 1.167923024578955
537.5 1.0805721426854844 1.1677574430899955
537 1.0804724989828254 1.1675355503413722
536.5 1.0804294746827066 1.1674416029571526
536 1.0806980804822965 1.1680263878076431
535.5 1.0804030750198717 1.1673898020743232
535 1.0800126564598278 1.1665442302248805
534.5 1.080077670883042 1.1666885492528465
534 1.0803115179990834 1.167194261732192
533.5 1.0800064599023793 1.1665332904838637
533 1.0800326600617365 1.166586612302175
532.5 1.0800316371080951 1.1665843225681263
532 1.0800339218630968 1.1665904210660636
531.5 1.079847981038134 1.1661902273024993
531 1.0801024342969703 1.1667405016218386
530.5 1.0801016892036834 1.166733216264227
530 1.0796627816406952 1.1657912945525626
529.5 1.0800526637041024 1.1666309455483836
529 1.0798811929576 1.1662620539159645
528.5 1.079947478689444 1.1664040877099136
528 1.079571267845616 1.1655954808750022
527.5 1.0797639586349765 1.1660074441792962
527 1.0795425961736151 1.165529201822047
526.5 1.0795945955195512 1.1656389522966433
526 1.0796299150629378 1.1657181574973678
525.5 1.0791080075110777 1.1645931995046606
525 1.07972050615586 1.1659137359455776
524.5 1.0792322057099257 1.1648655974763698
524 1.0795518194161613 1.1655492374726533
523.5 1.0792795739345487 1.1649643538600285
523 1.0792402915825774 1.164879804276139
522.5 1.0792465845694996 1.1648894291106826
522 1.0793360781462615 1.1650865010015348
521.5 1.0791841747645563 1.1647554300465952
521 1.0790052105181147 1.1643720323006448
520.5 1.0788831708267168 1.1641045689057006
520 1.0791391899406424 1.1646607627398586
519.5 1.0789545395608735 1.164262947265115
519 1.079047622170801 1.1644651160667538
518.5 1.0788086645795127 1.1639453636334103
518 1.0787003649900655 1.163712519438369
517.5 1.0787699450307515 1.1638603586746135
517 1.0788584780996529 1.16405481667861
516.5 1.078912197588999 1.1641703600903717
516 1.0785065596215608 1.163297686467828
515.5 1.0787975402362473 1.1639214556642627
515 1.0785076449393765 1.1633008878418702
514.5 1.0783931596098228 1.1630516216147826
514 1.0782334684084138 1.1627075012356483
513.5 1.0784690864934463 1.1632157531812055
513 1.0783262933653246 1.1629081081111234
512.5 1.0786153035799886 1.163529721112838
512 1.0784303515795244 1.163131321469007
511.5 1.0781804551791367 1.1625909799123528
511 1.0783235512953149 1.1628971592703052
510.5 1.0781697106371686 1.1625693643495532
510 1.0781126032349488 1.162444984843241
509.5 1.0779202261577245 1.1620329171762664
509 1.0782676541930123 1.1627817632675512
508.5 1.0779456346656349 1.1620839058589485
508 1.0780187214886894 1.1622432135435408
507.5 1.0778316374258776 1.1618386288550187
507 1.0778383110536485 1.1618533290143422
506.5 1.07766212121797 1.161473376415411
506 1.0778222679112097 1.1618200842706417
505.5 1.0777036655541616 1.1615623794642835
505 1.0779612823528757 1.1621171308260665
504.5 1.0777031169481568 1.1615633751141115
504 1.077650030844813 1.1614474974708513
503.5 1.077866925468235 1.1619132093212639
503 1.0774784604416296 1.1610759139085447
502.5 1.0772389700239675 1.1605621925099665
502 1.0772041042835474 1.1604847717213864
501.5 1.0773341901379265 1.160768306965991
501 1.0773715229747716 1.1608505989602862
500.5 1.0771682842199548 1.1604116601297216
500 1.0770932313575041 1.1602523994437597
499.5 1.0771841375706603 1.1604440929972315
499 1.07722263179842 1.1605310006060048
498.5 1.0771645811158943 1.160402942937551
498 1.0770233995758012 1.160097409176024
497.5 1.0769257708690918 1.159886116445285
497 1.076871186783314 1.159773218744411
496.5 1.076693498875884 1.1593871450050146
496 1.0768281904109982 1.1596763295061179
495.5 1.0766517247502732 1.1592984550099308
495 1.0769647026027194 1.1599723567656868
494.5 1.0767833312978243 1.1595841529727526
494 1.0765502228046062 1.1590792141484179
493.5 1.076698117069104 1.1593966661204234
493 1.0766257217441113 1.1592440282592171
492.5 1.0762686472525897 1.1584751946502263
492 1.0762977457661445 1.1585349167327306
491.5 1.0761440736591588 1.1582043543565372
491 1.0762685428857186 1.158473916998618
490.5 1.076308356430825 1.1585584730983922
490 1.0762417910738649 1.1584145681597997
489.5 1.0761643717298282 1.1582485383409258
489 1.076138226245726 1.1581936831470407
488.5 1.0758552814186968 1.1575854337887173
488 1.0759844108705616 1.1578602698821379
487.5 1.0759791681935755 1.1578513720685408
487 1.075909822476381 1.157701347154676
486.5 1.0758350915834485 1.157540397422218
486 1.0760940533173795 1.1580985357779499
485.5 1.075680251819075 1.1572094114063474
485 1.0759338311882451 1.1577530805770546
484.5 1.0757515926977368 1.1573609963503413
484 1.0756623822638662 1.1571693751287975
483.5 1.0756142233737918 1.1570621275899275
483 1.075667638091903 1.1571795594594876
482.5 1.0756620575895999 1.1571676749691138
482 1.075334367388696 1.1564641226224683
481.5 1.0754998533648699 1.1568161834921533
481 1.0752696138836215 1.1563203037196774
480.5 1.0753650584764696 1.156529725212539
480 1.0751984074338399 1.1561710790913051
479.5 1.0751741850843308 1.1561214932970205
479 1.0751021116899444 1.155964056261315
478.5 1.0750721568169832 1.155900029631005
478 1.0749368210340815 1.1556080412620602
477.5 1.074999908246448 1.155743443635216
477 1.075045021192118 1.1558393456577376
476.5 1.0748994073291385 1.1555291265134056
476 1.0748519523076556 1.1554299838457402
475.5 1.0748359248629304 1.1553899490753758
475 1.074825439701256 1.1553684974980207
474.5 1.0746001222917547 1.1548857987556533
474 1.07431431666555 1.1542704235231027
473.5 1.074451050599837 1.1545642720765894
473 1.0744713513116324 1.1546094177135946
472.5 1.0744135237500214 1.1544836340440128
472 1.0743631877177129 1.1543769864979996
471.5 1.0744120228474778 1.1544800744759982
471 1.0744199324070576 1.1544982044552041
470.5 1.074109431900575 1.1538292463330884
470 1.0740764365213868 1.1537587478011566
469.5 1.0738800081419246 1.1533403631810406
469 1.0740032369825891 1.1536032525531772
468.5 1.0739331820831972 1.1534520109700261
468 1.073859888484913 1.1532965237721815
467.5 1.0737796201825456 1.1531253502694565
467 1.073738058562607 1.1530351017740383
466.5 1.0735498980474354 1.1526292826801792
466 1.0736952564816946 1.1529415513571701
465.5 1.0737995288470878 1.153161727894685
465 1.073336413399662 1.1521712959126138
464.5 1.0736500848039094 1.1528446426588568
464 1.073372740280374 1.1522526619928963
463.5 1.0735335346219579 1.1525952297699409
463 1.0733784877256949 1.1522600895329556
462.5 1.073270671148888 1.1520273043893765
462 1.0731522431526646 1.151775735990557
461.5 1.0731368748277588 1.1517437707163918
461 1.0733539578063658 1.1522092440066343
460.5 1.0731098709286897 1.1516829770171082
460 1.0729473102586025 1.1513355297619812
459.5 1.0729312533266615 1.1513015350241798
459 1.0729716300524692 1.1513902292285545
458.5 1.0727833360476593 1.1509824433146374
458 1.0728908382079239 1.1512134874922797
457.5 1.0725415923192523 1.1504679886569409
457 1.07255342531658 1.1504931333385695
456.5 1.0725004838644554 1.1503784927637404
456 1.0724607000807913 1.150291643851133
455.5 1.0725885406307074 1.1505666612923533
455 1.072368550401765 1.1500924654372804
454.5 1.0723775695966369 1.150116088337114
454 1.072293978496632 1.1499322332520021
453.5 1.0722567183910554 1.1498503484466402
453 1.0722947851614508 1.1499392309208183
452.5 1.0724975011534608 1.1503707443428974
452 1.072007862080865 1.1493201320036373
451.5 1.071924718190614 1.1491410662229722
451 1.0722233573837756 1.1497827078179073
450.5 1.0722029707244656 1.1497422830478934
450 1.0718696023363403 1.14902749803018
449.5 1.0716801379235914 1.1486162322206015
449 1.07160927464088 1.1484665603941973
448.5 1.0715901465651139 1.1484253458490978
448 1.0718259897772247 1.148930196220597
447.5 1.0716664767266122 1.1485884233448145
447 1.07182223793706 1.1489250445924521
446.5 1.071596391557826 1.1484360149884751
446 1.071415821096834 1.1480504903365047
445.5 1.0712883053836797 1.1477774691076525
445 1.0717634404906755 1.148796308824453
444.5 1.0712937685426625 1.1477943974712947
444 1.0713070124116455 1.1478186336089695
443.5 1.0710764043709575 1.147322750571572
443 1.0707840475260613 1.1467021452813255
442.5 1.071060501406468 1.1472915131155825
442 1.0709335401291002 1.1470194567781318
441.5 1.070675724326276 1.1464688386751325
441 1.0707632796836428 1.1466554419202863
440.5 1.0704977362977497 1.1460856477455998
440 1.0709051547434532 1.1469586978284856
439.5 1.0702352114672828 1.145523994771811
439 1.0701153447997178 1.1452702670127335
438.5 1.0704471543067011 1.1459751787908465
438 1.0705643846614254 1.1462293764829072
437.5 1.070400992188659 1.145877843685741
437 1.0701967513662989 1.145443383438531
436.5 1.0700844072258469 1.1451989706289938
436 1.0701688684121098 1.1453845501762305
435.5 1.0697782980886452 1.1445463781944976
435 1.0703699927151091 1.1458083830613277
434.5 1.0698782332862358 1.1447607468639078
434 1.0696237516788394 1.1442113597290064
433.5 1.0697405022727942 1.1444637931320818
433 1.0696759257508632 1.1443252442879246
432.5 1.0698896558200433 1.1447840914673235
432 1.0697609996801736 1.1445096443735319
431.5 1.0692772908702215 1.1434735628118908
431 1.0693592381495884 1.143646933333033
430.5 1.0693296044785314 1.14358376526798
430 1.0693887200221908 1.14371188902014
429.5 1.0691644369234032 1.1432337071944472
429 1.0692002920531092 1.1433109373838442
428.5 1.0691322867197046 1.1431629701799852
428 1.0693067108026135 1.1435380684037266
427.5 1.0690069082466696 1.1428942270354474
427 1.0691762981494828 1.143262849628139
426.5 1.069039298235541 1.1429675946426041
426 1.06852170630149 1.1418594824699784
425.5 1.068982568407302 1.1428461849448135
425 1.0688029693640668 1.142457866525378
424.5 1.068490932297527 1.141796255795114
424 1.068559380656982 1.1419412442783963
423.5 1.0683242176918792 1.1414405502899836
423 1.068416540311663 1.141632161803799
422.5 1.068559746896496 1.1419425660413869
422 1.0682187479537328 1.1412080479110247
421.5 1.0680336959497252 1.1408171964158471
421 1.068163334882256 1.141098076723761
420.5 1.0681067568906175 1.1409699591272462
420 1.0681981937329683 1.1411693627749537
419.5 1.067901963004899 1.1405350806064118
419 1.0676497243669736 1.1399985929368248
418.5 1.0679102084841499 1.1405541321278343
418 1.0678031321840096 1.1403230787158176
417.5 1.0675146032909115 1.1397094751954593
417 1.0676430442814624 1.1399809292123528
416.5 1.0679249320357989 1.1405844369556237
416 1.067052054119916 1.138719641647806
415.5 1.0673541481429354 1.1393724151550912
415 1.0676011052579841 1.1398959533909405
414.5 1.0675131375187288 1.1397083312515839
414 1.0670400307991945 1.1386939857017144
413.5 1.067256779823953 1.139160113351495
413 1.0671355838445207 1.1388994523676348
412.5 1.067226514501746 1.1390919198147844
412 1.0665388731352545 1.1376265870526499
411.5 1.0668344541082406 1.1382557896197676
411 1.0668152885265674 1.1382154145210615
410.5 1.0668643304661 1.138321915505293
410 1.0664113763469794 1.1373540856652211
409.5 1.0662792116934696 1.1370717787098954
409 1.0666409376351995 1.1378442092169259
408.5 1.0665301733974584 1.137608358686491
408 1.0664308285799593 1.1373934596997115
407.5 1.06643739368052 1.1374071475827434
407 1.066318151042083 1.137157004667774
406.5 1.0661763137824438 1.1368521841156791
406 1.0662402591350708 1.1369884578591887
405.5 1.066142054467259 1.1367783078338407
405 1.065781493864958 1.136010972844198
404.5 1.0659728036242972 1.1364199362138092
404 1.065596085989483 1.1356191776073663
403.5 1.0655766437804959 1.1355765410305463
403 1.0657911624466965 1.1360327261886474
402.5 1.0656865447082682 1.135809377788949
402 1.065464487617463 1.1353358222645573
401.5 1.0654142265176925 1.1352278921534125
401 1.065393080743733 1.135183784351945
400.5 1.0650421356870488 1.1344407451543193
400 1.065120167898875 1.134606681967245
399.5 1.0651210699987015 1.1346073495150995
399 1.0648869830737788 1.1341057475759493
398.5 1.064670443857018 1.1336406792585623
398 1.0650590780170732 1.1344719978238493
397.5 1.064738708201386 1.133792412331051
397 1.064443161203767 1.1331594017419442
396.5 1.0645683389139562 1.1334260265790714
396 1.0647864977857184 1.133892273171446
395.5 1.0645231142830889 1.1333331266871507
395 1.0644373883168121 1.1331491187619755
394.5 1.064167280320173 1.1325753150732458
394 1.063936504060952 1.1320817577871904
393.5 1.0639291972134977 1.1320684432849268
393 1.064111763093436 1.132453049242048
392.5 1.0639743216448048 1.132162052882992
392 1.063811053768594 1.131818026956101
391.5 1.063841685532619 1.1318825184941756
391 1.0636652251174272 1.1315021218173285
390.5 1.0638641773557826 1.1319281498935134
390 1.0633622478904168 1.1308592878948205
389.5 1.063625091065558 1.1314209050011201
389 1.06320611426306 1.130527826508137
388.5 1.0633066402162434 1.1307412158456518
388 1.0630917865699716 1.1302869262960187
387.5 1.0632183988524646 1.1305536868997945
387 1.0629361102333033 1.1299548550171417
386.5 1.0631247733755418 1.1303544803604446
386 1.063001432398375 1.1300948097502368
385.5 1.0628872282380115 1.1298540404048185
385 1.0631242639708054 1.130354247710236
384.5 1.062751861706182 1.129561652232488
384 1.0625103805037284 1.1290487879254192
383.5 1.0627002981634652 1.1294569284859786
383 1.0622658930217475 1.1285274746227856
382.5 1.0623665629366748 1.1287432922011935
382 1.062283798042417 1.1285661939046534
381.5 1.0623079899321533 1.1286194364144821
381 1.0620240834148538 1.1280148617890478
380.5 1.0619496154039427 1.1278600623660329
380 1.0617972665182585 1.127534907031564
379.5 1.0620173597450326 1.1280067103293436
379 1.0615127228355814 1.126929132015898
378.5 1.061771440418436 1.1274824908273626
378 1.0617809283308455 1.127497824348955
377.5 1.0617667281680643 1.1274708866980327
377 1.0614136461204737 1.1267230726485256
376.5 1.0612816143665986 1.1264404641082264
376 1.0610927056746524 1.1260402653090953
375.5 1.0610853166726795 1.1260257255084443
375 1.0609588799740541 1.1257564120677184
374.5 1.060814540565827 1.1254491441940397
374 1.0606287865212949 1.1250536364587167
373.5 1.0606587074922589 1.125119886130314
373 1.0608435564207654 1.125509249254086
372.5 1.060767944335845 1.1253539150199527
372 1.0605334468833094 1.124853256484783
371.5 1.0603253198648652 1.1244089143789973
371 1.0603310907700576 1.124422431112103
370.5 1.0601413709642675 1.1240241585933672
370 1.060079626949426 1.1238917003452744
369.5 1.060265084217554 1.1242860331467706
369 1.0598348078721742 1.1233720631152142
368.5 1.059912317989878 1.1235337652196582
368 1.059945639101253 1.1236103723638564
367.5 1.0595221651807623 1.1227100091099962
367 1.0596182266773673 1.1229153747603318
366.5 1.0593883486409685 1.122427076993605
366 1.0591508203930484 1.1219246121393174
365.5 1.0595846136567324 1.1228449368122944
365 1.059164320326961 1.1219494220642654
364.5 1.0587000149404915 1.1209653733291076
364 1.0588854549752784 1.12136046273623
363.5 1.0588096782482221 1.1212005627210166
363 1.0587603147274796 1.1210968346457453
362.5 1.058928582248874 1.1214517884252668
362 1.0586057994177982 1.1207704886507155
361.5 1.058540463929709 1.120632038028907
361 1.0584313674897756 1.1204009302168028
360.5 1.0585406191315314 1.1206319099857935
360 1.058375884575212 1.1202828797098618
359.5 1.0583325662126646 1.1201888396477713
359 1.0583216365091956 1.120165761548798
358.5 1.0578397184841548 1.119150661043469
358 1.0583303254971332 1.1201876683805365
357.5 1.057737463390889 1.118933767775563
357 1.0577674971212452 1.1189968876269185
356.5 1.0577862634100117 1.1190333920226136
356 1.0575511060759428 1.11853920971898
355.5 1.0573887265881199 1.1181951844616407
355 1.0574319558939456 1.1182834102968293
354.5 1.057159131776446 1.1177109118167061
354 1.0571469076983417 1.1176816106897398
353.5 1.0569013069894748 1.1171617769562017
353 1.0568993958317807 1.1171581767344752
352.5 1.057153628273259 1.1176942950300583
352 1.056950096173472 1.1172674056401541
351.5 1.0567600746341246 1.1168632348426422
351 1.0566243736369585 1.116577034295982
350.5 1.0563172486391608 1.1159299230971944
350 1.0562767249659242 1.1158448625491735
349.5 1.0564004269957286 1.1161065682830602
349 1.0563697987533265 1.116041341689161
348.5 1.0560291475438073 1.1153205870640341
348 1.05600701436102 1.1152740781832473
347.5 1.056014221068323 1.115289809527655
347 1.0557313442144785 1.1146926923705223
346.5 1.0554828882127316 1.1141702318125732
346 1.0554343927096406 1.114067863415529
345.5 1.055416448406066 1.1140285526709421
345 1.0552541563073126 1.1136876760481944
344.5 1.0553768733958084 1.1139456404402104
344 1.055225359373061 1.1136225984231747
343.5 1.0549198452190014 1.1129781576553341
343 1.0549205722326827 1.1129776205838002
342.5 1.0546437330805403 1.11240005428454
342 1.0549402384419404 1.113023710433381
341.5 1.0546270398587405 1.11236311219529
341 1.0544583038513642 1.1120056347073328
340.5 1.0544358742557423 1.1119587837486398
340 1.0540761527508342 1.1112014596139876
339.5 1.0545240000403913 1.1121462947486516
339 1.0539734651972035 1.1109841251391328
338.5 1.0541534356467057 1.1113623739002099
338 1.0537914113179245 1.1106029513464213
337.5 1.0535887378802047 1.1101734572023867
337 1.053575619138954 1.1101466559730842
336.5 1.0536232098681308 1.1102434565974575
336 1.053231366537394 1.1094219487459234
335.5 1.0532476118081837 1.1094535346830063
335 1.0532346827626136 1.1094321003424843
334.5 1.0532175713144858 1.109394138690268
334 1.052763402907861 1.1084360842167746
333.5 1.053026775128107 1.1089878971211662
333 1.0527261476752476 1.1083572010496558
332.5 1.052493120024587 1.1078609409000821
332 1.0525003924681533 1.1078789719944497
331.5 1.0525001523952033 1.1078826938279214
331 1.052497488199177 1.107873006485567
330.5 1.0521448811805911 1.1071343035913317
330 1.0519873275104124 1.1068035716564921
329.5 1.0522414389138661 1.1073358071141952
329 1.051803205457127 1.1064137810639456
328.5 1.0516678028617894 1.1061299571097978
328 1.0517362648726292 1.1062729567405996
327.5 1.0515203072139463 1.1058189298052858
327 1.051330867851807 1.105423082496067
326.5 1.051075554737337 1.1048840862360692
326 1.051055557135159 1.104840533768147
325.5 1.0509398376273618 1.1046004091367079
325 1.0506908964554675 1.1040784225559186
324.5 1.0506807683329882 1.1040516543102463
324 1.050422169054902 1.103512151607935
323.5 1.050616091444297 1.1039221245423432
323 1.0503514421148312 1.103361392274666
322.5 1.0503067222121862 1.1032695283643295
322 1.050170750979175 1.1029840954497894
321.5 1.050085970210744 1.102806891932997
321 1.0495742467504172 1.101731185000982
320.5 1.0497312564399286 1.1020585769885205
320 1.0495690867034189 1.1017226012230248
319.5 1.04959133233916 1.1017657098585414
319 1.0493390599875447 1.101236425961692
318.5 1.0492331370183747 1.1010139976001778
318 1.0490331476232975 1.1005955902640765
317.5 1.0490745584157426 1.100683384942245
317 1.0489039509764875 1.1003234068553451
316.5 1.048903909696987 1.1003283604587384
316 1.0487203681474533 1.0999380877465856
315.5 1.048675891194692 1.0998444376683894
315 1.048455932514001 1.0993834522285912
314.5 1.0481120309268548 1.0986595888962556
314 1.0481261735976422 1.0986897511744982
313.5 1.0480949961818813 1.0986313585754752
313 1.0481751350777193 1.0987933256742097
312.5 1.0479607942684719 1.0983484822427576
312 1.0475961661359656 1.0975824861414467
311.5 1.047725700973649 1.0978573807672296
311 1.0472652943064886 1.096891140433326
310.5 1.0474757538518036 1.0973302450717977
310 1.0472449763097822 1.0968467792063303
309.5 1.0471578409344249 1.0966662588988323
309 1.0468350031695028 1.095990223797685
308.5 1.0467175457650377 1.0957414966923862
308 1.0466885127517014 1.0956849425493174
307.5 1.0467178308037433 1.0957430086152167
307 1.0466195816705557 1.095533708945676
306.5 1.0463745670017943 1.0950258116429896
306 1.0462116253056106 1.0946841069734452
305.5 1.0460431458075545 1.0943319087706667
305 1.0460321973827686 1.0943107818662132
304.5 1.0453859974227224 1.0929595548144235
304 1.045498189362505 1.0931903425423837
303.5 1.0455710221511958 1.0933466538514263
303 1.0452450014070673 1.09266386293777
302.5 1.0451487970403597 1.0924599654080867
302 1.0450390213530976 1.0922356952305352
301.5 1.0450852926222418 1.0923295616686488
301 1.0448147130970744 1.0917631095963722
300.5 1.0444598391178548 1.0910212575469336
300 1.0444487456265839 1.0909991723167058
299.5 1.0442502069823485 1.0905880593895592
299 1.0442228548595056 1.0905245054633381
298.5 1.0441179560359137 1.0903095310465012
298 1.0439227147923067 1.089901709199742
297.5 1.04396987474235 1.0900020404750774
297 1.0434929708308684 1.0890044865550186
296.5 1.043431640711255 1.0888769741001563
296 1.0433256259619852 1.0886552702686447
295.5 1.0430967350328009 1.0881767574512724
295 1.0426622535845356 1.0872665120964426
294.5 1.0428721545177557 1.0877100278476866
294 1.0428011215235968 1.0875601022667039
293.5 1.0425362661652737 1.0870085787399908
293 1.0422521499851773 1.0864174177142616
292.5 1.042071923111166 1.0860387093457857
292 1.042135259440398 1.0861752385549948
291.5 1.0417768164710814 1.0854273967640198
291 1.0418775768881694 1.0856346192636763
290.5 1.0414227984695095 1.0846885884287396
290 1.0416398274469054 1.0851406161184947
289.5 1.041715997155313 1.085297738365962
289 1.041287710905939 1.0844056254637815
288.5 1.0409892010483395 1.0837857895438119
288 1.041192492708268 1.084209723308058
287.5 1.0412607298551613 1.0843519621640765
287 1.040545659127051 1.082860974723203
286.5 1.040519185301494 1.0828049414804424
286 1.0403059023680552 1.0823653690609834
285.5 1.0402343753286514 1.082215288401457
285 1.0398762767453638 1.0814689831506936
284.5 1.0396122529720093 1.0809206810743743
284 1.039416789692423 1.080514272828434
283.5 1.039688222742346 1.0810805963784604
283 1.0394891285898002 1.0806654041728407
282.5 1.0394803192561204 1.0806455951490952
282 1.0394813586292633 1.0806495074640645
281.5 1.0388436459990393 1.0793218208456337
281 1.038785681141138 1.079203422780561
280.5 1.0385895063570343 1.0787975069240359
280 1.0386153223269385 1.0788486792629
279.5 1.0384911010225093 1.0785890651630807
279 1.0377960346992539 1.077147273414079
278.5 1.0380813641905506 1.0777400617088957
278 1.0380336608178593 1.0776401513407856
277.5 1.0375824236771651 1.0767008858828087
277 1.0372749730250732 1.0760662392872145
276.5 1.0370640338562251 1.0756294892131768
276 1.0372834560011661 1.0760889744761941
275.5 1.0368940965132514 1.0752739827996025
275 1.0366984919922457 1.0748732171811124
274.5 1.0364388537545468 1.0743327293098084
274 1.0366542195310058 1.0747788169129788
273.5 1.0365451452935928 1.0745548786084709
273 1.0360952295322128 1.0736206120017209
272.5 1.0357474980265704 1.0728985444273809
272 1.0355616236693357 1.0725148783593685
271.5 1.0355036222582341 1.0723983219211375
271 1.0351327793267657 1.07162547512556
270.5 1.0349121592206842 1.071171510031941
270 1.0351501194883534 1.071663415994166
269.5 1.0349335988740642 1.071215719785479
269 1.0346682984592916 1.0706691535520887
268.5 1.0346634913087889 1.0706566482957387
268 1.0343869079184949 1.07008586818068
267.5 1.0340324169948891 1.069352527690004
267 1.034076091495837 1.0694404624796716
266.5 1.033802112195019 1.0688748804572579
266 1.033497734480803 1.0682478485942255
265.5 1.0333655362830072 1.0679753899213835
265 1.0335681992529135 1.068393536416101
264.5 1.0332247808054933 1.067682607694954
264 1.0329319024449417 1.06707476085319
263.5 1.033049065595126 1.06731585152992
263 1.0323786382747862 1.0659378093091991
262.5 1.0322152201394734 1.06559763753979
262 1.0322401358299587 1.0656456629446578
261.5 1.031996475728314 1.0651476727731664
261 1.0317094923275363 1.0645521680005037
260.5 1.0316983911022457 1.0645280379399
260 1.0313546696957892 1.0638228898907154
259.5 1.0312171972599995 1.0635357059857646
259 1.0310260396888469 1.063143635720684
258.5 1.0310854576393629 1.0632671280463384
258 1.0306847312528729 1.0624375388293938
257.5 1.03050966724935 1.062083351645984
257 1.0300978654157722 1.0612313155834106
256.5 1.0300893798104402 1.0612126033628029
256 1.0302747049306877 1.0615934818288797
255.5 1.0298040414874996 1.0606249106051244
255 1.0295108114666762 1.0600227135680034
254.5 1.0291377962361705 1.0592482954500626
254 1.0293852695732513 1.0597601663598535
253.5 1.0291968175982407 1.059378259807979
253 1.0285650387844074 1.0580720999651116
252.5 1.0284733155191037 1.0578850777477247
252 1.0284512412125484 1.0578413233630009
251.5 1.0282547035788996 1.0574363193261693
251 1.0277805592871812 1.056459680381937
250.5 1.0276147520991425 1.0561196818692788
250 1.0276151418458128 1.0561202950652366
249.5 1.0271604648503347 1.0551885925530389
249 1.0270709727809737 1.0550067105210712
248.5 1.0269635905165357 1.054785329238377
248 1.0263190635835582 1.0534589187502588
247.5 1.0264755035556181 1.0537808728954479
247 1.0264685762514023 1.0537665110210372
246.5 1.025963764074161 1.0527287774354916
246 1.0256247768445654 1.0520371350109545
245.5 1.02547139821752 1.0517180132354038
245 1.0254919788545096 1.051758282616117
244.5 1.0248573944502142 1.0504573482319461
244 1.0246366337332025 1.050006218416956
243.5 1.0246685126619317 1.05007986593237
243 1.0245328122183284 1.0497984622213035
242.5 1.0243658066185781 1.0494545288488988
242 1.0238664824647736 1.0484318526695613
241.5 1.023536354706866 1.047757837183603
241 1.0237390586418005 1.0481685596728811
240.5 1.0234118263230423 1.047502840063004
240 1.0232768464426905 1.0472265612124725
239.5 1.022580544616871 1.0457998155996497
239 1.0224881656388423 1.0456114695878822
238.5 1.022695664653295 1.0460363325814084
238 1.0219092891963761 1.04442834918979
237.5 1.0221571883329665 1.0449345636385559
237 1.0217228302008603 1.0440462706511948
236.5 1.0214112795022612 1.0434095991838543
236 1.0213762007098701 1.0433386180759752
235.5 1.0213467651151418 1.0432793605618664
235 1.0208720131396862 1.0423121845033099
234.5 1.020849177109985 1.0422594423289477
234 1.0201902959922649 1.040918855298118
233.5 1.0199837294671206 1.0404965467274827
233 1.019801492991162 1.0401259094777702
232.5 1.0194832668132696 1.039477047468235
232 1.0194321561700286 1.0393734527648097
231.5 1.019403739219159 1.039315663090829
231 1.0184104223481756 1.0372948239937128
230.5 1.0186549774190423 1.037788811924119
230 1.0184106057484592 1.0372889880419656
229.5 1.0183974432671081 1.0372612094886764
229 1.0181173506608348 1.0366929203181778
228.5 1.0174251726142727 1.0352793042865278
228 1.0176381403308112 1.0357189400701414
227.5 1.0170419956151922 1.0345080153059645
227 1.0172571219015507 1.0349424093945203
226.5 1.0164220921613685 1.033246814790613
226 1.0163427352546994 1.0330822586472468
225.5 1.0161495602740684 1.0326905744191295
225 1.0159321002804618 1.0322461195782417
224.5 1.0155669552891196 1.0315099452765109
224 1.0153857432296056 1.0311426180365104
223.5 1.0150349429919827 1.0304282399741713
223 1.0148202968883597 1.029989890313033
222.5 1.014791807480505 1.029934013298687
222 1.0141944171639619 1.028724300186823
221.5 1.013811811150147 1.0279457632495284
221 1.0135774769044792 1.0274696577046927
220.5 1.0135869316038784 1.0274877004251637
220 1.0130177871679504 1.0263339724317606
219.5 1.0130682579732246 1.026435171381129
219 1.012645049942202 1.025581731631739
218.5 1.012425181630708 1.0251374397513267
218 1.012075230755723 1.024426866551741
217.5 1.0118116531065664 1.023897200290551
217 1.0118150493563856 1.0239021073893408
216.5 1.011282211838151 1.0228214033798975
216 1.0108703729360125 1.0219896238523514
215.5 1.0106346115601421 1.0215176204028409
215 1.0105141115836118 1.0212677889286828
214.5 1.0101980185312656 1.020632788284093
214 1.0097413203014296 1.0197128875115584
213.5 1.0095829030516774 1.0193867053264385
213 1.0091685177781704 1.0185534465867974
212.5 1.008904935248371 1.018019551798292
212 1.0084077512614618 1.0170196750402338
211.5 1.0084027221441656 1.01701248332236
211 1.0078350795312727 1.0158662916560528
210.5 1.0079542676078277 1.0161089196388593
210 1.0074548950056528 1.015094915842827
209.5 1.007422900199294 1.015037149714837
209 1.0071362878038166 1.0144516256209883
208.5 1.0065572413308215 1.0132859150588671
208 1.0061778374568249 1.0125274177916919
207.5 1.005773058085479 1.0117101495460106
207 1.0059692368119437 1.01211175804074
206.5 1.005126180475868 1.0104127780497016
206 1.0052111273538118 1.010579518731759
205.5 1.0046613028895706 1.0094812820843366
205 1.004402879790758 1.0089547830108638
204.5 1.004092513253595 1.0083329201697067
204 1.0037820434452296 1.0077094741422845
203.5 1.0037107799505844 1.0075763772708473
203 1.002881585610767 1.0059086236688968
202.5 1.0034316009649686 1.0070078911278277
202 1.0024658376441509 1.0050695654034376
201.5 1.0023892100612324 1.0049162680029493
201 1.0019068188606006 1.0039501759056657
200.5 1.0015773583999248 1.0032923804046472
200 1.000726034188553 1.0015877430806726
199.5 1.0009547724302685 1.0020444574386638
199 1.000417489265305 1.0009730354211916
198.5 1.0003987391840155 1.0009329796903872
198 0.9998623700480935 0.9998611861414026
197.5 0.999634017510506 0.9993983851517161
197 0.9990515638040905 0.9982369821922784
196.5 0.9988949840095671 0.997921457391699
196 0.9988516875264183 0.9978440396002082
195.5 0.9974414710663586 0.9950244018355848
195 0.997760745863669 0.9956642503152469
194.5 0.9978260469611726 0.9957894751720463
194 0.9965600757724717 0.9932636227785026
193.5 0.9966447783223691 0.9934352668431836
193 0.9959195780416018 0.9919887302220218
192.5 0.9956824551719718 0.9915156961755082
192 0.9957843335009705 0.9917195523002842
191.5 0.9953741827465028 0.9908989851494472
191 0.9944373736143141 0.9890394150138578
190.5 0.9945564589785624 0.9892759820903433
190 0.9940428941008111 0.9882600929478219
189.5 0.9937421016740998 0.987658785886957
189 0.9932702805597787 0.9867200685311716
188.5 0.9931299905644215 0.9864415963014055
188 0.9923135866703269 0.9848185832878511
187.5 0.9921711497730563 0.9845358691981518
187 0.9920378299160834 0.9842763802680916
186.5 0.9917769782589411 0.9837611418982266
186 0.990904529204272 0.982028583609201
185.5 0.9910916058438677 0.9823974467938771
185 0.9907487944312777 0.9817182292121125
184.5 0.9900462251854242 0.9803254854593547
184 0.9897718438054905 0.9797864066586638
183.5 0.9892247992980606 0.97869840711439
183 0.9885079099795581 0.9772856619350584
182.5 0.9882837366074481 0.9768367445039009
182 0.987932947834721 0.9761477499067573
181.5 0.9880556866187657 0.9763882562075175
181 0.9866275917883479 0.9735675853464552
180.5 0.9865919072127326 0.9734957675581958
180 0.9860618814447669 0.9724550818796622
179.5 0.9858468566645198 0.9720302026315443
179 0.9853722004270337 0.9710912486079805
178.5 0.9850882697034804 0.9705337400019401
178 0.9845005026785046 0.9693804765184798
177.5 0.9841774734648658 0.9687402443573007
177 0.9836622989585383 0.967728363331929
176.5 0.9831299037264142 0.9666844750673846
176 0.9823153776484745 0.9650812548562053
175.5 0.9823020938100886 0.9650529796537026
175 0.9816151031066767 0.9637041856117268
174.5 0.9818285530991209 0.9641197416581564
174 0.9809540059409652 0.9624043737770662
173.5 0.9803834355411079 0.9612900750701008
173 0.9798614215070744 0.9602638395553347
172.5 0.9799508829940534 0.9604385771497883
172 0.9789398742330284 0.9584613638640266
171.5 0.978636383895453 0.9578664369829984
171 0.978749275780565 0.9580852016034247
170.5 0.9780539360381317 0.9567252108600222
170 0.9770425398476171 0.9547448630346949
169.5 0.9769109981496783 0.9544919564249972
169 0.9762095766797034 0.9531202188826339
168.5 0.9760885397931608 0.9528796650409201
168 0.9759536182033904 0.9526196884903015
167.5 0.9749545642783078 0.9506742777045268
167 0.9742748754781004 0.9493503723300133
166.5 0.9739896041326114 0.9487939883550394
166 0.9734751624746848 0.9477873123645291
165.5 0.9726854466714864 0.9462537346311142
165 0.9726015724580581 0.9460912735930492
164.5 0.9721735970388405 0.9452631824000232
164 0.971229514357996 0.9434228436704819
163.5 0.9709887760724841 0.9429588896586724
163 0.9707889381135025 0.9425740919698752
162.5 0.9695114251680699 0.9400890764296362
162 0.9692337867405029 0.9395504428228283
161.5 0.9688663312688833 0.9388439940409568
161 0.9687180908963898 0.938555437185769
160.5 0.9676875066109498 0.9365552515712695
160 0.9672256925496914 0.9356677557721504
159.5 0.9667414098328752 0.9347262611736483
159 0.9658561222887275 0.9330148725617009
158.5 0.9660451912449507 0.9333855475341555
158 0.9650644665054107 0.9314818856400752
157.5 0.9640118025087498 0.9294613857732159
157 0.964223273609207 0.9298652041179697
156.5 0.963109909430136 0.9277224358487359
156 0.9627623706919666 0.9270486332021546
155.5 0.9623366992517243 0.9262316169689231
155 0.9617896366280996 0.9251804602140008
154.5 0.9613694910979632 0.9243692752042844
154 0.9604150280424669 0.9225352092062425
153.5 0.9601246561548007 0.921978185880055
153 0.9597138856910107 0.9211874034567361
152.5 0.9590676191084836 0.919948098747412
152 0.9579890327138659 0.9178803474940519
151.5 0.957637931223529 0.9172035824139595
151 0.9570686066171382 0.9161220395649964
150.5 0.9566009696936301 0.9152252638275293
150 0.9563119261348115 0.9146676235054703
149.5 0.9549814685749829 0.9121258149108185
149 0.9545994909507584 0.9113996783491554
148.5 0.9539506130434765 0.9101606012250306
148 0.9529662978141704 0.9082828602424019
147.5 0.9522372664857449 0.9068886518355003
147 0.951958278569178 0.9063608071640431
146.5 0.9518365953337341 0.9061322071016188
146 0.9503189619890644 0.9032427553885638
145.5 0.9496300672604003 0.901935740427235
145 0.9495104668636543 0.9017118016787492
144.5 0.9485134266792004 0.8998161040202106
144 0.9481378547502884 0.8991024630242122
143.5 0.9474883058265442 0.8978670550254275
143 0.9470542034474186 0.8970519498162527
142.5 0.9458926934891864 0.894854406532002
142 0.9451541084561035 0.8934536739325594
141.5 0.9440613549103835 0.8913912844440387
141 0.9442342052326294 0.8917119954980935
140.5 0.9434853872053015 0.8903003596822188
140 0.943115363755758 0.8896045691739659
139.5 0.9419178936295326 0.8873480162239249
139 0.9407796752501435 0.8852070695197134
138.5 0.940527428494947 0.8847265971782304
138 0.9396990145942951 0.8831780499145403
137.5 0.9388174839073568 0.8815162222206246
137 0.9377352810616876 0.8794922416566824
136.5 0.9370515798043099 0.878207491373676
136 0.9370175375227607 0.8781339096486673
135.5 0.9362324726249096 0.8766665918402078
135 0.9347399386219964 0.8738759801740177
134.5 0.934231203402059 0.8729247575465492
134 0.9328511781192372 0.8703475252904728
133.5 0.9326707417912697 0.8700127899101575
133 0.9318207655163968 0.868433193446522
132.5 0.9305005368392707 0.8659699517021334
132 0.9309064014053677 0.8667242997234957
131.5 0.9288775236446688 0.8629517582693607
131 0.9288125306367702 0.8628319056689103
130.5 0.9277777600178353 0.8609122626526705
130 0.9275920829753497 0.8605650584665389
129.5 0.9266145356286041 0.8587550041659987
129 0.9259014022637957 0.857433311693457
128.5 0.9247598423619084 0.8553162166404806
128 0.9238166327383213 0.8535804444065248
127.5 0.9230204413064301 0.8521060899660488
127 0.921711145029631 0.8496928048842479
126.5 0.9210269975274193 0.8484321184184145
126 0.9207878094962146 0.8479992236622543
125.5 0.9190694922489994 0.8448288616841806
125 0.918801804329194 0.8443369546511754
124.5 0.917739998874289 0.8423876273016782
124 0.9169330153259179 0.8409012545515966
123.5 0.9163800822598834 0.8398894844471729
123 0.9149152049282598 0.8372087553818047
122.5 0.9142369355669171 0.8359737589540506
122 0.9133534394211231 0.8343587784084425
121.5 0.912271740447848 0.832381570819593
121 0.9107962021306811 0.8296945889433873
120.5 0.9096414407214737 0.8275919747289919
120 0.9098832139489977 0.8280248933037019
119.5 0.9085757332862103 0.8256545819624438
119 0.9069472526351766 0.8226873035279202
118.5 0.9064617694925428 0.8218090898788214
118 0.9054087203298906 0.8199033914501122
117.5 0.9042842708645913 0.8178705986837308
117 0.9033183359476555 0.8161241370523687
116.5 0.901849638459842 0.8134740760055688
116 0.9007579905498019 0.8115003474924628
115.5 0.899971547003828 0.8100864202441439
115 0.8988431126267186 0.8080555048974815
114.5 0.898321915009965 0.8071233695318524
114 0.8967556393064962 0.8043080075384903
113.5 0.8953808966438512 0.8018490149935639
113 0.8945423515093263 0.8003443018994386
112.5 0.8936214245190004 0.7986992128977475
112 0.8924734459545827 0.7966423231959099
111.5 0.8915823590798989 0.7950547246020682
111 0.8910835338653663 0.7941731422378602
110.5 0.8889638330217714 0.7903968327282823
110 0.887050391807964 0.7869922428509613
109.5 0.8865038270301355 0.7860290031625164
109 0.8856085226231979 0.7844411385882897
108.5 0.8845502776885957 0.7825704678307669
108 0.883598625088686 0.7808781050801364
107.5 0.8819909815579315 0.7780466909883259
107 0.8809211720390313 0.7761677044578458
106.5 0.8798842715306309 0.7743375196352702
106 0.8783645212065407 0.7716583054493305
105.5 0.8766644611786861 0.7686776546383811
105 0.8756969433453162 0.76698267588388
104.5 0.8741815807075404 0.764337117706214
104 0.8727511624436429 0.76182746621097
103.5 0.8721416376948227 0.7607713903335718
103 0.8711620486048804 0.7590629363911753
102.5 0.869454753107429 0.7560902915760125
102 0.8684214632738332 0.7542911805518131
101.5 0.8672944186238394 0.752342030008796
101 0.8648398172117371 0.7480888217179446
100.5 0.8648114662835307 0.7480314422248184
100 0.8628176709781502 0.7445944315320292
99.5 0.8614716799432669 0.7422677058128033
99 0.8603484179911494 0.7403380351466494
98.5 0.8592820758425636 0.7385113323975745
98 0.8571301458685724 0.7348079436133309
97.5 0.8561494150878761 0.7331320168470503
97 0.8542037437827822 0.7297993558774485
96.5 0.852646806772161 0.727137184421536
96 0.8514251918471302 0.7250587856066624
95.5 0.8503555096645228 0.7232357789122558
95 0.8484839072382039 0.7200591441250969
94.5 0.8470602576002227 0.7176480330267337
94 0.846720045768706 0.7170738024206572
93.5 0.8434652299306453 0.711562632030384
93 0.8426718117437021 0.7102350293982764
92.5 0.8406399974857262 0.7068114460225565
92 0.8404065930452603 0.7064174403790978
91.5 0.8371491669211073 0.700957010597923
91 0.8359588484087634 0.6989652383553903
90.5 0.8342692420611837 0.6961380403449473
90 0.833014959066581 0.6940477276585024
89.5 0.8321727854094381 0.6926364902793066
89 0.8297672704469188 0.6886494600505466
88.5 0.8287962924431121 0.6870391180906444
88 0.8260679633235946 0.6825286191097445
87.5 0.8243691350186394 0.6797217607781967
87 0.8237759449326392 0.6787266832072226
86.5 0.8208188251655011 0.6738799355810934
86 0.8194158390320219 0.67157163490001
85.5 0.8171463928437217 0.6678612810898923
85 0.8156801738844213 0.6654769156742948
84.5 0.8144754954754434 0.663502143477673
84 0.812564955474407 0.6603801971887522
83.5 0.81041189318691 0.656900443470009
83 0.8075747744344003 0.652303258147501
82.5 0.8063745468005894 0.6503776804403666
82 0.8059190307104505 0.649627735990025
81.5 0.8026360261193103 0.6443576840841932
81 0.8010730557249378 0.641849408297683
80.5 0.7983309844796859 0.6374530029624957
80 0.7973165907716889 0.6358364664134506
79.5 0.7958814303087912 0.6335620799902529
79 0.7931412612842306 0.6291997524235732
78.5 0.7908551030590657 0.6255735890395008
78 0.7902280824426031 0.6245851755307086
77.5 0.7871841142598109 0.6197789484644749
77 0.7848216806192818 0.6160691127914188
76.5 0.7831185516539675 0.6133968293317986
76 0.7804633111288454 0.6092454576447208
75.5 0.7784495613417527 0.6061067610623988
75 0.7768485715187312 0.6036086086918624
74.5 0.7747302743432097 0.600325652752568
74 0.7720587238376595 0.5961910964001601
73.5 0.7698679668343648 0.5928155735049342
73 0.7673315160938788 0.5889010474401338
72.5 0.7655253003138598 0.5861412622873077
72 0.7629436194357837 0.5821846733270957
71.5 0.760000753175899 0.5777158766555235
71 0.7591266690620996 0.5763809671864623
70.5 0.7566417655403654 0.5726193255367953
70 0.7538269114599688 0.5683668333794182
69.5 0.751514050334132 0.5648821844440367
69 0.7488750050288026 0.560917402913616
68.5 0.7476580288937265 0.5591091577477638
68 0.7444705115415785 0.554344507407626
67.5 0.7428898992452334 0.551997314838159
67 0.7397489594146761 0.5473431531753064
66.5 0.7388497756935072 0.5460064508187296
66 0.7352204882743482 0.5406513822421631
65.5 0.7319597395239618 0.5358591967247365
65 0.7315671055425661 0.5353025213915006
64.5 0.7277781412981096 0.5297654368827539
64 0.7247957923845237 0.525427804311011
63.5 0.7210836383085856 0.5200718847399635
63 0.7208041113969118 0.5196536787107379
62.5 0.7164899069169771 0.5134665657634664
62 0.7152298921824316 0.5116616867869441
61.5 0.7129703849762278 0.5084231869610977
61 0.7098466798761482 0.5039639331083572
60.5 0.7074122904539895 0.5005285871753671
60 0.7054961186458498 0.49782351152391124
59.5 0.7028434911163957 0.49407947189683954
59 0.699649252628772 0.489600201610279
58.5 0.6965952647652875 0.48534766821292813
58 0.6939158457690109 0.4815955314820551
57.5 0.6906370347490846 0.477067381217409
57 0.689047017899845 0.47488011458251367
56.5 0.6852117956074169 0.4695913345264487
56 0.6838620565845717 0.4677444510974314
55.5 0.679421289415453 0.46168996355909664
55 0.6781146248283962 0.4599245659941665
54.5 0.6724719909448711 0.4523084789067562
54 0.6722166987422743 0.4519500935285397
53.5 0.6700715324986217 0.449079460152967
53 0.6662930425357564 0.4440182854449918
52.5 0.6632324096893651 0.4399467985473628
52 0.6622385607642104 0.4386343831463022
51.5 0.6591122570451186 0.4345063174422471
51 0.6543889452416385 0.428300299684473
50.5 0.6517349885600587 0.4248309969530493
50 0.6516516687323575 0.42471136180563585
49.5 0.646405917354362 0.4179130367793078
49 0.6417820642655844 0.41195749019648087
48.5 0.6419456991045105 0.4121486894478594
48 0.6390826846349098 0.40848544235144196
47.5 0.6364519884061917 0.4051332566331072
47 0.6331191203974715 0.40089392880547225
46.5 0.6316091460122931 0.3989881452313308
46 0.6268598522663335 0.39301190891768495
45.5 0.6247977857788366 0.39042648176475353
45 0.622079998950674 0.3870388613010881
44.5 0.6204949005942506 0.3850756868957782
44 0.6161002857006105 0.379628713156725
43.5 0.6131674750922005 0.37602952134109047
43 0.6097481984785138 0.37184018460708945
42.5 0.6073434925149356 0.36891444956277447
42 0.6064833565798302 0.36787281127515814
41.5 0.6018542922624359 0.36227384090889553
41 0.5987141969701609 0.35850337849854436
40.5 0.5970381310994216 0.35649827577835147
40 0.5931082240434824 0.35181517645394766
39.5 0.5930801757603131 0.3517998392834427
39 0.5880725329393981 0.3458704891126233
38.5 0.5852152164455484 0.3425121699735382
38 0.5828492446252982 0.33975267627183875
37.5 0.5794396523125102 0.33578012584426553
37 0.5781656665648488 0.33430579103062014
36.5 0.5746991972712596 0.3303117151960262
36 0.5738847401497363 0.3293691762321029
35.5 0.5703429155677311 0.3253213697478279
35 0.5690469969511491 0.3238371196087759
34.5 0.566317016771447 0.320742892647381
34 0.5630361698626154 0.3170379520449915
33.5 0.5596037763478721 0.31317559691240493
33 0.5576103777214831 0.3109546006081676
32.5 0.5529293245915217 0.30575537311375167
32 0.5529239043160994 0.30574522935011667
31.5 0.5500141991653708 0.30253773105138637
31 0.5494514109731171 0.3019114638890714
30.5 0.5437347436830049 0.2956649931107183
30 0.543952745416283 0.29590999752220276
29.5 0.5424991380295568 0.2943172192479444
29 0.5401091658397084 0.29173612478060446
28.5 0.5380616356958555 0.2895291078671338
28 0.5342928851907428 0.2854819806396583
27.5 0.5329347314232591 0.2840307377344675
27 0.5328433471368293 0.28393866962065784
26.5 0.5296653013282924 0.2805573334674343
26 0.5275826547978508 0.27835129295748984
25.5 0.5267227249008317 0.2774450181945253
25 0.5249178682169501 0.27554719844148556
24.5 0.5214173642773628 0.2718889379041554
24 0.5198729136863811 0.27027784119850107
23.5 0.521708708319727 0.27218954646147037
23 0.5177472839281747 0.2680698713440047
22.5 0.5171544704469382 0.2674577863487354
22 0.5150096850524865 0.26523899980470417
21.5 0.5133635789134992 0.2635530141460251
21 0.5119660126270331 0.26211562044253256
20.5 0.51228567947335 0.2624408512643483
20 0.5093226848537348 0.2594130756124878
19.5 0.5080438400005942 0.2581132881192147
19 0.5048704080700747 0.2548966873172239
18.5 0.5049118497706382 0.25493865265819615
18 0.5041503141141329 0.2541693874103002
17.5 0.5023018031893686 0.25230867046046374
17 0.5035460700357629 0.25356064150495283
16.5 0.5027031986788234 0.2527116617537978
16 0.50228309975653 0.25228946563341775
15.5 0.5001600696632185 0.2501617755575166
15 0.5001678132186993 0.25016855194699167
14.5 0.4984997423880834 0.2485039807454643
14 0.4984203221891599 0.24842350191401966
13.5 0.4980958203821327 0.24810008886828439
13 0.49779037427454353 0.24779554083544633
12.5 0.4975884764822266 0.24759447664606937
12 0.4971238523599035 0.24713240523823368
11.5 0.4961413252537699 0.2461565023220919
11 0.4946600878900639 0.24468875059088793
10.5 0.4947594186412255 0.24478695019430383
10 0.4945371264908383 0.24456719089492943
9.5 0.4943878418728261 0.24441950188256278
9 0.4941622537880718 0.24419641581044763
8.5 0.49393106970639117 0.24396794451211065
8 0.49363553567865676 0.243676065545071
7.5 0.4936222184969539 0.24366291924594718
7 0.49359088750369856 0.24363198297260544
6.5 0.49359873423520884 0.24363972416186927
6 0.49344678269868414 0.24348973980059474
5.5 0.49337009131134574 0.2434140536749296
5 0.4933582025652661 0.2434023236499113
4.5 0.4933009089374998 0.24334578979256324
4 0.4932947999899984 0.2433397626406217
3.5 0.49327239062393863 0.24331765282002613
3 0.493277235569235 0.24332243199761824
2.5 0.4932632037851645 0.24330858857429094
2 0.4932510605584775 0.24329660889170246
1.5 0.4932468539117394 0.24329245902191554
1 0.49324907540090523 0.2432946504398439
0.5 0.4932435066912796 0.24328915689413894
