1000 0.9354947300387517 0.875266526159527
999.5 0.9356517174467825 0.8755597073710029
999 0.9356719132171366 0.875594755665095
998.5 0.9355298091603906 0.8753313056928734
998 0.9354746895296071 0.8752290096388715
997.5 0.9353754855115376 0.8750420335204595
997 0.9356505101610582 0.8755572163171128
996.5 0.9355053095500315 0.8752880181939123
996 0.9353793013843277 0.8750493297661306
995.5 0.9355780840477393 0.8754211683699633
995 0.9354928706508374 0.8752615811070185
994.5 0.9356789456610624 0.8756106733968249
994 0.9356559934257185 0.8755670216015895
993.5 0.9355543164713414 0.8753799943057017
993 0.9352288921495199 0.8747645918761937
992.5 0.9354496637738892 0.8751808204456824
992 0.9353601674597123 0.8750139372963036
991.5 0.9355183620504172 0.8753102926099867
991 0.9355771355937803 0.8754164929450471
990.5 0.9354386001501753 0.8751600123481661
990 0.935423770258284 0.8751319160397443
989.5 0.9354217869170777 0.8751278401164986
989 0.9353446091770343 0.8749857412683106
988.5 0.9352953004865068 0.8748904786422053
988 0.9352584507073033 0.8748219221762209
987.5 0.9355886185407073 0.8754406670450442
987 0.9354061246924845 0.8751011238429413
986.5 0.9354516398307585 0.8751830365984739
986 0.9353441028337569 0.8749841230968183
985.5 0.9351973974019482 0.8747084720957683
985 0.9353191697861155 0.8749358183967378
984.5 0.9351777404828351 0.8746703482995709
984 0.9351835009443287 0.8746823028627755
983.5 0.9353572257033963 0.8750107545061866
983 0.9351948610371994 0.8747052561587474
982.5 0.9350586906564776 0.8744486113717609
982 0.9350912514243028 0.8745106753867959
981.5 0.9350770067146202 0.8744843090170039
981 0.9353430344949425 0.8749799470501819
980.5 0.9350704365151736 0.8744717665383619
980 0.9352157648202443 0.8747458268751689
979.5 0.9348786659825439 0.8741092881424378
979 0.9350923425601176 0.8745098576927925
978.5 0.9351830163493917 0.8746809542900389
978 0.9351457654427706 0.8746096027647484
977.5 0.9350470696589124 0.8744264426434167
977 0.9353817034005103 0.8750543096522136
976.5 0.9350997912220501 0.8745252179177263
976 0.9349917888381293 0.8743245185621937
975.5 0.9349733693427904 0.8742881031661293
975 0.9351275865677955 0.8745807410767403
974.5 0.9349536855551176 0.8742509512211475
974 0.9349318303615124 0.8742134731994412
973.5 0.9352154845373105 0.8747427814659335
973 0.9350078154540805 0.8743560439485804
972.5 0.9349988204703717 0.8743368453754365
972 0.9348899257417587 0.8741310756837039
971.5 0.9349661770499301 0.8742784306553609
971 0.9350639849820928 0.874458362036778
970.5 0.9349185426781552 0.8741886061189031
970 0.934863244258751 0.8740829235714422
969.5 0.9348356996208345 0.8740334806609757
969 0.9349820889745537 0.87430496468293
968.5 0.9349585434759362 0.8742624395630311
968 0.9348692652403394 0.8740974647699726
967.5 0.9348955868642668 0.8741454496453237
967 0.9347029882191064 0.8737853603755071
966.5 0.934673256351509 0.873729344884842
966 0.9347371237409022 0.873849086493151
965.5 0.9348710832198784 0.8741017282350405
965 0.9348622881087228 0.8740857464946274
964.5 0.9348450454616191 0.8740505534386807
964 0.9346214095213424 0.8736317642447426
963.5 0.9346102932459175 0.8736096925097376
963 0.9346816636565923 0.8737394827134719
962.5 0.9347923292158412 0.8739527074340252
962 0.934818097661735 0.8739976619688583
961.5 0.9347980126894291 0.8739604039055943
961 0.9347858928762685 0.8739426489508441
960.5 0.9347074644257108 0.8737908050223628
960 0.9345112292187406 0.8734254571569982
959.5 0.934743869624868 0.8738617012642094
959 0.9345608383256783 0.8735179649800033
958.5 0.9348022349358815 0.8739684544243712
958 0.9347186904627343 0.8738116663784763
957.5 0.9349631114328888 0.8742698814470461
957 0.9346050572149505 0.8735990442024056
956.5 0.9346957583339492 0.87377057792479
956 0.9344496729162208 0.8733120103143627
955.5 0.9344438425326322 0.8732989266161374
955 0.9345649552162449 0.8735278269223828
954.5 0.9345570143108797 0.8735115989110941
954 0.9342801777113483 0.8729958945781077
953.5 0.9345998963356448 0.8735921504845909
953 0.9345182884164615 0.8734416479040963
952.5 0.9344592047499255 0.8733287711805463
952 0.9343656920307821 0.873156440662632
951.5 0.9346851731186517 0.8737491077884656
951 0.9343684275620374 0.873159759301798
950.5 0.9344664430284452 0.8733421023101269
950 0.9343560432191905 0.8731385054487586
949.5 0.9343902082079762 0.8732046908795404
949 0.934378511511477 0.8731774910627764
948.5 0.9341573527448306 0.8727639285381132
948 0.934392756868396 0.873203702394134
947.5 0.9343680082985164 0.8731569310498011
947 0.9342638263292934 0.8729627886362976
946.5 0.9343391227625399 0.8731029856523622
946 0.9342576266137443 0.8729519557450812
945.5 0.9342393461627115 0.8729203612875117
945 0.9341838321898313 0.8728139836406645
944.5 0.934123813219826 0.8727043349228147
944 0.9342350891989729 0.8729112748786717
943.5 0.934200061903554 0.8728457187040799
943 0.9341007400729372 0.8726582387297962
942.5 0.9340857181028207 0.8726334396794336
942 0.9342435667044038 0.8729284738151006
941.5 0.9341873287562953 0.87281940465875
941 0.9341231164167849 0.8726977981083827
940.5 0.9341790299646497 0.8728041431252155
940 0.9342937444482425 0.8730162339641544
939.5 0.9340773355157141 0.8726140542451428
939 0.9341281070555035 0.8727138485203191
938.5 0.9339991007037948 0.8724691252547666
938 0.9340277172474128 0.8725248410450969
937.5 0.9340560510573374 0.8725743760569473
937 0.9338583639705813 0.8722065324022071
936.5 0.9341751648273082 0.8727981010948378
936 0.9342962536995977 0.8730216940714705
935.5 0.9341842107832498 0.8728177728310236
935 0.933968114274327 0.8724110589918723
934.5 0.9338446334138406 0.8721796868239462
934 0.9342483819357622 0.8729355316242673
933.5 0.9340225160330784 0.8725125385963991
933 0.9338535601370919 0.8721983623034149
932.5 0.9338601382255458 0.8722093443362164
932 0.9337623040008718 0.87202438131793
931.5 0.9340325051288489 0.8725331983901584
931 0.9339183937516565 0.8723193752569355
930.5 0.9336652225436417 0.8718464964980166
930 0.9338991806808651 0.8722841749245975
929.5 0.9340506604904537 0.8725647594334808
929 0.934039662925058 0.8725421000925526
928.5 0.934119282345237 0.8726931102333964
928 0.9338075390051936 0.8721110100710329
927.5 0.9337080660166638 0.8719273045170535
927 0.9336500705295316 0.8718186845166122
926.5 0.9338300191973441 0.8721560826356033
926 0.9339492046183313 0.8723770945810118
925.5 0.9337545792402784 0.872013831791753
925 0.933741196408912 0.8719876542939844
924.5 0.9337967572220793 0.872088290345239
924 0.9335117485357461 0.8715571830823844
923.5 0.9336328561315032 0.8717834448938387
923 0.9337398831359539 0.8719836481108317
922.5 0.9336062113703268 0.8717348574456345
922 0.9336225286239195 0.8717656667394945
921.5 0.9338333064714447 0.8721611234881865
921 0.9335473937401138 0.871625453320885
920.5 0.9337065258851854 0.8719252937095806
920 0.933614835726031 0.8717504157781629
919.5 0.93378980718517 0.8720781172739643
919 0.9335320677329627 0.8715964929507092
918.5 0.9335167679588022 0.871573079476139
918 0.9334718145524705 0.8714870857676749
917.5 0.9337321756068303 0.8719694500818039
917 0.9336050803214507 0.8717347116906909
916.5 0.9332778684676886 0.871125295288108
916 0.9332848824664299 0.8711373068580531
915.5 0.9334126548098782 0.8713737365621593
915 0.9333649968725769 0.8712846924505107
914.5 0.9335900589404164 0.8717052107382931
914 0.9335692615345703 0.8716690031693838
913.5 0.9335179747483245 0.8715706393225093
913 0.9334023386285494 0.8713574747543258
912.5 0.9334627054749224 0.8714678955469864
912 0.9334823466217275 0.8715038726791665
911.5 0.93345608944625 0.8714559691059788
911 0.9333814233814756 0.8713155626887549
910.5 0.9333784863136945 0.8713129091246953
910 0.9333764356418957 0.8713040897795311
909.5 0.9333393526695617 0.8712368793922148
909 0.9331326065479283 0.8708499177669006
908.5 0.9329331587387216 0.870479648211777
908 0.9335193536456636 0.8715757864430745
907.5 0.933214200443078 0.8710051565224042
907 0.9331759556955095 0.8709302110557889
906.5 0.9333458053130803 0.8712491337150668
906 0.9334418300808265 0.8714267336644514
905.5 0.933195457430486 0.8709671811344633
905 0.9331777321340868 0.8709351085560118
904.5 0.9333733061967022 0.8712996308825705
904 0.9332807945711437 0.8711278051859153
903.5 0.9330084849627268 0.8706196994747106
903 0.9332726159890715 0.8711139387450667
902.5 0.9334171393535652 0.8713801054047046
902 0.9331247925921315 0.870839253419752
901.5 0.9331132211826366 0.8708173799368766
901 0.9329937742332474 0.8705919416452902
900.5 0.9330905666624593 0.870773006131918
900 0.9332835216956601 0.8711336441494513
899.5 0.9331294426996816 0.8708436730328286
899 0.9333029330996291 0.8711748016387211
898.5 0.9329080728531951 0.8704334226360272
898 0.9330624691863987 0.8707224503477564
897.5 0.9330630946545335 0.8707205370445309
897 0.9329873360804467 0.870580813530617
896.5 0.9328146971296669 0.8702613033770407
896 0.9329545802091121 0.8705224381068574
895.5 0.9329930062631854 0.8705912729091223
895 0.9328612373113754 0.8703448684042648
894.5 0.9328196528224333 0.8702661151375501
894 0.9329786262665303 0.8705633851045179
893.5 0.9328568229709429 0.8703373680888997
893 0.9328972033659795 0.8704115428197328
892.5 0.9329535909010774 0.8705148726043657
892 0.9328687687106562 0.8703591027235047
891.5 0.9328127578449258 0.8702555147250239
891 0.9328614247486225 0.8703484742291592
890.5 0.9328608154680873 0.8703427220325266
890 0.9329277023949905 0.870468685800929
889.5 0.93280036784881 0.8702327096332609
889 0.9326244460834883 0.8699030535148953
888.5 0.9329161881489456 0.8704456066344068
888 0.9326481593339363 0.869947520070662
887.5 0.9327254557658605 0.87009323604754
887 0.9326825066875193 0.8700127498695072
886.5 0.932595356493547 0.8698494732049484
886 0.9325182747733521 0.8697066889088911
885.5 0.9327749745012706 0.8701828287436428
885 0.9325681067423989 0.8697972522326103
884.5 0.9327146004369896 0.8700729168792014
884 0.9323980232372175 0.8694800807859461
883.5 0.9325767666069379 0.8698155256627738
883 0.9327829764948523 0.870198288870773
882.5 0.9327129777595846 0.870067282448218
882 0.9325436259988839 0.8697548370801254
881.5 0.9325380382136146 0.8697450519616046
881 0.932604465110713 0.8698633885164505
880.5 0.932712383618279 0.8700661088495424
880 0.9323702383580487 0.8694263915306021
879.5 0.932523208175544 0.8697169179735669
879 0.9324246368693512 0.86953082085737
878.5 0.9324148976932228 0.8695167363748378
878 0.9322095362158845 0.8691301842412334
877.5 0.9323901620671947 0.8694668061684152
877 0.9322394803765656 0.8691857034508744
876.5 0.9325138872185015 0.869699434311183
876 0.9323997684100849 0.8694856171945936
875.5 0.9324074744494631 0.8694971174752973
875 0.9322455745855674 0.869195894584684
874.5 0.93232176359909 0.8693355841923381
874 0.9324380382944227 0.8695556416604381
873.5 0.9324498481688018 0.8695785426898461
873 0.9322345433413557 0.8691754580206177
872.5 0.9323070915733604 0.8693142094331291
872 0.9323239574375445 0.8693432902203175
871.5 0.9321233448611409 0.8689699591179909
871 0.932261195612816 0.8692244720891633
870.5 0.9322096956089926 0.8691312119939357
870 0.9319054898005339 0.8685643349182286
869.5 0.932137987841948 0.8689977615027292
869 0.9321514519235041 0.8690201062782775
868.5 0.9321878620934826 0.8690933347142968
868 0.9322856693082787 0.8692727559794236
867.5 0.932364948524248 0.8694183958614419
867 0.9319991026592607 0.8687368831583808
866.5 0.9320969602349591 0.8689200529312657
866 0.9322616719963561 0.869229390073275
865.5 0.9318382178721621 0.8684396477872424
865 0.9319625045423091 0.8686666766487449
864.5 0.9319374302967554 0.8686252234698263
864 0.9318481804515284 0.8684562069490189
863.5 0.9319777010028371 0.8686994957137031
863 0.9318679573579932 0.8684927058182731
862.5 0.9320025907151692 0.868743978877653
862 0.9322644713983969 0.8692324305331252
861.5 0.9318767127241337 0.8685094622315854
861 0.9318481446431062 0.868457170275885
860.5 0.9317774064945967 0.8683261702726746
860 0.931895798989455 0.8685442433859611
859.5 0.9321056892751975 0.8689369783346831
859 0.9319076306520213 0.8685686334736604
858.5 0.931841197830144 0.8684436868971761
858 0.9318398253025912 0.868439017278337
857.5 0.93197856444757 0.8686970024682127
857 0.9319752898046262 0.8686925347376552
856.5 0.9317759316757823 0.8683200482792877
856 0.9312949909010341 0.8674281712674757
855.5 0.9315518792089321 0.867904305670761
855 0.9318135008767449 0.8683931271777418
854.5 0.931802458532462 0.8683719848179358
854 0.9316840311728404 0.868151098228322
853.5 0.9316975256718366 0.8681769674370586
853 0.931589304249503 0.8679727314033088
852.5 0.9317923214847041 0.8683543575134045
852 0.9314900052930406 0.8677905041262912
851.5 0.9317976347959849 0.8683581604471633
851 0.9318912830381241 0.8685391004267055
850.5 0.9316742624757696 0.8681352931959365
850 0.9316302659032324 0.8680518114710464
849.5 0.9314614442248319 0.8677344913257937
849 0.9315443472800664 0.8678876972351317
848.5 0.9312497904108623 0.8673430642286796
848 0.931099769976124 0.867063461913238
847.5 0.9314588685423695 0.8677325827046022
847 0.9315583252858336 0.8679134108302918
846.5 0.9315831620901754 0.8679642134291299
846 0.9312314744778014 0.8673053684018455
845.5 0.9315241268692264 0.8678526768755899
845 0.9315766855363153 0.8679506661350507
844.5 0.9310435915622065 0.8669556027577127
844 0.9314661661987562 0.8677469825104229
843.5 0.9311603904212488 0.8671742963944089
843 0.9312406674878523 0.8673281905638409
842.5 0.9312846317873457 0.8674053820695136
842 0.9313602196832867 0.8675475569279065
841.5 0.9312012200850387 0.8672502619920615
841 0.9312889260852866 0.8674164366589096
840.5 0.9310553942618259 0.8669815760376032
840 0.9313557462513261 0.867536551209217
839.5 0.9310731507080319 0.8670131261876662
839 0.931241109944006 0.8673258341790864
838.5 0.9313412908274236 0.8675178184486176
838 0.931230027261498 0.8673062212893891
837.5 0.9311383302068796 0.8671351395355729
837 0.9311061901984335 0.8670739189675966
836.5 0.9311546179378283 0.8671641516013425
836 0.9312308282393014 0.8673077122816483
835.5 0.9311849339223904 0.8672185297355024
835 0.931061529481956 0.8669912337623863
834.5 0.9308981105410462 0.8666875446553803
834 0.9311245423562718 0.8671088269737875
833.5 0.9310805917541211 0.8670272891637155
833 0.9310093902245155 0.8668931011270538
832.5 0.9306996353164277 0.8663171417941461
832 0.9310476235666465 0.8669644502246722
831.5 0.9309650621314773 0.8668119838833033
831 0.9310388112853337 0.86694566511857
830.5 0.9309928596897868 0.8668657729110689
830 0.9307281937937932 0.8663706451010236
829.5 0.9309050362171052 0.8666994947912072
829 0.930789068558677 0.8664823968123925
828.5 0.9308266905888516 0.866555205322653
828 0.9306510343095694 0.8662256091382384
827.5 0.9307721093009923 0.8664515093076757
827 0.9307418685176364 0.8663952853312882
826.5 0.9309420911836905 0.866766866427222
826 0.9308050307032943 0.8665104102286935
825.5 0.9307116435105716 0.8663385552668998
825 0.9304472254735016 0.8658495721803964
824.5 0.9306764759550706 0.8662729979531898
824 0.9308626090941293 0.8666190602025209
823.5 0.9305478790719296 0.8660363305350828
823 0.9307332471231209 0.8663775549874275
822.5 0.9304661353094312 0.8658867496476719
822 0.9306355564086706 0.8661970459206869
821.5 0.9306822300920484 0.8662862149359851
821 0.9305917126237506 0.8661154974575375
820.5 0.9307664297532092 0.8664433522806678
820 0.9303824671310111 0.8657291919203604
819.5 0.930434011946757 0.8658218911672103
819 0.930605954865844 0.8661427477418312
818.5 0.9302502161163888 0.8654791912558935
818 0.9304261496312922 0.865808210221011
817.5 0.9303009614559482 0.8655783403497492
817 0.9305609141343484 0.8660618273897762
816.5 0.9303906791872143 0.8657430061436319
816 0.9306767424597843 0.8662754812693049
815.5 0.9305208739112413 0.8659850614075014
815 0.9304441352182313 0.8658429393233792
814.5 0.9303180290128851 0.8656086344232683
814 0.9305734588977225 0.8660825235418783
813.5 0.9303200347827437 0.8656090719666678
813 0.9304818771991767 0.8659121575470826
812.5 0.9304346168124448 0.8658266817854664
812 0.930237991440538 0.8654576649411299
811.5 0.930134939932558 0.8652674799381828
811 0.930521640765508 0.8659857650092732
810.5 0.9300979060120735 0.8651953018735694
810 0.9301099750703052 0.8652201037075684
809.5 0.9301770217728134 0.8653423102804255
809 0.9300855606842 0.8651772131868233
808.5 0.9299977866811981 0.865010995713155
808 0.9303853734953288 0.8657347981296311
807.5 0.930154614712384 0.8653045020969863
807 0.9300787093579308 0.8651629235090005
806.5 0.9302295871447294 0.8654452060762053
806 0.929865819384016 0.8647665327650427
805.5 0.9301814107931066 0.8653532684898325
805 0.9300457383575594 0.865103595670462
804.5 0.930135851140108 0.8652703262508009
804 0.9298275636058434 0.8646947517885831
803.5 0.930145711296976 0.8652864363320502
803 0.9301169969955652 0.8652325208999145
802.5 0.9299463761253306 0.8649180438627844
802 0.9298764280930956 0.8647837089483983
801.5 0.9296458294975629 0.8643576888595995
801 0.929895625775482 0.8648205782040037
800.5 0.9297885398049668 0.8646226952107176
800 0.92992854407462 0.8648837268690978
799.5 0.9297682148945094 0.8645839887943276
799 0.9297910774343716 0.8646244995059055
798.5 0.9298529007214108 0.8647417099249858
798 0.9297769322988443 0.8645986709085585
797.5 0.9296960197303276 0.8644516848554422
797 0.9297328428235453 0.864517798621606
796.5 0.9298165081327363 0.8646758119939972
796 0.9299280552992214 0.8648799395698653
795.5 0.9295200723326642 0.8641228269302769
795 0.9297360924652385 0.8645282543051561
794.5 0.9296706806074881 0.8644008189698857
794 0.9297606224056538 0.8645708896728325
793.5 0.9298250567838532 0.8646930348103464
793 0.9294994234213092 0.8640831952579183
792.5 0.9294829182023642 0.8640559563404439
792 0.929536776538229 0.8641546235098333
791.5 0.9296948596110469 0.8644461884674134
791 0.929646815900062 0.8643608726247124
790.5 0.9293999371328673 0.8638995369165166
790 0.9295790451662488 0.8642354143050401
789.5 0.9296975747715588 0.8644521564535543
789 0.9292113895217365 0.8635509001562774
788.5 0.9294439191583366 0.8639828121887567
788 0.9294683318390187 0.8640286916563853
787.5 0.92939021777676 0.863884420205387
787 0.9294574252712254 0.8640062538175823
786.5 0.9293765761243681 0.8638613186013406
786 0.929393045673421 0.863889499622412
785.5 0.9292545809342864 0.8636307609246845
785 0.9293120661134066 0.8637365211962441
784.5 0.9293241902085454 0.8637605710897664
784 0.9292944143991754 0.8637048826626031
783.5 0.9291974379554983 0.8635241528569545
783 0.9291668161637129 0.8634664242115421
782.5 0.9291225255081361 0.8633864362185061
782 0.9294890658963797 0.864065865772595
781.5 0.9291933878767599 0.8635161909727465
781 0.9293042219778823 0.8637234868308654
780.5 0.9291743746392364 0.8634811862354997
780 0.9290726790088891 0.8632925399811745
779.5 0.929151046040191 0.8634363422329671
779 0.9291170351110781 0.8633774031920487
778.5 0.9292043818345256 0.8635372667239261
778 0.9291189883082822 0.8633787322319352
777.5 0.9291603399575701 0.863452997697004
777 0.9289592435093692 0.8630858484341524
776.5 0.9291812330787049 0.8634953306375247
776 0.9288159831318034 0.8628188563530408
775.5 0.9290780606373186 0.863302145376356
775 0.9290917652525892 0.8633286577404496
774.5 0.928865240772085 0.8629069920968265
774 0.9290724138529334 0.8632916422824467
773.5 0.9286994304007926 0.8625973639689389
773 0.9286662856084978 0.8625365852175056
772.5 0.9290292123462921 0.8632115876273008
772 0.9285909325631924 0.8623974111818568
771.5 0.9289744536251043 0.8631099734830083
771 0.9289154002781048 0.8629991242403736
770.5 0.928757709918027 0.862707545598253
770 0.9288089572099978 0.8628046254152136
769.5 0.9288177054410093 0.8628190653410117
769 0.9286694481580087 0.8625437423955488
768.5 0.9287198844091865 0.8626375933692072
768 0.92867133393965 0.8625500634138575
767.5 0.9284999751573256 0.8622299923227457
767 0.9286378361801176 0.8624853232260192
766.5 0.9287093025075933 0.8626195807311078
766 0.9284549016377337 0.8621429596594004
765.5 0.9286056850536144 0.8624242273465836
765 0.9285080650591606 0.8622448248652765
764.5 0.9288331805012187 0.8628474387734898
764 0.9285741925602796 0.8623655272907762
763.5 0.92853571850264 0.8622962125224843
763 0.9284057020474391 0.862054531473004
762.5 0.9284355761002387 0.8621097999333159
762 0.9286168382059499 0.8624450621668914
761.5 0.9283195123073352 0.8618914241531818
761 0.9279007993110551 0.8611185371431389
760.5 0.9283621787075944 0.8619750509881483
760 0.9284620108383196 0.8621569226097356
759.5 0.9282927907386862 0.8618430701263453
759 0.9280216963347299 0.8613407365625508
758.5 0.9284092316791942 0.8620612327474313
758 0.9281557673477727 0.8615867753335504
757.5 0.9281413318635079 0.8615662516905793
757 0.9283010388606733 0.8618588715921666
756.5 0.9283164390034551 0.8618919982899542
756 0.928128444380076 0.8615396210660019
755.5 0.928317305780325 0.8618916774073108
755 0.9281367020726343 0.8615547661864791
754.5 0.9279061186922809 0.8611273672079053
754 0.9280351457082582 0.861366211565948
753.5 0.928113046480544 0.8615118689754423
753 0.928251522785312 0.8617721872215616
752.5 0.9280009647894178 0.861303120368883
752 0.9278589174325509 0.8610375535322494
751.5 0.9279496010089581 0.8612074954495093
751 0.9279477563217945 0.861203019006722
750.5 0.9277892149594227 0.8609081531386936
750 0.9278306060498134 0.8609847213458666
749.5 0.9283294562626253 0.8619092836201708
749 0.927690021977097 0.8607267299337261
748.5 0.9279840617869021 0.8612708911325933
748 0.9276263285940642 0.8606066836394071
747.5 0.9278326767010507 0.8609891955719958
747 0.9277038852658236 0.8607515364487363
746.5 0.9278776171314199 0.8610730767411893
746 0.9277218220585145 0.8607843296437239
745.5 0.9276370121941162 0.860627507696588
745 0.9273983573211496 0.8601862799317818
744.5 0.9277771656466319 0.8608879647073933
744 0.9277874774694373 0.8609069233392678
743.5 0.9277676595315186 0.8608678277144425
743 0.927457212040426 0.860295110941364
742.5 0.9275815576332748 0.8605207193625501
742 0.9276475069077869 0.860646085088825
741.5 0.9275234995429602 0.860415329362183
741 0.9276772970550304 0.8607062994615517
740.5 0.9274411293237051 0.8602610946041869
740 0.9276358645840819 0.8606253179301889
739.5 0.9273779178463887 0.8601483622742624
739 0.9274514271599651 0.86028292489432
738.5 0.9273527607338289 0.8600971055096344
738 0.9271754728617572 0.8597718147765795
737.5 0.9274797110630797 0.8603348155887218
737 0.9276975465780207 0.8607389242887821
736.5 0.9272610510609374 0.859932037777478
736 0.9273242255148542 0.8600456207213425
735.5 0.9273445092330079 0.8600842040477334
735 0.9271353027320898 0.8596973158918471
734.5 0.9271415220480783 0.8597070896735767
734 0.9271715811630834 0.8597653724516507
733.5 0.9271398425544479 0.8597070552403717
733 0.927071475956163 0.8595761232483595
732.5 0.9274199885067379 0.8602208002822869
732 0.9272757182331396 0.8599563531675705
731.5 0.9271576482076302 0.8597379381600062
731 0.9271095761916576 0.8596489207780083
730.5 0.9271105609414613 0.8596511907583687
730 0.9269945633748442 0.859437504542357
729.5 0.9271616392049737 0.8597432735448749
729 0.9268286249778809 0.8591293600667776
728.5 0.9270638626621674 0.8595633008533011
728 0.927078853531085 0.8595905368752308
727.5 0.9269031518218934 0.8592669644744471
727 0.9269019149222169 0.8592664312109028
726.5 0.9269450495651027 0.8593414133969567
726 0.9269482290399965 0.8593481835326269
725.5 0.9270140795293983 0.8594721347201498
725 0.9267809446504145 0.8590438460964841
724.5 0.926861307950098 0.859186202635326
724 0.9266851454851699 0.8588654099608379
723.5 0.9268076131770459 0.8590858231357077
723 0.9267860534761406 0.8590492818165187
722.5 0.9267648434914634 0.8590087812977472
722 0.9268606229750938 0.8591898719046578
721.5 0.9267765095769409 0.8590348724344028
721 0.9267073412186014 0.8589037536145414
720.5 0.9267113515343773 0.8589114599575226
720 0.9266444444477469 0.8587861857764989
719.5 0.9269400405729162 0.8593311771002209
719 0.9266641994520061 0.858824994313145
718.5 0.9265671446795295 0.858645590606287
718 0.926499746340912 0.8585190848592975
717.5 0.9265548988779482 0.8586181942639516
717 0.9264368201815985 0.8584022749277781
716.5 0.9262621319972727 0.8580798735843175
716 0.9262813765940164 0.858112482484165
715.5 0.9264884465130697 0.8584976550560335
715 0.9263305389897146 0.8582023493661218
714.5 0.9262565268111141 0.8580687916682028
714 0.9263462486101894 0.8582330118059799
713.5 0.9265323031787233 0.8585791200944176
713 0.926283228819077 0.8581172315071564
712.5 0.9260566480847479 0.857697654193269
712 0.926106994655859 0.8577897670477964
711.5 0.9262417484585079 0.8580408036018069
711 0.9264957858832781 0.8585137205907537
710.5 0.9259404656550428 0.8574841312384723
710 0.9260614509773366 0.8577046054473424
709.5 0.9262168850815983 0.857992996236427
709 0.9262162962131159 0.857991392820722
708.5 0.9259805474892006 0.8575587479394035
708 0.9263043280715744 0.8581553633099159
707.5 0.9259155996521422 0.8574373945736011
707 0.9259543318802999 0.857505905960202
706.5 0.9262026128496832 0.8579674901020427
706 0.9258869013064843 0.8573858185085198
705.5 0.9258708867469032 0.8573543602711456
705 0.9259013048773908 0.8574114166340682
704.5 0.9257867389135288 0.8571979436454853
704 0.9257079233444653 0.8570526401088774
703.5 0.9260344778267962 0.8576572021568447
703 0.9258279919151985 0.8572741718048412
702.5 0.9257941924679819 0.857210247545393
702 0.9257762729310403 0.8571812800695974
701.5 0.92574016891443 0.8571075677437805
701 0.9256128415931935 0.8568777313603492
700.5 0.9259220047409178 0.8574513574217659
700 0.9255549727762105 0.8567700240239158
699.5 0.9257677712917768 0.8571641545455275
699 0.9256018798518667 0.8568550137228781
698.5 0.9256614617555267 0.8569644514783222
698 0.9255998264785663 0.8568516330113098
697.5 0.9255288630153603 0.8567215213485997
697 0.9255784505546751 0.8568107886507672
696.5 0.9254401197924969 0.8565561374160866
696 0.9258030475168607 0.8572295932050507
695.5 0.9254507145650536 0.8565778716011144
695 0.9257269522143298 0.8570874641338495
694.5 0.925327460823524 0.856347613236319
694 0.9255901049233857 0.856833475185854
693.5 0.9253291424032536 0.8563527570940408
693 0.92494672065455 0.8556473159193038
692.5 0.9252567336696994 0.8562170666558062
692 0.9251677646194933 0.8560523075196027
691.5 0.9252917882114438 0.8562834595558779
691 0.9252816252192239 0.8562628055908911
690.5 0.9252163953884966 0.8561418697630694
690 0.9251884017462554 0.8560926883644602
689.5 0.9251803290641223 0.8560802909726594
689 0.9252051819636753 0.8561199805126875
688.5 0.9251993120234099 0.8561130695639129
688 0.9251619585236448 0.8560444921385321
687.5 0.925072831952038 0.8558770805948812
687 0.9249230249682862 0.8555996831957342
686.5 0.9252723224948451 0.8562461275855587
686 0.9250114471831578 0.8557633149143916
685.5 0.9251134028994221 0.855951223430397
685 0.9250311059271547 0.855801775553125
684.5 0.9249089587152202 0.8555762412767548
684 0.9250807416760819 0.8558946835054905
683.5 0.9248483853155846 0.855463465586098
683 0.924781642492139 0.855339505634324
682.5 0.9250740593485413 0.8558777594409032
682 0.9247194871752851 0.8552231578221515
681.5 0.9248876584393944 0.8555313345230208
681 0.9246848560127966 0.8551558442297813
680.5 0.9247853897197502 0.8553451835911964
680 0.9248965108983683 0.8555493523748346
679.5 0.9244524820852104 0.8547329258057403
679 0.9245699289288968 0.8549456661778281
678.5 0.9248026759151325 0.8553771039766653
678 0.9243732932319586 0.8545821395382944
677.5 0.9244658262253029 0.8547558901606435
677 0.9247481810050178 0.8552774923265577
676.5 0.924524368622382 0.8548630961448649
676 0.9245881888215919 0.8549803284713816
675.5 0.9245578041717196 0.8549251127169121
675 0.924516766934669 0.8548483387916457
674.5 0.9244961471243193 0.854812570412375
674 0.9243309765981701 0.854508151499605
673.5 0.9242579880190747 0.8543705161095617
673 0.9243137739946418 0.8544728746624517
672.5 0.9242242425404847 0.85431159507578
672 0.9240966214182406 0.8540700527827114
671.5 0.9244858449192143 0.8547897576378118
671 0.9242518929588488 0.8543567821616752
670.5 0.9242055503168682 0.8542709244738829
670 0.9243387424928553 0.8545160782064274
669.5 0.9242030972176638 0.8542668555431864
669 0.9244054784535269 0.8546413317741327
668.5 0.9241373924818952 0.8541495904255911
668 0.9239656812129396 0.8538303804955025
667.5 0.9242027027361535 0.8542685711488244
667 0.9237506073326376 0.8534320023758322
666.5 0.9240462082751374 0.8539770177898531
666 0.923897461543995 0.8537037925632524
665.5 0.9239061837921668 0.8537177397541098
665 0.923897211685952 0.8537028649148122
664.5 0.9238413334636754 0.8536008560931072
664 0.9238554195782525 0.8536268361265775
663.5 0.9238122868412882 0.8535435211072389
663 0.9237651217361977 0.8534590622338644
662.5 0.9239108707997541 0.8537301752235575
662 0.9238015366178298 0.8535274943124583
661.5 0.9238011574555443 0.8535268145816947
661 0.9237337796594971 0.8534024949030428
660.5 0.9236319107512864 0.8532133132272197
660 0.9237446309229158 0.8534190809417914
659.5 0.9235464054137683 0.8530565458076499
659 0.9235584622220766 0.8530775194112289
658.5 0.9238182347474105 0.8535588886241352
658 0.9234405198756773 0.8528606167795018
657.5 0.923438743052168 0.852857321461512
657 0.9235484281353338 0.853061002191875
656.5 0.92321849754185 0.8524477900999652
656 0.9233838913039843 0.8527579610937908
655.5 0.9233010324344554 0.8526028792083291
655 0.9236152870445046 0.8531815069657962
654.5 0.9234315639184121 0.8528456504642936
654 0.9233940344999209 0.8527757566908036
653.5 0.9231090761114306 0.8522492208568697
653 0.9233404954934882 0.8526753002534365
652.5 0.9232447287074755 0.85249878778764
652 0.9232913862349137 0.8525848568389875
651.5 0.9230580811134992 0.8521531311439691
651 0.9231443546343149 0.8523143876447346
650.5 0.9231281046221816 0.8522806090615243
650 0.9230745660699509 0.8521852702804763
649.5 0.9230733177428775 0.8521835549803917
649 0.9230265925482022 0.8520979340340584
648.5 0.9229782013359943 0.8520057519816961
648 0.9229649968729331 0.8519826885692724
647.5 0.9230389094313664 0.8521199056180836
647 0.922992983837372 0.8520293500444461
646.5 0.9228295649091489 0.8517315847746421
646 0.9227245343778051 0.8515400921287211
645.5 0.9230933609507826 0.8522177062580848
645 0.9228898488216608 0.8518414858011053
644.5 0.922757642242781 0.8516002549892563
644 0.9225380562077677 0.8511948102489173
643.5 0.9224290209605652 0.8509914248476699
643 0.9226689185144181 0.8514418706370931
642.5 0.922762345301115 0.8516046799307034
642 0.9227758841070149 0.8516332335090173
641.5 0.9227617869770025 0.8516043964112218
641 0.922368962459731 0.8508852652467405
640.5 0.9225070624250588 0.8511342071440916
640 0.9223385979168089 0.8508269136066903
639.5 0.922453139390512 0.8510357323147348
639 0.9225563545531048 0.8512294635698513
638.5 0.9226408666793141 0.8513850512471772
638 0.922189147279891 0.8505519170081454
637.5 0.9222074771579601 0.8505817338075281
637 0.9223695484153275 0.8508836861328245
636.5 0.92215027624583 0.850479327073921
636 0.9223784613783388 0.8509021629131697
635.5 0.9221578606394146 0.8504922668178885
635 0.9224959134131183 0.8511182320806292
634.5 0.922357563141285 0.8508622469499713
634 0.9222812805197995 0.8507212307717986
633.5 0.9220038120611738 0.850207322508886
633 0.9220541944341697 0.8502992024725664
632.5 0.9223137528556492 0.8507786128041686
632 0.922078643734016 0.8503461069343136
631.5 0.92209991044125 0.8503861854967527
631 0.9221946606470901 0.850558793334963
630.5 0.9219412537371044 0.8500933611385614
630 0.9218230355840559 0.849876987327095
629.5 0.9218909928654315 0.8499988915685124
629 0.9218292905376153 0.8498859173876728
628.5 0.9217799290276996 0.8497937771394505
628 0.9216140402061694 0.8494934983641493
627.5 0.9217837013055636 0.8498052927082407
627 0.9218457434223019 0.8499179500200447
626.5 0.9217563572848093 0.8497534027337087
626 0.9217713033591163 0.849779205587488
625.5 0.9215439548728503 0.8493610607946029
625 0.9218948219218519 0.8500056000450367
624.5 0.9218200127148448 0.8498720720553529
624 0.9214554827526142 0.8492002112805664
623.5 0.9216740000357608 0.8496015457492567
623 0.9214859722686911 0.8492569492538378
622.5 0.9216130260305008 0.8494861727268712
622 0.921425310290158 0.8491422687246147
621.5 0.9213910039414387 0.849077438301132
621 0.9216074923903859 0.8494762028768301
620.5 0.9213079133089972 0.8489279067024322
620 0.9213342109770398 0.8489766573256649
619.5 0.9213842532014602 0.8490684566252016
619 0.9211357970358944 0.8486089809737662
618.5 0.9212882117806567 0.8488923256006778
618 0.9213528045486787 0.8490105318332772
617.5 0.921532368664484 0.8493423749422384
617 0.9211908816735951 0.8487101585537868
616.5 0.9208937151487527 0.8481638023343178
616 0.9211138983418132 0.8485672849711822
615.5 0.9211016003830808 0.8485456785472967
615 0.921261200977235 0.8488438495530675
614.5 0.9209058978625153 0.8481874020750306
614 0.9208320679882966 0.848050700590598
613.5 0.9210413052496838 0.8484344201579903
613 0.9211100568197684 0.8485612051327301
612.5 0.920772360487775 0.8479393146211253
612 0.9209208310576713 0.8482131054400116
611.5 0.9208578559857309 0.8480962096060766
611 0.920894526353194 0.848166989463618
610.5 0.9207592764196775 0.8479175269691135
610 0.9208780257469414 0.848131067423365
609.5 0.9207571601318476 0.8479135125516156
609 0.9208024626450569 0.8479977163737489
608.5 0.920604030762766 0.8476278335200035
608 0.9207101152336307 0.8478252761326609
607.5 0.9207932792781314 0.8479785102431633
607 0.9204738994164052 0.8473927459874575
606.5 0.920107500154757 0.8467156013027957
606 0.9204373401897459 0.84732660743462
605.5 0.920653458240079 0.8477190741563339
605 0.9203277968992916 0.8471188697866684
604.5 0.9204692255109393 0.8473873628153342
604 0.9203061345597092 0.8470841591712952
603.5 0.9203707152721868 0.8471999902563473
603 0.9204182502500241 0.8472872209656741
602.5 0.9202041135947527 0.8468923947707049
602 0.9199752427621672 0.846471771535678
601.5 0.9200422614308055 0.8465975145645136
601 0.920256917130904 0.846992932419718
600.5 0.9201855576285056 0.8468600510103577
600 0.9201046456070276 0.8467112192745141
599.5 0.9199637001685972 0.8464542758023802
599 0.9202222300136693 0.8469260060222491
598.5 0.9200214968059854 0.8465559938666092
598 0.9197533763672282 0.8460692905526743
597.5 0.919964262182985 0.846453154079888
597 0.9201295590365032 0.8467611542070458
596.5 0.9196705760856501 0.8459122604040369
596 0.9197845562283552 0.8461253240884739
595.5 0.9196104103521877 0.8458034689018541
595 0.9198422274796285 0.8462334806149634
594.5 0.919804491909492 0.8461605491090386
594 0.9198900219522046 0.8463171893594433
593.5 0.9196705105460663 0.845914777529888
593 0.9197189925070391 0.8460027116726373
592.5 0.9193718462795691 0.8453618535174034
592 0.9194488561286863 0.8455055514266652
591.5 0.9195277445810482 0.8456511001788609
591 0.9193713739829428 0.8453628256794175
590.5 0.9192468912005649 0.8451314872442839
590 0.9194423031287776 0.8454921680734419
589.5 0.9193207928459859 0.8452708622391855
589 0.919368838562026 0.8453590013111091
588.5 0.9190827220193328 0.8448320141212199
588 0.9192823780894462 0.845201760780687
587.5 0.9193682716729112 0.8453531135096258
587 0.9192973189282813 0.8452264662095322
586.5 0.9191614637777544 0.8449758955831922
586 0.9192044384283553 0.8450563075857311
585.5 0.9189554811865522 0.8445987067223092
585 0.9191042005882598 0.8448729917875527
584.5 0.9188880432050927 0.844471742182279
584 0.9189954278810457 0.8446707726397147
583.5 0.9190084827986589 0.8446958473335913
583 0.9188306266750986 0.8443659429681785
582.5 0.9190502782919135 0.8447705977150394
582 0.9188850613102415 0.8444688377335302
581.5 0.9188628861811456 0.8444286098411342
581 0.9187206646059357 0.8441663303996616
580.5 0.9188548969090271 0.8444123195749822
580 0.9190638691216344 0.8447959269296836
579.5 0.9186459367463126 0.8440301616296187
579 0.9186703880534276 0.8440725736716247
578.5 0.9185455034703983 0.8438455842461173
578 0.9184835198739215 0.8437326355245308
577.5 0.9185867401428575 0.8439214462430461
577 0.9186310445993624 0.8440019347844545
576.5 0.9184605195225267 0.8436906697450893
576 0.9185002683745822 0.8437600085220796
575.5 0.9180961138129239 0.8430199703222286
575 0.9183707484100798 0.8435258011155295
574.5 0.9182618084146851 0.8433201401035092
574 0.9185732728966439 0.8438938887525159
573.5 0.9183674575479219 0.8435151057552531
573 0.9184170631356293 0.84361007303213
572.5 0.9181369075532916 0.8430942298398278
572 0.9180475638326002 0.8429299153077311
571.5 0.9181714218244391 0.8431581717693021
571 0.9179753682488402 0.8427966617441933
570.5 0.9182997896472753 0.8433947526096738
570 0.9181813687956732 0.8431779929756286
569.5 0.9176574398166661 0.842215080593603
569 0.917928069709119 0.842709649102079
568.5 0.9177845193058676 0.8424480613298271
568 0.9177501411380895 0.8423820655529152
567.5 0.9175698736499147 0.8420535977921039
567 0.9174210249970634 0.8417827279386809
566.5 0.9178534022783126 0.842571394169136
566 0.9175445692334687 0.8420083302068642
565.5 0.9176667247769106 0.8422293978395536
565 0.9177423886460081 0.8423708215337562
564.5 0.9176472044441991 0.842195837333228
564 0.9177033460552168 0.8423012671183583
563.5 0.9176405240863991 0.8421821234767253
563 0.9174725089926412 0.8418768544098313
562.5 0.9174607059623913 0.8418564702161261
562 0.9174058664990008 0.8417520789559866
561.5 0.917459827327993 0.841848967853172
561 0.9172273539019252 0.841426321391448
560.5 0.9174052444952089 0.8417508561291791
560 0.9174910164716545 0.8419071569262985
559.5 0.9172448144286992 0.8414559187788986
559 0.91693361598035 0.8408880968777815
558.5 0.9170003854062297 0.8410070533809555
558 0.9171366697026522 0.841261352463453
557.5 0.9171266099017521 0.8412413859408909
557 0.9170218199175034 0.8410494250977972
556.5 0.9170238616843803 0.8410494388823567
556 0.9168193173611094 0.8406764538969288
555.5 0.9169611255686455 0.8409371991629088
555 0.9167963218305302 0.8406356158118782
554.5 0.9166045695274216 0.8402846360658116
554 0.9168271403735031 0.840689273576675
553.5 0.9166251630486019 0.8403198400999864
553 0.91650845863604 0.8401108422263013
552.5 0.9165567235019167 0.840195702763557
552 0.9163156921184348 0.8397556097755963
551.5 0.9165888657034712 0.8402543646549924
551 0.9165320825361857 0.840150361503523
550.5 0.9165039123421701 0.8400956584291912
550 0.9166192363170329 0.840313103266184
549.5 0.9163106300254735 0.8397430289464922
549 0.9165615422925484 0.8402034086920359
548.5 0.9162583037077457 0.8396501516652942
548 0.916166555473073 0.8394845782606005
547.5 0.9163399762635782 0.8397945285891215
547 0.9161644875354608 0.8394796507415049
546.5 0.91609692659051 0.8393550754646919
546 0.9163083115289373 0.8397424496457447
545.5 0.9159683223820213 0.8391174999460077
545 0.9160959513824669 0.8393507760518029
544.5 0.9159331516943655 0.8390516984568164
544 0.9160309126379699 0.8392317789456383
543.5 0.9158693172997142 0.8389366097864603
543 0.9159714438769198 0.8391230912143443
542.5 0.9159861861876224 0.8391504882685855
542 0.9156574823922178 0.838548039962785
541.5 0.9156950773622892 0.8386190840817915
541 0.9156986439623601 0.8386238143203728
540.5 0.9157806655296609 0.8387760980526675
540 0.9154919110698025 0.8382450463915234
539.5 0.9156733439828796 0.8385787431014304
539 0.9155220175609292 0.8382979579335714
538.5 0.9153752766894525 0.8380351822625636
538 0.9156627113784953 0.838557706238698
537.5 0.9155798066851719 0.8384055534328061
537 0.9154380674957515 0.8381516378372024
536.5 0.91511665938876 0.8375597928108387
536 0.9152927054569313 0.8378819121457604
535.5 0.9151615748557677 0.8376401285651953
535 0.9153469385454152 0.837980499720148
534.5 0.9153080386583415 0.8379076751430908
534 0.9151728181795986 0.8376611867257784
533.5 0.9151766159958307 0.8376654473879203
533 0.9151622276494416 0.8376409529144015
532.5 0.9148050167962735 0.8369920077979511
532 0.9152149011616204 0.8377405409501931
531.5 0.9148907833014374 0.8371433840544372
531 0.9150882959990874 0.8375081737990426
530.5 0.9148948596554949 0.8371557974237843
530 0.9147453267830884 0.8368784464966125
529.5 0.914752605097973 0.836893544063507
529 0.9146342568792449 0.8366743448397344
528.5 0.914784998121037 0.8369534947440792
528 0.9147448848421361 0.836878577651458
527.5 0.9145338800519942 0.8364924912536357
527 0.9145502686459828 0.836522084428812
526.5 0.9143677341742333 0.8361885957001957
526 0.9144091650868602 0.8362621513566036
525.5 0.9142950797023421 0.8360551548659905
525 0.9141882458967 0.83586250489872
524.5 0.9141368793889199 0.8357635464427214
524 0.9144338983352124 0.8363085879152681
523.5 0.9141859947013312 0.835856590872559
523 0.9140454637778032 0.8355956787517514
522.5 0.914265314859093 0.8360007447363894
522 0.9140498664010545 0.8356100162995572
521.5 0.9144762468276676 0.8363857332310504
521 0.9140832249394244 0.8356669657574942
520.5 0.9141623174468846 0.8358131680440358
520 0.9138645699091488 0.8352665169859979
519.5 0.9139498252732614 0.8354219829539955
519 0.9139041896845257 0.8353373098057141
518.5 0.9135114593284598 0.8346223210618798
518 0.913633048126438 0.8348459686800116
517.5 0.9135369381388564 0.8346734973481114
517 0.9137872111822218 0.835123789947056
516.5 0.9136074709787517 0.8348019430606957
516 0.9135955401165919 0.8347801936094046
515.5 0.9133517690420667 0.8343332798463479
515 0.9133621399709295 0.8343517953982833
514.5 0.9135171082632979 0.8346308338629047
514 0.9133793563917498 0.8343808098755997
513.5 0.9131476528873266 0.833960015811652
513 0.9132346401382866 0.8341227464122232
512.5 0.9129654091322709 0.833622531663144
512 0.9130726434428736 0.8338218804309178
511.5 0.913098911836102 0.8338696183584265
511 0.9131130436542556 0.833895636368781
510.5 0.9129687224884409 0.833637726876475
510 0.9131721215277956 0.8340067177227463
509.5 0.912818931790769 0.833358299178024
509 0.913030269770534 0.8337485072804325
508.5 0.9129312833229218 0.8335618962192857
508 0.9128558705751704 0.8334234662244075
507.5 0.9124968319975819 0.8327699160012779
507 0.9128354795274896 0.8333893381712334
506.5 0.912736923612019 0.8332072890480556
506 0.9124379256643936 0.832665837144901
505.5 0.9126001998195952 0.832962555649753
505 0.9125282912290646 0.8328303432807931
504.5 0.9124498589132001 0.8326876666925274
504 0.9125027936420248 0.8327841493555264
503.5 0.91221457129605 0.8322551436261173
503 0.9124120353880874 0.8326155668264449
502.5 0.9121720340332057 0.8321776482519587
502 0.9124346722035199 0.8326587894723616
501.5 0.9122291264597189 0.8322825751440494
501 0.9122377610927267 0.8322964180715153
500.5 0.9120743587687322 0.8320015838607703
500 0.9122495923090019 0.8323203802119599
499.5 0.9120204810865545 0.8318995414709873
499 0.9119727857785004 0.8318163909967154
498.5 0.9117651498562861 0.8314342671926788
498 0.9119986771024495 0.8318640666580733
497.5 0.9118694985459901 0.831624313548592
497 0.9116259434655875 0.8311873442696177
496.5 0.9117274974456858 0.8313705917366244
496 0.911616441954053 0.8311653192375696
495.5 0.911569127826514 0.8310779084144643
495 0.9114446206763609 0.8308523367874621
494.5 0.9116851229340001 0.8312890339190452
494 0.9113464357856659 0.8306717754567734
493.5 0.9114086506765002 0.8307873089730705
493 0.9114727082491485 0.8309055189041
492.5 0.911366594703855 0.8307137366760262
492 0.9114458307630204 0.8308531454004088
491.5 0.9111494132852594 0.8303136213399127
491 0.9108621168393454 0.8297925458135259
490.5 0.9111181152953132 0.8302574229809927
490 0.9110576774849279 0.8301444193671319
489.5 0.9110694030894732 0.8301670372023308
489 0.9108508784429794 0.8297733262225729
488.5 0.910658463474095 0.8294221088321616
488 0.9109679766055014 0.8299856269596023
487.5 0.9108576986977238 0.829784572191415
487 0.9109451084253641 0.8299461633498092
486.5 0.9106637317415777 0.8294292781673835
486 0.9105500894489424 0.8292226206872914
485.5 0.9105444809945391 0.8292123249746973
485 0.9106110525404909 0.8293291792906882
484.5 0.910528458890762 0.8291845342085072
484 0.9103220997015611 0.8288084419370981
483.5 0.9103655090119342 0.8288871810058625
483 0.9103980455683027 0.8289450743371884
482.5 0.9102599572805888 0.8286957327656275
482 0.9106855564735201 0.8294700992763085
481.5 0.9102660060461952 0.8287060542817332
481 0.9102829489895898 0.8287378170889385
480.5 0.9100316868736046 0.8282796236641231
480 0.9099447138388306 0.8281190673396366
479.5 0.9098098086195107 0.827873990759765
479 0.909885831706541 0.8280114927202327
478.5 0.9098060884066617 0.8278696587650662
478 0.9099882964164312 0.8281991517221656
477.5 0.9099295994899719 0.8280940634146228
477 0.9096620945726461 0.8276086362680659
476.5 0.9095277993981925 0.8273635358981629
476 0.9093526262786233 0.8270416741634445
475.5 0.9097371975147349 0.8277414847547597
475 0.9095290656565052 0.8273621491288786
474.5 0.9095839100290677 0.8274665057546902
474 0.9092421415037424 0.8268434593207227
473.5 0.9094254497764852 0.8271772054766223
473 0.909396774612933 0.827127040273734
472.5 0.9093347084751441 0.8270114094388592
472 0.9090110784593234 0.8264227267329243
471.5 0.9091503696369417 0.8266741549734303
471 0.9089173539471198 0.8262510056778348
470.5 0.9091502050036473 0.8266749616969863
470 0.9089613934242652 0.8263352009033117
469.5 0.909067097745812 0.8265268026153028
469 0.9087422585249845 0.825935465495337
468.5 0.9087969410277064 0.8260331621474433
468 0.9085942120066985 0.8256636871268973
467.5 0.9089381692955933 0.826288972264313
467 0.9085009049812006 0.8254960214420298
466.5 0.9086376900957399 0.8257448287320845
466 0.9086506915393949 0.8257658515981336
465.5 0.9083276976680563 0.8251798520205857
465 0.908681355272213 0.8258228659423708
464.5 0.9083068266861142 0.8251412179433282
464 0.9080164311104368 0.8246153961951773
463.5 0.9082669743381702 0.8250699327815416
463 0.9081139080495697 0.8247965830194041
462.5 0.9080462331243216 0.8246734369050946
462 0.9079463822278803 0.8244932826768886
461.5 0.9080069598907634 0.8246009393177919
461 0.9079077242573957 0.8244209005155564
460.5 0.9076609724501006 0.8239734988345125
460 0.9078285458092533 0.8242711806166609
459.5 0.9078829938655691 0.8243756794290552
459 0.9078756732942886 0.8243610576950944
458.5 0.907632861828292 0.8239218425672336
458 0.9075505230603386 0.823771976455822
457.5 0.9075727726645024 0.8238103837421767
457 0.9075855062046505 0.8238340544751802
456.5 0.9073694053280779 0.8234453606871766
456 0.9073863435904672 0.8234707918836952
455.5 0.9074156315533205 0.8235265233733265
455 0.9073723336818112 0.8234467626218519
454.5 0.9070467013809177 0.8228546270091471
454 0.9072962539433755 0.8233095177117489
453.5 0.9067864615163324 0.8223851546666128
453 0.9068536444587142 0.8225069066489803
452.5 0.9068638180241564 0.8225241255446545
452 0.9068433243382619 0.8224862175440445
451.5 0.9069928874465183 0.8227579130742171
451 0.9068149953680161 0.8224366896896773
450.5 0.9067134239650179 0.8222515935651212
450 0.9065937318427463 0.8220343658484464
449.5 0.9064286912166443 0.8217349673396546
449 0.9067252507131177 0.8222699786920853
448.5 0.906513653576509 0.8218924353843953
448 0.9063988235882018 0.8216829766427
447.5 0.9065325578695929 0.8219271894055395
447 0.906359765275858 0.8216098872434526
446.5 0.9062280767286374 0.8213736365454092
446 0.9063313566469761 0.8215621920898877
445.5 0.9059180066982472 0.8208076719249384
445 0.9061334790247088 0.8211991814426006
444.5 0.9060714519624512 0.8210878687313922
444 0.9060430306225015 0.821033762870177
443.5 0.905754272444115 0.8205135837558853
443 0.9054971043145489 0.8200477139830998
442.5 0.9059790614694335 0.8209189253362978
442 0.9056073796484282 0.8202505052778827
441.5 0.9055517192637901 0.8201442806721078
441 0.9057600564541984 0.8205221434146843
440.5 0.9054564625058991 0.8199774365601992
440 0.9050892258145832 0.8193101905650065
439.5 0.9052531404632985 0.8196052890338319
439 0.9052524020668661 0.8196067996437325
438.5 0.905121185973653 0.8193672946807258
438 0.9052467569764461 0.8195926004457392
437.5 0.904870142816288 0.8189122214036682
437 0.904911417059994 0.8189882186761672
436.5 0.9051245381678367 0.8193696906070784
436 0.9049426684399915 0.8190449515276634
435.5 0.9049313101856191 0.8190247415887474
435 0.904683531043612 0.8185747412606079
434.5 0.9046331904245736 0.8184839076996414
434 0.904370027604834 0.8180111862319952
433.5 0.9045213520524442 0.8182819977725478
433 0.9047731495059228 0.8187384037658698
432.5 0.9045469754270002 0.818329083461732
432 0.9044857756071201 0.8182187520572225
431.5 0.9040810764978925 0.8174849289457078
431 0.9042740169697855 0.8178337355914758
430.5 0.9040971270498134 0.8175164371601823
430 0.9041201808353885 0.8175535474338869
429.5 0.904152713273281 0.8176156178888345
429 0.9039902121006581 0.8173194372393794
428.5 0.9037530298865353 0.8168949081366673
428 0.9038690965152257 0.8171039552375047
427.5 0.9035469482392623 0.8165188833809635
427 0.903683387699216 0.8167656721400992
426.5 0.9035632998176624 0.8165491835794092
426 0.9037334471722563 0.8168607072846892
425.5 0.9034831805702833 0.8164032846960173
425 0.9034465875428704 0.8163404559526778
424.5 0.9033847734463732 0.8162293988092977
424 0.9031716642653556 0.8158404961971389
423.5 0.9035183051532422 0.8164686406785439
423 0.9033867306152644 0.8162309279866199
422.5 0.9034057713441012 0.816262252786849
422 0.9030108280748733 0.8155523598205345
421.5 0.9029828157496421 0.8155000527686462
421 0.902676418030345 0.8149478416982484
420.5 0.9027937869773595 0.8151600732660945
420 0.9026254369699973 0.8148583061380533
419.5 0.902862850141257 0.8152860998945483
419 0.9027249805822123 0.8150345676710214
418.5 0.9025640025179519 0.8147418240208402
418 0.9025636897560082 0.814744788192741
417.5 0.9024716343319747 0.8145789849845265
417 0.9022979714455331 0.81426676574666
416.5 0.9022780031944536 0.814229901740615
416 0.90219792173239 0.8140801033877249
415.5 0.902133542113747 0.8139692495154478
415 0.9020396550013636 0.8137983137606339
414.5 0.9018543530093742 0.8134653229558694
414 0.9018085918880436 0.8133854617053725
413.5 0.9017588554092495 0.8132929403157428
413 0.9015144381268825 0.8128499195657632
412.5 0.90192891318725 0.8135985579860272
412 0.9016000686565537 0.8130067865169097
411.5 0.9016782216877467 0.8131451550718731
411 0.9013662858397502 0.8125842761302025
410.5 0.9015800906141458 0.8129685028628129
410 0.901001779815071 0.8119318240421364
409.5 0.9011345195909676 0.8121623502694805
409 0.9011765670620732 0.8122442025325805
408.5 0.9012053685697369 0.8122941428900167
408 0.9010167639468791 0.811955543959195
407.5 0.9008613712528267 0.8116774914126416
407 0.900708763861885 0.8113987647156974
406.5 0.9006600694004684 0.8113130362071266
406 0.90093538485684 0.8118067508999889
405.5 0.9007008657230532 0.8113870174676461
405 0.9004267526030367 0.8108920774009426
404.5 0.9003972802567458 0.810839436986669
404 0.9004188816557123 0.8108760707072481
403.5 0.9000670685528992 0.8102468770768044
403 0.9001647029719048 0.810416919037685
402.5 0.9001315312289111 0.8103557619101055
402 0.9000066510775977 0.8101341417280098
401.5 0.9000895275060256 0.8102824845351909
401 0.9000275111433069 0.8101772667880964
400.5 0.8995773981745385 0.809363706064286
400 0.8997381011241186 0.8096522258633971
399.5 0.8996609576345067 0.8095171818133159
399 0.8996526485712582 0.809500572635464
398.5 0.8997237452087576 0.8096280972995485
398 0.8993773643646436 0.8090049353474416
397.5 0.8993372678057056 0.8089300617815164
397 0.899407566176309 0.8090548721834985
396.5 0.8993014445866611 0.808865592281867
396 0.899325681155439 0.8089113994010928
395.5 0.8991946115474764 0.808675472996665
395 0.8987894237698265 0.8079459580500239
394.5 0.8989740415741493 0.8082780041389466
394 0.8986388795440063 0.8076762819163096
393.5 0.8988008979989794 0.8079664107888083
393 0.8986009588624428 0.8076086690022911
392.5 0.8984685833280313 0.8073660420270128
392 0.8986341551902809 0.8076684369870882
391.5 0.8980721346203998 0.8066528257850459
391 0.8984571865708438 0.8073513834488183
390.5 0.8979210167863211 0.8063878155787305
390 0.8981118714086234 0.8067285162431167
389.5 0.8981469644200394 0.8067923443448606
389 0.8980858065161358 0.8066825583920482
388.5 0.8977735800842186 0.8061238348546256
388 0.8980161785697492 0.806555664576913
387.5 0.8977431204969403 0.8060718042787094
387 0.8975723982802705 0.8057606363239493
386.5 0.8973684449845356 0.805392931783731
386 0.8974685355981363 0.8055724938826023
385.5 0.8973595104466023 0.8053784705849509
385 0.8973602464261042 0.8053785282878806
384.5 0.897442982148001 0.8055299349650639
384 0.8972106164928031 0.8051117672385789
383.5 0.8971612381836074 0.8050188704699566
383 0.8971154895949751 0.8049370684026405
382.5 0.8968200643556347 0.8044115717660195
382 0.8970323323909812 0.8047952301661916
381.5 0.8966381836243726 0.8040836084630874
381 0.8964759786090502 0.8037964213948745
380.5 0.8966251796716568 0.8040619673445094
380 0.8964941444689791 0.8038264881178661
379.5 0.8965110396410523 0.8038542068887494
379 0.8965527034037082 0.8039360214806958
378.5 0.8963228911502863 0.8035231393245706
378 0.896206663372266 0.8033087708703547
377.5 0.8957387083686696 0.8024730665951779
377 0.8957284919098608 0.8024546292725668
376.5 0.8958688026939412 0.8027081140341769
376 0.8959842571654653 0.8029146489097169
375.5 0.8954316174651478 0.8019216430947473
375 0.8956148216279486 0.8022524038768161
374.5 0.8956703355034618 0.8023480629598158
374 0.8954363534924694 0.8019318703051528
373.5 0.8955816401165968 0.8021896447602174
373 0.8953292011760019 0.8017375668767881
372.5 0.8950051615039628 0.8011585183740878
372 0.8951216795874508 0.8013684874834227
371.5 0.8951652293135575 0.8014479337539567
371 0.8949088122147876 0.80098725523412
370.5 0.8947583107866559 0.800716904238814
370 0.894656854761305 0.8005367079094903
369.5 0.8948723072301192 0.8009213846731277
369 0.8946138021674683 0.8004592709237843
368.5 0.8946296500979244 0.8004881234851131
368 0.8944745591108254 0.8002108512202483
367.5 0.8943123482589718 0.7999160216534527
367 0.8943148757371236 0.7999235548537056
366.5 0.8942164672877645 0.7997472405777266
366 0.8939536393836582 0.7992788358112535
365.5 0.8940450031338196 0.7994427444829606
365 0.893518241307068 0.7985046362532295
364.5 0.8934941298668843 0.7984560851075012
364 0.8936700578399959 0.7987701598044664
363.5 0.8931093510564748 0.7977732968233642
363 0.8936369412809194 0.7987152326209486
362.5 0.8933542507359323 0.7982064628903854
362 0.8934647990011166 0.7984034563681159
361.5 0.8930956568661292 0.7977459111404397
361 0.8928587796108038 0.7973217412062603
360.5 0.8929049488914865 0.7974013429375525
360 0.8930439122871753 0.7976517810339119
359.5 0.8928267004176298 0.7972625712131772
359 0.8927520628722735 0.7971327194587648
358.5 0.8925283302989113 0.7967362209257747
358 0.8925538510149312 0.796777702731913
357.5 0.8922094970937628 0.7961636872419571
357 0.8922439570654772 0.796225995558143
356.5 0.8925266744299323 0.7967284145319725
356 0.8919187873336099 0.7956478412959668
355.5 0.8918763868456716 0.7955717496467819
355 0.8918131881547041 0.7954567959575469
354.5 0.8920386115452733 0.7958594588283067
354 0.8917192824064111 0.7952881057734947
353.5 0.8914000202486734 0.7947247322844134
353 0.891748298114009 0.7953415337468691
352.5 0.8914816230337714 0.7948642135309518
352 0.8914794001084074 0.7948637758784459
351.5 0.8910525370735017 0.7940981492342489
351 0.8911660242241535 0.7943012959407031
350.5 0.8909606368927432 0.7939352111092469
350 0.890943832979161 0.7939075833764218
349.5 0.8907738459178546 0.7936080403701047
349 0.8901681297435806 0.7925271694901181
348.5 0.8906920212617209 0.7934587684807617
348 0.8906621897594585 0.7934050812477256
347.5 0.8902847516339257 0.7927290098300338
347 0.8901755239708272 0.792542489302041
346.5 0.8901529238081913 0.7925030375101196
346 0.8899116067897138 0.792070159788916
345.5 0.8901108511727082 0.7924236911082254
345 0.8899330371335366 0.7921057004084784
344.5 0.8899996296720455 0.792228144112715
344 0.8898833698050261 0.7920179644643797
343.5 0.8892392598921557 0.7908763588229774
343 0.8894081157944054 0.791175684664065
342.5 0.8891581884438216 0.7907302324118693
342 0.8892983563177892 0.7909773666299784
341.5 0.8889173633831234 0.7902975677360452
341 0.8888307943118059 0.7901430304226317
340.5 0.888734798938245 0.7899749723291725
340 0.8886747925004638 0.7898718927225088
339.5 0.8885981465123703 0.7897335493015689
339 0.8885710719024539 0.7896877513532286
338.5 0.8884191776821625 0.7894155238454142
338 0.8883710932415704 0.789330744432104
337.5 0.8883902352095072 0.7893667109534029
337 0.8882573363677232 0.7891286774098617
336.5 0.8877643222634145 0.7882536531939667
336 0.8877283940710816 0.7881846685174602
335.5 0.8879944709539468 0.7886630338418178
335 0.8876671429058153 0.7880789864376954
334.5 0.8874447845389091 0.7876866263927151
334 0.8872166989434652 0.7872791500436178
333.5 0.8872636163623219 0.7873636065650564
333 0.8871888456240699 0.787232559553723
332.5 0.8873739780952473 0.7875600112899411
332 0.8869652845223528 0.7868344329153345
331.5 0.8868325988591496 0.7865970127471151
331 0.8868843856864146 0.7866886150297866
330.5 0.8866036389074406 0.7861926831573574
330 0.8866801242649792 0.7863273563924192
329.5 0.8862703788871 0.7856010116714214
329 0.8863072680867671 0.7856659298155896
328.5 0.8861636847105231 0.7854125405481417
328 0.8858252797479346 0.7848142514449158
327.5 0.8859659251936769 0.7850636396521288
327 0.8859213685522273 0.7849786781636916
326.5 0.8858456020483149 0.7848483162676955
326 0.8855558249578949 0.7843366844912264
325.5 0.8853302110979487 0.7839373966002786
325 0.8854603448370159 0.7841687338373561
324.5 0.885171825066234 0.7836540546064077
324 0.8848767686862311 0.7831328864861941
323.5 0.884617020411509 0.782675546669628
323 0.8847804192983041 0.7829643849565376
322.5 0.8844605225290506 0.7824006131086292
322 0.8844555861845005 0.7823893333679728
321.5 0.8842703227472252 0.7820627349445923
321 0.8839223230359403 0.7814463396808765
320.5 0.8842467164054119 0.7820182956050779
320 0.8842470227461939 0.7820195841345717
319.5 0.8838318490412131 0.7812884571734035
319 0.884056893485192 0.7816879392984384
318.5 0.8836593374099245 0.7809826446462641
318 0.8838344367379037 0.7812927773573289
317.5 0.883442331947448 0.780596183923448
317 0.8832505794183424 0.7802562341584144
316.5 0.8830333511782111 0.7798715471722827
316 0.8830369284838171 0.7798820417501189
315.5 0.8829443663939389 0.779721088939824
315 0.882778478691265 0.779425268935415
314.5 0.8825415245530496 0.7790065582128359
314 0.8824999537796162 0.778931620004938
313.5 0.882344956674186 0.7786619172787405
313 0.8823150040086712 0.778609071462612
312.5 0.8818479132680316 0.777783588106055
312 0.8820618049091097 0.7781637392121569
311.5 0.8817531974780299 0.7776161511391015
311 0.8817496613457345 0.7776091468156164
310.5 0.8817593093319216 0.7776285126741358
310 0.8816622964866457 0.7774535580666994
309.5 0.881603222863288 0.777352837957642
309 0.8811876592020708 0.7766169842889734
308.5 0.8808229773183063 0.7759768748656075
308 0.880920758774732 0.7761486131313803
307.5 0.8809708144548464 0.776237325150043
307 0.8807478312964662 0.7758456946029547
306.5 0.8805715117056874 0.7755313613173539
306 0.88020718412659 0.774894111928459
305.5 0.8805293734356918 0.7754614756340324
305 0.880085965533652 0.7746802281971461
304.5 0.8801177929431753 0.7747345213782736
304 0.8799330353881392 0.7744138436290461
303.5 0.879682287629425 0.7739721516273443
303 0.8795661574995477 0.7737685881279958
302.5 0.8794252598936274 0.7735173477663218
302 0.8793116280251815 0.7733171002222394
301.5 0.8790963653624567 0.7729388646084308
301 0.8786755336271703 0.7722038534178041
300.5 0.8787537072550097 0.7723354143144548
300 0.8785356962942846 0.7719540417210492
299.5 0.8787791995878039 0.772384694736048
299 0.878238573126225 0.7714338947119366
298.5 0.8784661395520718 0.7718350821593563
298 0.8779170342595165 0.7708741703294126
297.5 0.8780752067142426 0.7711469382373546
297 0.8779056425923725 0.7708479834221753
296.5 0.8775615410787747 0.77024577561511
296 0.8775377567918329 0.7702012795815417
295.5 0.8774112945238635 0.7699780766588139
295 0.8775231331745302 0.7701761466303835
294.5 0.8771727975468936 0.7695624486427394
294 0.8768907457855922 0.7690695170958367
293.5 0.8765739561332903 0.7685106158732012
293 0.8766677786512087 0.7686772215836755
292.5 0.8768180231728568 0.7689392677255446
292 0.8763296237593411 0.7680787463838894
291.5 0.8764793027127973 0.7683476553477125
291 0.8760459017277725 0.7675868007338175
290.5 0.8753987094792003 0.7664550276964431
290 0.8757393749006972 0.7670497966559084
289.5 0.8752510381047219 0.766191706233472
289 0.875081941226153 0.7659013815513178
288.5 0.8753629146954884 0.7663879194029817
288 0.8750344224508172 0.7658153429222
287.5 0.8749560689646543 0.7656780247477928
287 0.8748183347823681 0.7654370395160264
286.5 0.8744885227889647 0.7648582917251933
286 0.8746176255213861 0.7650836180229124
285.5 0.8740962604648577 0.7641740901169233
285 0.8740382907546789 0.7640724687837145
284.5 0.8744514647484274 0.7647968431635903
284 0.873922806475985 0.7638715775752482
283.5 0.8737616304687755 0.7635868602738293
283 0.873455984149956 0.7630552123943424
282.5 0.873464939635252 0.7630718438444711
282 0.8733193759967081 0.7628181025266014
281.5 0.872944077715042 0.7621618546008383
281 0.8728079451721642 0.7619213383062583
280.5 0.8727094046472373 0.7617529359554335
280 0.8724273920561513 0.7612574908171876
279.5 0.872517642551978 0.7614123505183514
279 0.8721714477418109 0.7608151289913506
278.5 0.8720955178212433 0.7606790310584387
278 0.8722061826671681 0.7608737964942435
277.5 0.8717007276676598 0.7599909193745094
277 0.8715846806991259 0.7597877072600473
276.5 0.871377528914882 0.7594284257375638
276 0.871201934978743 0.7591202426210123
275.5 0.8710549552047278 0.7588688115039198
275 0.8708824462775331 0.7585664188219742
274.5 0.8704867811822655 0.7578748854449864
274 0.8705246422064339 0.7579434866003153
273.5 0.8703557496510078 0.7576498892958088
273 0.870281630434651 0.7575237374955759
272.5 0.8698156728624737 0.7567114097554899
272 0.8698403648068566 0.7567505092986695
271.5 0.8696494994192264 0.7564227064966428
271 0.8694807335290977 0.7561299225590453
270.5 0.8694017832780353 0.7559886770763604
270 0.8690631914340635 0.7554026218040578
269.5 0.8690731908089411 0.7554192842728706
269 0.869095552902097 0.7554591757623662
268.5 0.8687319728622381 0.754829308138705
268 0.8683626729823218 0.754183503039083
267.5 0.8681692859345995 0.7538506730633099
267 0.8682599226703642 0.754007150574297
266.5 0.867613690506534 0.7528889540813866
266 0.8678378894755406 0.7532764475257228
265.5 0.8672710280423072 0.7522948381369208
265 0.8673331619467907 0.7523970250783767
264.5 0.867014147915929 0.7518475429388011
264 0.8667025216050293 0.751303759255347
263.5 0.8669367780050103 0.7517119661068472
263 0.8665144942546854 0.7509820632992248
262.5 0.8662928484288984 0.7505940837787762
262 0.8663803077301754 0.7507486159080249
261.5 0.8659432879488159 0.7499889306506583
261 0.8655406008113742 0.7492947772436255
260.5 0.8656787512225602 0.7495303982939587
260 0.8651422249787891 0.7486046749280719
259.5 0.8651061797104707 0.7485386196922
259 0.8648751330464167 0.7481384461335652
258.5 0.8649261335187258 0.7482297143223956
258 0.8642539458889738 0.7470714064239562
257.5 0.864748429179505 0.747922603649659
257 0.8640676107643905 0.746741081965211
256.5 0.8638554911757456 0.7463799515744248
256 0.8638655187921591 0.746396185349247
255.5 0.8632573451474136 0.7453468094355123
255 0.8630653329147575 0.7450155837670294
254.5 0.8629303792581663 0.7447864351719178
254 0.86306054301309 0.7450044698954196
253.5 0.862735423902376 0.7444441730920522
253 0.8621663142518409 0.7434628939862017
252.5 0.8621016855415073 0.7433487967707244
252 0.8619849583076523 0.7431504161573427
251.5 0.8620284315305101 0.7432249446709474
251 0.8616326737433119 0.7425419839392774
250.5 0.861546182060069 0.7423918444527057
250 0.8613417031762024 0.7420428272770986
249.5 0.8610081738284301 0.7414680744230437
249 0.8610149933950398 0.7414815122626803
248.5 0.8604287101046436 0.7404676185306749
248 0.8604891867381872 0.7405720871669756
247.5 0.8598767642470724 0.7395210837275503
247 0.8599953283528509 0.7397210362452014
246.5 0.8596908686254738 0.7392020444668008
246 0.8594073300188586 0.7387152395707433
245.5 0.8590810334395047 0.7381523769491606
245 0.8592113726773436 0.7383780791017045
244.5 0.8585886605178419 0.7373104058872583
244 0.8587068220006452 0.7375094212501041
243.5 0.8582440681314448 0.736713616221605
243 0.857974184545818 0.7362534765802603
242.5 0.8578835889522028 0.73610069543826
242 0.8577622385506337 0.7358914051122583
241.5 0.8572583900000611 0.7350275322169871
241 0.8569909059643555 0.7345657138308528
240.5 0.8569290777164492 0.7344628032302714
240 0.8570130453893139 0.7346061998660841
239.5 0.8567018686863245 0.7340764721715015
239 0.8561959709893113 0.7332072428359487
238.5 0.8558452517780075 0.7326086872230553
238 0.8558690729998748 0.7326434760771772
237.5 0.8555780468087872 0.7321445225811049
237 0.8557782151016481 0.7324877510485143
236.5 0.854975288913816 0.7311169565801292
236 0.855176130863973 0.731458547427693
235.5 0.8549046265336987 0.730994371675198
235 0.8543667046149338 0.7300746104518236
234.5 0.8543007194170279 0.7299649956641481
234 0.8540316511869734 0.7295033571480343
233.5 0.8541415612225579 0.7296935114009054
233 0.8531597180493451 0.7280146120126436
232.5 0.853305997923068 0.7282630893123406
232 0.8534645858011439 0.7285355630641425
231.5 0.8531575378660141 0.7280078122192831
231 0.8526526489597405 0.7271471885156847
230.5 0.85211603355577 0.7262373851410853
230 0.8516893319939385 0.7255078490781875
229.5 0.8513617370923172 0.724952185253972
229 0.8515790496918995 0.7253212052755654
228.5 0.8514737987710452 0.7251452767796688
228 0.8504734490379334 0.7234402751481338
227.5 0.8506280741749701 0.7237009315068087
227 0.850172010831796 0.7229293710135013
226.5 0.8503203767496915 0.7231801838193608
226 0.8500250058400612 0.72267832290994
225.5 0.849529220635844 0.7218347061806225
225 0.8492217358119781 0.7213103703878556
224.5 0.8491142618535872 0.7211302215177159
224 0.8483856566860234 0.7198947747588389
223.5 0.848398687327841 0.7199206955524645
223 0.8481187629854847 0.7194395761311196
222.5 0.8479642081903457 0.7191730588633934
222 0.8477234182691921 0.7187684654497888
221.5 0.8473808615836456 0.7181888378168921
221 0.846971035312809 0.717495311655228
220.5 0.8471824273964536 0.7178552754268624
220 0.8468654556177239 0.7173159712706004
219.5 0.8460133153114866 0.7158742921730135
219 0.8463552483866718 0.7164561157392068
218.5 0.8457864805086073 0.7154887545254122
218 0.8451814868696783 0.7144654432830855
217.5 0.8447701869204195 0.7137696440007276
217 0.8452667765102629 0.7146149325261597
216.5 0.8448757047907761 0.7139505211114979
216 0.8443684332499362 0.7130938847460394
215.5 0.8438557362336915 0.7122275832855846
215 0.8434640174291606 0.7115665923504955
214.5 0.8437051914807051 0.7119747869889005
214 0.8432376327139489 0.7111869994506871
213.5 0.8427526787207752 0.7103661229925948
213 0.8426424000168024 0.7101838569963668
212.5 0.8421597935316356 0.7093699135730047
212 0.8414662705565867 0.7082020270453969
211.5 0.8417064021496363 0.708602507797681
211 0.8413148954512363 0.7079500684621812
210.5 0.8411601146687353 0.7076899394789495
210 0.8409978463781832 0.7074137655099386
209.5 0.840595231241722 0.706734552161463
209 0.8403827044866352 0.7063789629109091
208.5 0.8400420798915981 0.7058026856128933
208 0.8393910221382024 0.704716076811076
207.5 0.8390012046515825 0.704059293565253
207 0.8388557065205183 0.7038214107120858
206.5 0.8384097002516502 0.703068138148336
206 0.8380816546315428 0.702517811774605
205.5 0.8378256809162014 0.7020844633553844
205 0.837040619288185 0.7007715097649533
204.5 0.8375374413226225 0.7016059006473879
204 0.8369062898412921 0.7005476242916685
203.5 0.8362002780242836 0.6993690023933663
203 0.8363771465188252 0.6996676152390273
202.5 0.8357632645149276 0.698631662381055
202 0.8351273974828409 0.6975757172435434
201.5 0.8351197796033515 0.6975613905793244
201 0.8347610224786096 0.6969623936259142
200.5 0.8347233636314536 0.6968981584782493
200 0.8341528551289369 0.6959535462630608
199.5 0.8340759537573378 0.6958164389443793
199 0.833516725237182 0.6948913969760444
198.5 0.8329900467651917 0.6940078992951542
198 0.8323494927369489 0.6929450173546134
197.5 0.8326555008422225 0.6934545647801927
197 0.8319255469467832 0.6922376115146662
196.5 0.8321172917367765 0.6925571591370443
196 0.8316524742245879 0.6917849970592579
195.5 0.8311522887985436 0.6909510355331693
195 0.8308721337660044 0.6904823416685951
194.5 0.8299812405912956 0.6890067921441748
194 0.8298263169580167 0.688754717453751
193.5 0.8300327583987811 0.6890916939680105
193 0.8292258624317744 0.6877545422980877
192.5 0.8287514806587964 0.6869654543097198
192 0.8288628264588047 0.6871488899029724
191.5 0.8282506831598144 0.6861392091497489
191 0.8277049020886555 0.685234282421954
190.5 0.8268300686497295 0.6837850051660248
190 0.8269278483960543 0.6839461528718461
189.5 0.8264251536911217 0.6831154493932162
189 0.8261351490522173 0.6826396556122941
188.5 0.8252571870518252 0.6811878266955211
188 0.8254508966530375 0.681503226473682
187.5 0.8250460751979651 0.6808439118341695
187 0.8248548910805491 0.6805238962730378
186.5 0.8242025477816955 0.6794507984866829
186 0.8240930733586403 0.6792619535295458
185.5 0.8234025810388615 0.678132537933345
185 0.8228914283246139 0.6772851042224076
184.5 0.8225259746500718 0.6766959479800752
184 0.8221107623900142 0.6760019437836914
183.5 0.8217563403744127 0.67542371876965
183 0.8213616688351336 0.6747764582982584
182.5 0.8209842439198832 0.6741538494714613
182 0.8210124038832481 0.6742083800187065
181.5 0.8202687541326202 0.6729854676946819
181 0.8199956773472382 0.672529800940985
180.5 0.8194433578551348 0.6716255796232988
180 0.8184209643809549 0.6699534715436597
179.5 0.81846920523582 0.6700271239356206
179 0.8183565133908992 0.6698434774195146
178.5 0.8178757536662358 0.6690624958295279
178 0.8166612651312123 0.6670802674788551
177.5 0.8163514074579534 0.6665713765899799
177 0.8162669620465175 0.6664320752087749
176.5 0.8160614668492534 0.6660926389451366
176 0.8153972470441205 0.6650122115764852
175.5 0.8148889942671262 0.6641816085070652
175 0.8139300017312822 0.6626188261745558
174.5 0.8141195270030747 0.662933411671997
174 0.8132862338624691 0.6615751795252921
173.5 0.8128032278919973 0.6607905109248856
173 0.8123183791959729 0.6600036535938195
172.5 0.8122555319692093 0.6598954088283244
172 0.8113743176379888 0.6584705814768881
171.5 0.8114048705866789 0.6585146499663806
171 0.8106167625081655 0.6572363522946485
170.5 0.8101168792495984 0.6564278855390547
170 0.8095981822220831 0.6555901254249196
169.5 0.8092739700504671 0.6550656428662517
169 0.8090678336874475 0.6547336067339573
168.5 0.8078866792696466 0.6528170370497466
168 0.8078726777083846 0.6528025241300176
167.5 0.8070197361056856 0.6514285997407371
167 0.8066375422810517 0.6508037825145603
166.5 0.8060001171175547 0.6497819978257271
166 0.8057132247945005 0.6493174684165437
165.5 0.8050020429838362 0.6481698779829751
165 0.8044836056638217 0.6473362433886872
164.5 0.8041668878941503 0.6468242907226179
164 0.803685797949792 0.6460552769265613
163.5 0.8032251063735116 0.6453083335614919
163 0.8024348157563477 0.6440356557580562
162.5 0.8022620337438329 0.6437681188577017
162 0.8008844197107141 0.641557891294725
161.5 0.8008045092825553 0.6414239034561204
161 0.80046759531532 0.6408913616083369
160.5 0.7998451138877929 0.6398918670616218
160 0.7996148521678438 0.639524730211084
159.5 0.7988414304624916 0.6382882629106285
159 0.7982860917120095 0.6374056615146764
158.5 0.797843662494503 0.6366966721683579
158 0.7972820389261783 0.6357985131460142
157.5 0.796730452421757 0.6349146133801715
157 0.7962740892521937 0.6341933299719517
156.5 0.7955014233546973 0.6329619103472457
156 0.7951108676366482 0.6323460070775323
155.5 0.7942652151499989 0.6310017873441944
155 0.7937400725560034 0.630164040061304
154.5 0.7935157176047666 0.6298090419889272
154 0.7924644316358896 0.6281414104969729
153.5 0.7916924257326841 0.6269196066200605
153 0.7914343266702277 0.6265052628057696
152.5 0.7905323813356364 0.6250855233570723
152 0.7900994889569948 0.6243998881731193
151.5 0.7897166361984119 0.623791008384937
151 0.7886753492256926 0.6221476088308001
150.5 0.7883887504245745 0.6216916763464627
150 0.7876990883088172 0.6206114513401276
149.5 0.7874001649833744 0.6201400378968155
149 0.7860556221173716 0.6180279650351894
148.5 0.7858592101043665 0.6177144592994648
148 0.7853279764331644 0.6168834795765522
147.5 0.7846284243457297 0.6157873497285226
147 0.7834166775591539 0.6138854120578056
146.5 0.7832445389777798 0.6136100981349863
146 0.7823663170435683 0.6122417765322822
145.5 0.7821486562569064 0.6118970865111121
145 0.780976563947546 0.6100646973915383
144.5 0.7808290134744474 0.6098344729302643
144 0.780001680308333 0.6085414291008792
143.5 0.77927312110836 0.6074055994655613
143 0.7783073009723338 0.6058995952344207
142.5 0.7778610684996571 0.6052042909941728
142 0.776940477027681 0.6037796465945194
141.5 0.7763019705244144 0.6027901659544802
141 0.77557234997494 0.6016501731705379
140.5 0.7748317035876655 0.6005037794703367
140 0.773840065387774 0.5989758134731267
139.5 0.7731693189425823 0.5979305309082206
139 0.7734384050207683 0.5983507774429498
138.5 0.771599266793894 0.5955115487142142
138 0.7711521031496061 0.5948197267113055
137.5 0.7705284092890337 0.5938586372962315
137 0.7691543730369096 0.5917418656657533
136.5 0.7687301105232267 0.5910869464926705
136 0.7682906097035284 0.5904169364925624
135.5 0.7674791044565051 0.5891725280686868
135 0.7667787606480079 0.5880905548955845
134.5 0.7650460025049526 0.5854407058756913
134 0.7654005084265534 0.58597838376011
133.5 0.7643173379228013 0.5843206011424261
133 0.7634777988385885 0.5830380373925119
132.5 0.7626787509761382 0.5818144576756894
132 0.7617429836221978 0.5803898959739028
131.5 0.7608533609829361 0.5790376485620499
131 0.7598040715884321 0.5774505038942461
130.5 0.7590985671851872 0.5763715067198686
130 0.758276828191729 0.5751354838634449
129.5 0.7574740076493142 0.5739090732760104
129 0.7570883945426772 0.573336614505075
128.5 0.7554628424201564 0.5708636638888768
128 0.7549482030256509 0.5700873840381253
127.5 0.7540563663794702 0.568747945218084
127 0.7534528743498579 0.5678279719621884
126.5 0.7525038727228364 0.5664043323301997
126 0.7516897531070545 0.5651860081651576
125.5 0.7505187575786437 0.5634225836477236
125 0.7504768140075082 0.5633587837821559
124.5 0.7482407325594512 0.5600063467555167
124 0.7478261227553724 0.5593871226425096
123.5 0.7469081221133627 0.5580148540965824
123 0.7464243640459164 0.5572914845106987
122.5 0.7445451923802461 0.554485275816198
122 0.7440035052693506 0.5536810727056859
121.5 0.743126535760076 0.5523811207440054
121 0.7425762575848764 0.5515602307772118
120.5 0.7413894461599653 0.5498006413425279
120 0.7411555379251425 0.5494506111194903
119.5 0.7390583261291948 0.5463457950652378
119 0.7378971340644038 0.5446373012702186
118.5 0.7370883034308622 0.5434428805173195
118 0.73680631899265 0.543026456028405
117.5 0.7348267307393987 0.5401098822995316
117 0.7341926220834134 0.5391808935120262
116.5 0.7330764333773966 0.5375350509196395
116 0.7321806743621647 0.5362263514075009
115.5 0.7306452183358699 0.5339852341705102
115 0.7308727165340924 0.5343127646140335
114.5 0.7286012608367268 0.5309922962012826
114 0.7282101473452814 0.5304339684161979
113.5 0.7265880702208835 0.5280728977925331
113 0.7256019969602943 0.526636964642543
112.5 0.7252402375984329 0.5261088940797959
112 0.7238901064863097 0.524160163646752
111.5 0.7222478375575649 0.5217819504195104
111 0.7215342618178294 0.5207546112704943
110.5 0.7198227770437183 0.5182792272096456
110 0.7190876544778001 0.5172190902092882
109.5 0.7174486647272872 0.5148763376448067
109 0.7166221601874045 0.5136830658343876
108.5 0.7152482279499648 0.5117138145440807
108 0.7143974820576375 0.5105009075524605
107.5 0.7135228704155699 0.5092549592101488
107 0.7120082314873549 0.5070830685894647
106.5 0.7105176690098013 0.5049737675700086
106 0.7090992492620173 0.5029545788281332
105.5 0.7078328932247753 0.5011690177505631
105 0.707243061471459 0.5003298492003593
104.5 0.7058550590786111 0.4983629460451876
104 0.7041303125554814 0.49593566706359166
103.5 0.7035926223752064 0.4951796947394171
103 0.7021303230314737 0.49312245761404827
102.5 0.7004733113170173 0.49079245991610404
102 0.6996752690547002 0.4896765719191936
101.5 0.6983413339561768 0.48781391963953147
101 0.6961257355770339 0.4847267288541612
100.5 0.695791322571464 0.48426174941077704
100 0.6936476562012793 0.48128029289286944
99.5 0.692213499666776 0.47929765143355985
99 0.691159251193011 0.4778350571653295
98.5 0.690012243840524 0.47625344997909425
98 0.6880482057190993 0.4735484834776556
97.5 0.6873028418355405 0.4725219874497786
97 0.6856870529292052 0.47029922600713936
96.5 0.6839902673043659 0.46798642193248874
96 0.6816621009033706 0.46479960587078617
95.5 0.6813860381237751 0.46442142419337507
95 0.6798518101596145 0.46233203604682477
94.5 0.6774801824104143 0.45911934023521217
94 0.6770185469835054 0.45848437999328945
93.5 0.6756925563591211 0.456691088825985
93 0.6734676600053335 0.45369802941541443
92.5 0.6724408349671578 0.4523037191807476
92 0.670763898944568 0.45005825027988
91.5 0.6698053030531661 0.4487683619975572
91 0.667221832100222 0.4453212086605833
90.5 0.6657314708059369 0.4433240867321999
90 0.6641613981342008 0.4412476423390026
89.5 0.6628645008758758 0.4395256913588558
89 0.6608978303731697 0.43691511614675693
88.5 0.659294154331496 0.434803439620566
88 0.6581162676887209 0.43324017611411275
87.5 0.6556036859507909 0.4299484449170806
87 0.6540159692626689 0.42786329490390634
86.5 0.6529838954605167 0.4265156616675589
86 0.650977904368214 0.42390284076338675
85.5 0.6491919345496201 0.4215673537734564
85 0.647409743743688 0.4192635758509457
84.5 0.6451725946936894 0.41637415438427283
84 0.6442083543097445 0.41513187129643225
83.5 0.6425577287300295 0.4130095425548299
83 0.6394759199857898 0.40905694673202514
82.5 0.6387903448518976 0.4081718998737702
82 0.6375384680214018 0.4065749619647311
81.5 0.6356574867978542 0.40417957665910537
81 0.6329044871257397 0.40067548260140157
80.5 0.631966386563265 0.3994997258665164
80 0.6290891625968366 0.39587659435584077
79.5 0.6280304642796839 0.39454052080340696
79 0.6255044525581666 0.39137626509541146
78.5 0.6244779479668947 0.390082584197013
78 0.6221448097035687 0.3871898421409443
77.5 0.6203984455211443 0.3850116723560007
77 0.6179903161744028 0.3820274390967871
76.5 0.6164224934874678 0.3800888052188043
76 0.6138263383596263 0.3768895892941917
75.5 0.6129857782932586 0.37585200310255135
75 0.6111877257731566 0.3736552384684717
74.5 0.6087832288399011 0.3707281012439412
74 0.6063193447844072 0.3677417739735328
73.5 0.6041735264855366 0.3651468643735246
73 0.6016234723746952 0.36205273088450307
72.5 0.5996188556871894 0.35965147967401845
72 0.5976142936033098 0.3572539733719078
71.5 0.5947997318230147 0.35389361006616016
71 0.5935832551416931 0.35244600572564844
70.5 0.5913771352979853 0.34984062656808146
70 0.5897316247271267 0.34789200186954483
69.5 0.5862436079896618 0.3437894465481393
69 0.585121373182502 0.3424654236068596
68.5 0.584234768732877 0.3414299271710272
68 0.5803277858025013 0.33688494353393583
67.5 0.5782480710854574 0.33448495813195533
67 0.5753183417834637 0.33108378399339444
66.5 0.5737205470807855 0.3292605044947331
66 0.571019098616644 0.32616154251862195
65.5 0.5696249755610837 0.32455127937106315
65 0.5673685267871514 0.3220070509179498
64.5 0.5644174850931329 0.31866015216756305
64 0.5620611628345481 0.3160010320270345
63.5 0.560975632727439 0.3147910491929765
63 0.5586178560110804 0.31214680543720874
62.5 0.5543587415378954 0.3074042202817043
62 0.5529232891331225 0.3058206677301436
61.5 0.5518832657031992 0.3046661636427906
61 0.5481283699284402 0.300535472923126
60.5 0.5457583986144967 0.2979361134650175
60 0.5435143128271965 0.2954865330514173
59.5 0.5417464525139802 0.29357984985339236
59 0.5379596972829752 0.2894838465747513
58.5 0.5375958353626661 0.28908395827972444
58 0.5337758986336582 0.28500243117192836
57.5 0.5294967666081758 0.2804494468975514
57 0.5290546788269779 0.2799788031784189
56.5 0.525842918472017 0.2765979730000671
56 0.5232606435471949 0.27388555895067346
55.5 0.5207996763992324 0.27131949271367456
55 0.5180461511616282 0.26844328872126905
54.5 0.5155967309092948 0.2659164295024388
54 0.5139496257189798 0.26420672593979316
53.5 0.5110399389459509 0.2612337944903374
53 0.5084944226886392 0.25864539261699454
52.5 0.5053419043323387 0.2554392004487921
52 0.5035037472620987 0.253579952024183
51.5 0.4998805033489775 0.24994589953252344
51 0.49691707884605124 0.2469946897658935
50.5 0.49612519607004624 0.24620489842507023
50 0.4914103816170625 0.24155308352788238
49.5 0.4895230324412298 0.23968440128676155
49 0.48717289696457017 0.23739722012790276
48.5 0.48371623067820213 0.23404468679307144
48 0.4835565450462097 0.2338804345058516
47.5 0.47917264193754744 0.22966057741445509
47 0.47690088258602326 0.2274981887921447
46.5 0.4753269840478248 0.2259937972641917
46 0.4714051606866836 0.22227447562861855
45.5 0.47023318752926774 0.221182483252455
45 0.4658434912337708 0.21706707040923592
44.5 0.4644594704598632 0.2157722558623347
44 0.4623221138955221 0.21380123706946136
43.5 0.45990494129796644 0.21155475505858332
43 0.4567451181602374 0.20866921077670222
42.5 0.45401225953208413 0.2061672067509447
42 0.4504874932338809 0.20298181229647022
41.5 0.44961034107282627 0.2021857094062868
41 0.4450668345818073 0.19812960602498925
40.5 0.4428879966826234 0.19618667809851253
40 0.44092998991514776 0.19445868415576067
39.5 0.4384537694351319 0.19228876185549051
39 0.43569878569755355 0.18987307846697085
38.5 0.433309455516654 0.18779242897921528
38 0.4331533371412382 0.18765397388643879
37.5 0.4269523014604715 0.18231885920706561
37 0.4250975684321731 0.18074202249647425
36.5 0.4241301213127692 0.17991953941661568
36 0.41978082574314957 0.1762481873897388
35.5 0.4180668235113589 0.1748052713439167
35 0.415683386739897 0.17281826706040895
34.5 0.41282305889667814 0.1704529755780072
34 0.4100461167237155 0.16815811524428428
33.5 0.40935735653071836 0.1675933721227712
33 0.40660662495710354 0.16534832265231195
32.5 0.4061135950365888 0.16494799684799402
32 0.40229104205749516 0.16186458881936822
31.5 0.4008813375248041 0.16072333297645508
31 0.39794526374520167 0.15837929867996775
30.5 0.39614697420510536 0.15695409448450384
30 0.39378213252351835 0.15508042585547327
29.5 0.39191425301929234 0.15361589183751048
29 0.3881471615918583 0.150679648274496
28.5 0.387451013153894 0.1501351023665416
28 0.3850980185931295 0.14831405381396345
27.5 0.38314645272815456 0.1468123045912691
27 0.3830504056110514 0.14674116086853964
26.5 0.3790203267292368 0.14366779158008253
26 0.37904078645194433 0.14368607945113043
25.5 0.3764864891162707 0.1417568062855616
25 0.3737177451079984 0.13967647226801128
24.5 0.3707570531552646 0.13747138850698742
24 0.37020049489916323 0.13705861729088492
23.5 0.3695742573137321 0.13659959047302428
23 0.3692636540505068 0.13636535540454847
22.5 0.3667909649956863 0.13454250275425636
22 0.36272058647918265 0.13157270886204747
21.5 0.3622384428769458 0.13122110047792496
21 0.3619126716211656 0.1309858477285451
20.5 0.35952261333792995 0.12926441149738024
20 0.35985700283250754 0.12950186304312353
19.5 0.35667760328838594 0.12722336727315878
19 0.3541184098789369 0.12540228722051777
18.5 0.353625222204169 0.12505320517860863
18 0.35219560164121 0.12404594839966525
17.5 0.34975764877773463 0.12233315596509564
17 0.35100092582800585 0.12320267785282002
16.5 0.3496870732878739 0.12228302497380683
16 0.3494146284326607 0.12209280464305951
15.5 0.3477562551880046 0.12093608187847771
15 0.3464183005152792 0.12000664993025718
14.5 0.3454918563568765 0.11936578298242033
14 0.34536192813109906 0.11927563804281292
13.5 0.34409606736270354 0.11840304957132662
13 0.3434165284582043 0.11793547750774087
12.5 0.341734928613085 0.11678340783650375
12 0.3421692164093249 0.11708032880536243
11.5 0.3418375652662569 0.1168533329792748
11 0.3411669613259191 0.11639508960309873
10.5 0.3402847490370521 0.11579406079278033
10 0.34018148381823476 0.11572364254134442
9.5 0.33995419969375584 0.1155690094214805
9 0.339546898597713 0.11529219824188676
8.5 0.3389060606419788 0.11485750797284526
8 0.33838632912241684 0.11450534669154105
7.5 0.33837193649081404 0.114495637984199
7 0.3382639394417835 0.11442252557579664
6.5 0.3381259777252597 0.11432919083554957
6 0.3381063752254486 0.11431594041423
5.5 0.3379917814625691 0.11423845618855119
5 0.3379731201462595 0.11422583591978375
4.5 0.3379276513042462 0.11419510127732754
4 0.33788566292869393 0.11416672474731057
3.5 0.3378312952474861 0.11412998542793205
3 0.3378204005881338 0.11412262359633178
2.5 0.337820988143227 0.11412302033249404
2 0.33780725859517213 0.11411374410191595
1.5 0.3378016678005474 0.11410996683098974
1 0.3377997655050924 0.11410868164286456
0.5 0.33779255236106603 0.11410380843456575
