1000 0.8529814938254907 0.7276957947506033
999.5 0.8527928426899157 0.7273752615938651
999 0.8527530912108465 0.7273058789571089
998.5 0.8527308015410048 0.7272673296385945
998 0.85283295737521 0.7274422750313072
997.5 0.8529108693540233 0.72757528877466
997 0.8529279563517802 0.727606593233234
996.5 0.852588903696092 0.7270246332605335
996 0.8525859240252788 0.7270237916408889
995.5 0.8527155176744775 0.7272425441060019
995 0.8527520657164561 0.7273043032051012
994.5 0.8526895972482702 0.7271973610140081
994 0.8526375625460701 0.7271074437779734
993.5 0.8524412207607953 0.7267765356576446
993 0.8526815724805896 0.7271836554471103
992.5 0.8526013608944761 0.727048989424368
992 0.8524777490604862 0.7268398000342112
991.5 0.8523518932150143 0.7266215723485122
991 0.8526241101610005 0.7270859346347766
990.5 0.8527314495580245 0.7272674632377494
990 0.852429279458758 0.7267549065720201
989.5 0.8527008457908167 0.7272156471247618
989 0.8524101901183018 0.7267252213600625
988.5 0.8526364085268625 0.7271088213634002
988 0.8525515567534259 0.7269647147961746
987.5 0.8526633902992801 0.7271541867924715
987 0.8525029794988799 0.7268808200688048
986.5 0.852444224835896 0.726778224623172
986 0.8525049340565936 0.726882036110898
985.5 0.8523941186407559 0.7266967704216409
985 0.8527247964076977 0.7272596343519684
984.5 0.8523178251231267 0.7265633645087977
984 0.8523831342312691 0.7266769737033342
983.5 0.8524039402654562 0.7267125841216396
983 0.8524850980368935 0.7268497283437303
982.5 0.8524607566157657 0.7268083703636059
982 0.852414908646547 0.7267314764007334
981.5 0.85246541544691 0.7268166005132886
981 0.8522185445879775 0.7263976528433317
980.5 0.8524699979936654 0.7268232114628693
980 0.8524101019587129 0.7267210691481564
979.5 0.8523091827007463 0.7265510095594051
979 0.8523117098055548 0.7265548387160983
978.5 0.8523466545754238 0.7266148950306454
978 0.8524080311407173 0.7267174799285254
977.5 0.8521971505351409 0.7263578157035065
977 0.8520570530598106 0.7261219182393135
976.5 0.85233589063369 0.7265946251237594
976 0.8521332842975401 0.7262498734483681
975.5 0.8519535506230762 0.7259467298343302
975 0.8521019500372227 0.7261987759137947
974.5 0.8522776568519247 0.7264975407569785
974 0.8520333372241986 0.7260819037875138
973.5 0.8522239763744817 0.7264061055880354
973 0.8521047192013151 0.7262014257086205
972.5 0.8521904794725567 0.7263439979188644
972 0.8521011843030717 0.7261947047670875
971.5 0.8521267476148479 0.7262376819177856
971 0.8521208478089896 0.7262253112092045
970.5 0.8522158112019409 0.7263923557346423
970 0.8520688157078937 0.7261397476211774
969.5 0.8521335385262899 0.7262514844746589
969 0.8519673500041703 0.7259668965665534
968.5 0.8521748009421307 0.7263204377177259
968 0.8520992866129868 0.7261906685512625
967.5 0.8516838950435855 0.7254859729700961
967 0.8522060413467936 0.7263751563805931
966.5 0.8520691140521768 0.7261420006395435
966 0.8519876436910079 0.7260008616650698
965.5 0.8520268532692216 0.7260668129162491
965 0.8516168948695746 0.7253732559713203
964.5 0.8519057692578244 0.7258615281976468
964 0.8520472534638409 0.7261023649890169
963.5 0.8519702820347488 0.7259738054080769
963 0.8516538979989217 0.7254360030051636
962.5 0.8517009641759904 0.7255156466648588
962 0.8519972983188911 0.7260194091281243
961.5 0.8517039160564985 0.7255195952617471
961 0.8519077073765359 0.7258648070243525
960.5 0.8517566391564991 0.7256069521011806
960 0.8517289673180586 0.7255605343197089
959.5 0.8516239283076087 0.7253833021160906
959 0.8516414529820412 0.7254106222829348
958.5 0.851597993290934 0.7253356363605572
958 0.8520089387996704 0.7260398253601058
957.5 0.8518449023747495 0.7257583132962772
957 0.8518214405588238 0.7257168194556332
956.5 0.851897239683989 0.7258486259164932
956 0.8517414564822698 0.7255813250016491
955.5 0.851618671149063 0.7253727769289895
955 0.8515851826697833 0.725314757909341
954.5 0.8517885448645091 0.7256602026065091
954 0.8515192953217224 0.7252051853979491
953.5 0.8513951463989607 0.7249929550641653
953 0.8514156071828629 0.7250266819727316
952.5 0.8514020273075722 0.7250042951492078
952 0.85160356057532 0.7253514687356056
951.5 0.8516708196180748 0.7254632582573214
951 0.8513590071138664 0.7249317619783303
950.5 0.8515650371446427 0.7252822681289386
950 0.8516954362468704 0.7255055958254717
949.5 0.8514446392237965 0.725075559311818
949 0.851553864285078 0.7252606103413504
948.5 0.8514781114715448 0.7251318104563509
948 0.8516056325271159 0.7253503300919256
947.5 0.8516382415725752 0.7254070069797567
947 0.8515815877052665 0.7253088328093431
946.5 0.8512754531634995 0.7247877996467729
946 0.8515854113637478 0.7253171835649588
945.5 0.8516441316933644 0.7254153724126603
945 0.8511851444709186 0.7246363571704215
944.5 0.8511834694350037 0.7246335728241536
944 0.8514124970958611 0.7250211687159988
943.5 0.8511040354204711 0.7244964479464625
943 0.8513943158023296 0.7249921463990003
942.5 0.8515396025486729 0.7252380576796119
942 0.8514063840149994 0.7250104637149034
941.5 0.8512291561293353 0.7247103338547057
941 0.8513064004237123 0.7248397231980362
940.5 0.8512469490484542 0.72473893425434
940 0.8515201774034773 0.7252065300358128
939.5 0.8513224686994467 0.7248736009283944
939 0.8512220726521752 0.7247005144882243
938.5 0.8512165624796468 0.7246874644149717
938 0.8510346128062095 0.7243771841949715
937.5 0.8510837669268123 0.724462598086873
937 0.8512328872774081 0.7247183458384584
936.5 0.8511496848877179 0.7245793692877205
936 0.8510784933224544 0.7244525535011889
935.5 0.8510356789325192 0.724380559161212
935 0.8513511294595699 0.7249168098278025
934.5 0.8509963252784533 0.724315026259963
934 0.8511726011400785 0.724617144595837
933.5 0.8510642910197148 0.7244299258138884
933 0.8510083908675574 0.7243387211836045
932.5 0.8510780778659255 0.7244553189409881
932 0.8513653117677719 0.7249442183327681
931.5 0.8509244869344317 0.724193009150744
931 0.8511756632978992 0.7246219069345082
930.5 0.8510999128666247 0.7244916065615292
930 0.8511261969086992 0.7245345023751567
929.5 0.8511024557003967 0.7244943553130819
929 0.8510381371415886 0.7243854889750913
928.5 0.8510043999039726 0.7243291783827405
928 0.8508574635617064 0.7240774714070467
927.5 0.8508727202729559 0.7241044565396257
927 0.8507763530062042 0.7239406031368156
926.5 0.8510271885074588 0.7243649690251661
926 0.8507794948112704 0.7239459422232927
925.5 0.8508252279100285 0.72402433133222
925 0.8512229833433566 0.7246987734408292
924.5 0.850705843999782 0.7238194578358779
924 0.8508208133901397 0.7240153560247117
923.5 0.850836904479536 0.7240451560559589
923 0.8507780070455367 0.7239422324932135
922.5 0.8509697542116208 0.7242693626110013
922 0.8508615287558692 0.7240836596941627
921.5 0.8506220912011513 0.7236768898563919
921 0.8506374324321825 0.72370160323341
920.5 0.8508375897504104 0.7240464433484748
920 0.8506396725990854 0.7237093578521455
919.5 0.8506719859424284 0.7237623713306801
919 0.8506034768040592 0.7236451942232757
918.5 0.8505293315524474 0.7235198289888934
918 0.8508324009411853 0.7240351463672005
917.5 0.8505406479881322 0.7235386515115503
917 0.8505316252909176 0.7235207383923586
916.5 0.8507585239415411 0.7239090220756899
916 0.8507070205744678 0.7238223363713887
915.5 0.8504094839471414 0.7233180070715973
915 0.8505201776607796 0.7235032868534389
914.5 0.8506064564729792 0.7236499362737736
914 0.8505922784640583 0.7236292701606798
913.5 0.8504493054983264 0.7233835460882179
913 0.8505048018944854 0.7234742499472963
912.5 0.8502165336021436 0.7229872950239968
912 0.8505763869029248 0.7235998109558854
911.5 0.8504424617524 0.7233706233690712
911 0.85032974989179 0.7231796809903116
910.5 0.8504972802747637 0.7234680249284684
910 0.8502839422751628 0.7230996268950747
909.5 0.8504906618000403 0.7234518277423144
909 0.8504330159194088 0.7233569884096833
908.5 0.8506114524790426 0.7236605686187023
908 0.8504733784371499 0.723422504149055
907.5 0.8500511203973757 0.7227051802105842
907 0.8503129479818732 0.7231533278940667
906.5 0.8500702095788628 0.7227363888443745
906 0.850251615216636 0.7230478773091247
905.5 0.8503560713171264 0.723224761098368
905 0.850401829686326 0.723303563426975
904.5 0.8502674767124593 0.7230754562130797
904 0.8502406198886654 0.7230298168895606
903.5 0.8502158936562169 0.7229890296838363
903 0.8503271220780976 0.7231741604204717
902.5 0.8504544170937827 0.7233930947102387
902 0.8503869408023772 0.7232796749336425
901.5 0.8500350092975573 0.722677219449445
901 0.8504227370805936 0.7233409927890897
900.5 0.8500965048855837 0.7227829055921982
900 0.8502047060013803 0.7229668666579252
899.5 0.8503000312585002 0.723129769377822
899 0.8502403574398398 0.7230286253056628
898.5 0.850192878330758 0.7229470635153625
898 0.8500101864349654 0.7226351251918739
897.5 0.8500204768496626 0.7226529663744393
897 0.8501070194992774 0.7227970514001272
896.5 0.8499082961559316 0.7224635525666354
896 0.8501997286473438 0.7229573865914376
895.5 0.8499818720622236 0.722590718529862
895 0.8499830293060388 0.7225917890036028
894.5 0.849952739254789 0.7225387103580582
894 0.8499483675979473 0.7225317360896645
893.5 0.8497989886428221 0.7222762558799428
893 0.8500154756098014 0.7226452695584775
892.5 0.8498693853248527 0.722396090623618
892 0.8498466721701428 0.7223602719361356
891.5 0.8498290104505112 0.72232816111254
891 0.8498791180491646 0.722413424034855
890.5 0.8499725900564697 0.7225706320304366
890 0.8498788498509959 0.7224129527377722
889.5 0.8499340011924422 0.7225066756813847
889 0.8498870502077909 0.7224282045214739
888.5 0.8500207071797431 0.7226501759575917
888 0.8499775135477545 0.7225792764189701
887.5 0.8497057436121854 0.7221207040752584
887 0.8496760920149236 0.7220687573317559
886.5 0.8498195673211549 0.722311319306264
886 0.8498641587009866 0.7223913784521843
885.5 0.8496384552430807 0.7220023264656215
885 0.849625188236109 0.7219816499121943
884.5 0.8497439227550438 0.7221841809789454
884 0.8495716749350363 0.7218935893883609
883.5 0.849659227879904 0.7220438493783478
883 0.8496270897780738 0.7219870268584299
882.5 0.8496584292328248 0.7220372793735282
882 0.849734501465271 0.7221687418372458
881.5 0.8496158464746543 0.7219675046171926
881 0.8498460444453271 0.7223556393091777
880.5 0.8495317745851195 0.7218261390618609
880 0.849352915621471 0.7215184219617531
879.5 0.8495299741518 0.7218198695246709
879 0.84964377819748 0.7220136798571997
878.5 0.8494748446076078 0.7217277974304378
878 0.8498379321755976 0.7223427188779192
877.5 0.8494512954134513 0.7216846585472564
877 0.8490547591820252 0.7210121974269322
876.5 0.8495146198668043 0.7217943230855799
876 0.8493203550973779 0.7214626193479522
875.5 0.8491737907507064 0.7212168949542002
875 0.8493523765618173 0.7215182687730335
874.5 0.8494490410844735 0.721681706329224
874 0.8492369955919716 0.7213225168007358
873.5 0.8491370571112548 0.7211549538285197
873 0.849225155108654 0.7213043558641434
872.5 0.8492707919560599 0.7213836333852155
872 0.849405563018775 0.7216125569959394
871.5 0.8493145642466925 0.7214554109121882
871 0.8491514810791078 0.721178213745755
870.5 0.8492507101312211 0.7213458608368006
870 0.8493292585847866 0.721479858903305
869.5 0.8493083034839239 0.7214441537872733
869 0.8492334995689084 0.7213184513357085
868.5 0.8492879409304342 0.72140605682645
868 0.8491962974370317 0.721252535485287
867.5 0.8490788429026743 0.7210576279065364
867 0.849144705678229 0.7211645566533386
866.5 0.8489622733979414 0.7208586639303405
866 0.8493701604043972 0.7215477447110699
865.5 0.8490068725445408 0.720933475770509
865 0.8492399931270399 0.7213288695811956
864.5 0.8493325888711301 0.7214864848737081
864 0.8490377266834032 0.7209858655637467
863.5 0.8492585323233703 0.7213618141716749
863 0.8491478829046456 0.7211710383378745
862.5 0.8488141003133117 0.7206058784937356
862 0.8488024290526281 0.7205863079716777
861.5 0.84862384310189 0.7202855814266846
861 0.8487748869335847 0.7205392020688164
860.5 0.8492022258899673 0.7212634510626719
860 0.8489151322771633 0.7207777056700783
859.5 0.848899989453739 0.7207553366697094
859 0.8488081732311202 0.7205959008079633
858.5 0.8489361220391737 0.7208125048883245
858 0.8487773676614759 0.7205412100669939
857.5 0.8487666895990412 0.7205249707186354
857 0.8487802993227078 0.720548323309794
856.5 0.8488521115890271 0.7206722446883119
856 0.8488573155942617 0.7206783331707973
855.5 0.848662730914168 0.720348013822513
855 0.8491535940276016 0.7211792445885926
854.5 0.8487028404589512 0.7204171425486228
854 0.848978152726987 0.7208819666921998
853.5 0.8489599937910827 0.7208510839488432
853 0.8486130628972693 0.7202614650345739
852.5 0.8486809686342139 0.7203801140098186
852 0.8484639193633187 0.7200109566784391
851.5 0.8484663366976495 0.7200137064785508
851 0.8486344148414037 0.7203022647144092
850.5 0.8485965557033205 0.7202374087303488
850 0.8489035203165395 0.7207587060057489
849.5 0.848867296781639 0.7206939213629245
849 0.8486454840197006 0.7203180500490896
848.5 0.8485213425315115 0.7201065779973995
848 0.8486489889793708 0.7203250700883862
847.5 0.848348325912112 0.7198158532245161
847 0.8483940658407598 0.7198921082713976
846.5 0.8483984325551986 0.719902112390935
846 0.8483259109778007 0.7197740042445084
845.5 0.8484054734824326 0.7199147185517711
845 0.8482428166815065 0.7196333460985666
844.5 0.8483960175135781 0.7198994466271826
844 0.8484431605345809 0.7199755489457754
843.5 0.8483291208035736 0.7197856509126187
843 0.8484134082076107 0.7199281491592568
842.5 0.8485176635056028 0.720099182604594
842 0.848398991320787 0.7199025824887213
841.5 0.8483722748396488 0.7198548437408062
841 0.8484884454191772 0.7200528436786525
840.5 0.8481609866234894 0.7194985500145507
840 0.8482832495812093 0.7197033821385785
839.5 0.8482071845428507 0.7195762249452694
839 0.8481990064672191 0.7195625010930069
838.5 0.8481570223393864 0.7194904108901395
838 0.8479468735493393 0.7191324705231085
837.5 0.8478004163101014 0.7188836650818412
837 0.8480262824742437 0.7192670145659117
836.5 0.8480541915030269 0.7193170681992289
836 0.8481433948610118 0.7194697262599403
835.5 0.8482498535070149 0.7196494133969144
835 0.8479963457957617 0.7192196293464294
834.5 0.8482981448940313 0.7197316291208273
834 0.8482583397067258 0.719666060100964
833.5 0.8479661652245929 0.719165554710458
833 0.8480631172810967 0.719328097884296
832.5 0.8482801973966583 0.7197006853187207
832 0.848224063504851 0.7196007066283929
831.5 0.847846473254316 0.7189665579114245
831 0.8479267695987769 0.7190983729831203
830.5 0.8479268372963643 0.7191024754992037
830 0.8479512082918735 0.7191416923187142
829.5 0.8480853824247838 0.719367459332812
829 0.8479546657181352 0.7191490397162427
828.5 0.8480063327371721 0.7192370462234216
828 0.847848633785204 0.7189701947644501
827.5 0.847732186493836 0.7187722280210225
827 0.8479256691244355 0.7190967610067222
826.5 0.8476579372919185 0.7186424569899903
826 0.847748382978502 0.718799805811277
825.5 0.8476952624569386 0.718707104442126
825 0.8476909484341668 0.7187010859455418
824.5 0.8478183462229506 0.7189161101869013
824 0.8475326403998495 0.7184348021829982
823.5 0.8477074830888156 0.7187287058852114
823 0.8478227648463728 0.7189251198300147
822.5 0.8476352805838707 0.7186050727845144
822 0.8477688219046946 0.7188298617221555
821.5 0.8477111640750772 0.7187325108580298
821 0.8474320989474529 0.7182592755902408
820.5 0.8474104594999191 0.7182272439408525
820 0.8474729382442903 0.7183294075952127
819.5 0.8474911853178045 0.7183610360426028
819 0.8472609538943702 0.7179709873700904
818.5 0.8474726358385849 0.7183333569499838
818 0.84739318815713 0.7181939965989332
817.5 0.8473968788550338 0.7182003148152264
817 0.8475097455581414 0.7183918530392072
816.5 0.8474101222287472 0.7182251277756033
816 0.8475736150305021 0.7185011613404925
815.5 0.8473756872259656 0.718169385529147
815 0.8474595138696862 0.7183025229655189
814.5 0.8473685908342133 0.7181560421577431
814 0.8473300196945419 0.7180882286330762
813.5 0.8473844066864696 0.718180745321026
813 0.8473610649551093 0.7181394522099828
812.5 0.8469641642081629 0.7174674883830341
812 0.8471798379257565 0.7178340194919198
811.5 0.8469183851812648 0.7173935320380844
811 0.8472222130332432 0.7179038440255445
810.5 0.8471164177305927 0.71772339933307
810 0.8473221978050447 0.7180737730033134
809.5 0.8472178738053807 0.7178979835559498
809 0.8471089518957038 0.7177127329832481
808.5 0.847255188098418 0.7179620147830518
808 0.847330933370376 0.7180918401281389
807.5 0.8471610792267981 0.7178021677456209
807 0.8470066500560514 0.7175406276605789
806.5 0.8467683615039813 0.7171356929040684
806 0.8472439891503968 0.7179427543586026
805.5 0.8471917574998497 0.7178552652826784
805 0.8470912311367916 0.7176876065115045
804.5 0.8471636278877785 0.7178071037833769
804 0.8468867237876538 0.7173401592373391
803.5 0.8466346121736302 0.716912529670848
803 0.8471388201175747 0.7177657241407815
802.5 0.8467438784255144 0.7170967609741644
802 0.846947699088524 0.7174420888050578
801.5 0.8468967944476284 0.7173558167262217
801 0.8468573061548029 0.7172870155033118
800.5 0.8470336107875378 0.7175872678604609
800 0.8467991472788876 0.7171891366846517
799.5 0.8466244584160736 0.7168948085936481
799 0.8469200423910621 0.7173969275301492
798.5 0.8472084882680372 0.7178840245732475
798 0.8467618206551057 0.7171239028973422
797.5 0.8468708252698727 0.717310136566457
797 0.846917800907823 0.7173919950583008
796.5 0.8466387994131294 0.7169170332579871
796 0.8465920284204247 0.7168383875995089
795.5 0.846679648157781 0.7169877999670857
795 0.8466421147278602 0.7169214472267265
794.5 0.8463625215842738 0.7164492766076845
794 0.8464371121514175 0.7165764868155529
793.5 0.8468927688103711 0.7173465264117868
793 0.8465689223815072 0.7167990263931661
792.5 0.846631041812734 0.7169030496230653
792 0.8463945204389338 0.7164998123949811
791.5 0.8462123707715427 0.7161965959186091
791 0.8463911784037089 0.7164974838636028
790.5 0.8462740154561109 0.716301758158625
790 0.8464734781404087 0.71663776039925
789.5 0.8461114088543599 0.7160262650174594
789 0.8463678972597537 0.7164615595506859
788.5 0.8462623115237692 0.7162818074938851
788 0.8463969851131846 0.7165067503264223
787.5 0.8462206438812747 0.7162122851720972
787 0.8461033527752607 0.7160123895764389
786.5 0.8462482736366499 0.7162539218295733
786 0.8462629099622759 0.7162832312448102
785.5 0.8461765287597932 0.7161328485555314
785 0.8465945426852476 0.7168408857789481
784.5 0.8461740012793799 0.7161326538948448
784 0.8461289236358264 0.7160557819254104
783.5 0.8459079717132784 0.7156800562339463
783 0.8460397241373309 0.7159043046619201
782.5 0.8459750092580011 0.7157939312031706
782 0.8463428128346193 0.7164181769312301
781.5 0.8460573212102079 0.7159307690481979
781 0.8458632671886233 0.7156042958450797
780.5 0.8461062019889686 0.7160164598098304
780 0.8457629784142637 0.715436111219561
779.5 0.8460653415751519 0.7159462457490373
779 0.8458363783239328 0.7155588982856289
778.5 0.8459941454912968 0.7158268714101925
778 0.8461041002200214 0.716014736321614
777.5 0.8460936890880739 0.7159950641047589
777 0.8460747839989999 0.7159586411607822
776.5 0.8458476937682919 0.7155796112046883
776 0.8458121688013999 0.7155189741672936
775.5 0.8459542004705564 0.7157596744593814
775 0.8457762000726251 0.7154575128600047
774.5 0.8460554900017538 0.7159319137985194
774 0.8458571406892355 0.71559505598384
773.5 0.8454041523135576 0.7148266307652753
773 0.8458154347215081 0.7155229354504481
772.5 0.8456707628000885 0.7152836770854398
772 0.8458387922489702 0.7155657651926509
771.5 0.8456438989499383 0.715236299614948
771 0.845723244074257 0.7153658935388609
770.5 0.8457211802608896 0.715369106487183
770 0.8456375262252427 0.7152238050596867
769.5 0.845608243507982 0.71517401439759
769 0.8455516108590518 0.7150775447419183
768.5 0.8455279854395438 0.7150428780413224
768 0.8455367331470965 0.7150508918379229
767.5 0.8456636742933958 0.7152676302855356
767 0.8456304648898872 0.7152100839309747
766.5 0.8453169415560768 0.7146835996463639
766 0.8452824517945402 0.7146220537988216
765.5 0.8453382806066343 0.7147176675081762
765 0.8454578412803322 0.7149176520162627
764.5 0.8452004084670152 0.714484365713758
764 0.8454732963506183 0.7149490105839161
763.5 0.8453914611875946 0.7148099566084561
763 0.8453127169362192 0.7146742474893265
762.5 0.8456507959746209 0.7152471305898578
762 0.8454233204468475 0.7148601801300348
761.5 0.845444040017059 0.7148981201581661
761 0.8453119829165662 0.7146707087652115
760.5 0.8452470573495303 0.71456159741031
760 0.8452986400130825 0.7146513034821788
759.5 0.8451162871753556 0.7143422754791315
759 0.8453006629719685 0.714653098337708
758.5 0.8452972784832281 0.7146464294921356
758 0.8451400503808235 0.7143813194261857
757.5 0.8453194047898801 0.7146839142390036
757 0.8451143430806637 0.7143400770837184
756.5 0.8451049620792006 0.7143214068796881
756 0.8451461417169057 0.714393447424068
755.5 0.8453406194305523 0.7147199846607467
755 0.8450083846528651 0.7141604899707845
754.5 0.8449113903771045 0.7139985454238565
754 0.8453340437237282 0.7147076877392997
753.5 0.8452463606684727 0.7145598685203364
753 0.8450017211545169 0.7141438859689752
752.5 0.8448596971771977 0.71391017259217
752 0.844833700312478 0.7138690411718902
751.5 0.8449062401441431 0.713987656202417
751 0.8446361963535898 0.7135281126158739
750.5 0.8447593648367997 0.7137391886950925
750 0.8445739626212895 0.7134265647869558
749.5 0.8447672182878566 0.7137519729438592
749 0.8447204531273846 0.71367633136827
748.5 0.8448535297363041 0.7139027172736027
748 0.8446366771350756 0.713532726070322
747.5 0.8445731122790561 0.713426445627563
747 0.8448143187431115 0.7138306628197306
746.5 0.8447465035873037 0.7137201440001014
746 0.8447047625372854 0.7136473973785833
745.5 0.8446074949766336 0.7134821084288985
745 0.8444526872232544 0.7132215478378109
744.5 0.8445486446064197 0.7133817547095246
744 0.8440006213616008 0.7124601455663898
743.5 0.8445320487347294 0.7133556765631819
743 0.8445981377181075 0.7134652309908132
742.5 0.844594357512752 0.7134613899332409
742 0.8447369876333993 0.7137006272416935
741.5 0.8446875963140431 0.7136165132718526
741 0.8445417714900767 0.7133732665391699
740.5 0.8441880373571977 0.712776148321847
740 0.8445259422656898 0.7133465272597956
739.5 0.844503182613099 0.7133089499809966
739 0.8442672706306613 0.7129086456560303
738.5 0.8444648675622682 0.71324158912648
738 0.8446156397507604 0.7134965257866379
737.5 0.8443080241896692 0.7129766324252526
737 0.8442131547967887 0.7128189073551567
736.5 0.8442118915375743 0.7128138089667518
736 0.8442881783737051 0.7129441094566112
735.5 0.8440740220995605 0.7125845490768278
735 0.8440605764384467 0.7125591458380032
734.5 0.8442031570000031 0.7127991979730807
734 0.844190568706527 0.7127791062382024
733.5 0.8441594583070129 0.7127218428073475
733 0.8440630125995463 0.7125660457509294
732.5 0.8439519430218564 0.7123756668423786
732 0.8439977292117201 0.7124518147498339
731.5 0.8441005948397945 0.7126275457590353
731 0.8438629463605759 0.7122242604026553
730.5 0.8440373526948933 0.7125195337670551
730 0.8440660671151592 0.7125691031710297
729.5 0.8442013797938761 0.7127982324692922
729 0.8438469297066072 0.7121987010435815
728.5 0.8437914789988301 0.7121039510786357
728 0.8440468559730155 0.712539091206738
727.5 0.8439786606970651 0.7124201664452101
727 0.8436883350259466 0.7119332156813569
726.5 0.8436954015276091 0.7119440325941387
726 0.843951281737895 0.7123744930356709
725.5 0.8436339195106235 0.7118376814081183
725 0.843723274904775 0.7119892553039358
724.5 0.843846480354703 0.7121982266763083
724 0.8436770216342372 0.711910101010359
723.5 0.8435237364713659 0.7116518768702079
723 0.8435717830243376 0.7117393140634612
722.5 0.8436124316196214 0.7118026214692182
722 0.8434677245830655 0.7115590556347292
721.5 0.8436714720812515 0.7119039399518227
721 0.8433980130815178 0.7114391253852174
720.5 0.8433676638535159 0.7113917114002355
720 0.8435834118850001 0.7117545205811656
719.5 0.8434024707505215 0.7114477363405279
719 0.8436029100383254 0.7117897456243832
718.5 0.8432728498259057 0.7112287001909644
718 0.8433560115405294 0.7113690160787024
717.5 0.843134383400923 0.7109975294605758
717 0.8435699343490415 0.7117336191675658
716.5 0.8431635337490608 0.7110421493065245
716 0.843047365245053 0.7108502503825791
715.5 0.843362572323056 0.711380634660325
715 0.843275187957397 0.711237099080413
714.5 0.8433311373439308 0.711327052944908
714 0.8433582466600181 0.7113739947885999
713.5 0.8431384789331189 0.7110038989027434
713 0.8428511409594319 0.7105184969362327
712.5 0.8435416151610183 0.7116838477593453
712 0.8433803310419359 0.7114100666041384
711.5 0.8428946998754941 0.7105925877977239
711 0.843161744418421 0.7110413909159928
710.5 0.8429826267412551 0.7107405785081665
710 0.8426543594381688 0.7101850272014442
709.5 0.8429888702899706 0.7107524629839845
709 0.843012982956777 0.7107932849251244
708.5 0.843043809807554 0.7108450375575425
708 0.8427988259566668 0.7104291774502163
707.5 0.8428265420141527 0.7104757758189544
707 0.843023915715344 0.7108068280889522
706.5 0.8427881541814388 0.7104113487949808
706 0.8429361586358588 0.7106591005014615
705.5 0.8428050699792343 0.7104398177881999
705 0.8428190610972656 0.7104658194716557
704.5 0.8428573790278088 0.710530751072849
704 0.842794572949306 0.7104223177566583
703.5 0.8425066582839152 0.7099368925600604
703 0.8426798704528876 0.7102309527068416
702.5 0.8425628006288922 0.7100355210862153
702 0.8426272705171202 0.7101412061986971
701.5 0.8424220651161649 0.7097965484605308
701 0.8424837890944028 0.7099034531988634
700.5 0.8425289103204213 0.7099788917147011
700 0.8421745250472311 0.7093817411217921
699.5 0.8425395646431131 0.7099949903237532
699 0.8423475591240474 0.7096699811133775
698.5 0.8427074595831762 0.7102761671917682
698 0.8422170424010601 0.7094530125069958
697.5 0.8425122032873255 0.7099491848221913
697 0.8423412844100628 0.7096611355325407
696.5 0.84232529504359 0.709635588116024
696 0.8422522689537486 0.7095097803997514
695.5 0.8421568462863017 0.7093519993893259
695 0.8421265610049575 0.7092987789727261
694.5 0.8421284504297423 0.7093039274485787
694 0.8423322245664983 0.709646504496443
693.5 0.8421930892688785 0.7094108505286819
693 0.8421762946398107 0.709378155041762
692.5 0.8423441479915891 0.7096643658979356
692 0.8419519454605253 0.709002468753817
691.5 0.8419675568911 0.7090316502939275
691 0.8421921195726262 0.7094069758504009
690.5 0.8418069266096654 0.7087550416710133
690 0.8417597396918777 0.7086813216757376
689.5 0.8419530162611453 0.7090096123472187
689 0.8419149249931108 0.7089431018524724
688.5 0.8417321034220715 0.7086342444939372
688 0.8418282794988744 0.708796431327625
687.5 0.8414159222722268 0.7081033678280171
687 0.8419330394741878 0.7089729662766668
686.5 0.8417598304010034 0.7086827366084408
686 0.8419573867794112 0.7090161095778094
685.5 0.8418443886390878 0.7088241211123179
685 0.8415987871325517 0.7084126387724515
684.5 0.841889095386691 0.7088993867813319
684 0.8415092996863216 0.7082616741859514
683.5 0.8415613282392235 0.7083473324121325
683 0.8413964460759055 0.7080679085269919
682.5 0.8415295339663904 0.7082925242445195
682 0.8414972967745828 0.7082397951518528
681.5 0.8417519193757385 0.7086714354549961
681 0.8413613797796483 0.7080072021074924
680.5 0.8413328641726684 0.7079672868324582
680 0.8414712250828169 0.7081923597321255
679.5 0.8414992629681497 0.7082440519350758
679 0.8413691736389647 0.7080240297458923
678.5 0.8413569692752725 0.7080032193118974
678 0.8414104747153552 0.7080950675813167
677.5 0.8414190652395503 0.7081096947616311
677 0.8415257923155651 0.7082875442566514
676.5 0.8410566278397099 0.7074985661762268
676 0.841369677211961 0.7080259656841753
675.5 0.841181606491789 0.707709914973531
675 0.8410539947682335 0.7074944174310405
674.5 0.8413108023080695 0.7079280813451763
674 0.8410798792330108 0.7075396101743222
673.5 0.8406407966617117 0.7067963670162992
673 0.841023711428277 0.7074401141610815
672.5 0.8410418201204385 0.707473221734235
672 0.8410426419502611 0.7074746134194828
671.5 0.8411130143056583 0.7075902431748715
671 0.8409783520072787 0.7073671076211954
670.5 0.8409724428316245 0.7073571164703291
670 0.8406974266454952 0.7068936773825409
669.5 0.8407664753592692 0.7070130228064856
669 0.8407698693243877 0.7070152684332593
668.5 0.8410412207166151 0.7074749707631014
668 0.8409146588751628 0.707263431343275
667.5 0.8406790454300881 0.7068664244828139
667 0.8409197179326539 0.7072690975628678
666.5 0.8407310134383025 0.706953901623314
666 0.8408592065952449 0.7071675320344896
665.5 0.8404943659319613 0.7065520818080123
665 0.8405672192352472 0.7066751165891122
664.5 0.8405944497587874 0.706721547718412
664 0.8405466971806284 0.7066415107515364
663.5 0.840581659145759 0.7067013354400081
663 0.8404225724921439 0.7064344279343517
662.5 0.8404800815643252 0.7065303037607296
662 0.8405078476220991 0.7065733921167062
661.5 0.8400546644542286 0.7058124868943233
661 0.840462720477315 0.7064996247016226
660.5 0.8404884434945001 0.7065423237927563
660 0.8403729261051994 0.7063488420092483
659.5 0.8402850132750401 0.706203425248894
659 0.8402785080701598 0.7061895047152055
658.5 0.8403585039156877 0.7063232808797675
658 0.8404419544277475 0.7064652918263385
657.5 0.8402715801276271 0.7061735780288811
657 0.8401661332311864 0.7059997926976305
656.5 0.8402903780250932 0.7062085800418099
656 0.8398792226130429 0.7055197319885718
655.5 0.8402102901619882 0.7060773358996422
655 0.8400343702226566 0.7057797426214234
654.5 0.8401877975278513 0.7060365997808297
654 0.8402370282276881 0.7061205961271729
653.5 0.8400104495645138 0.7057396783310359
653 0.8403171219229983 0.7062560621955828
652.5 0.8396828401404467 0.7051908976080098
652 0.8399636803699359 0.7056584267186917
651.5 0.8399891048892205 0.7057048406525939
651 0.8398036971804912 0.7053929577069612
650.5 0.839866169988472 0.7055012757981824
650 0.8398244547400068 0.7054268746265111
649.5 0.8399279367290058 0.7055997119666529
649 0.8399405479383911 0.7056197750623724
648.5 0.8399110348501851 0.7055716518338616
648 0.8396861608714121 0.705193956085814
647.5 0.8394711722726927 0.704832666185727
647 0.8397946859132278 0.7053786622005609
646.5 0.8395913336421664 0.7050330874339914
646 0.8395497765403162 0.7049679583182535
645.5 0.8395268282192158 0.7049245314968066
645 0.8396464019851488 0.7051301082454653
644.5 0.8394557002190985 0.7048070219000636
644 0.8395293391401885 0.7049344762443662
643.5 0.8394293926591762 0.7047632408998006
643 0.8393565317639087 0.704639904318187
642.5 0.8395082619742856 0.7048959910534799
642 0.8392684654754333 0.7044937486701002
641.5 0.8390648770192743 0.7041533916037048
641 0.8393217881853325 0.704585042497549
640.5 0.8391846452824084 0.7043543067775961
640 0.8391697602811659 0.7043290201483671
639.5 0.8393159956567778 0.7045753121875726
639 0.8392966660536659 0.7045405672602169
638.5 0.8391018429162342 0.7042150382555784
638 0.8391685914016372 0.7043260288595803
637.5 0.8390412824445317 0.7041146885116984
637 0.838988971171128 0.704026129859864
636.5 0.8390427205057653 0.7041140651559731
636 0.8390358227053092 0.704105823889069
635.5 0.8388955873492028 0.7038722628880357
635 0.8388457576469306 0.7037838874234069
634.5 0.8391185548674367 0.7042434769151025
634 0.8389347189539093 0.7039364031566345
633.5 0.8387753597029908 0.7036642493402926
633 0.838836838700465 0.7037714634593528
632.5 0.8388517425544827 0.7037921092107546
632 0.8387438043606398 0.7036112560177525
631.5 0.8388732382165954 0.7038331754148381
631 0.8386865685346234 0.7035207150337834
630.5 0.8387877151656075 0.703685044818077
630 0.838616576283605 0.7033993187704163
629.5 0.8383161965824472 0.7028974995303963
629 0.8383486125162003 0.7029496396040206
628.5 0.8383142443960875 0.7028945406026967
628 0.8382649050612403 0.7028122423344205
627.5 0.8385946207431181 0.7033657950772595
627 0.8385120974555985 0.7032212845541612
626.5 0.8385130454358224 0.7032271389101049
626 0.8385241097384504 0.703244418162344
625.5 0.8384327458648037 0.7030905540886129
625 0.8384427027582959 0.7031081561899454
624.5 0.8382899708899265 0.7028554878719329
624 0.8383732366375688 0.7029920518615778
623.5 0.83816278248875 0.7026388777541994
623 0.8382085575533209 0.7027149822356407
622.5 0.8384222592704973 0.7030758831594988
622 0.8382774430307369 0.7028314753148655
621.5 0.8378643832133328 0.7021379577833353
621 0.8379725112602437 0.7023231615878724
620.5 0.8380200220346226 0.7024010787070827
620 0.8380032871799487 0.7023712611846934
619.5 0.8378712654850018 0.7021516692314671
619 0.837991575028167 0.7023512979316731
618.5 0.8379887432329878 0.7023482674797241
618 0.8379568390451368 0.7022917275999639
617.5 0.8379369280605861 0.7022592991724116
617 0.8379309363432412 0.7022514508297046
616.5 0.8374421570955913 0.7014326761636045
616 0.8375384645947276 0.7015931920207711
615.5 0.8376665430385776 0.7018057909902329
615 0.8377215970248109 0.7018983581161784
614.5 0.8379322403656049 0.702256191560468
614 0.8371519815850074 0.7009488697098338
613.5 0.8378456665807514 0.7021082937529941
613 0.8372978542428517 0.701190802739633
612.5 0.8375624042976111 0.7016353247955829
612 0.8376576663053347 0.7017939773687015
611.5 0.8373407160246328 0.7012594884613471
611 0.8373323227176617 0.7012466993202281
610.5 0.8372813162284113 0.701166093626823
610 0.8375063906637643 0.7015395652300883
609.5 0.8374111444708134 0.7013810356858987
609 0.8375283677704152 0.7015772044785457
608.5 0.8372198243149435 0.7010602339118691
608 0.8374194887531016 0.701396315199883
607.5 0.8371754129300281 0.7009857951440603
607 0.8369945303030499 0.7006796705723031
606.5 0.8370317185814623 0.7007443422956423
606 0.8370208427294941 0.7007292505019975
605.5 0.8368414639694461 0.7004239675273543
605 0.836882000714578 0.700495619668711
604.5 0.8368385326897397 0.7004243612870845
604 0.8369986156475943 0.7006876288739119
603.5 0.8367525468056939 0.7002784081962765
603 0.8371611073676297 0.7009604641667173
602.5 0.8368369491500819 0.7004222519280648
602 0.836939136640145 0.7005921728995225
601.5 0.8367390657498578 0.7002554524787684
601 0.8365872978362693 0.7000028604854893
600.5 0.8367863455486391 0.7003337418231714
600 0.8369214078638111 0.700559628779671
599.5 0.8366694473052835 0.7001381527186947
599 0.8364995758200943 0.6998558568817438
598.5 0.8365865860903249 0.7000014483132536
598 0.83647225801132 0.6998064511681409
597.5 0.8367158442858407 0.7002149661011657
597 0.8364311725483826 0.6997368767447629
596.5 0.8364843091279135 0.6998308280196851
596 0.8361894721919798 0.6993370736478379
595.5 0.8363376435118794 0.6995830078444933
595 0.8365782395186343 0.6999858063554171
594.5 0.8364117180077449 0.6997100034336057
594 0.8362959491465567 0.6995142853096776
593.5 0.8362196071401822 0.6993857381580681
593 0.8361456968083534 0.6992670481241141
592.5 0.8359742284846158 0.698977155654039
592 0.8362539876835768 0.6994428860910737
591.5 0.8362079924988224 0.6993675110796089
591 0.8361111567458344 0.6992041958292073
590.5 0.835975940678361 0.6989805489593732
590 0.8358333426301032 0.6987425761544422
589.5 0.8362271315387617 0.6994004134986733
589 0.8357149714228921 0.6985449408476995
588.5 0.8358428189472409 0.6987557535730468
588 0.8358465369329903 0.698763077966611
587.5 0.835961685788996 0.6989551677987489
587 0.8356544943123024 0.698443449976114
586.5 0.8355661436196692 0.6982923474018632
586 0.8357339194004714 0.6985754979586571
585.5 0.835437849310241 0.6980829407470912
585 0.8354018066316055 0.6980179744254913
584.5 0.8353132857798344 0.6978724795040946
584 0.8353114507919177 0.6978690932529026
583.5 0.8353760070859736 0.6979732800866583
583 0.8356309114766466 0.6984002608095154
582.5 0.8355642914756201 0.6982932934356378
582 0.835296852383933 0.6978440520577341
581.5 0.8353761556304249 0.6979763256441354
581 0.8354481739891417 0.6980972650421607
580.5 0.8355139709068049 0.6982066782408651
580 0.8351068323761656 0.6975270842636325
579.5 0.8350749302295036 0.6974727297747674
579 0.8353271870083242 0.6978934369537079
578.5 0.8352555559054384 0.6977758975926184
578 0.8351369440884291 0.6975753873109031
577.5 0.8351308724820409 0.6975644427438733
577 0.8348151036418463 0.6970416381490163
576.5 0.835095845673401 0.697508718678835
576 0.8350007888213485 0.6973528472364164
575.5 0.834884968854968 0.6971550676741329
575 0.8348122911199217 0.6970322292029447
574.5 0.8347590594756182 0.6969443574914403
574 0.8349166184450664 0.6972103590037131
573.5 0.8346951071655232 0.6968433923220062
573 0.8345861020736638 0.6966566830220582
572.5 0.8347027167535714 0.6968511898237975
572 0.8346376928377666 0.6967423840266475
571.5 0.8344262157130204 0.6963905289462661
571 0.8343070995660975 0.6961931228682704
570.5 0.8344758856526726 0.6964765653639982
570 0.8345309154913287 0.6965686051805476
569.5 0.8344872027475827 0.6964923775270421
569 0.8342684397911438 0.69612544525757
568.5 0.8342654720589737 0.6961265204695183
568 0.8344317695565028 0.6964006364919856
567.5 0.8344330826370931 0.6964050451420803
567 0.8342023561248821 0.6960184367787039
566.5 0.8344081005450249 0.6963624211339483
566 0.8340662787179398 0.6957890008262745
565.5 0.8340839577817847 0.6958196864426143
565 0.8340180478635725 0.6957096746910107
564.5 0.8340859145544682 0.6958253132122392
564 0.8341367686261165 0.6959068379611635
563.5 0.8341150754088267 0.6958729467282793
563 0.8339266069659413 0.6955590043708012
562.5 0.8338965677752567 0.6955053543589041
562 0.8337930321508026 0.6953331610363704
561.5 0.8337549262052535 0.6952723712012425
561 0.8338687763896577 0.695461462602118
560.5 0.8336463320777142 0.6950903689604114
560 0.833818106501001 0.6953761680176268
559.5 0.8335717471218196 0.6949683346825648
559 0.8337772887012666 0.6953064041865499
558.5 0.8336037281525773 0.6950190992004164
558 0.8337747137737269 0.6952991583779404
557.5 0.8335005093558626 0.6948464939978256
557 0.8333855803415922 0.6946537371582571
556.5 0.833382086657994 0.6946494278853095
556 0.8335001191697494 0.6948479290137571
555.5 0.8332968982992215 0.6945080186565825
555 0.8333804299731091 0.6946447449630756
554.5 0.833326320207551 0.694555815187677
554 0.8328745857106552 0.693805895395653
553.5 0.8331557247627317 0.6942731924326302
553 0.8332452968157374 0.6944211199133399
552.5 0.8333099776966177 0.6945285284251969
552 0.8332473730408266 0.694424746030955
551.5 0.8327850020392886 0.6936571496459685
551 0.8329547780410406 0.6939425686309827
550.5 0.8330204746637407 0.6940503593661465
550 0.832915866519225 0.6938737079498621
549.5 0.8328452618593525 0.6937565112543054
549 0.8328315944579817 0.6937316070689351
548.5 0.8328043381401762 0.6936880067332342
548 0.8326389508715084 0.6934116789503236
547.5 0.8326155917543651 0.6933720950070575
547 0.832544194438511 0.6932533124052722
546.5 0.8327092476152638 0.6935293384625706
546 0.8324883514271709 0.6931616912363429
545.5 0.832335128361211 0.6929064831367333
545 0.832569596535064 0.6932954526738667
544.5 0.8325470338084102 0.6932544981644851
544 0.8324846709995355 0.6931544072801472
543.5 0.8325289025698402 0.6932279733736371
543 0.83239594342044 0.6930055109984053
542.5 0.8325352722040051 0.6932432104524476
542 0.8321573614881993 0.6926066489254343
541.5 0.8325228504209683 0.6932186880530341
541 0.8323710307014187 0.6929612709142199
540.5 0.8322681790650992 0.6927926562560118
540 0.8321178493603947 0.6925415791156202
539.5 0.8319159351101468 0.6922083052418461
539 0.8316863659139553 0.6918274250519489
538.5 0.8318232154826976 0.6920537380929039
538 0.8318327175524615 0.6920682310268818
537.5 0.8318611663108314 0.6921145716074856
537 0.831704570460854 0.6918579416187026
536.5 0.8318527791748 0.6921043069018445
536 0.8315857819197517 0.6916595998525404
535.5 0.8315140931819363 0.691541686809046
535 0.8318408904328525 0.6920836702031665
534.5 0.8315484273453336 0.6915958945652539
534 0.8316495384292681 0.6917655172388735
533.5 0.8313988510050877 0.6913507555375193
533 0.8314267227121017 0.6913995757772793
532.5 0.8314075430543251 0.6913637369792345
532 0.8313422353286679 0.6912561466209651
531.5 0.8312864991287688 0.6911625239769033
531 0.8314146452108503 0.6913728678986929
530.5 0.831164638214953 0.6909583104911391
530 0.8312501602607398 0.691098785021182
529.5 0.8315433194915129 0.6915907435096093
529 0.8311931755835329 0.6910086146751246
528.5 0.8307881514487255 0.6903351840866361
528 0.8308978291036148 0.6905145500949452
527.5 0.8309222450564033 0.6905558217906632
527 0.8309900089944663 0.690668339628282
526.5 0.8309980232873208 0.690681783864733
526 0.8307338586969072 0.6902422077610693
525.5 0.8306538185524373 0.6901120643246138
525 0.8306524970235337 0.6901082331911386
524.5 0.8306908798421834 0.690174657574394
524 0.8308538220645002 0.6904416104110451
523.5 0.8305722963971142 0.6899765337167606
523 0.8303555269816639 0.6896169785564291
522.5 0.830650120061335 0.690105403671468
522 0.8304733398869596 0.6898095042694093
521.5 0.8304598179949694 0.6897890405989078
521 0.8303382614732264 0.6895854797064418
520.5 0.8302605096728605 0.6894597222318558
520 0.8301895996653667 0.6893395895378278
519.5 0.8302146193895384 0.6893825997439567
519 0.8302423600727775 0.6894276069654572
518.5 0.8303311430863425 0.6895779667480597
518 0.8300421992523399 0.6890954753444243
517.5 0.8302683796034899 0.689470384278851
517 0.8299599472930811 0.6889558748822937
516.5 0.8299827037430598 0.688999938068521
516 0.8301143246802358 0.689216638493321
515.5 0.8300002536599691 0.6890279888749393
515 0.829992043024193 0.6890116961547575
514.5 0.829687457586166 0.6885059200648246
514 0.8298762468742318 0.6888135277761237
513.5 0.8295442020204598 0.6882698158220084
513 0.8297754670948772 0.68865120487032
512.5 0.8294708201792689 0.688146045271606
512 0.82935140041183 0.6879500391863533
511.5 0.8295957232162965 0.6883537017954127
511 0.8295144059150181 0.6882211668321819
510.5 0.8296931836658078 0.6885150240828587
510 0.8293982725001828 0.6880279053119278
509.5 0.8294665994252736 0.6881403980357214
509 0.8295530586399645 0.6882828069338024
508.5 0.8291021932601523 0.6875355859090447
508 0.8291291567158905 0.6875813698633623
507.5 0.829109334753031 0.6875487161369307
507 0.8292281665660928 0.6877452077442223
506.5 0.8288925025163546 0.68718800180142
506 0.8289508548257614 0.6872845036331404
505.5 0.8289289665826961 0.6872474227138144
505 0.8293324725725136 0.687916440382454
504.5 0.8289243205751177 0.6872397759434673
504 0.8285074514874906 0.6865522445652077
503.5 0.8286707307666814 0.6868177945411699
503 0.828478683978417 0.6865008132284264
502.5 0.8285508148447809 0.6866207771455483
502 0.8285058535409376 0.6865481280043548
501.5 0.8284275745949902 0.6864161646766129
501 0.8284560866698353 0.6864643559485175
500.5 0.8284682552669015 0.6864878073352723
500 0.8287442491691235 0.6869448632939249
499.5 0.8285337692982989 0.6865949090609942
499 0.8283594693088709 0.6863021081211528
498.5 0.82813856330177 0.6859400342276781
498 0.8282838851998802 0.6861798968807222
497.5 0.828072668422101 0.6858282786012919
497 0.828284919488546 0.686180055792693
496.5 0.82802925569304 0.6857562760741706
496 0.8279635882442153 0.6856498538977093
495.5 0.8281076799136134 0.6858870143920467
495 0.8279659885395887 0.685655269681985
494.5 0.8278018656680857 0.6853780044130147
494 0.8278948672323254 0.68553693062508
493.5 0.8278092466253795 0.6853924106153532
493 0.8277345674735612 0.6852693862194315
492.5 0.8276837444142426 0.6851860317168736
492 0.8274680306934625 0.6848265624163666
491.5 0.8275878940147922 0.6850282760280766
491 0.8272881173434521 0.6845348492278244
490.5 0.8276427573162941 0.6851176688369746
490 0.8273760295305647 0.684676670033302
489.5 0.8273102793600556 0.6845680819153139
489 0.8273404387792079 0.6846184977339305
488.5 0.8271734404916741 0.6843406322050084
488 0.826963245566966 0.683991916049048
487.5 0.8268240764803275 0.6837645789785929
487 0.8268383869587866 0.6837903287599953
486.5 0.8268449692722515 0.6837947343290074
486 0.8271024779061485 0.684224919034685
485.5 0.8269386445504506 0.6839507934954868
485 0.8266832445821541 0.6835324025611607
484.5 0.8267789659232212 0.6836879954635257
484 0.8266624488847836 0.6834915593452571
483.5 0.8268273480324314 0.683767841294144
483 0.8264543099090194 0.6831553824371938
482.5 0.8266929312081659 0.6835439950402112
482 0.8264639290665539 0.6831731384986319
481.5 0.8265553870216142 0.6833202685745072
481 0.8263264988840899 0.6829415111222712
480.5 0.8264183252859295 0.6830947346015116
480 0.8265037173914017 0.683233259350569
479.5 0.8260041094582203 0.6824139148477848
479 0.8261601736755658 0.6826664483446498
478.5 0.8259863350897229 0.6823793911387864
478 0.8257585599759085 0.6820034252784234
477.5 0.8259402699764644 0.6822995542816711
477 0.8259149213145557 0.6822619649250589
476.5 0.8260847389973079 0.6825430517925436
476 0.8260435988882607 0.6824738293998351
475.5 0.8257412034046379 0.681969671986305
475 0.8260514157234329 0.6824896809400174
474.5 0.8255691983438336 0.6816894986251791
474 0.8257276744766384 0.6819520059292713
473.5 0.825545008298369 0.6816520453183119
473 0.8255609331824983 0.6816794473919088
472.5 0.8253878715007312 0.6813908829305951
472 0.8254845455492001 0.6815500533015463
471.5 0.8253373041998973 0.681308557120115
471 0.8251933536383628 0.681069999643279
470.5 0.8253605936842604 0.6813441011895625
470 0.8254215021719046 0.6814466973842018
469.5 0.8251108856538136 0.6809349076454411
469 0.8250222677149746 0.6807878060291525
468.5 0.8251068278750456 0.6809270693478974
468 0.8252285145211887 0.6811289719758364
467.5 0.8249420524286093 0.680656805570876
467 0.8247821384415553 0.68039191044215
466.5 0.8249163645764084 0.6806117435381097
466 0.8244864527335017 0.6799038873435904
465.5 0.8246503830147041 0.6801726093642624
465 0.8245655831464692 0.6800369230495662
464.5 0.8244675397955246 0.6798715120408582
464 0.8243902870916088 0.6797466079786658
463.5 0.8246227395501466 0.6801296345076089
463 0.8242593920222355 0.6795300865319119
462.5 0.8242902913351382 0.6795784374153367
462 0.8242794288603235 0.6795605794387595
461.5 0.8242899717007182 0.6795799807153267
461 0.8240079511652829 0.6791143676477854
460.5 0.823785172094922 0.6787470304716378
460 0.8238974699070672 0.6789343364793534
459.5 0.8238959687845503 0.678931329110441
459 0.8237300988920924 0.6786582807980441
458.5 0.8236546855016772 0.678534971951103
458 0.8239653076431316 0.6790493708358262
457.5 0.823603776603073 0.6784505570858009
457 0.8236686532175321 0.6785531622545852
456.5 0.8237362149864484 0.6786654149402843
456 0.8235846515596802 0.6784209042431197
455.5 0.8234164097945778 0.6781422840718635
455 0.823500437739633 0.6782811145572698
454.5 0.8234432636449655 0.6781837438810479
454 0.823063980447561 0.6775601872191785
453.5 0.8232234087720504 0.677821590242351
453 0.8230290742037305 0.6775062517959657
452.5 0.8231337337890771 0.6776775297867149
452 0.8232117623522841 0.6778046130457921
451.5 0.8228993528987599 0.6772921167800152
451 0.8231231045526964 0.6776593493178227
450.5 0.8230325150881186 0.6775094538957115
450 0.8228297905594232 0.6771777947899882
449.5 0.8226577382679634 0.6768949173183935
449 0.8222907471670071 0.676288182467129
448.5 0.8226335871068337 0.6768529307379414
448 0.8226944287724567 0.6769536073824195
447.5 0.8222834480144158 0.6762781934917181
447 0.8225461205204513 0.6767079168359068
446.5 0.822414769540313 0.676491684839096
446 0.8223082662940663 0.6763185975553104
445.5 0.8221761518917751 0.6761029132066997
445 0.822296615697461 0.6762959570466741
444.5 0.8220710734192366 0.6759315025626107
444 0.821747183364346 0.6753926445428028
443.5 0.8218911099066584 0.675630322435969
443 0.8220194117524722 0.6758470246935542
442.5 0.8219855528890794 0.6757868092338658
442 0.8214725111195513 0.6749448843468419
441.5 0.8217225823517375 0.6753533801256394
441 0.8219826275224149 0.6757833370403165
440.5 0.8218956353536573 0.6756373688884719
440 0.8214205660299063 0.6748589377773305
439.5 0.8212473005538735 0.6745706103971357
439 0.821032379989925 0.6742215794543076
438.5 0.8210872672321601 0.6743093652735688
438 0.8211414385826101 0.674398546548848
437.5 0.821332636282183 0.6747135844578005
437 0.8209553541994282 0.6740957713074034
436.5 0.8211659406271752 0.6744386424154316
436 0.8209631088328733 0.6741066100592417
435.5 0.820910873434839 0.6740222175264731
435 0.8210097998561106 0.6741794699063118
434.5 0.820629569166068 0.6735603591796473
434 0.8208924193545001 0.6739925607859645
433.5 0.8206523258427776 0.6736004448916216
433 0.8204187381797035 0.6732151134514758
432.5 0.8202905538517189 0.6730010285588037
432 0.8203507526875896 0.6731021207087565
431.5 0.8204692113848526 0.6732979126322157
431 0.8202291803560635 0.6729023428393587
430.5 0.8202284883551223 0.6728997830342197
430 0.8200772836225971 0.6726555016668795
429.5 0.8201040500656982 0.6727015947864596
429 0.8200958212530725 0.6726861205259853
428.5 0.8198465789726297 0.6722740296368406
428 0.819995238101772 0.6725192459191978
427.5 0.8197137756594501 0.6720564793520888
427 0.8197236700417333 0.6720764993935768
426.5 0.8197536713074397 0.6721212293685737
426 0.8194856924687488 0.6716849734172222
425.5 0.8195306882601265 0.6717567942046442
425 0.8194125503325796 0.6715631285794457
424.5 0.8194111008914594 0.6715638841286958
424 0.8193326165538208 0.6714358601988
423.5 0.8192543151750696 0.6713073438465588
423 0.8192869580707017 0.6713575762600276
422.5 0.8188941598330794 0.6707150261989457
422 0.8189856838807359 0.6708614983768408
421.5 0.8187036717561358 0.6704044982255183
421 0.8190441703132498 0.6709612215604228
420.5 0.8188555092864326 0.6706515166186428
420 0.8190334702235502 0.6709456097031522
419.5 0.8188743678145607 0.6706824496139256
419 0.8188197659386941 0.6705918990181519
418.5 0.8184821137586509 0.6700429468036047
418 0.8183442091482119 0.6698138047197051
417.5 0.8182083964314422 0.6695934413456949
417 0.8183781622487397 0.6698696985561717
416.5 0.8183299606055396 0.6697923037905495
416 0.8182115655074312 0.6696014173292252
415.5 0.8182338348583608 0.669636146767988
415 0.8181088898153247 0.6694293653972184
414.5 0.817903921104547 0.6690965547618207
414 0.8174282757384214 0.6683157694842504
413.5 0.8177089319200979 0.6687756703266224
413 0.8177011228941737 0.6687633691389783
412.5 0.8179371227010475 0.6691490876234926
412 0.8172465534565324 0.6680177585093163
411.5 0.817647578455268 0.6686748446920818
411 0.8173254509712916 0.6681500544906036
410.5 0.8172378557618718 0.6680044469662613
410 0.8172326755611177 0.6679945195360443
409.5 0.817123716518785 0.6678223366157957
409 0.81701174480284 0.6676362604668277
408.5 0.8169988405331976 0.667614632840035
408 0.8166642744997993 0.6670704985677968
407.5 0.8168346418769354 0.6673450439942487
407 0.8167292619380683 0.6671773222878419
406.5 0.8164065619225038 0.6666471128384165
406 0.8169449121400867 0.667525936515326
405.5 0.8168283407097954 0.6673343973866919
405 0.8164722354929567 0.6667605751664061
404.5 0.8163589529973915 0.6665713033749855
404 0.8165526712107131 0.6668856750093095
403.5 0.8163920772622953 0.6666251660267556
403 0.8160439652579066 0.6660574632353823
402.5 0.816090518126881 0.6661292715078826
402 0.8158728695614411 0.6657762737731425
401.5 0.8159581469609624 0.6659152580975949
401 0.8157034718373817 0.6655014257142017
400.5 0.8155819660025981 0.6653032896510379
400 0.8153194057272874 0.6648717368820234
399.5 0.815965988003846 0.66593354235592
399 0.8156530350045222 0.6654183031977036
398.5 0.8157814820302359 0.6656283539243706
398 0.8155786178343487 0.6652985162346486
397.5 0.8155460753936253 0.6652467729236673
397 0.8152552907474139 0.6647738198013711
396.5 0.8151715987663818 0.6646357046389458
396 0.8147129577325185 0.6638878299271197
395.5 0.8152542363087338 0.6647664171740965
395 0.8149707415097407 0.6643070726143185
394.5 0.8150726444752512 0.6644728565539272
394 0.8143703013660742 0.6633288852881302
393.5 0.8146085635261433 0.6637161492580791
393 0.8143971934331058 0.6633731487140806
392.5 0.8147091131118689 0.6638779208783261
392 0.814025093619521 0.662767319760102
391.5 0.8141081781653497 0.662903087534903
391 0.8140017824657768 0.6627276470335137
390.5 0.8141779967432774 0.6630146997957396
390 0.8140745303951328 0.6628438440038172
389.5 0.8139463199720686 0.6626330731963166
389 0.8138828323673876 0.6625403814604657
388.5 0.8137271025465803 0.662281020393026
388 0.8136261698120245 0.6621166189526846
387.5 0.8133779155944204 0.6617123700239376
387 0.8136314950405563 0.6621287940079353
386.5 0.8135334956132015 0.6619697461537645
386 0.8132839749176528 0.6615631222686829
385.5 0.8131191631035133 0.6612912234808166
385 0.8133615304536309 0.6616843026816657
384.5 0.8134366913188696 0.6618076030791217
384 0.8128531857870925 0.6608593978473742
383.5 0.8129862841381797 0.6610725344634161
383 0.8129352993722166 0.6609945360131942
382.5 0.8126933244876311 0.6605992787553515
382 0.8125975846366518 0.6604426860216203
381.5 0.812327843937124 0.6600068274944688
381 0.8122130274481826 0.6598153604685472
380.5 0.8123020528567009 0.6599650898397218
380 0.8123896005157698 0.6601066066321324
379.5 0.8121061699871955 0.6596459495314085
379 0.8122007405480274 0.659800702578511
378.5 0.8119732984302604 0.659431140654248
378 0.8117811942445488 0.6591221184875051
377.5 0.811624282381642 0.6588615495660656
377 0.811832734948864 0.6592010937763979
376.5 0.8118200691274954 0.6591808437263
376 0.8119742980368577 0.6594284621421226
375.5 0.8115538032408942 0.6587475451809971
375 0.8115626775716998 0.65876026394272
374.5 0.8109763282692335 0.657811333589557
374 0.8112422455367552 0.6582461740209323
373.5 0.8112424786585518 0.6582452314310824
373 0.8109393665446135 0.6577546807104219
372.5 0.8108548436445554 0.657615445416004
372 0.810873323662273 0.6576415804912843
371.5 0.8107267218889632 0.6574067151420319
371 0.8107534663035395 0.6574527056316463
370.5 0.8103403679306109 0.6567771048312221
370 0.8107474479493341 0.6574379719378601
369.5 0.8100525241401256 0.6563149897027817
369 0.8101410342328613 0.6564518646164037
368.5 0.8103124532532657 0.6567382969274659
368 0.8098633509549791 0.6560074047966048
367.5 0.8097101208339256 0.6557578811600729
367 0.8098719878949338 0.656021204993649
366.5 0.8098396184908543 0.6559692406702354
366 0.8100798206626203 0.65635678960607
365.5 0.8093809645579112 0.6552310376950614
365 0.8093701817986682 0.6552081510098164
364.5 0.8094344588128615 0.6553120312946115
364 0.8094542878072739 0.655344678143902
363.5 0.8091809492779629 0.6548963672858178
363 0.8093429507901619 0.6551669476386464
362.5 0.8089678247005695 0.6545557305915295
362 0.808767421302028 0.6542331829646031
361.5 0.8090278743698834 0.6546565455720054
361 0.8089277482987808 0.6544959980409726
360.5 0.8086892146744528 0.6541074263655959
360 0.8085256481312536 0.6538448626559079
359.5 0.808346685898481 0.6535525923780425
359 0.8086115871584998 0.6539819799129751
358.5 0.8080665763935122 0.6531005974870785
358 0.8081618342960861 0.6532564058677908
357.5 0.807964493004119 0.6529424373402567
357 0.8077748587135382 0.6526281940755725
356.5 0.8076730382786043 0.6524634572949208
356 0.8075511877403929 0.6522671074664216
355.5 0.8077705766134233 0.6526200904635036
355 0.8072646275783985 0.6518078236552044
354.5 0.8074692501393245 0.6521413391949867
354 0.8070031847952543 0.6513830434168257
353.5 0.8070575409060291 0.65147292031232
353 0.8069282362681217 0.6512654871059308
352.5 0.8069868934993195 0.651360361146983
352 0.8067162983429913 0.6509206040512133
351.5 0.8066406982264592 0.6508010841511144
351 0.8068825258558164 0.6511912440125237
350.5 0.8065192763724297 0.6506048573447978
350 0.8065696505815495 0.6506853687150983
349.5 0.8061630105737416 0.6500284197555579
349 0.806001671732344 0.6497671381906558
348.5 0.8062626251830898 0.650189811567354
348 0.8060638857056636 0.6498715305826906
347.5 0.8060506597737506 0.6498465540920403
347 0.8058918003867307 0.6495940559419199
346.5 0.8053922455817925 0.648784268040272
346 0.8054667337256683 0.6489085126151795
345.5 0.8054052173083809 0.6488093722811987
345 0.8052885795014545 0.6486224041273464
344.5 0.8051198779295486 0.6483497776921318
344 0.8048722202924906 0.6479490170074823
343.5 0.8048588537525266 0.6479261162023063
343 0.8048591693858504 0.6479288955928575
342.5 0.8049582187225823 0.6480891228884849
342 0.8047045661501931 0.6476825614946283
341.5 0.8044093875718515 0.6472080168415113
341 0.8044012910428158 0.6471909657633124
340.5 0.8044718639643741 0.6473035058715771
340 0.8042353815211591 0.646928876245179
339.5 0.8039649104742727 0.6464878702152936
339 0.8039430479935321 0.6464546296736261
338.5 0.8038590341582086 0.6463222342104264
338 0.8034454306847596 0.6456563395642191
337.5 0.8038345007092841 0.6462805273719052
337 0.8038255604306836 0.646266164793622
336.5 0.803547933580258 0.645818185280387
336 0.8034362004787201 0.6456376876603233
335.5 0.8032730394494949 0.6453791271438701
335 0.8029778818659106 0.6449058146930613
334.5 0.8029405634654085 0.6448464037705067
334 0.8027601567649201 0.6445579168262929
333.5 0.8027026172656104 0.6444662557250057
333 0.8025668441079129 0.6442452262003233
332.5 0.8021789752348025 0.6436216066903416
332 0.802519176002876 0.6441694323833185
331.5 0.8022917485326787 0.6438011050099358
331 0.8021786989854438 0.643624543813799
330.5 0.8021628724057396 0.6435953622214974
330 0.801724501772983 0.6428948343713449
329.5 0.801329029569281 0.6422651842993843
329 0.8015476929764572 0.6426130278072917
328.5 0.8016628012440787 0.6427970982114174
328 0.8016694886827994 0.6428088761666252
327.5 0.8013517415107612 0.6422987515325462
327 0.800959597183987 0.6416652658534263
326.5 0.801089688338859 0.6418787029224619
326 0.8006677557380508 0.6412020694215578
325.5 0.8007192025148282 0.6412793085721415
325 0.8005773344944819 0.6410531939114396
324.5 0.8004468034629725 0.6408454101806214
324 0.8006522300783918 0.6411746804691117
323.5 0.8003515034728195 0.6406985998354724
323 0.7998354105125528 0.6398689404406963
322.5 0.7998845618222102 0.6399448109110251
322 0.8001851255057646 0.6404241020144948
321.5 0.7995582653432891 0.6394213863613857
321 0.799751971476687 0.6397379059949427
320.5 0.7996506683028001 0.639574576632447
320 0.7991819629659939 0.6388231812237086
319.5 0.7995036135264586 0.6393364517178485
319 0.7990953377531084 0.6386874386604993
318.5 0.7989696868341095 0.6384830209949163
318 0.7985237692082972 0.6377744670045663
317.5 0.7987072826314862 0.6380643668733951
317 0.7988517316036535 0.6382988215789914
316.5 0.7983569561069905 0.6375094692378103
316 0.798487784429061 0.6377165653666156
315.5 0.7982426676543114 0.6373234144158095
315 0.7980589150034636 0.6370275457043434
314.5 0.7981981310168023 0.6372523107166777
314 0.7978973352659733 0.6367738956608178
313.5 0.797721835640724 0.6364920567502678
313 0.7974321113415935 0.6360296034035813
312.5 0.7973629289225522 0.6359215316143764
312 0.7977080896762765 0.636469779002338
311.5 0.797269931299485 0.6357757870083202
311 0.7968927012310926 0.6351699926974699
310.5 0.796646175001336 0.6347759059094013
310 0.796547824724114 0.6346210656248117
309.5 0.7966869582033675 0.6348434819555235
309 0.7967465068225978 0.6349377829613848
308.5 0.7962786601892009 0.634192070299316
308 0.7959539892655383 0.6336730253849502
307.5 0.7960204071840711 0.6337787848864703
307 0.7957547643625443 0.6333574830814055
306.5 0.7956577971553437 0.6332041977359896
306 0.7954741847018965 0.6329126525524997
305.5 0.7957595302586332 0.6333644990191303
305 0.7953048224277659 0.6326431582729346
304.5 0.7949458114757569 0.6320707424093649
304 0.7951621069495655 0.6324155811134726
303.5 0.7949377841864884 0.6320616689731687
303 0.7952464045719293 0.6325481591560543
302.5 0.7946378798358525 0.6315827219229865
302 0.7944962213694962 0.6313544801854435
301.5 0.7941383389085241 0.6307921225790658
301 0.7938481012874956 0.6303292911632666
300.5 0.7940359108521109 0.6306274993908813
300 0.7940198857678875 0.6306019769983046
299.5 0.7935098539052998 0.6297944276509012
299 0.7933278688063491 0.6295040325393989
298.5 0.7936469044156347 0.6300092123797149
298 0.7935613499508907 0.6298751147453289
297.5 0.7934033830709312 0.6296201667837894
297 0.7930100380314159 0.629001773634644
296.5 0.7924361759625635 0.6280895598879405
296 0.7927651194608254 0.6286099002271764
295.5 0.7924295604694535 0.6280760108350011
295 0.7924059073858682 0.6280425762384897
294.5 0.7923497523519525 0.6279498860302329
294 0.7919785163331976 0.6273604808444637
293.5 0.7919256025003475 0.6272782669988567
293 0.7920180299441143 0.62742393410209
292.5 0.7919112404602197 0.6272559794524611
292 0.7917696166561201 0.6270325112895431
291.5 0.7911209545190628 0.6260065059020048
291 0.7910582385743539 0.6259084425076729
290.5 0.7912643117260019 0.6262358830027082
290 0.7905723632910298 0.6251394264688078
289.5 0.7905325392958992 0.6250775365609685
289 0.7903114200178736 0.6247220319500922
288.5 0.7902150985883862 0.6245735536705328
288 0.7900792047599534 0.6243577945374977
287.5 0.7899118370209632 0.6240919332465396
287 0.78960428103767 0.623606473886764
286.5 0.7896855263922706 0.6237391692627954
286 0.7894400696353372 0.6233497424034125
285.5 0.7893427932417685 0.6231963576690559
285 0.7891997187276245 0.6229733252278633
284.5 0.7891439007524338 0.6228843733642931
284 0.7889592591934381 0.6225883097400058
283.5 0.7889228687935376 0.6225281728662772
283 0.7885959972488985 0.6220207693170704
282.5 0.7886421224411805 0.6220870959042447
282 0.7884782382761809 0.6218305995162385
281.5 0.7881776547062253 0.621358519424814
281 0.7878339983337227 0.6208142626003048
280.5 0.7877086059348115 0.6206186075914629
280 0.7876790127079274 0.6205675327760605
279.5 0.7875310188771419 0.6203393192786658
279 0.7868769612166593 0.6193077172040724
278.5 0.7866472029409861 0.6189500234081989
278 0.7870503196008508 0.6195837780146187
277.5 0.7864564170921996 0.6186469637338503
277 0.786502567539178 0.6187193310493381
276.5 0.7863491287260009 0.6184821132073461
276 0.7859314188181782 0.6178179458391077
275.5 0.7858033469477924 0.6176164899480352
275 0.7856269217012171 0.6173417798377855
274.5 0.7854623283570403 0.6170866968595631
274 0.7854472321992702 0.6170595259073042
273.5 0.7853015518573724 0.6168316976163893
273 0.7848339367257381 0.6160966550921945
272.5 0.7848000164230475 0.6160487392991425
272 0.7850424900612528 0.6164250504939496
271.5 0.7844799164140294 0.6155441054277518
271 0.784310915527694 0.6152800445701171
270.5 0.7842069915934976 0.615117553154632
270 0.7841860861559177 0.6150831791087011
269.5 0.7836398162752083 0.6142295065154892
269 0.7838555934982794 0.6145631476497091
268.5 0.7833773209852082 0.6138130241661564
268 0.7830764928572717 0.6133473084133813
267.5 0.7831351291261696 0.6134362771921674
267 0.7827316332762124 0.6128013529729319
266.5 0.7827528964538046 0.6128413965666913
266 0.7823416488546494 0.6121908453589312
265.5 0.7820889185655283 0.6117975304701198
265 0.7823856352457896 0.6122634955128963
264.5 0.7818100132814151 0.6113617403384864
264 0.7814342573689026 0.6107704952199735
263.5 0.7812893720538138 0.6105502398913528
263 0.7814591237567913 0.6108116989209099
262.5 0.7808241320729787 0.609818377959685
262 0.7812463381681237 0.6104837772922914
261.5 0.7805490882855461 0.6093918952816995
261 0.7806179929381535 0.6094986778646929
260.5 0.7804078554776844 0.6091700857871932
260 0.78022502457882 0.6088849007014695
259.5 0.7798691926856081 0.6083311230967589
259 0.7794999926672899 0.6077566204486257
258.5 0.7794969458806351 0.6077492197303026
258 0.7796173921710766 0.6079389065288328
257.5 0.7788431751477107 0.6067316836376313
257 0.7788803401035949 0.6067912814438995
256.5 0.7789011594505493 0.6068222872191721
256 0.778565071068398 0.6063014777714405
255.5 0.77821215592622 0.6057489242369866
255 0.7780329133293935 0.6054620437864783
254.5 0.7778614481401832 0.6052060065297373
254 0.7777917437706463 0.6050937927228117
253.5 0.7772889352459632 0.604313689786709
253 0.7769857179675295 0.6038425099510581
252.5 0.7768317267888313 0.6036043583874109
252 0.7768056739936854 0.6035625976031406
251.5 0.7763877320851953 0.6029136246682396
251 0.7761297983575892 0.6025101079943436
250.5 0.7762607765424191 0.6027171480999306
250 0.7758495282271062 0.6020776386247086
249.5 0.7754828201329282 0.6015097004839909
249 0.7753683379772102 0.601331146777682
248.5 0.7753460734421744 0.6012976164814172
248 0.7749471503986236 0.6006841966101865
247.5 0.7746198564142895 0.6001724769985161
247 0.7747500150128817 0.6003768634928804
246.5 0.7743204124226575 0.5997102325279247
246 0.7739718450184275 0.5991709313855561
245.5 0.7737463659953541 0.5988162962017021
245 0.773636057303875 0.5986452589353884
244.5 0.773090232697036 0.5978048514959979
244 0.7730147714327413 0.5976875381633523
243.5 0.7729369886152117 0.5975728988718706
243 0.7729293876441283 0.59755625018029
242.5 0.7723614205280773 0.5966794141766815
242 0.7723216433639281 0.5966184197572315
241.5 0.7723707195659452 0.5966901739243928
241 0.771933907391583 0.5960210118014584
240.5 0.7714319628491086 0.5952432109285121
240 0.7710320191302273 0.5946266054278333
239.5 0.7712365075081129 0.5949455517132602
239 0.771213828083456 0.5949089547276954
238.5 0.7707062398355683 0.5941212849538543
238 0.7704641524180195 0.5937527347051331
237.5 0.7697341094804862 0.5926298248492649
237 0.769972180991806 0.5929936657994749
236.5 0.7697007742035598 0.5925792124102535
236 0.7694734270368445 0.592229450019338
235.5 0.7690823153481814 0.5916265987229322
235 0.7690557841257795 0.5915806787558026
234.5 0.7686067467906428 0.5908924905033216
234 0.7686436127647271 0.5909501529094661
233.5 0.7679901118453007 0.589944277572147
233 0.7679362429626894 0.5898636941815943
232.5 0.767844416814169 0.589724094646185
232 0.7672871045362307 0.5888639466585182
231.5 0.7670729158386708 0.5885407893828746
231 0.766939524923544 0.5883330622270962
230.5 0.7667254780064079 0.5880056719615907
230 0.76660304391127 0.5878208265117751
229.5 0.7663815220727419 0.5874787356369507
229 0.7659254808399866 0.5867797097419217
228.5 0.7651909357666653 0.585654063596343
228 0.7649018981640054 0.5852162587806167
227.5 0.7646490185448329 0.5848304255345711
227 0.7648260478542982 0.5851014507343006
226.5 0.7643130222302664 0.584312507775438
226 0.7644605708043235 0.5845399388553395
225.5 0.7635002409375418 0.5830705349183224
225 0.7637418366974199 0.5834374964000072
224.5 0.7631636801217427 0.5825609107376251
224 0.7634777662012668 0.5830339198577117
223.5 0.7631666007705961 0.5825622472585406
223 0.7627142949414842 0.5818713235963596
222.5 0.7620955738209886 0.5809267858036081
222 0.7618559502888596 0.5805697592688394
221.5 0.7618746334740616 0.580592635201357
221 0.7615036038800449 0.5800277243115023
220.5 0.761199050971226 0.5795638151666523
220 0.7609925690226066 0.5792496507416469
219.5 0.7606093678161904 0.5786610586920771
219 0.7602528309151616 0.5781240028358162
218.5 0.7599849214530104 0.5777159959629665
218 0.7594400438508963 0.5768873192078579
217.5 0.7597606460391361 0.5773731951722825
217 0.7587516839723452 0.5758478992803451
216.5 0.7585395044244708 0.5755208249985664
216 0.7584450356723853 0.575378549052694
215.5 0.7583563941214567 0.5752422147533309
215 0.7578165636719221 0.5744232199978001
214.5 0.7575089578973819 0.5739585719438409
214 0.7574113944720585 0.5738139004059047
213.5 0.7570381510396523 0.5732460443010854
213 0.7572304009662455 0.5735315270910629
212.5 0.7562643124612283 0.5720752844668252
212 0.7565483329234316 0.5725038599974308
211.5 0.7561719332364898 0.5719388782133814
211 0.755685553559173 0.5711991129530615
210.5 0.7553506266978407 0.5706935525993257
210 0.7547472335315334 0.5697812670205701
209.5 0.7547222579333134 0.5697456587159331
209 0.7541473344077464 0.5688803179241576
208.5 0.7537407478755629 0.5682668672730167
208 0.7536162014913108 0.5680771474928409
207.5 0.7529323467483966 0.5670474010819798
207 0.7531472837606288 0.5673666672380282
206.5 0.7525875163434432 0.5665212636887851
206 0.7522314302048841 0.5659913838645174
205.5 0.7517758209948386 0.5653035288663972
205 0.7515548911173415 0.5649742743951293
204.5 0.7516025848442384 0.5650432529805054
204 0.7505021591658787 0.5633964107854358
203.5 0.7505629667000151 0.5634856484269021
203 0.7504775945834372 0.5633538823097922
202.5 0.7497532813315005 0.5622665220897988
202 0.7495867427561284 0.5620222741052191
201.5 0.7495537691836692 0.5619701530284288
201 0.7490791074856608 0.5612638555988044
200.5 0.7484729408880707 0.5603546156279647
200 0.7483986055761569 0.5602419365058217
199.5 0.7480709899118825 0.5597580428345366
199 0.7475122741731961 0.5589165506591024
198.5 0.7470908866724508 0.5582819407599903
198 0.747175114576113 0.5584056076898991
197.5 0.7464051177351864 0.5572642761255132
197 0.7458983156695115 0.5564967657183914
196.5 0.7458051805073868 0.5563644100081354
196 0.745639734867311 0.5561241990846353
195.5 0.7449254831176101 0.5550565175332084
195 0.7447584738349043 0.554805388347567
194.5 0.7442387644167983 0.554031563373542
194 0.744115228323365 0.5538457833760846
193.5 0.7438264612580732 0.5534173039767872
193 0.743048316938199 0.5522596416177151
192.5 0.7430809330007053 0.5523070824087827
192 0.7421030011255184 0.5508575045162943
191.5 0.7423254143317531 0.5511865074911771
191 0.741199881402851 0.5495155743915683
190.5 0.7413186911375942 0.5496956841954161
190 0.741187170895202 0.5494988099415435
189.5 0.7401248786168698 0.5479239484660833
189 0.7401815048422957 0.5480080680288448
188.5 0.7397231735715971 0.5473284808050507
188 0.7391632182570619 0.5465065458603537
187.5 0.7388881674952608 0.5460968925574742
187 0.7386750233570366 0.5457839888114183
186.5 0.7381426798063344 0.5449947544337924
186 0.737638588467652 0.5442518841276817
185.5 0.7378355886628598 0.5445416677739332
185 0.7364820331007689 0.5425474552913524
184.5 0.7362205056694845 0.5421666881950676
184 0.7361932821834398 0.5421180974450066
183.5 0.7359132687710334 0.5417088148737182
183 0.7348331732581506 0.5401220269267986
182.5 0.7349173082834469 0.5402440787579831
182 0.7344149141545208 0.5395038824550594
181.5 0.7339779706818658 0.5388637452586087
181 0.7334351832792996 0.5380704060924748
180.5 0.7332107776432923 0.5377368373861602
180 0.732330822712427 0.5364478476917297
179.5 0.7322308852516846 0.536306331829313
179 0.731854517421319 0.5357474051255441
178.5 0.7314047442150043 0.5350978010894949
178 0.7307390289545871 0.5341217416720805
177.5 0.7306128377820421 0.5339370479764799
177 0.7301374101418721 0.5332469878835893
176.5 0.7294255006194784 0.5322028818372115
176 0.7291119312860227 0.5317427962660247
175.5 0.7287855265643667 0.5312714315963778
175 0.727789383489778 0.5298212698455259
174.5 0.7278791093947553 0.5299494360816894
174 0.7274132276515081 0.5292665804228751
173.5 0.7273477016887575 0.5291792524688073
173 0.7259398573557416 0.5271275174214329
172.5 0.7256317279396396 0.5266833323818152
172 0.7252784179169521 0.5261693738004541
171.5 0.7247096836140914 0.5253472859663698
171 0.7245696766326228 0.5251429476779232
170.5 0.7237869571463416 0.5240116742771216
170 0.7234666891077081 0.5235500672517295
169.5 0.7231463847431162 0.5230807282912685
169 0.7221883894832715 0.5216909096235034
168.5 0.7215826029467056 0.5208209183897208
168 0.7210791249506401 0.5200984085952639
167.5 0.7206096896053695 0.5194166581811853
167 0.7203419193782361 0.5190331020064661
166.5 0.7198873178746071 0.5183797835064874
166 0.7190129243760683 0.5171197166508997
165.5 0.7191420675861367 0.5173038617689054
165 0.718247645483633 0.5160242114424181
164.5 0.7176188725831945 0.5151178484338124
164 0.7171218084731555 0.5144016610633847
163.5 0.7165555534133126 0.5135965146190407
163 0.7161351169402943 0.5129970828123704
162.5 0.7152405265059606 0.5117143536199232
162 0.7150752104203149 0.5114762011355711
161.5 0.7143125635770032 0.5103919027902261
161 0.713487743762001 0.5092049325700756
160.5 0.7133971350828578 0.5090805024480176
160 0.7130653605909721 0.5086005693445528
159.5 0.71262716831264 0.5079809615183903
159 0.7117485146328489 0.5067270485731974
158.5 0.7111069978213712 0.505816153706154
158 0.7104788775139298 0.5049235974549974
157.5 0.7097676407329303 0.5039120603914385
157 0.7093762634484031 0.5033630315918527
156.5 0.7090026907602679 0.5028344467883136
156 0.7081919345401048 0.5016811000590479
155.5 0.7078385947504956 0.5011794705181881
155 0.7075180331377428 0.5007228625296566
154.5 0.7059217609939465 0.49847133401674193
154 0.7054535215606251 0.49780875619043674
153.5 0.704957572138148 0.4971079563456376
153 0.7045042661850915 0.49646732646863306
152.5 0.703753344577811 0.49541380355473813
152 0.7035874177486867 0.4951741544825921
151.5 0.7027655515462319 0.49402083895307125
151 0.702055371761444 0.49302690272981686
150.5 0.7017083146916986 0.4925418363497761
150 0.7008204467536977 0.49129342250304947
149.5 0.7007791608627327 0.49123863373164844
149 0.6996290378311207 0.4896244882975954
148.5 0.6995808753015667 0.48955622813853655
148 0.6986797221163559 0.48829410771990095
147.5 0.6975535029784551 0.4867310633213869
147 0.6969786586985515 0.48592074814356545
146.5 0.696147782203356 0.48476068635236275
146 0.6958360842242421 0.4843330783646161
145.5 0.6949074396302393 0.48303864429545634
145 0.6945196389399865 0.482498869722837
144.5 0.6935325308949735 0.4811277835241721
144 0.693087232595689 0.48051278334299047
143.5 0.6926178871680321 0.4798645886217839
143 0.6918057475517978 0.478740959702979
142.5 0.6911227641047619 0.4777911437739762
142 0.6900713564826357 0.4763376169456578
141.5 0.6889226428170477 0.474763423131202
141 0.6893922774055267 0.4753974217122493
140.5 0.6882747871934684 0.4738659201238469
140 0.687924553887231 0.47337824360668923
139.5 0.6860676697207825 0.47083220037753
139 0.6854521497131396 0.4699882285263536
138.5 0.6852606540632706 0.4697253103797784
138 0.6844636507409079 0.4686331479777361
137.5 0.683613315057389 0.46746809511704795
137 0.6830115743231441 0.46664667070103194
136.5 0.6817908759219242 0.4649835496226714
136 0.6817608087423738 0.4649417005756617
135.5 0.6809495181610745 0.46383439093133455
135 0.679453196783975 0.46179954126159534
134.5 0.6790687196574017 0.46127747395946533
134 0.678119547215365 0.4599889577394114
133.5 0.6769823054777933 0.45844413056888
133 0.6765726876102951 0.45789035971861664
132.5 0.6760743168565807 0.4572162729267762
132 0.6750982222579003 0.45590025402514456
131.5 0.674152650723097 0.45462117248634554
131 0.673464419922273 0.4536943562061264
130.5 0.6727111205355394 0.45267655065900936
130 0.6712366848453579 0.450703838988758
129.5 0.6705825028967959 0.4498215742655511
129 0.6703474582848996 0.4495024406518664
128.5 0.6685273842156471 0.44707785097466984
128 0.6684752244202318 0.44700605104251384
127.5 0.6674917259698734 0.4456819733841961
127 0.6665818645900342 0.4444745259220147
126.5 0.6657737091513523 0.4433994707988947
126 0.6646142720032134 0.4418532993309021
125.5 0.6634964079432326 0.44036793885367764
125 0.6627831500216093 0.4394247404492985
124.5 0.6621608241569255 0.43860213240776674
124 0.6604816052207075 0.4363817079269979
123.5 0.6603021884768695 0.4361471635319415
123 0.65991319633739 0.43561953324809843
122.5 0.6579488405934976 0.4330351980236985
122 0.657650617883092 0.43264215320469607
121.5 0.6568023331824704 0.4315303265576986
121 0.6554646321956048 0.4297740705011639
120.5 0.655046295180169 0.42922430499137454
120 0.654430841222231 0.42841639997530406
119.5 0.6523587474238082 0.42570429020208084
119 0.652029823803746 0.4252855318405825
118.5 0.6506146561622412 0.42344495799467197
118 0.6494165903646687 0.42187748796417657
117.5 0.648340549992874 0.42048668092386415
117 0.6470354431587471 0.41879768665335454
116.5 0.6463761979629354 0.417940638519516
116 0.6445825010445497 0.4156183236878305
115.5 0.6447788309221999 0.41588538887002136
115 0.6436626050237981 0.414437887637265
114.5 0.6423861930713602 0.41280175709051103
114 0.6409243341716698 0.4109216308971226
113.5 0.6402232798096003 0.4100271879660104
113 0.6395039332415859 0.40910186683118205
112.5 0.6380165203744446 0.4072041140554946
112 0.6368551558608014 0.4057175783052759
111.5 0.6365700764085388 0.4053574280934043
111 0.635141878780213 0.4035446698244482
110.5 0.6345417135158499 0.4027760336101545
110 0.6320939224272156 0.39968672583710674
109.5 0.631266588672349 0.3986306252760712
109 0.6296999131902375 0.3966576567685998
108.5 0.6293674318807507 0.3962455015088566
108 0.6272676963022225 0.3936028895550217
107.5 0.626310723391711 0.3924053118325759
107 0.6254126868242276 0.39128103784019125
106.5 0.6244257803693428 0.3900427056252113
106 0.6231503917942645 0.38845065775581983
105.5 0.622394341862384 0.3875061060872953
105 0.620619893505257 0.3852993995515085
104.5 0.6183296152254802 0.3824723334502749
104 0.6181997682704066 0.3823131837516164
103.5 0.6171980442232875 0.3810654424295429
103 0.6159720008902853 0.3795510435687689
102.5 0.615282382469455 0.37869700307015447
102 0.613203257811632 0.3761462453521171
101.5 0.612477810338704 0.3752684929004439
101 0.6101756387615492 0.3724481772323944
100.5 0.6100894872532747 0.3723474923221812
100 0.6076309499753252 0.36934998354907783
99.5 0.6063284181485775 0.367764156147432
99 0.6045127133030583 0.3655699328174659
98.5 0.6041339520689845 0.3651010189096999
98 0.6021260406701116 0.36269425894819346
97.5 0.600668644181721 0.360928566345316
97 0.5999846381170066 0.36010623008115694
96.5 0.5981108181269277 0.3578662894896475
96 0.5965835647958668 0.35603945641500023
95.5 0.5946630634597744 0.3537495763274362
95 0.594409841354913 0.35345187691102664
94.5 0.5928115668394751 0.3515608226451251
94 0.5913697371297916 0.3498473114975326
93.5 0.5896722497073275 0.3478505543360179
93 0.588434458762452 0.3463800457983856
92.5 0.5866911415673497 0.34433788753202244
92 0.5849113657537495 0.34225379897429825
91.5 0.5835612959840525 0.3406636091413647
91 0.5818940133409443 0.3387252394430292
90.5 0.5807418072982609 0.33738817044140845
90 0.5790142392329161 0.3353796072310831
89.5 0.5773963861824896 0.3335134568974725
89 0.5763706898920102 0.3323282988763623
88.5 0.5752169636582518 0.33100952624629787
88 0.5717014707861451 0.3269745391312012
87.5 0.5721178230066574 0.32744190807192053
87 0.569706722478084 0.324689887916178
86.5 0.5677838266264973 0.3225051623501742
86 0.5669219087366167 0.3215271027092423
85.5 0.5644994177980952 0.318779722337936
85 0.5630747386028353 0.3171712715486629
84.5 0.5608534558260133 0.31468170931987244
84 0.560077165661389 0.3137987396686143
83.5 0.5578649148099085 0.31133724673717966
83 0.5562658835718692 0.30955311604420127
82.5 0.5539192921161467 0.3069408479312503
82 0.5523511677705147 0.30521037337027623
81.5 0.5513191651079381 0.3040713531603366
81 0.5491888549881279 0.30173122331622554
80.5 0.5477633557083638 0.3001566324458643
80 0.5458451128516454 0.29805991327602505
79.5 0.5434896434447865 0.2954922451703788
79 0.542448565401122 0.2943639106511515
78.5 0.5402986308431297 0.2920353972365398
78 0.539407097600604 0.29107611640369613
77.5 0.5361027182560613 0.287504265590099
77 0.5345582010275003 0.285860845348585
76.5 0.5324209720561639 0.28357832172972836
76 0.5310413146984967 0.28211548810466425
75.5 0.5284779311734926 0.27939622307909306
75 0.5260493646474456 0.2768377394344184
74.5 0.5254001512911368 0.27615155871881225
74 0.5231768982808881 0.2738233074295101
73.5 0.5206751982403306 0.2712067046404766
73 0.5183875349684168 0.2688329700731546
72.5 0.5168298646478071 0.2672135187504585
72 0.5149626876577533 0.2652931744020093
71.5 0.5127570157814292 0.26302018125526877
71 0.5103391034052118 0.2605513361452302
70.5 0.5084101819421637 0.2585805918245591
70 0.5065985620501434 0.2567490106022068
69.5 0.5045391876506161 0.2546586113050325
69 0.5022462489815485 0.2523547891963407
68.5 0.49954792656087266 0.2496422296672864
68 0.4975843154293658 0.24768438751048946
67.5 0.4960637030232296 0.24617013857370618
67 0.4948010950391188 0.24492376591402965
66.5 0.4914647339823908 0.24163714773921974
66 0.48931277538839585 0.23951120122940772
65.5 0.4874823525293026 0.237737027072523
65 0.4849646311514832 0.23527826087423342
64.5 0.48328661184110366 0.23367306409056945
64 0.4811209638412756 0.2315644886012114
63.5 0.47814522821748007 0.22871466447251063
63 0.47636619946834863 0.22701620545086368
62.5 0.47447033246754217 0.22520551741501554
62 0.47058789349669833 0.22154651745775925
61.5 0.4701118408979875 0.2211011196360825
61 0.4665105791948774 0.21772177197328096
60.5 0.46422492701946994 0.21558445151502137
60 0.46210935871289555 0.21362300822384347
59.5 0.4583939247982891 0.2102108641931116
59 0.4567019713183913 0.20865573420069336
58.5 0.45522474111734484 0.20729937817902563
58 0.4540020541322857 0.20619658808936206
57.5 0.4505636124859492 0.2030900354613519
57 0.44899097633996143 0.2016641825687668
56.5 0.4468728067618942 0.19977696946034312
56 0.44288889257472924 0.19621696279664183
55.5 0.4405656063384477 0.19416953877689938
55 0.43862676122667626 0.19246575525809806
54.5 0.4358741518743776 0.19006412059751698
54 0.4341619600918739 0.1885713131454569
53.5 0.43047833081415776 0.18538024259448094
53 0.4296268804025438 0.18464797326528443
52.5 0.42672309614871673 0.18216313849738747
52 0.42421636304524357 0.1800392529123883
51.5 0.42170705807444797 0.17789916945042397
51 0.4183400581118451 0.17508181233684825
50.5 0.4165262541045486 0.17355769214856925
50 0.4150656695151162 0.1723497465743931
49.5 0.40959217202173126 0.16782906744715334
49 0.4098686451967524 0.16804659776197353
48.5 0.4077829367405881 0.16633481356559104
48 0.40360190562894965 0.16295757177066764
47.5 0.40083059233288204 0.1607205436769082
47 0.3991567414911137 0.15937772325273428
46.5 0.3977105887101541 0.15822307307506836
46 0.39439791560474546 0.15559586216844912
45.5 0.39046063887423244 0.15251384758700529
45 0.38947259953343805 0.15173433369366046
44.5 0.38606190580009564 0.1490880021921595
44 0.3842080104104091 0.14765978497401067
43.5 0.3816048131694564 0.14567267321939562
43 0.3789604726299565 0.1436554889055733
42.5 0.37685897289214587 0.14206733551085152
42 0.37364918313368367 0.13965801258545407
41.5 0.370975671058029 0.13767252888380047
41 0.36991344127527415 0.136881082993424
40.5 0.3673808465570817 0.13500899633249622
40 0.36334330602287235 0.13206622405107435
39.5 0.3622048233130495 0.13122859329676165
39 0.3588243893647503 0.12878501210665616
38.5 0.3571813575837023 0.12761903428099478
38 0.35433655069358866 0.125590878556562
37.5 0.35106793708480183 0.12328818232101
37 0.35041397768739224 0.12282115221584278
36.5 0.34657470502132015 0.12014275697174234
36 0.34588753551690876 0.11967078758791144
35.5 0.3417770162905639 0.11683834150555672
35 0.34002982397047726 0.11564395437056982
34.5 0.3378638948620456 0.11417842764193084
34 0.33415346590531975 0.1116821051867926
33.5 0.3333879174539653 0.1111705791336519
33 0.33023891203477673 0.10907870788163887
32.5 0.32674339850711787 0.1067816799079729
32 0.32717718898306103 0.10707162782649578
31.5 0.322952893585681 0.10431980251084756
31 0.32062140885331714 0.10281701854881146
30.5 0.31883334789386164 0.10167194942666957
30 0.314554036234489 0.09896185965978369
29.5 0.31446105612905106 0.09890809964484756
29 0.311269939387769 0.09690548199658297
28.5 0.31106731732961734 0.09678714392447296
28 0.3085280916162721 0.09520590359952828
27.5 0.3062565598333143 0.09380859683638162
27 0.30252081791836416 0.09152782897220275
26.5 0.3019978208082717 0.0912142101312534
26 0.30008430685795584 0.09005911257734402
25.5 0.29792701609692085 0.08877142073152834
25 0.29501940267223264 0.08704341021556239
24.5 0.29217960436748375 0.08537831176258424
24 0.29050641788299625 0.08440122413421562
23.5 0.2896680751202313 0.08391812427236024
23 0.28842323623979094 0.08319500273473103
22.5 0.2859332538328557 0.08176826982328125
22 0.2845989272218176 0.08100553052695894
21.5 0.28224598032422327 0.07967143268752411
21 0.282350616959728 0.07973270364956885
20.5 0.2801728850776118 0.07850239968892382
20 0.27866931006307716 0.07766227144311862
19.5 0.2776087760796715 0.07707196075152256
19 0.2758884613122934 0.07611867463904226
18.5 0.27395372502171894 0.07505724742200512
18 0.27342192537121934 0.07476319194240445
17.5 0.27126824251942183 0.07358979309216387
17 0.2720742034518689 0.07402734073726543
16.5 0.2686055904847495 0.07215008647487885
16 0.2689528942802485 0.07233868286391025
15.5 0.2664335495264278 0.07098841518750312
15 0.2648101675784889 0.070126257119931
14.5 0.2635092190099334 0.0694379173435987
14 0.26278500515099207 0.06905761277273051
13.5 0.26193800933177064 0.06861217179872374
13 0.2623842281811563 0.0688463024366294
12.5 0.2615353590730267 0.06840141933673961
12 0.26065704866118183 0.06794235894529049
11.5 0.26099674064832623 0.0681196619168748
11 0.2594048301641394 0.06729154522844141
10.5 0.2582931485932276 0.06671559697863566
10 0.2583670803594372 0.06675377094400568
9.5 0.2583163651847581 0.06672746056389948
9 0.25818456442233806 0.0666594308537063
8.5 0.2581671722623883 0.06665037719922016
8 0.2580279493595516 0.06657855392207712
7.5 0.2576497650115511 0.06638344046331407
7 0.25773574550031547 0.06642774552980557
6.5 0.25762172227733643 0.06636898196105866
6 0.257405512295361 0.06625761947157505
5.5 0.2573028091053478 0.06620475782600316
5 0.25726872578751314 0.06618720571787726
4.5 0.25718777294977435 0.06614556001337996
4 0.2570617126947627 0.06608072913040884
3.5 0.25703946045507053 0.06606928730216483
3 0.25700023112762616 0.06604911984725918
2.5 0.2569832047646798 0.06604036792184396
2 0.2569662031116513 0.0660316308933747
1.5 0.25695205963957735 0.0660243611009486
1 0.2569472356939347 0.0660218819648814
0.5 0.256943559883765 0.06601999297345376
