1000 0.9388390252876113 0.8815355566388015
999.5 0.9389108761686109 0.8816706355628736
999 0.9391522291470127 0.8821235281745092
998.5 0.9391146219515248 0.8820534931083572
998 0.9389457292089449 0.8817328257692619
997.5 0.9389287841378317 0.8817000737795381
997 0.9392548108140168 0.8823159559535576
996.5 0.9390361863894053 0.8819043393834656
996 0.9388107446078334 0.8814771795573559
995.5 0.9388905692598258 0.8816306850592478
995 0.9390842375244515 0.8819940272731599
994.5 0.93888648448773 0.8816200362246885
994 0.9389355104201786 0.8817166084376807
993.5 0.9388710937985706 0.881593317444788
993 0.9387585682047654 0.8813868402473489
992.5 0.9389583416493081 0.8817588619954848
992 0.9389184431672276 0.8816829994166449
991.5 0.9389956239054922 0.8818258752029166
991 0.938647014704411 0.8811767494321794
990.5 0.9388789017433317 0.8816104162317375
990 0.9391475766605352 0.8821140548570963
989.5 0.9387898536129577 0.8814398735702077
989 0.93888518210089 0.8816203202625644
988.5 0.9390319445948928 0.8818959784035387
988 0.9387064075364207 0.8812847532903885
987.5 0.9387631129820676 0.8813891042127555
987 0.9390097544233688 0.8818532091905876
986.5 0.9386063582643223 0.881098862050899
986 0.9389303165520047 0.8817059761043626
985.5 0.9384894763030874 0.8808759859160411
985 0.938731124189431 0.8813288577036564
984.5 0.9384649411151158 0.8808320014906375
984 0.9387351685578842 0.8813396673989586
983.5 0.9385449042003612 0.8809842336924479
983 0.9385371774852298 0.8809667366751466
982.5 0.9386426054091949 0.8811619898287255
982 0.9386457141273841 0.8811722799344156
981.5 0.9385228002061521 0.8809429547800843
981 0.9386518255461963 0.8811828101596263
980.5 0.9383863133132219 0.8806816687899899
980 0.9387907212441959 0.8814418913493661
979.5 0.9384889050392542 0.8808801764931075
979 0.9384689165676959 0.8808398100616631
978.5 0.938447923512293 0.8807999865921794
978 0.9386563775019541 0.8811931264514234
977.5 0.9382716329634262 0.8804704563493225
977 0.9387384683010292 0.8813428367677231
976.5 0.9386411080521198 0.881162804666011
976 0.9387529567213337 0.8813707988241809
975.5 0.9382104974903575 0.8803549990631269
975 0.938556413765119 0.8810063936580024
974.5 0.9385014578109797 0.8808995944730273
974 0.9386490932853685 0.881179118278315
973.5 0.9383414987423417 0.8805989949345525
973 0.9385938479089259 0.8810708677811967
972.5 0.9383858586691608 0.8806850956487863
972 0.9383101520846377 0.8805408862848525
971.5 0.9385989460154124 0.8810825207489933
971 0.9383346900433344 0.8805902173278287
970.5 0.9385114201456388 0.880919771688307
970 0.938530146542663 0.8809537594392945
969.5 0.9382310323077135 0.8803917686253383
969 0.9382911724390349 0.880505026085756
968.5 0.9379070100905753 0.8797848870228736
968 0.9383576486526248 0.8806312663963506
967.5 0.9380949905100774 0.8801371661032863
967 0.9382689861010551 0.8804641620233916
966.5 0.9381157396172514 0.8801738340739592
966 0.9382082476285027 0.880350710830475
965.5 0.9380966558319558 0.8801430688576022
965 0.9382303539298126 0.8803883073493736
964.5 0.938260720320954 0.8804465850860881
964 0.9383772013554971 0.8806667505859067
963.5 0.9378880295019577 0.8797488779176593
963 0.937866777675436 0.8797118031145097
962.5 0.9383181682122578 0.880556833623869
962 0.9380908211901138 0.8801317890473447
961.5 0.9381142638954658 0.8801755836325328
961 0.9380416366562454 0.8800405105292107
960.5 0.9380010770407359 0.8799626727930078
960 0.938004285709438 0.87996800771918
959.5 0.9379082958188508 0.8797904218066498
959 0.9379370071951505 0.8798416322340166
958.5 0.9378887192963371 0.8797522702587567
958 0.938079456834136 0.8801081970097874
957.5 0.9382686528202242 0.8804621155351084
957 0.9379429842182929 0.8798541890407698
956.5 0.9381861604170507 0.8803093996563461
956 0.9379071102950866 0.8797825457304039
955.5 0.9380692023247926 0.8800884849905743
955 0.9381856532754071 0.8803064240231498
954.5 0.9381268513779936 0.8801973179089015
954 0.9380867682429459 0.8801229316333956
953.5 0.9380910280647491 0.8801328582514303
953 0.9378193879217003 0.8796220787726434
952.5 0.937790226321353 0.8795642210123752
952 0.9379590927894865 0.8798820940072184
951.5 0.937756507323004 0.879504250755933
951 0.9376487752888601 0.8792992341555398
950.5 0.9375336056220749 0.8790876467707106
950 0.9377205872044719 0.8794346192654644
949.5 0.9379339015992477 0.8798396824756842
949 0.9376150272745672 0.879240652261283
948.5 0.937561953509593 0.8791374756477083
948 0.9378288160719924 0.8796388216303542
947.5 0.9377162363209898 0.8794311800584527
947 0.9377398923261095 0.879472120241826
946.5 0.9377840345636705 0.8795548382647662
946 0.937659759907485 0.8793201410074969
945.5 0.9376912917950694 0.8793804967791646
945 0.9374818216015828 0.8789904145368875
944.5 0.9376994496910223 0.8793958427261036
944 0.9377149881061657 0.8794252947504231
943.5 0.937566362766073 0.8791428633154768
943 0.9376947369505187 0.8793874009796364
942.5 0.9375223816244648 0.8790616804249571
942 0.9374295448254485 0.8788915978272911
941.5 0.9376890914643734 0.8793764940478351
941 0.9375702365156581 0.879153338006104
940.5 0.9375965403160067 0.8792032398009313
940 0.9377727217421341 0.8795344167642171
939.5 0.9373218308412294 0.8786915891441754
939 0.9373016011262183 0.8786501482134348
938.5 0.9375018996466569 0.8790235276779558
938 0.9377054678375539 0.8794060673503215
937.5 0.9377589078467337 0.8795102118214747
937 0.9375681219961036 0.8791503015299301
936.5 0.9375523040693945 0.8791193276358704
936 0.9375614290656407 0.8791397812932369
935.5 0.937655092619519 0.8793146791540214
935 0.9373716513300235 0.8787817586212218
934.5 0.9377438983709403 0.8794793874073042
934 0.9373591348415363 0.8787570442222312
933.5 0.9374351395642542 0.8788999739048605
933 0.9373867108198406 0.8788064684497015
932.5 0.9374442295157616 0.8789132816018116
932 0.9373186778875773 0.8786832346230318
931.5 0.937405954612467 0.8788456602409647
931 0.9373379701857145 0.8787177440122946
930.5 0.9374805620678563 0.8789852643885733
930 0.9371640912787728 0.8783904393603535
929.5 0.9372537615463152 0.8785606865193121
929 0.9370946894063701 0.8782627129409796
928.5 0.9372726728372263 0.8785960660592704
928 0.9373512712520069 0.87874756992158
927.5 0.937276354933776 0.8785999448708509
927 0.937409380478345 0.8788519930008056
926.5 0.9373868628372056 0.8788074229456145
926 0.9373097377982423 0.8786635820957593
925.5 0.9373161256151119 0.878674520009163
925 0.9370492686616676 0.878176319126024
924.5 0.9370639446399615 0.8782056157755567
924 0.9370353608211879 0.8781505308007405
923.5 0.9371532431304083 0.8783730283918023
923 0.937080417475078 0.8782352249390872
922.5 0.9369614190289601 0.8780130550522616
922 0.9370444610092584 0.878169925707262
921.5 0.9369788641422556 0.8780432977083197
921 0.936911784158072 0.8779188491918943
920.5 0.9369699388176809 0.8780314423280958
920 0.9372254387893726 0.8785052989509019
919.5 0.9370039217296946 0.8780954614009252
919 0.9367987982395944 0.8777078598140472
918.5 0.9371937520560435 0.8784488268280547
918 0.9371086569625292 0.878289599199401
917.5 0.9367843290119087 0.8776831381469378
917 0.9370309650148172 0.8781419838715987
916.5 0.93699558776407 0.8780759951296717
916 0.9368773175577112 0.8778527170698129
915.5 0.9370760935894242 0.878225874788472
915 0.936962636552962 0.8780168308046212
914.5 0.9371098342183608 0.8782909839259241
914 0.9367931496300002 0.8776956598125175
913.5 0.9368031883292471 0.8777135908763306
913 0.9367810357890022 0.8776740856347757
912.5 0.9367979280796387 0.877705161721201
912 0.9366424731397892 0.8774127177059579
911.5 0.9368975648819836 0.877894080556733
911 0.9367611381086345 0.8776377595080807
910.5 0.9367414411362937 0.8775989876580731
910 0.9366770747872553 0.8774790671054742
909.5 0.9366850962143879 0.8774946910940051
909 0.9368532182989926 0.8778074380726862
908.5 0.9368082158970243 0.8777283445961285
908 0.9366342212247174 0.8774005655954742
907.5 0.9367865299293999 0.877686243048493
907 0.936588128742159 0.8773141044749851
906.5 0.9367514814432464 0.8776189105844061
906 0.9368723167022787 0.8778468874571984
905.5 0.9367150505907406 0.8775496262908427
905 0.9366408474031136 0.8774125420934399
904.5 0.9364668963188115 0.877084453438904
904 0.9366673764337715 0.8774631100502827
903.5 0.9368142298963507 0.877738947134805
903 0.9363700110018743 0.8769011951139996
902.5 0.9366502117704223 0.8774330226266325
902 0.9366006170980378 0.8773323181285041
901.5 0.9364991663988861 0.8771457072340801
901 0.9365394222682795 0.8772247170215394
900.5 0.9364785776741299 0.8771084523628879
900 0.9366352413829957 0.8774037311975351
899.5 0.936510914510482 0.877167521929427
899 0.9364358786687252 0.877026331837052
898.5 0.9363554341116821 0.8768758456871808
898 0.936555728761376 0.8772551543691458
897.5 0.9363401392277487 0.8768474605426194
897 0.9365444826918156 0.8772312476051686
896.5 0.9363671182278167 0.8769005712499791
896 0.9363435564528007 0.8768537147250405
895.5 0.9363994547551486 0.8769624344292969
895 0.9362345318622667 0.8766509535976303
894.5 0.9362329897094763 0.8766467076250057
894 0.9364370312413515 0.8770293395460151
893.5 0.9362992740726701 0.8767699084514134
893 0.9362565681094582 0.8766918238869764
892.5 0.9362624433134631 0.8767055605531292
892 0.9362128210427242 0.8766106814824509
891.5 0.9361869166282357 0.8765595956552649
891 0.9363393898173338 0.8768479073302652
890.5 0.9364031007987228 0.8769711581364332
890 0.9362878811635464 0.8767509993502206
889.5 0.9362420381351125 0.8766666215420618
889 0.936372836541099 0.8769131356235154
888.5 0.936060661875664 0.8763245474372262
888 0.9360133198618863 0.8762362148889817
887.5 0.9361945632414856 0.876575523263687
887 0.9360918476043559 0.8763824113472405
886.5 0.936108044530849 0.8764170895223642
886 0.9360517525613978 0.8763092009571697
885.5 0.9359295366747936 0.8760794832622666
885 0.9359490370345586 0.8761148372080567
884.5 0.9361489836371952 0.8764934255630522
884 0.9359431742596581 0.8761043507136212
883.5 0.9359006122141464 0.8760265264170092
883 0.936020421564576 0.8762515628994367
882.5 0.936148048210183 0.8764892835607578
882 0.9359534048172127 0.8761253377597189
881.5 0.9360523343898303 0.8763124913115553
881 0.9358200086053488 0.8758788931261425
880.5 0.9362111789409455 0.8766047396018666
880 0.9357872079665748 0.8758188122449484
879.5 0.9359902524077359 0.8761934770083835
879 0.9357726182177963 0.8757863981085009
878.5 0.93590847852378 0.8760438419823141
878 0.9358862515461676 0.8759973999348167
877.5 0.9357920985441951 0.8758216536836442
877 0.9359825012835744 0.8761775206499535
876.5 0.9357723339160399 0.8757857248439205
876 0.9357507153896772 0.8757458864651172
875.5 0.9359214801314694 0.8760646882036968
875 0.9357554228380756 0.8757541301577065
874.5 0.93567860032158 0.8756114227911085
874 0.9358780632296216 0.8759847051708419
873.5 0.9360215761303776 0.8762521071590181
873 0.9355112637869365 0.8752954146429193
872.5 0.9356420910862927 0.8755445456443406
872 0.9356090781128859 0.8754827600624054
871.5 0.9354838710433081 0.8752456086653553
871 0.9356842568013817 0.8756204849248356
870.5 0.9354893498584786 0.8752588566399345
870 0.9355589278960328 0.8753879555318675
869.5 0.9355104188784341 0.8752943256239142
869 0.93575486323761 0.8757557081739831
868.5 0.9354571699300435 0.8751968035063502
868 0.9355995043757055 0.8754620610599165
867.5 0.935409060679509 0.8751026566361705
867 0.9353712245973134 0.8750391525113543
866.5 0.9352525115691489 0.87481202764058
866 0.9354200327418156 0.8751254798313746
865.5 0.9354257110798146 0.8751378114296958
865 0.9354982506634906 0.8752740252334604
864.5 0.9352510969539725 0.8748110489830331
864 0.9354680282657991 0.8752144471268278
863.5 0.9353242435775576 0.8749462682627689
863 0.9354873144743706 0.87525432572848
862.5 0.9353803403338868 0.8750528957906029
862 0.935250673430675 0.8748105380397302
861.5 0.9352627293407625 0.8748348582117765
861 0.9354660915767566 0.8752077208146141
860.5 0.9351784120521709 0.8746733529647952
860 0.9352648950045143 0.8748366043708291
859.5 0.9352173105180026 0.8747445986012032
859 0.935245076292961 0.8747978848404637
858.5 0.9349985875554369 0.8743398698444027
858 0.9352997862325266 0.8749038052758983
857.5 0.9352599364792663 0.8748258622805122
857 0.9351741633269532 0.874666635224965
856.5 0.9352793129224533 0.8748636760758864
856 0.9351700862452741 0.8746594185395618
855.5 0.9353766233174076 0.8750455946205834
855 0.935300438462949 0.8749016024673568
854.5 0.934994768720222 0.8743315261309593
854 0.9350595100123548 0.8744503874421617
853.5 0.9350761612815466 0.8744829646587475
853 0.9348884472455146 0.8741328822238043
852.5 0.9349328825511866 0.8742138926128241
852 0.9350189866937696 0.874374819605457
851.5 0.9348669869493074 0.8740931427357416
851 0.9350455677239551 0.8744283008593265
850.5 0.9350056572339677 0.8743517445643416
850 0.9348666331239814 0.8740921520547493
849.5 0.9349840966920784 0.8743120432840297
849 0.9349534380871718 0.8742537937907294
848.5 0.935010332331152 0.874361992557092
848 0.9347967968128367 0.8739624164415667
847.5 0.9347078451564635 0.8737939623837003
847 0.9348582314412088 0.8740762165833706
846.5 0.9348698523368166 0.8740989071228737
846 0.9348003181996907 0.8739684398872389
845.5 0.9346897795475265 0.8737637518333378
845 0.9349270640584468 0.8742067579851923
844.5 0.9349512423168082 0.8742524410825208
844 0.9346534989130494 0.8736950773785117
843.5 0.9347744602819361 0.8739163792071857
843 0.9349065078090288 0.8741685922521183
842.5 0.9350152493816783 0.874367778226253
842 0.9347385259662931 0.8738538870316699
841.5 0.934827381750901 0.8740183907714687
841 0.9347903644016958 0.8739504669204414
840.5 0.9347780580566665 0.8739237405887121
840 0.9346221833590331 0.8736339450615686
839.5 0.9345025014556774 0.8734088990037776
839 0.9345561137536109 0.8735109994179097
838.5 0.9345083121098549 0.8734221112143608
838 0.9346212394809668 0.8736327237509528
837.5 0.9345696914147313 0.8735370431936975
837 0.9348046205533045 0.8739748534104459
836.5 0.934448581736173 0.8733120771517341
836 0.9345191963492602 0.8734412397599609
835.5 0.9346022464938913 0.8735986900333538
835 0.9342574702091835 0.8729546943253104
834.5 0.9345448328074181 0.8734925841134817
834 0.9344827687149879 0.8733768805996693
833.5 0.9344303194319261 0.8732772987095135
833 0.9344040963021487 0.8732288558931577
832.5 0.9344465958501827 0.8733128277076839
832 0.9344494052815587 0.8733102360459803
831.5 0.9343812744826063 0.87318270184047
831 0.9341779303725247 0.8728041461801128
830.5 0.9342054761108355 0.8728564900931609
830 0.934358245337365 0.8731426315423814
829.5 0.934293991787421 0.8730200625380825
829 0.9344891008303535 0.8733857845384136
828.5 0.9342583979328506 0.8729557655307514
828 0.9342544788376441 0.8729481441219781
827.5 0.9343265192506285 0.8730837737264264
827 0.9342956487528454 0.8730248716949037
826.5 0.9342292206072177 0.8729029205785854
826 0.9341955452234115 0.8728359564627287
825.5 0.9342265477843821 0.8728965160704479
825 0.9341299695026861 0.8727155604940564
824.5 0.9340557152917025 0.8725776508391487
824 0.9340555775164453 0.8725792197166787
823.5 0.9340991205431045 0.8726557834617933
823 0.93407373876784 0.872613372209825
822.5 0.9341642274529554 0.8727794099837788
822 0.9338632327086637 0.8722165057869945
821.5 0.9341280304950138 0.8727131983613523
821 0.9338817958294604 0.872253212707049
820.5 0.9338529665046347 0.8721972064159649
820 0.9339206120211687 0.8723250458927886
819.5 0.933845483271721 0.8721857142585442
819 0.9338989579212362 0.8722860567209687
818.5 0.9338378110763916 0.8721716745927849
818 0.9339964508398727 0.8724666867363625
817.5 0.933913226269597 0.8723095297548711
817 0.9337850799888368 0.872069859865634
816.5 0.9337062650280425 0.8719222365920698
816 0.933634228307938 0.8717901109149525
815.5 0.9337001780501781 0.8719106188948501
815 0.9337446881954518 0.8719934104609105
814.5 0.9336450225085812 0.8718100287180416
814 0.933822625745886 0.8721438173679905
813.5 0.9338695849618153 0.8722288752063566
813 0.9335338371133836 0.8716014651620579
812.5 0.9334670487072821 0.8714751548643137
812 0.9335333036102618 0.8716027936741086
811.5 0.9336337591407251 0.8717893929409934
811 0.9338881153293433 0.8722633347218997
810.5 0.9337010087738687 0.8719184659477819
810 0.9337725664445905 0.8720492789852887
809.5 0.9334147286612914 0.8713787091155731
809 0.9333439199053091 0.8712506368489291
808.5 0.9335338088263482 0.8715996620620776
808 0.9334192706802019 0.8713871149098903
807.5 0.9333570096061722 0.8712699275967233
807 0.9334239166098353 0.8713971263219017
806.5 0.9334446629355921 0.8714378849561355
806 0.9333442751252775 0.8712497335208794
805.5 0.9334988198155899 0.8715366342929719
805 0.9334843751553131 0.8715088383809405
804.5 0.9333049263281761 0.8711736098176481
804 0.9332848239435669 0.8711349589098368
803.5 0.9332248137332317 0.87102764690481
803 0.9332739076584571 0.8711177767163324
802.5 0.933350840803057 0.8712614305889242
802 0.9333098584039389 0.8711840657546515
801.5 0.933285796135519 0.8711404481545284
801 0.9333780113042515 0.8713124063886536
800.5 0.9332095726191707 0.8709956130703005
800 0.933327998141415 0.871218773616423
799.5 0.9329124292344337 0.8704429368937114
799 0.9333076378096402 0.8711799682920053
798.5 0.9331025071987575 0.8707985818129591
798 0.9332956786030306 0.8711563871392142
797.5 0.9332590653517057 0.8710875122321388
797 0.9332204194583325 0.8710187471482989
796.5 0.9331679850033944 0.870921800151281
796 0.9330105647942519 0.8706242711702005
795.5 0.9330921082224748 0.8707760305632386
795 0.9331943189697078 0.8709710765960967
794.5 0.9328729175070768 0.8703676403648648
794 0.9330064537978895 0.8706179129248528
793.5 0.933118633267022 0.8708279024521232
793 0.9330562701570105 0.8707094377607498
792.5 0.9332966602437057 0.8711599605493825
792 0.9331826433192613 0.8709456510235908
791.5 0.9331417150859469 0.8708685589282665
791 0.9329677621941672 0.870547509137354
790.5 0.9329244726311822 0.8704654355682413
790 0.9330335858303883 0.8706685940693103
789.5 0.932864516245749 0.870352146591093
789 0.9327276401247555 0.8700965373244539
788.5 0.9327029396376537 0.870052079623983
788 0.9327087076099034 0.8700627569112976
787.5 0.9326561043976433 0.8699607732503517
787 0.9328829468484205 0.8703893243608184
786.5 0.9330371618384494 0.8706750747402556
786 0.9327904701785709 0.8702161215782667
785.5 0.9326995250149479 0.8700457425263443
785 0.9327191787615419 0.8700819214108882
784.5 0.9325781664248975 0.8698172221924817
784 0.9326385435507825 0.8699326807249239
783.5 0.93274381900968 0.8701282817579508
783 0.9325595682254927 0.8697818889582064
782.5 0.9326279426360985 0.8699110686130078
782 0.9323759833000785 0.8694415880810917
781.5 0.9324311135379986 0.8695444515473632
781 0.9325822950114578 0.8698258029814927
780.5 0.9323479044215207 0.8693905288805625
780 0.9326355231277961 0.8699237261843301
779.5 0.9325025636921297 0.8696783599373652
779 0.9324154049409316 0.8695138897783147
778.5 0.9325470049524085 0.8697616224378456
778 0.9327210551254839 0.8700844084767125
777.5 0.9325880246236351 0.8698352403753205
777 0.9321814426083758 0.8690805471078681
776.5 0.9325131895699171 0.8696980744241232
776 0.932432526785515 0.8695498006233607
775.5 0.9322847727520809 0.869270504934164
775 0.9319053631378326 0.8685638686492645
774.5 0.9325018151204583 0.8696751925980485
774 0.9321840869244458 0.8690837553804912
773.5 0.9322140419465476 0.8691413954608772
773 0.9324803573792108 0.8696341382220903
772.5 0.9323379565968305 0.8693688987392096
772 0.9321910272815995 0.8690969460666262
771.5 0.9322627579273457 0.8692324312020008
771 0.9320126689925204 0.8687620670799739
770.5 0.9323289668884407 0.8693561094104605
770 0.9321966161408741 0.8691106654321384
769.5 0.93202449692589 0.868786908545857
769 0.931970724871876 0.8686872893620565
768.5 0.9318874484561532 0.8685316623117898
768 0.9322454682369847 0.8692005669279493
767.5 0.9317816198115451 0.8683341147985094
767 0.9320156598908506 0.8687711614700452
766.5 0.9318522064877032 0.8684663319312756
766 0.9319104364069667 0.868573309810536
765.5 0.9320295752178998 0.8687976988901636
765 0.9321726834838224 0.8690638388457075
764.5 0.9318647612689296 0.8684872577936005
764 0.932000771933793 0.8687420555909069
763.5 0.9318691178740593 0.8684950843952984
763 0.9316974068370578 0.8681756137404233
762.5 0.9320590343536524 0.868852185832299
762 0.9318960729630815 0.8685474694346117
761.5 0.9318482917924554 0.8684599475772243
761 0.9318189482151743 0.8684046683346938
760.5 0.9317572716284525 0.8682875980595356
760 0.9313150955829219 0.8674648700842096
759.5 0.9315450294767545 0.8678927195370026
759 0.9317612507295439 0.8682999170663305
758.5 0.9316098544572461 0.8680118351655068
758 0.9317876330806686 0.8683441005644172
757.5 0.9317248505986203 0.8682281174411701
757 0.9316067097191029 0.8680078133880459
756.5 0.9316548411253475 0.8680936426548361
756 0.9315739231292121 0.867947510620574
755.5 0.9311226531045632 0.8671068620185927
755 0.9314448487873632 0.8677080553586566
754.5 0.9314432371087674 0.8677058001335635
754 0.9316645235497284 0.8681178818126563
753.5 0.931539311374912 0.8678851635876438
753 0.9316107823571073 0.8680164931207355
752.5 0.9312152910462859 0.8672813390630179
752 0.9313635366523847 0.8675559196867004
751.5 0.9316217435579898 0.8680378780926926
751 0.9316155471146937 0.8680208476771801
750.5 0.9314963360954918 0.8678031129934578
750 0.9313504529958749 0.8675309014046766
749.5 0.9312943834683515 0.8674254512097094
749 0.9310339420811826 0.8669443813546462
748.5 0.9311677004926087 0.8671945510266525
748 0.9311695693776084 0.8671948572157244
747.5 0.9313537448133207 0.8675372386715889
747 0.9310551374907946 0.8669796225869272
746.5 0.9311582090178204 0.867174434299993
746 0.9313339743048581 0.8674985464353981
745.5 0.9309949032363155 0.8668697113709148
745 0.9312903385229433 0.8674208234078841
744.5 0.9310743463025918 0.8670166199821341
744 0.9308765776351493 0.8666474964393337
743.5 0.9309700681268083 0.8668205443611858
743 0.9311381928657357 0.8671327209889715
742.5 0.9307543368338562 0.8664193860339806
742 0.9307854747931538 0.8664799924625781
741.5 0.9310385573327941 0.8669497229991848
741 0.9310720700821808 0.8670117536607292
740.5 0.9309033527972109 0.8666995689773511
740 0.9308449576399179 0.8665902435756724
739.5 0.9309285946081873 0.8667440497564608
739 0.9308960878785036 0.8666853258129976
738.5 0.9309466959686639 0.8667782300861778
738 0.9307633066533151 0.8664383288460484
737.5 0.9305468443531068 0.8660373617006583
737 0.9306492830137142 0.8662237719262611
736.5 0.9307139162658853 0.8663456033841382
736 0.930882110210612 0.866658422841088
735.5 0.9308343979863389 0.866569198315491
735 0.9304116517957348 0.8657839912784694
734.5 0.9306793434893236 0.8662821496369134
734 0.930649596858422 0.8662274616071343
733.5 0.9302872084373869 0.8655496452779623
733 0.930424638258974 0.8658073682811954
732.5 0.9307033057145268 0.8663264578854875
732 0.9307045608282485 0.8663260995078971
731.5 0.930615335594722 0.866164019044451
731 0.9304229724396397 0.8658074278473005
730.5 0.93037241679986 0.8657140471378292
730 0.9303885243555978 0.8657386483962095
729.5 0.9302211370124293 0.8654300398930862
729 0.9305548169771957 0.8660517987915425
728.5 0.9302827490434074 0.8655396613083159
728 0.9304860467997711 0.8659216457418182
727.5 0.9302711920655095 0.865522310009345
727 0.9303141094938594 0.8656004179751816
726.5 0.930428766002486 0.8658154932199374
726 0.9302007270763886 0.8653885118989613
725.5 0.930109187146768 0.8652235479210029
725 0.9303855182783081 0.8657370823131179
724.5 0.9303679314842448 0.865699488931596
724 0.9304799072879044 0.8659129637788893
723.5 0.9302827361100415 0.8655432237633892
723 0.9302675174028151 0.8655116524639074
722.5 0.9301532358580099 0.8653003300440621
722 0.9301355603764896 0.8652710093001338
721.5 0.9298601288413754 0.8647571889191944
721 0.9302531736301854 0.8654867694550915
720.5 0.9301483494694593 0.8652951726416609
720 0.930171532267206 0.8653359569817375
719.5 0.9301785407220768 0.8653484839265372
719 0.929876376448997 0.8647859152041663
718.5 0.9299876050763402 0.8649952613366547
718 0.9299280318443847 0.8648841102322481
717.5 0.9300919689459671 0.8651900159423696
717 0.9296296454235744 0.8643291773618381
716.5 0.9300890812664941 0.8651836514246345
716 0.9298127497449631 0.8646733663387594
715.5 0.9296402793909785 0.8643508478201472
715 0.9299731495839845 0.8649634385092295
714.5 0.9298666431138906 0.8647708801864443
714 0.92980826900229 0.8646599182904595
713.5 0.9298376850959955 0.8647152414201905
713 0.929750028608025 0.8645519873340836
712.5 0.92958788009216 0.864254129602114
712 0.9296403089665373 0.8643490473070341
711.5 0.9294800625922262 0.8640545186724286
711 0.9295395285994736 0.8641632729456372
710.5 0.9296334139725102 0.8643359451087976
710 0.9293681588579055 0.863846063312102
709.5 0.9294732476706126 0.8640352498072297
709 0.9295269329748845 0.8641419635538349
708.5 0.9292745221456382 0.8636707016565421
708 0.9294213995721391 0.86394339021269
707.5 0.9294303693554865 0.8639582710579689
707 0.9293334511468602 0.8637794044512358
706.5 0.9292775262120522 0.8636730298366141
706 0.9293807695552693 0.86386540173894
705.5 0.9291416826931816 0.8634210368435525
705 0.929429551372456 0.8639584394204942
704.5 0.9294951042811417 0.8640795672204189
704 0.9292993134880807 0.8637133658770056
703.5 0.9292013747909721 0.8635347280446452
703 0.9291818887979433 0.8634944815065693
702.5 0.9291146778327286 0.8633742865137786
702 0.9289867045535618 0.8631312861279706
701.5 0.9289300384200166 0.863027700000101
701 0.9292298515339007 0.8635849711887424
700.5 0.9292537931295652 0.8636291269386697
700 0.9289887442506526 0.8631371328137931
699.5 0.929205911713437 0.8635421176622569
699 0.9290090216098493 0.8631744561216378
698.5 0.9289120512868224 0.8629985402198375
698 0.9290449371046775 0.8632447360489758
697.5 0.9290377655045646 0.863228829216563
697 0.9292325486487709 0.8635912498409272
696.5 0.929165823012878 0.8634664004676144
696 0.9288703626938986 0.8629159435801539
695.5 0.9287102807898477 0.862624041512237
695 0.9291234323083942 0.8633875080751573
694.5 0.9288221315777981 0.862831602787161
694 0.9289330057657512 0.8630349319304205
693.5 0.9288366978113607 0.862855573630374
693 0.928770692306399 0.8627309935725095
692.5 0.9288599273724134 0.8628968591807986
692 0.9287745552259258 0.8627395766764407
691.5 0.9285657829054973 0.862355701424247
691 0.9284209896021212 0.8620838216467986
690.5 0.9286287678421109 0.862468105486383
690 0.9284285412946314 0.86209948349421
689.5 0.9283094563573834 0.8618761616936013
689 0.9285610316393712 0.8623435833961102
688.5 0.928656500926787 0.8625213941444971
688 0.9284434367794975 0.8621231250909661
687.5 0.9284894122942381 0.8622099709065552
687 0.9282610722868229 0.8617860258625092
686.5 0.9284620599302402 0.8621599923585408
686 0.9283010996965021 0.8618586470928636
685.5 0.9280714578132878 0.8614344136106845
685 0.9282775226142906 0.8618145509519586
684.5 0.9282768349906418 0.8618161250505763
684 0.9281024946945962 0.8614933178368995
683.5 0.9280286070478672 0.861356716452286
683 0.9284994700377487 0.8622295872850938
682.5 0.9279837931618901 0.8612717245403805
682 0.9284883023199338 0.8622088006458175
681.5 0.928319156339283 0.861896812739612
681 0.9282792913252691 0.8618188382375308
680.5 0.9281922617656834 0.8616587948171286
680 0.9282296162947148 0.8617305551932489
679.5 0.928095901805492 0.861479873387574
679 0.9282469095442398 0.8617579207046695
678.5 0.9279829903550284 0.8612720506381655
678 0.9280976916421332 0.8614834522542303
677.5 0.9279600370097172 0.8612283405545776
677 0.9277377717705345 0.8608142327540714
676.5 0.9281484031793545 0.8615775282773505
676 0.927957227876524 0.86122773100429
675.5 0.927995912767524 0.8612959870215108
675 0.9279134678309837 0.8611419886759224
674.5 0.9279118185767579 0.8611377484364956
674 0.9278649361253212 0.8610539239957714
673.5 0.9277335813613785 0.8608077983558008
673 0.927674662442918 0.8606997332336922
672.5 0.9275444402576168 0.8604548833623409
672 0.927653370865105 0.8606588443497513
671.5 0.9277520909167265 0.8608439907148633
671 0.9274101795992973 0.8602090409515433
670.5 0.9278625321591639 0.8610480252894949
670 0.9275061338453253 0.8603856674264955
669.5 0.9272200803695783 0.8598539193172356
669 0.9274868349611586 0.8603519510738633
668.5 0.9273519162565759 0.8601001196384611
668 0.9272799301441156 0.8599642516043131
667.5 0.9273435920947607 0.8600815249737973
667 0.9274657812056135 0.8603102295407397
666.5 0.9275002098002489 0.86037635795736
666 0.9273695930008934 0.860135390373942
665.5 0.9272099376765193 0.8598377467798063
665 0.9271564424828104 0.8597394266444496
664.5 0.9271563768147483 0.8597370402489696
664 0.9270682777596201 0.8595743871250362
663.5 0.9270822585964604 0.8596000020604714
663 0.9272536928473633 0.8599162381667761
662.5 0.9272891083288226 0.8599776517762594
662 0.9272087245040536 0.8598360434018701
661.5 0.9270816970956998 0.8595960174253918
661 0.9269060837983791 0.8592721851597841
660.5 0.9270979505860129 0.8596271302328428
660 0.9269349451907084 0.8593258789453917
659.5 0.9268456867786226 0.8591603439153775
659 0.9267657419494865 0.8590169860667337
658.5 0.927086509686631 0.8596088907095754
658 0.9267832807346038 0.8590484262053233
657.5 0.9266928228219878 0.858878611789892
657 0.9266571565117974 0.8588079207032172
656.5 0.9267637113028493 0.8590064586215722
656 0.9267211458301556 0.8589290983498884
655.5 0.9266759575970803 0.8588443620166263
655 0.9266458394964112 0.8587909097936294
654.5 0.9267827053053712 0.8590440162834777
654 0.9265235408913763 0.8585655962415839
653.5 0.926537727712116 0.8585904622051883
653 0.9264645045142075 0.8584572641610395
652.5 0.9267852428990947 0.8590504893704289
652 0.9265887278429795 0.8586848284274736
651.5 0.9265519435174913 0.8586184461467411
651 0.9264628100403748 0.8584497339343583
650.5 0.9267417762407996 0.8589691059387233
650 0.9265569359644817 0.8586268182938734
649.5 0.9264444866673817 0.8584178297917808
649 0.9262425431639271 0.8580452516107514
648.5 0.9262608801192019 0.858080868064145
648 0.9264406530475144 0.8584095728197111
647.5 0.9259965355214548 0.8575893444950372
647 0.9260375883884748 0.8576639100458203
646.5 0.9263179869063131 0.8581851916001992
646 0.9261534578779049 0.8578792678486958
645.5 0.9260586582930994 0.8577018658104008
645 0.9261371509671633 0.8578500704760744
644.5 0.9262078643979678 0.8579840117888436
644 0.9259610318943784 0.8575243363935176
643.5 0.9260785283311014 0.8577373155496268
643 0.9261305707762665 0.8578332016958656
642.5 0.9261670497584285 0.8579057507112782
642 0.926018767677532 0.8576290736689722
641.5 0.9259020129594001 0.857411028416374
641 0.9259199833175806 0.8574433049229252
640.5 0.9257010224324819 0.8570391024408167
640 0.9260509994586895 0.8576875123608598
639.5 0.9262087197805499 0.8579790168312899
639 0.9257754170061916 0.8571781391562583
638.5 0.9258312820898885 0.857281776192131
638 0.9256486231366251 0.856945838307203
637.5 0.9257946209881678 0.8572154145501901
637 0.9256078992049063 0.8568689701269967
636.5 0.9254993138518156 0.856665961250437
636 0.9259063214851077 0.8574192675383764
635.5 0.9253049095848915 0.8563060045592595
635 0.9258024848277021 0.85722837232959
634.5 0.9254884237043346 0.8566472228515389
634 0.9255775809535324 0.8568126521490689
633.5 0.9255790183606448 0.8568148362478414
633 0.9255422288533259 0.8567458820617655
632.5 0.9255905720683413 0.856834534435298
632 0.9252200457877474 0.8561514981280767
631.5 0.9252561125886768 0.856218329499163
631 0.925094746426642 0.8559210656274184
630.5 0.9253073189881875 0.8563132829240764
630 0.9251215075978264 0.8559690940616741
629.5 0.9252522638614497 0.8562064618089121
629 0.9254859032325982 0.8566453165256144
628.5 0.9252246617495582 0.8561604653263862
628 0.9250156045473349 0.8557703711496832
627.5 0.9251896283524623 0.8560948170830289
627 0.9250407670872346 0.8558222222644261
626.5 0.9250394718505645 0.8558152914330216
626 0.9251028746387737 0.8559327213594784
625.5 0.9250321022358474 0.8558044082483478
625 0.9248258879883785 0.855425124874473
624.5 0.9248940171319313 0.8555488404570367
624 0.9253318394162434 0.8563615028767011
623.5 0.9248471434772115 0.8554598596799909
623 0.9248588149889163 0.855480675682541
622.5 0.9248314967760322 0.8554314142827237
622 0.9247195800950518 0.8552262262282678
621.5 0.9249486998226352 0.8556490764554219
621 0.9245836842823607 0.854974099261725
620.5 0.9249403840302992 0.8556323233890324
620 0.9245420689302337 0.8548955214391735
619.5 0.9246238198328856 0.8550482319539882
619 0.9248433271817804 0.855452500035526
618.5 0.9245092937021583 0.8548365062871878
618 0.924265637599528 0.8543840462804502
617.5 0.9245508454140243 0.8549133802194933
617 0.9245140268195756 0.8548451467923409
616.5 0.9245268015732367 0.854868627637721
616 0.9243996014183462 0.8546336074891561
615.5 0.9244669168946549 0.8547572857792394
615 0.9241129697143915 0.8541026085015518
614.5 0.9243410840891845 0.8545243263044077
614 0.9245176192561355 0.8548535113759884
613.5 0.9243511939972981 0.8545464453344451
613 0.9241461715667811 0.8541669390808517
612.5 0.9239570114447243 0.8538125133241165
612 0.9242438976351036 0.8543472262588325
611.5 0.9242051143466399 0.8542753623307798
611 0.924165770121063 0.8542020113285578
610.5 0.9241491054732185 0.8541744366703425
610 0.9239732614813583 0.8538437935239166
609.5 0.9240535109459159 0.8539948153111186
609 0.9241613359977897 0.854192926597526
608.5 0.923904317295132 0.85371994522873
608 0.923988803378993 0.853874016121914
607.5 0.9239530105113144 0.8538096729182253
607 0.923774392860992 0.853477544069385
606.5 0.9240964534756956 0.8540702623280896
606 0.9237321789591959 0.8533991894991106
605.5 0.9238102833452554 0.85354176322844
605 0.923753468967379 0.8534410230652141
604.5 0.9237569408004801 0.8534447971838501
604 0.9237876947724368 0.8535047165303136
603.5 0.9233430732121964 0.8526820586884923
603 0.9235659407199971 0.8530941745293761
602.5 0.9235063503149227 0.8529816945988657
602 0.9235413654513008 0.8530472556860822
601.5 0.9235818125440098 0.8531234219484489
601 0.9234075863966261 0.8527964796650751
600.5 0.9237254235659935 0.8533857609704608
600 0.923130795290732 0.8522844793129859
599.5 0.9234314418779317 0.8528435649799487
599 0.9233871658782998 0.8527616668459888
598.5 0.9232561792757987 0.8525210363978724
598 0.923277014831238 0.8525593299447828
597.5 0.9235284867127779 0.8530250631494946
597 0.9231947271602785 0.8524073562174509
596.5 0.923218353666544 0.8524566792590133
596 0.9232020910693628 0.8524219092765647
595.5 0.9232717477997282 0.8525492434802464
595 0.9230361110407467 0.8521116519804973
594.5 0.9232632609579554 0.8525328077456805
594 0.9230374842288908 0.852117401485598
593.5 0.9226729143081914 0.8514450808411946
593 0.9231419359192705 0.8523122289984989
592.5 0.9229046610244157 0.8518723585113883
592 0.922910455661449 0.8518810998032311
591.5 0.9226582031061261 0.8514174269291823
591 0.9226421493899497 0.8513887611166816
590.5 0.9227837038108453 0.8516513403894542
590 0.9227073446243973 0.8515037336916511
589.5 0.9224465151867396 0.8510251636939286
589 0.9227448512663714 0.8515771065269864
588.5 0.9224041779253476 0.8509500290651207
588 0.9225861009376408 0.8512854743014256
587.5 0.9225559279089646 0.8512258139362446
587 0.9224238094746978 0.850984959462173
586.5 0.9223050748558611 0.8507681625772001
586 0.9221789964356796 0.8505362738187547
585.5 0.9225111318534499 0.8511449822229353
585 0.9222479139328585 0.8506635118014775
584.5 0.9223777082011717 0.8508990731031819
584 0.9221588882352175 0.8504965112876883
583.5 0.922329849164944 0.8508146777849892
583 0.9224427383789918 0.8510235776832403
582.5 0.92214208485524 0.8504622983418169
582 0.9221761342830282 0.8505285641584912
581.5 0.9222138549429989 0.8505970674820765
581 0.9220339568455794 0.8502687276728638
580.5 0.9220210894046109 0.8502442787560627
580 0.9221161911877767 0.8504178189911085
579.5 0.9219809008154571 0.8501704212802282
579 0.9218487397255987 0.8499258811425795
578.5 0.9218508256154858 0.849926204726866
578 0.9219739354128392 0.8501566212386913
577.5 0.921970737188228 0.8501473004605322
577 0.9218384162509262 0.8499055193984328
576.5 0.9218755859720648 0.8499722660971256
576 0.9214197409435401 0.8491367572506768
575.5 0.9216806312993433 0.8496139821476901
575 0.9215676785853552 0.8494071054253688
574.5 0.9214848381078985 0.8492558299213974
574 0.9216079612322271 0.8494827813021443
573.5 0.9215425278853576 0.8493599511176837
573 0.9214370506907987 0.8491665756624508
572.5 0.9217277546426441 0.8496997672588019
572 0.9213462291137817 0.8489985328191345
571.5 0.9215318308778051 0.8493398765825652
571 0.9214870737572876 0.8492567477533672
570.5 0.9212916418165479 0.8488963668565466
570 0.9215234610849972 0.8493249565412014
569.5 0.9212707569107501 0.848859390120402
569 0.9214101852579016 0.8491150348431974
568.5 0.9208622182071486 0.8481091771130446
568 0.92114471259298 0.8486279976196398
567.5 0.921151867862917 0.8486378686335415
567 0.921014339817475 0.8483892129235345
566.5 0.9210792224649522 0.8485029714151556
566 0.9211901361134812 0.8487121661497307
565.5 0.9208700137260066 0.8481207315147847
565 0.9209970300479385 0.8483545070950117
564.5 0.9209118245091801 0.848200608546
564 0.9209681835860934 0.8483025003153873
563.5 0.9209215192720025 0.8482174615196179
563 0.9209357795504272 0.8482409544887375
562.5 0.9207324038372984 0.8478691906480933
562 0.9209306816421833 0.848232016895892
561.5 0.9205583551223353 0.8475465475492467
561 0.9207367756445349 0.847873757630864
560.5 0.9206296901573593 0.8476797585173969
560 0.9205021294681446 0.8474422738981096
559.5 0.9206032482529981 0.8476292328306935
559 0.9205283242214586 0.8474914917719237
558.5 0.9201452597954944 0.8467894865686387
558 0.9202247379199318 0.846933078024295
557.5 0.9202990943988851 0.8470708042906908
557 0.9203887689316005 0.8472349721220118
556.5 0.9202208938875509 0.8469283737653573
556 0.9203090533289741 0.8470863972418174
555.5 0.9201163037929269 0.8467353508559464
555 0.9201585957518313 0.8468107204482193
554.5 0.9203316041874713 0.8471304812442102
554 0.9200977552588405 0.846698065406726
553.5 0.9198979476445129 0.8463336810147866
553 0.9200480826946287 0.8466081280231746
552.5 0.9196929317003336 0.8459558032106803
552 0.9200936919111984 0.8466928882034414
551.5 0.919914387035974 0.8463637372347509
551 0.9199899177415737 0.8465012404257815
550.5 0.9196999231041435 0.8459697909329089
550 0.9200300532405951 0.8465755196083314
549.5 0.9198432454905074 0.8462346000730809
549 0.9197217567981847 0.8460053038919263
548.5 0.9195257119422611 0.8456453423569121
548 0.91969313422366 0.8459600152342076
547.5 0.9196237687465331 0.8458292805287102
547 0.9197475573609992 0.846057474605397
546.5 0.9195094709076963 0.8456162499037084
546 0.9194591835321345 0.8455258908077925
545.5 0.9193981657740316 0.8454123627275831
545 0.9192064563462176 0.8450577347698279
544.5 0.9193371500099837 0.8452978938880235
544 0.9193224078725714 0.8452741521983768
543.5 0.9192405852102076 0.8451209670437981
543 0.9190967875582234 0.8448576920930854
542.5 0.9194264724961582 0.8454626768256739
542 0.9190302618924349 0.8447399619617196
541.5 0.9190354554624172 0.8447470688569217
541 0.9190853276241234 0.8448386367176255
540.5 0.9192723196468044 0.8451821504376177
540 0.9191250620368729 0.8449131460595735
539.5 0.9187802926394643 0.8442809716621528
539 0.9188574761064203 0.8444197814370913
538.5 0.9189181971141772 0.8445304614738761
538 0.9189758168352674 0.844638670426841
537.5 0.9188283451317004 0.8443677513330675
537 0.918714018172798 0.8441563359498855
536.5 0.9186622538408801 0.8440587535039914
536 0.9187566333500986 0.8442324598079205
535.5 0.9184802847520712 0.8437271085644802
535 0.9186844604115484 0.8441011244179577
534.5 0.9184769202824119 0.8437190209073498
534 0.9185961332212653 0.8439375428380264
533.5 0.9183466960814377 0.8434834083867904
533 0.9182566900926106 0.8433173683471359
532.5 0.9182325885646514 0.8432709562554409
532 0.9182894420707761 0.8433730763773559
531.5 0.9182903069298181 0.8433756428904146
531 0.9182098676611892 0.8432312306470734
530.5 0.9181151701004501 0.8430547131177414
530 0.9179414510553513 0.842737066315571
529.5 0.9182003893778804 0.8432126347469624
529 0.9180790246587719 0.8429913077023806
528.5 0.9181792317225805 0.8431727320721069
528 0.9179663375707934 0.8427803828877861
527.5 0.9177579805873873 0.842403973230765
527 0.9177897859669804 0.8424587215646028
526.5 0.9177386340029328 0.8423659745471035
526 0.9177196459021083 0.8423287577299201
525.5 0.917705972178516 0.8423040035604381
525 0.9174634184400019 0.8418596918944462
524.5 0.9178527078947787 0.8425720553364288
524 0.9175554304510178 0.8420334561134241
523.5 0.9177477270060178 0.8423801534459752
523 0.9175586201886621 0.8420329425141478
522.5 0.9174581413308295 0.8418480985488439
522 0.9173935742087743 0.8417336453316384
521.5 0.9174295639441311 0.8417979479266036
521 0.917386640479219 0.8417188082149981
520.5 0.9171370562315716 0.8412631189991329
520 0.9170347010663001 0.8410716441569493
519.5 0.9174522507072247 0.8418433408850412
519 0.9170329742522919 0.8410681527082458
518.5 0.9169368561533581 0.8408942436217586
518 0.9167946709195982 0.8406315343448474
517.5 0.9169849186427439 0.8409833980274161
517 0.9171417214127897 0.841270313481399
516.5 0.9169357541882975 0.8408926132312414
516 0.91703927711532 0.8410867616648603
515.5 0.9169853802868143 0.8409841025195682
515 0.9167536213412855 0.8405634351463229
514.5 0.9168102365698167 0.840661326223648
514 0.9167569974227971 0.8405631966579917
513.5 0.9167554343734352 0.840559552939891
513 0.9166392162067766 0.8403478956491461
512.5 0.916703122409546 0.8404651888229544
512 0.9163759906172779 0.8398653708713621
511.5 0.9165419955491186 0.8401717307948898
511 0.9165652131122344 0.8402128020283556
510.5 0.9165738199657536 0.840227700072308
510 0.9165110980314571 0.840113474092499
509.5 0.9164785272505015 0.8400540631875704
509 0.9162160968851314 0.8395741162031796
508.5 0.9160677135842726 0.8392995954950111
508 0.9161604657191375 0.8394690465997012
507.5 0.9162076130532029 0.8395574656174766
507 0.9162377106925487 0.8396099212230986
506.5 0.9156181396997107 0.8384761988289399
506 0.9160345156995372 0.8392424507670022
505.5 0.9160234933067176 0.8392200662293549
505 0.9159352029288158 0.8390569198125728
504.5 0.9157628199793917 0.8387414663485138
504 0.9156397754841058 0.8385144415996636
503.5 0.9160258372743185 0.8392235548829533
503 0.9157515772471749 0.8387213852481873
502.5 0.9154800305869639 0.8382222082346641
502 0.9155829309363503 0.8384104844412383
501.5 0.9155133594064283 0.8382864718951358
501 0.9152175351181555 0.8377473627008141
500.5 0.9155479425599468 0.8383483393820188
500 0.915461530053359 0.8381876527203186
499.5 0.9152299166420858 0.837768523376175
499 0.915352949341988 0.8379901659585703
498.5 0.915214580458531 0.8377351472907459
498 0.9154616965825504 0.8381924079357154
497.5 0.914990625504301 0.8373316580564157
497 0.9149898455694763 0.8373294938284669
496.5 0.9150657088031737 0.8374647934414555
496 0.9148410960970474 0.8370558688753821
495.5 0.9146799378482932 0.8367619798697072
495 0.9147868286114007 0.8369592484406658
494.5 0.9148296171733951 0.8370314939374182
494 0.9146418490116575 0.8366925722202437
493.5 0.9145155862178835 0.8364639883039344
493 0.9145140151623848 0.8364579879182364
492.5 0.91460611533176 0.8366249953349647
492 0.9145198346342207 0.8364681096160189
491.5 0.9148200444165621 0.8370163528547557
491 0.9145680238662202 0.8365534537518556
490.5 0.9147136477265565 0.8368199746245706
490 0.914722451312911 0.8368389913137567
489.5 0.9144583493575961 0.83635737395405
489 0.9143353401526125 0.8361281775033094
488.5 0.9143302027644682 0.8361212472363975
488 0.9138733613691347 0.8352847947760961
487.5 0.9140863327414716 0.8356788695430039
487 0.9139190818699138 0.8353679784141576
486.5 0.913795020629405 0.8351431375829776
486 0.9139632999074412 0.8354503634702724
485.5 0.9138902056564242 0.8353155898343989
485 0.9138685561381533 0.8352755103244451
484.5 0.9135947582846147 0.8347774851158867
484 0.913677107601082 0.8349261084962974
483.5 0.9136088341034727 0.8348042253120525
483 0.9139053796424509 0.8353441512358366
482.5 0.9136220433245212 0.8348308339546011
482 0.9135238812632355 0.8346460589455695
481.5 0.9135942182788783 0.8347768878867569
481 0.913400886288262 0.8344231135071258
480.5 0.9132599857075892 0.8341622432059699
480 0.9135011764756559 0.8346059963868894
479.5 0.9134193910156821 0.8344526907754867
479 0.9132491929161787 0.8341453595167946
478.5 0.9133725610738012 0.8343679236561177
478 0.9132483797722974 0.834145541064063
477.5 0.9132803445979937 0.8342019703693533
477 0.9131810673606219 0.8340160956761883
476.5 0.9130126446864943 0.8337149969636352
476 0.9127533518841698 0.8332441801724833
475.5 0.912862609243816 0.8334364005887169
475 0.9128921920769382 0.8334920667939034
474.5 0.9126765056399097 0.8330995296364302
474 0.9129073277774418 0.8335215177025375
473.5 0.9129863363629809 0.8336722481829023
473 0.912673249171221 0.8330941374770598
472.5 0.9124184362874639 0.8326301082641431
472 0.9124454635282945 0.8326773766912824
471.5 0.9125975564536629 0.832954796557061
471 0.9123976535995953 0.8325925032399321
470.5 0.9124005583530145 0.8326000358878065
470 0.9119632159579792 0.831799650227812
469.5 0.9121359090037742 0.8321124922624
469 0.9121429559156948 0.8321232878720222
468.5 0.9121704081697767 0.8321783625965783
468 0.9121478167083301 0.8321396075178328
467.5 0.9118242056632275 0.8315461336206842
467 0.9119642545250597 0.8318039630749755
466.5 0.9119875667004782 0.8318411247722596
466 0.9119155516353666 0.8317134186772899
465.5 0.9116155278472013 0.8311620959143422
465 0.9117135233414009 0.8313430803701617
464.5 0.9116576273521018 0.8312418679812543
464 0.9116383414729248 0.8312092258399644
463.5 0.9114932004245397 0.8309430054083503
463 0.9116802209247864 0.8312825394486851
462.5 0.9113141986300861 0.8306157976950914
462 0.911234991238197 0.8304700503345516
461.5 0.9112835162992236 0.830559131066016
461 0.9114414227494049 0.8308444947456909
460.5 0.9112314681067488 0.8304643490638538
460 0.9111211451073853 0.8302636131382669
459.5 0.9111067245222985 0.8302368951345325
459 0.9110316774535374 0.8301001321900981
458.5 0.911194067931014 0.8303962444960312
458 0.9108543736475063 0.8297758505691932
457.5 0.9107377925485252 0.8295656655826331
457 0.9108042227161545 0.8296875081212777
456.5 0.9105889250270917 0.8292933219031399
456 0.9106963555863035 0.8294868803668461
455.5 0.9108730839862668 0.8298127134604517
455 0.9107851685110084 0.8296539515946967
454.5 0.9104603871748231 0.8290611164769335
454 0.9106424031448507 0.829395464441695
453.5 0.9102032288968467 0.8285936053779683
453 0.9105878160834853 0.8292910861267739
452.5 0.9100050882746602 0.8282335599179259
452 0.9100801583214883 0.8283723773714038
451.5 0.9101282960611273 0.8284542554745821
451 0.9102932539254611 0.8287568729265276
450.5 0.9099313762657383 0.8280999299284946
450 0.9100282254334023 0.8282738018132709
449.5 0.9097395458892157 0.827750556283349
449 0.9098572631552239 0.8279637371937123
448.5 0.9097550591466212 0.8277798568429215
448 0.90957659223337 0.8274514127364659
447.5 0.9096734083720985 0.8276297563165634
447 0.9097510766582548 0.8277701915707169
446.5 0.9095687758165943 0.8274387226871572
446 0.9092162102472131 0.8267958809864889
445.5 0.9095276937387455 0.8273632555052751
445 0.9092923336505813 0.8269366409225529
444.5 0.9092372422447625 0.8268366358497125
444 0.9091955559635548 0.8267571812309502
443.5 0.909325664148238 0.8269982528100677
443 0.9093105094373111 0.8269698707954505
442.5 0.9091913396932542 0.8267503704279168
442 0.9088236262370712 0.8260857732346502
441.5 0.9092130107680366 0.82678905787279
441 0.9087580661609637 0.82596093269857
440.5 0.9089071511822544 0.8262329898217048
440 0.9085718290921839 0.8256294172417514
439.5 0.908623895787175 0.8257227156890861
439 0.9084412083448637 0.8253902540185865
438.5 0.9085436432083716 0.8255761630546109
438 0.9084508189649445 0.8254098604029336
437.5 0.9084623817436482 0.8254263859860047
437 0.9082490538439725 0.8250379665668217
436.5 0.9084672662716904 0.8254324407122859
436 0.9082929769818673 0.8251203263040826
435.5 0.9083058460323702 0.8251456935082693
435 0.9078651204155871 0.8243423488706065
434.5 0.9077435298260602 0.8241239478000721
434 0.9082773991512636 0.8250915671531478
433.5 0.9079676269504809 0.8245287927402882
433 0.9077081662542875 0.824056674162074
432.5 0.9077810318683311 0.8241857174430889
432 0.9077525547796927 0.8241391967357139
431.5 0.907591259341342 0.8238441425273181
431 0.9073891436770756 0.8234764300474057
430.5 0.9077903186494511 0.8242069290006033
430 0.9073315776778743 0.8233728307246708
429.5 0.9073424566906839 0.8233898534088633
429 0.9073714982200122 0.823447164348674
428.5 0.9071241288748567 0.822997726124731
428 0.9070292471902983 0.82282039915847
427.5 0.9072001907201429 0.8231352526883953
427 0.9071840156422768 0.8231008599055974
426.5 0.9069030306964347 0.8225985162972447
426 0.9067624798999946 0.82234391837222
425.5 0.906899979808785 0.8225880485030216
425 0.9069503477326163 0.8226806461663076
424.5 0.9068899557262394 0.8225731617520209
424 0.9068179082918031 0.8224442231014072
423.5 0.9064494702704315 0.8217732762061978
423 0.906633991568994 0.8221063628576992
422.5 0.906275367501988 0.8214587602065218
422 0.906290268640975 0.8214809955757533
421.5 0.9060624833938409 0.8210698308208774
421 0.906096448682701 0.8211358879038168
420.5 0.9063061946394344 0.8215131319650413
420 0.9062410884659938 0.8213939619076659
419.5 0.9060662619944801 0.821081057180277
419 0.9058468405982864 0.820684800753207
418.5 0.9059643902985697 0.8208937143809633
418 0.9056197834623745 0.8202719296337052
417.5 0.90561723836494 0.8202663095100189
417 0.9057710352716375 0.8205486174823613
416.5 0.9055621896122097 0.8201682399023144
416 0.9056203513709374 0.8202715384751976
415.5 0.9052992478529597 0.8196902171139676
415 0.9052642009115436 0.8196227284659354
414.5 0.9054070481342127 0.8198869402606938
414 0.9051329037107532 0.8193867828164924
413.5 0.905639630143166 0.8203083382638908
413 0.9050100427866978 0.8191637545449062
412.5 0.9050322334910597 0.8192036765408228
412 0.9049974921873497 0.8191417111798143
411.5 0.9045253178252425 0.818290460169932
411 0.9045916045032152 0.8184086464435242
410.5 0.9047711991517544 0.8187353207854711
410 0.9046309591761897 0.8184833922950686
409.5 0.9045754910548872 0.8183817687446499
409 0.9041919470509999 0.8176835887901912
408.5 0.9040320768568915 0.8174019301394628
408 0.904038120446311 0.817405437713025
407.5 0.9040618445353391 0.8174501367161014
407 0.9043176112208179 0.8179129474482785
406.5 0.9039842923078119 0.8173123947599588
406 0.9037946706689606 0.816968985937049
405.5 0.9044096458521078 0.8180790733053751
405 0.9037475972579121 0.8168837514887575
404.5 0.9038224516303073 0.8170194096307839
404 0.9039155340645161 0.8171839619530534
403.5 0.9037580775036707 0.8169032871275689
403 0.9036427735351358 0.8166929604348545
402.5 0.90350873468892 0.8164520072983754
402 0.9037374628496719 0.8168669160149948
401.5 0.903798712200038 0.8169780310165481
401 0.9032568987510613 0.8159996708285072
400.5 0.9033011944618752 0.8160735787926204
400 0.903081258886528 0.8156758468151919
399.5 0.9030520501682263 0.8156280651262625
399 0.9027377938740093 0.8150598309201301
398.5 0.9027044835465139 0.814997871696246
398 0.9026691221332064 0.8149381471837736
397.5 0.9027764647275064 0.8151261256208001
397 0.9026001863419972 0.8148126329586274
396.5 0.9027859834780648 0.8151465102806265
396 0.9023154522892753 0.8142968596175789
395.5 0.9023152950719516 0.8142979555482903
395 0.9022419913638196 0.8141599147461017
394.5 0.9022235590745059 0.814129657901982
394 0.902398698907885 0.8144461303560425
393.5 0.9022456971169774 0.8141757022306702
393 0.9021937269897305 0.8140786575588032
392.5 0.9016297705898968 0.8130576442842652
392 0.9017327640913659 0.8132451117464092
391.5 0.9018862696223049 0.8135229799925742
391 0.9017192818437609 0.8132237373211297
390.5 0.9012389029073006 0.8123559902805184
390 0.9014984149396896 0.8128252455197902
389.5 0.9015603205863384 0.8129366955650917
389 0.9012895553004645 0.8124482576116491
388.5 0.9011382502871298 0.812177717428132
388 0.9011917706538689 0.8122685769481947
387.5 0.9011153284337602 0.812135634978824
387 0.9011520232939261 0.8121998091168
386.5 0.9009141850465017 0.8117708709088124
386 0.900957109720933 0.811851464117025
385.5 0.9007952366007118 0.8115599080964566
385 0.900649743954308 0.8112933889314857
384.5 0.900654512175553 0.8112986857626767
384 0.900797371070746 0.8115580651552414
383.5 0.9003080316910211 0.8106774672801094
383 0.900481375250966 0.8109929419466889
382.5 0.9002409614501513 0.8105583378665714
382 0.8999812580536566 0.8100887027645466
381.5 0.8998652614228803 0.8098756747335092
381 0.9000260243726311 0.8101716632328376
380.5 0.8998457492771844 0.8098464964724393
380 0.8999441424756633 0.8100232569640832
379.5 0.8998535176130524 0.8098575812315687
379 0.8996149359032571 0.8094323565324594
378.5 0.8997622071005499 0.8096965888894728
378 0.89966972493889 0.8095285239584349
377.5 0.8994296788610018 0.8090970285757978
377 0.8992082245347046 0.8087001633750741
376.5 0.8993681236818135 0.8089885676462092
376 0.8993026208095335 0.8088697992753464
375.5 0.8990157183036229 0.80835459019797
375 0.8990816654326232 0.8084732862030352
374.5 0.8991001213743912 0.8085085906451657
374 0.8986293044948573 0.8076597129869943
373.5 0.8984347507367935 0.8073124039369909
373 0.8987089150434064 0.8078054143269852
372.5 0.8988534112391058 0.808062723796816
372 0.898304199737579 0.8070755436296476
371.5 0.8982641004461192 0.8070050119260785
371 0.898209099704979 0.8069062020063595
370.5 0.8980283394341864 0.8065791169376442
370 0.8984537713790182 0.807348315227913
369.5 0.8978602294630805 0.8062772269801598
369 0.8977038122954389 0.8059999099818462
368.5 0.8978469339034316 0.8062560826804269
368 0.8975051844462376 0.8056412686236915
367.5 0.897869206818898 0.8062955773111299
367 0.8974027326647762 0.8054556883362659
366.5 0.8973192385913626 0.8053066236218347
366 0.8971357107448739 0.8049790293821218
365.5 0.8973682782767234 0.8053970783732256
365 0.8971798823841858 0.8050575389897027
364.5 0.8968453845802012 0.8044581878665341
364 0.8970074189573716 0.8047445216150041
363.5 0.8967386415293485 0.804266873179714
363 0.8967612539822925 0.8043069105690098
362.5 0.8963618869496432 0.8035862744052541
362 0.8966936832329993 0.8041822454615656
361.5 0.8964716484809151 0.8037839989489141
361 0.8965247700231652 0.8038832986637607
360.5 0.8964321251580434 0.8037159212121936
360 0.896182010436508 0.8032688685393207
359.5 0.8962015877110241 0.803303317348831
359 0.8960592141347833 0.8030452077346069
358.5 0.8958373166757588 0.8026515982483452
358 0.8956425358254424 0.802300983630806
357.5 0.8957633486912769 0.8025176584241822
357 0.8956064245375144 0.8022347778223301
356.5 0.895748785265309 0.8024939414763789
356 0.8954748771630071 0.8020016598430786
355.5 0.8952830827832127 0.8016595413257013
355 0.8950844241043601 0.8012978631180855
354.5 0.8951250149114357 0.8013734171994388
354 0.8950709598078305 0.8012802390593586
353.5 0.8951047551323386 0.8013363239639368
353 0.8946466644904135 0.800521224775948
352.5 0.8947607965600205 0.8007223884837059
352 0.8944932522835676 0.8002450184654682
351.5 0.8941640282635939 0.7996538041098211
351 0.8946172755987242 0.800460048306689
350.5 0.8946333352313427 0.8004952096315164
350 0.8942363023749732 0.799784385920026
349.5 0.8938100948456209 0.7990241340494847
349 0.8937677404608855 0.7989466457431564
348.5 0.8937101227276399 0.7988420761133994
348 0.8939500278026797 0.7992724946386347
347.5 0.893939070472103 0.7992467971077314
347 0.8936995832674609 0.7988247671558579
346.5 0.8936220179767562 0.7986861056932647
346 0.8932117528085188 0.7979510374579084
345.5 0.8936971847844509 0.7988212497954937
345 0.893121589511175 0.7977900967900908
344.5 0.8928807166015662 0.7973639186949398
344 0.8928638498622569 0.7973355898829014
343.5 0.8930627732310917 0.7976897026859866
343 0.89310065353825 0.7977540427411867
342.5 0.892600197776851 0.7968642030699926
342 0.8923437572203545 0.7964019661706881
341.5 0.8923086329937744 0.7963407185365277
341 0.8922504857852374 0.7962381091674734
340.5 0.8921141050049533 0.79599052829007
340 0.8921199861546899 0.7960074770086911
339.5 0.8919867273794094 0.7957659595665278
339 0.8918453385698908 0.795515216783247
338.5 0.8918603891602255 0.7955432326561658
338 0.8918545139941363 0.7955333371430364
337.5 0.8913570203654002 0.7946428985273228
337 0.8914883683810996 0.7948803306344816
336.5 0.8915283745393174 0.7949497670137714
336 0.8908976169512706 0.7938236657168145
335.5 0.8911729856243302 0.7943171729618493
335 0.8908303846026256 0.7937056699079906
334.5 0.8909641776131846 0.793946113137173
334 0.8906484462692835 0.7933811933226553
333.5 0.8903981766499502 0.7929365809211781
333 0.8907398380296905 0.7935431319299333
332.5 0.890382636807241 0.7929063823350218
332 0.89032068624013 0.792798650493898
331.5 0.889818964553436 0.7919074389226612
331 0.8897817973411526 0.7918400610127978
330.5 0.8900348582421388 0.7922902631916043
330 0.8897167986055187 0.791723434614492
329.5 0.8897180174025638 0.7917244864887361
329 0.889515683330156 0.7913628669924162
328.5 0.8896362367675364 0.7915805189603605
328 0.8895140203476578 0.7913630438278271
327.5 0.8891334681261536 0.7906873303631698
327 0.8889330921753098 0.790330429658217
326.5 0.8886267688291112 0.789786964001635
326 0.8882751111201914 0.7891590766424472
325.5 0.8888189665120321 0.7901226078435122
325 0.8886520295083207 0.7898263446521125
324.5 0.8885595152946899 0.7896646580135953
324 0.8881408206256508 0.7889192941344471
323.5 0.8883343680983862 0.7892653018081759
323 0.8882359346782763 0.7890905345490736
322.5 0.8880404550463191 0.788741860574092
322 0.8879421785597162 0.7885671434407019
321.5 0.8877958036493631 0.7883069397076955
321 0.8877133718277205 0.7881578066518115
320.5 0.8875843177500531 0.7879342823576763
320 0.8872972510825671 0.787424838881592
319.5 0.8873421204988 0.7875001558753695
319 0.8872009825099713 0.7872513438463495
318.5 0.886945424234519 0.786799251701187
318 0.8871074712764632 0.7870882697857805
317.5 0.886959432519143 0.7868243847268983
317 0.8868500391504379 0.7866320344195005
316.5 0.8863558427346124 0.7857506134387697
316 0.8864499393499192 0.7859177138323025
315.5 0.8863981607728613 0.7858316990858163
315 0.8863282515688571 0.7857051615535017
314.5 0.8859140629158654 0.7849703403832341
314 0.8856249271085392 0.784463404363808
313.5 0.8860153974413281 0.7851509061183537
313 0.8853636559213809 0.7839960074975014
312.5 0.8855638370361095 0.7843572187038013
312 0.8852076962230312 0.7837224371032353
311.5 0.8852740769317149 0.7838384250437735
311 0.8849604206640227 0.7832836431013818
310.5 0.8851802024184574 0.783670231583914
310 0.8846958258161854 0.7828136687361974
309.5 0.8846409664908136 0.7827163852246977
309 0.8843578985461136 0.78221459452501
308.5 0.884751470988008 0.7829103686727745
308 0.8843540364336406 0.7822097941219586
307.5 0.8839820087418686 0.7815572309943688
307 0.8841845796680814 0.7819126485826331
306.5 0.8838334479549977 0.7812866294366693
306 0.8833524571900997 0.780438096580477
305.5 0.8838052489862166 0.7812378069213184
305 0.8832998700871757 0.7803465076469714
304.5 0.8831088041653021 0.7800092372188484
304 0.8832255085943457 0.7802183497864315
303.5 0.882871193347355 0.7795908783151705
303 0.882850022476787 0.7795503397908581
302.5 0.8830117537988845 0.7798457107207366
302 0.8827222816775274 0.7793241937884511
301.5 0.8822569111474978 0.7785056783408436
301 0.8820605135763594 0.7781596642068106
300.5 0.8823293071093358 0.7786327953211848
300 0.881769682312655 0.7776459691369955
299.5 0.8818955237500041 0.7778666951321114
299 0.8814609010377195 0.7771034174906585
298.5 0.8815386017917499 0.7772390253710217
298 0.8814815535610294 0.7771367310961975
297.5 0.8813023803788683 0.7768218360089946
297 0.881218648215313 0.7766749109752512
296.5 0.8809970882817215 0.7762844154364507
296 0.8808924155727976 0.7761008971227392
295.5 0.8807502686779464 0.7758499665932941
295 0.8806975795697716 0.7757557936381547
294.5 0.8803720510053357 0.7751858584557563
294 0.8801839420322425 0.7748515807874533
293.5 0.8799684441875109 0.7744708809022605
293 0.879758628536126 0.7741054196509286
292.5 0.8798194828833451 0.7742132086564694
292 0.8796184519601911 0.7738520542101989
291.5 0.8794925920998228 0.7736354608380339
291 0.8794858306656755 0.7736229476107382
290.5 0.8795214377139945 0.7736894178144272
290 0.8791127185290124 0.7729718059163847
289.5 0.8791199617813481 0.772979339514916
289 0.8790430892613283 0.7728478212715998
288.5 0.8787823863689699 0.7723871103113554
288 0.8783502350546635 0.7716262256524723
287.5 0.8783141817221262 0.7715661182629682
287 0.8779805277371594 0.7709760309443016
286.5 0.8778867435253803 0.7708154880867126
286 0.8782206205950333 0.7714023851173023
285.5 0.8778485358671895 0.7707485198302606
285 0.87742403153472 0.7700010196801914
284.5 0.8774829085072796 0.7701068332682203
284 0.8772148362533526 0.7696314035858804
283.5 0.8769820401477616 0.7692299747123142
283 0.876983759674273 0.7692294802768747
282.5 0.8765249822486334 0.76842709191073
282 0.8767185747470175 0.7687649115823925
281.5 0.8763728570429995 0.7681579592282757
281 0.8761908968916247 0.7678414338059425
280.5 0.8759290766347573 0.7673798970535907
280 0.8757827187982864 0.7671253135058665
279.5 0.8758087771313071 0.7671711292472819
279 0.8758929068090364 0.7673175876838942
278.5 0.8754790358454777 0.766589672399501
278 0.8753922040467156 0.7664413863285744
277.5 0.8756948085563152 0.7669675902720637
277 0.8748896309466748 0.7655589609540338
276.5 0.8745078449720942 0.7648926421219621
276 0.8745938649346314 0.7650451063121547
275.5 0.8742436715234889 0.7644309402136282
275 0.8742927913556948 0.764516881699075
274.5 0.8739289299129508 0.763883173626156
274 0.8739003572305358 0.7638312052202273
273.5 0.8739749219224117 0.7639612677985077
273 0.8733302318058199 0.7628378792449629
272.5 0.8732632183471176 0.7627161403174314
272 0.8729988945917782 0.76225528224317
271.5 0.8727986928790725 0.761908205550347
271 0.873124202879401 0.7624752225166094
270.5 0.8727354495145155 0.7617957832050047
270 0.8726458227881548 0.7616416649537057
269.5 0.8722808170326386 0.7610064976065789
269 0.872173154821097 0.7608174216584803
268.5 0.8722778366843886 0.7609958653664182
268 0.8717691870134682 0.7601111269607499
267.5 0.8716381180950807 0.7598829766963007
267 0.8715326975562481 0.7596989569334709
266.5 0.8712460902630514 0.7592007088362044
266 0.8711684758664632 0.7590672809629725
265.5 0.8709184771424537 0.7586296470563402
265 0.8709029915805304 0.7586035455952213
264.5 0.8704507631571432 0.757813920610497
264 0.8702329943238859 0.7574326955904953
263.5 0.8700971104479901 0.7571977288543718
263 0.8700274891677534 0.7570817066415279
262.5 0.8700242865855147 0.7570710945048718
262 0.869600950343419 0.7563387590243875
261.5 0.8696345277816171 0.7563963099499209
261 0.8690703812310571 0.7554148914953333
260.5 0.8689790886278927 0.7552578892509104
260 0.8687506377882399 0.7548555722083728
259.5 0.8685153728244468 0.7544476388124517
259 0.8684085624821815 0.754259549284381
258.5 0.8677786830058262 0.7531699103063503
258 0.8675302730166318 0.7527401948291439
257.5 0.8679221475757566 0.753421986899649
257 0.8677980156266827 0.7532021360908518
256.5 0.8674390385619504 0.7525841576894426
256 0.8673559241359663 0.7524396864393527
255.5 0.867227509388595 0.752212660718474
255 0.8671148149371699 0.7520201237034534
254.5 0.8665491800848453 0.7510367747132256
254 0.8665510361926433 0.7510413153311739
253.5 0.8660659802917248 0.7502008938374094
253 0.8658830621623217 0.749888052471367
252.5 0.8659168181218334 0.7499448450771097
252 0.8651739782701571 0.7486570538877364
251.5 0.8652929664940036 0.748861399497212
251 0.8650593370281701 0.7484563468755606
250.5 0.8645490765092241 0.7475733184315602
250 0.8647201900748105 0.7478697425086367
249.5 0.8645056722546622 0.7475000633848874
249 0.864083188275653 0.7467694699419661
248.5 0.864062458287399 0.7467357450458323
248 0.8640094777242053 0.7466421689053987
247.5 0.8636480137517202 0.7460227920883756
247 0.86360043536959 0.7459405483418926
246.5 0.8633524480249146 0.7455040255488661
246 0.8632007224933396 0.7452470452624124
245.5 0.8627504943557971 0.7444681567209305
245 0.8628603732756768 0.74466359082394
244.5 0.8624666396272106 0.7439838731910181
244 0.8626121652984454 0.7442310609510682
243.5 0.862222353493703 0.7435623293593252
243 0.8614950975790292 0.7423056468956171
242.5 0.8615455192555658 0.7423916207339735
242 0.8613997902415663 0.7421398671372491
241.5 0.8609032999207026 0.7412878919414883
241 0.8606946811338394 0.7409276364276578
240.5 0.8606722765938876 0.7408886475491447
240 0.8603221696527483 0.7402858341754168
239.5 0.8599175819834913 0.7395904120901811
239 0.8601610916093729 0.7400075234669058
238.5 0.8597961930511373 0.7393790447759395
238 0.8595596677465083 0.7389752209595881
237.5 0.8594420461021438 0.7387706056878686
237 0.8589749607715699 0.7379694296700449
236.5 0.8588367686525087 0.7377333693690534
236 0.8584710046210979 0.7371003554338071
235.5 0.8586572252293121 0.7374218388921107
235 0.8577432826906306 0.7358541815787495
234.5 0.8576091628201339 0.7356246087168097
234 0.8577962923503876 0.7359479089020742
233.5 0.8571348607423281 0.7348162909029798
233 0.8570226260422583 0.7346170912551008
232.5 0.8569568585145256 0.7345061250045405
232 0.8563089018411281 0.7334000358724971
231.5 0.8563319226323332 0.7334433628622948
231 0.8559711913164736 0.7328209091180277
230.5 0.8558793787491868 0.7326620831586566
230 0.8555733360245377 0.7321406100633333
229.5 0.8551729829529944 0.7314520921726714
229 0.8551468732620912 0.7314082561214973
228.5 0.85497512607489 0.7311145906137735
228 0.8546114840171161 0.7304899099014356
227.5 0.854344129836829 0.7300359046330555
227 0.8536200204755924 0.7287943617396426
226.5 0.8539144074691274 0.7293025327804117
226 0.8533873055985758 0.7284002310475866
225.5 0.8533167080892939 0.7282817400976316
225 0.8530531209348756 0.7278293601815706
224.5 0.8526899298211821 0.72721544699248
224 0.8521962425918754 0.7263717545637758
223.5 0.8522032711523416 0.7263864568259114
223 0.851709076770901 0.7255359181272383
222.5 0.8520696597335262 0.7261628144578071
222 0.8509363898350781 0.7242262553163197
221.5 0.8511468114494787 0.7245857335321211
221 0.8510155838142653 0.7243603440576725
220.5 0.8505604611779672 0.7235872042577755
220 0.8501220318708699 0.7228475074323697
219.5 0.8500570715765292 0.7227304830434913
219 0.8496976662435194 0.7221200855262806
218.5 0.8497008769844684 0.7221205696353236
218 0.849164109581484 0.7212128027855285
217.5 0.8492303918810366 0.7213297591441636
217 0.8486437894077193 0.7203293079845968
216.5 0.8481001740751286 0.7194077219887216
216 0.8483796407829219 0.719880561150207
215.5 0.8477739656918817 0.7188508114103367
215 0.8473068255437235 0.718065319258001
214.5 0.847298276878092 0.7180475494581345
214 0.8470236216662776 0.7175840632911177
213.5 0.8468128526720864 0.7172296906858135
213 0.8463445278514918 0.7164326132022232
212.5 0.8460159810742962 0.715877464540195
212 0.8459670621233822 0.7157936852284913
211.5 0.8454643052232089 0.7149406135590719
211 0.8455835093168115 0.7151459622703933
210.5 0.8448366895497637 0.7138821474085898
210 0.8446044333611269 0.7134936594348721
209.5 0.844288866211319 0.71295945966681
209 0.8437144353313368 0.7119836555343333
208.5 0.8437882717817758 0.712108760254877
208 0.843583009941404 0.7117722555749528
207.5 0.8430733540862215 0.7109057623348567
207 0.8429187426441795 0.7106451893117876
206.5 0.8422899208264135 0.7095908636924972
206 0.8419987062101075 0.7090956266425089
205.5 0.841534125494126 0.708316016487868
205 0.841121682048934 0.7076216935801187
204.5 0.8406929857508401 0.7069023492571711
204 0.8407855678757246 0.7070554009166689
203.5 0.8400560975695552 0.7058321486106597
203 0.8403856876118564 0.7063840682492436
202.5 0.8397264932224116 0.7052772246840966
202 0.8397993694460817 0.7054020905752479
201.5 0.8392752250225993 0.7045157236820346
201 0.8387238330730032 0.7035923612519677
200.5 0.8378670490310814 0.7021562548171969
200 0.8380603061107159 0.7024830169300013
199.5 0.8378866875336083 0.7021867831055207
199 0.8373772744429343 0.7013438366880912
198.5 0.8373180875808065 0.7012322381997681
198 0.8363312431621913 0.6995823126174024
197.5 0.8361830641794503 0.6993399240091551
197 0.835916909327327 0.6988920184955784
196.5 0.8358621352926002 0.6988005916920481
196 0.8351189413150457 0.6975568242925592
195.5 0.835032508796954 0.6974176050587736
195 0.8345331366657 0.6965844431466124
194.5 0.8345279142386932 0.6965754442696578
194 0.8337470201692745 0.695271952020094
193.5 0.8336499236897118 0.6951098038293954
193 0.8334222248306395 0.6947239330008729
192.5 0.832939146942792 0.6939222633246136
192 0.8324261894562974 0.6930692236916253
191.5 0.8319428557868785 0.692265188190836
191 0.8323279437395437 0.6929055279521859
190.5 0.8313394888549365 0.691260800722497
190 0.8306845842494959 0.6901691522339627
189.5 0.830234355781799 0.6894277767541642
189 0.8304061600189747 0.6897143171404746
188.5 0.829739828445569 0.6886065135769338
188 0.8295161294996937 0.6882351142165232
187.5 0.8293739773170823 0.6880019158412044
187 0.8285954476292806 0.6867078656041143
186.5 0.8281890467212372 0.6860321889885015
186 0.8279621744180495 0.685659907208812
185.5 0.8274156715098565 0.6847527711759747
185 0.8274088555228823 0.6847443467782804
184.5 0.8267890728439332 0.6837157526868993
184 0.8260144815691213 0.6824387829693341
183.5 0.8262966825148754 0.6828986326391088
183 0.8258139145884461 0.6821088849727343
182.5 0.8248633032240471 0.6805391461446318
182 0.8243863971449581 0.6797519180930612
181.5 0.8241350585159105 0.6793336471336386
181 0.8236372660281377 0.6785158433293682
180.5 0.823762207280366 0.6787168507700967
180 0.8227014891288285 0.6769730679261056
179.5 0.8226658879294378 0.6769148048561083
179 0.8221125840208194 0.6760003768636266
178.5 0.821649712658487 0.6752426265466648
178 0.8218466530336155 0.6755638724081958
177.5 0.8208201882692298 0.6738847027338302
177 0.8204728047576695 0.6733126165678575
176.5 0.8199304845960248 0.6724227086336877
176 0.8196084632727136 0.6718886365571667
175.5 0.8189422073077507 0.670798507981012
175 0.8185639959086717 0.6701900207163889
174.5 0.8185076213695168 0.6700896446830453
174 0.8179287751435886 0.6691456554337435
173.5 0.8173040090769996 0.6681183169161747
173 0.8167122528461856 0.6671563582642084
172.5 0.816198307611902 0.6663156485173563
172 0.8157469535505788 0.6655842662699935
171.5 0.815769255864442 0.6656180409752955
171 0.8151101646280688 0.6645391065264182
170.5 0.8149031163847308 0.6642075954735103
170 0.8136190294969394 0.6621138863130934
169.5 0.8134705890708066 0.6618708119758601
169 0.8130803152669659 0.6612386754484207
168.5 0.8122361959229165 0.6598689290460672
168 0.8125197244705761 0.6603245985117977
167.5 0.8113960913576306 0.6584983101347024
167 0.8111973982659713 0.658173597182527
166.5 0.8106164906961335 0.6572330590062173
166 0.8102760095499512 0.6566843893846317
165.5 0.8099332979688527 0.6561267439707781
165 0.809247450337897 0.6550219319901943
164.5 0.8085545838094172 0.6538976816954671
164 0.8083897054539716 0.653631900212228
163.5 0.8076236001490745 0.6523937217179273
163 0.8074538506987501 0.6521211387983795
162.5 0.8066500807051413 0.6508192415085726
162 0.8061834033702838 0.6500724141012733
161.5 0.804875763522636 0.6479653418542258
161 0.805088844102406 0.6483061519905903
160.5 0.804440456284125 0.6472661523440376
160 0.8037624531641739 0.6461751560204542
159.5 0.8034236463314494 0.6456283799900542
159 0.8029281585024087 0.6448315177225237
158.5 0.8024194002604551 0.6440127963047687
158 0.802013077357123 0.6433606412260345
157.5 0.8007584481094921 0.6413536648460438
157 0.8006593009837119 0.6411954846349306
156.5 0.7999489886878656 0.6400540116426513
156 0.7997279071510388 0.6396985723927202
155.5 0.7991423296277292 0.6387613830129845
155 0.79778169288922 0.6365922708569066
154.5 0.7975320854298512 0.6362019847930446
154 0.7973841426609501 0.6359640653248557
153.5 0.79674179929474 0.6349301662599026
153 0.7962976491975453 0.6342318140169046
152.5 0.7952779770048131 0.6326048315928301
152 0.7947236744695618 0.6317244644468925
151.5 0.7938613334092647 0.6303548319599064
151 0.7931144919366615 0.6291723111759265
150.5 0.7931811694147828 0.62927926876987
150 0.792446658090353 0.6281122713465404
149.5 0.7919754425506772 0.6273637651002018
149 0.7918051470238773 0.6270960272904972
148.5 0.7905175236432024 0.6250605857638367
148 0.7896315039068752 0.6236605550853456
147.5 0.7891639209146043 0.6229147422786311
147 0.7879927284913036 0.6210732964796314
146.5 0.787744020730424 0.6206850588588555
146 0.7871785182504827 0.6197919288740957
145.5 0.7868170575836142 0.6192240250833803
145 0.7864303233315667 0.618610535548679
144.5 0.7854588827198936 0.6170841905460376
144 0.7844483815709157 0.6154960846811807
143.5 0.7841556982547456 0.6150435188528266
143 0.7828594321994047 0.6130097233278031
142.5 0.7826716844222954 0.6127143832746902
142 0.7820699170245536 0.6117758334206029
141.5 0.7809141912537605 0.6099670880877133
141 0.780567801228949 0.6094294710292126
140.5 0.7796795895352627 0.6080442492703668
140 0.7788942429458071 0.6068180005172835
139.5 0.7787897273580842 0.60665301401301
139 0.7772532347251478 0.6042591229672891
138.5 0.7766342837199983 0.6033043667618311
138 0.7757208268565902 0.6018878880710119
137.5 0.7751035328614893 0.6009203049150177
137 0.7750948509609946 0.6009082939213453
136.5 0.7738523513606901 0.5989875303342843
136 0.7732861813611869 0.5981089937613357
135.5 0.7729151859622817 0.5975311127824304
135 0.7716055436096494 0.5955080541162023
134.5 0.7708723366666187 0.5943854037922613
134 0.7703644977158876 0.5935950019932968
133.5 0.7692227893575657 0.5918457382424699
133 0.7680878395800681 0.5900984079596693
132.5 0.7674536899372059 0.5891232816150825
132 0.7673012514942215 0.5888823669369576
131.5 0.7658225162969335 0.586623306545845
131 0.7652925143591268 0.5858140388769189
130.5 0.7648674678224278 0.5851665888913148
130 0.7642008169856997 0.5841390576302182
129.5 0.7628593249002388 0.5820925288565273
129 0.7621392221857682 0.5810021210575735
128.5 0.7613745016068325 0.5798335959060325
128 0.7598985712743888 0.5775822630750257
127.5 0.7595936905796703 0.577120790535081
127 0.7592038405033549 0.5765279666993017
126.5 0.7572555577936022 0.5735683856060645
126 0.7570467990800945 0.5732588240346114
125.5 0.7556348254322002 0.5711214779164052
125 0.7549800052076858 0.5701331840500128
124.5 0.7546669340656426 0.5696628408500511
124 0.7533053159789652 0.5676100413433083
123.5 0.75205522795048 0.5657247453467885
123 0.751430312484812 0.5647898211579142
122.5 0.7505057245596827 0.5633939519552189
122 0.7494944408462885 0.5618833290780677
121.5 0.7490593429346905 0.5612189247476854
121 0.7481623742369709 0.5598840815389647
120.5 0.7468377805799442 0.557904181145826
120 0.7464123005624438 0.5572751637801088
119.5 0.7450669561198285 0.5552619556054922
119 0.7440080061725073 0.553684635809295
118.5 0.7431517393711012 0.5524126554856548
118 0.742426972806544 0.551338988638178
117.5 0.7410827536755151 0.5493447719231392
117 0.7403497736131602 0.5482597878539587
116.5 0.7393501872572305 0.5467812307711422
116 0.7378932402204379 0.5446282893936595
115.5 0.7367819542187563 0.5429837240484005
115 0.7355845300726825 0.5412195992451608
114.5 0.7354283617896334 0.5409918832417808
114 0.7339526950263977 0.5388234382210121
113.5 0.733192684333108 0.5377121266285075
113 0.7317922570925393 0.5356614463982866
112.5 0.7309969606074028 0.5345003643271032
112 0.7292819792041753 0.5319895472681774
111.5 0.7291244908992166 0.5317613522602206
111 0.7272233881515061 0.5289861602507887
110.5 0.7259593303301529 0.5271574138953773
110 0.724705739788979 0.525332987867349
109.5 0.7247539029797693 0.5254089050100824
109 0.7237174082906231 0.523906655446822
108.5 0.7219908421344738 0.5214091687912744
108 0.7203217557670355 0.5189978779228803
107.5 0.718862161014727 0.5168964538965757
107 0.7181218635838749 0.5158372168853622
106.5 0.7165211177072434 0.513542324037759
106 0.7155090582771574 0.5120926504133488
105.5 0.7137200071536646 0.5095282256572867
105 0.7143062416821668 0.510368366463276
104.5 0.7117672456601045 0.5067464915514157
104 0.7110702571079008 0.5057564035677352
103.5 0.7096240666569561 0.5037047156660179
103 0.7078671923991117 0.5012130883385243
102.5 0.7073063478257334 0.5004157790102886
102 0.7062738787008909 0.49895910701450913
101.5 0.7041444217676178 0.4959484842831911
101 0.7035856243210348 0.49516603710524654
100.5 0.7021974320962192 0.49321702976058795
100 0.7005183871469138 0.4908668676639343
99.5 0.6991532148405651 0.48895143262568014
99 0.6974505000145069 0.48656986297529065
98.5 0.6965788397293184 0.4853498688473291
98 0.6956692006940289 0.4840866120863855
97.5 0.6937327628658104 0.4813981782118465
97 0.6926724907787775 0.47992487519507593
96.5 0.6909693193337033 0.4775758482003559
96 0.6886363338443839 0.4743533027799259
95.5 0.6870739821007571 0.47219956943371444
95 0.6872014492093926 0.47237704323886065
94.5 0.6853140704244268 0.46978018710255404
94 0.6841604188862871 0.46820448406086296
93.5 0.6825254830799973 0.46597312557232545
93 0.6800129956544775 0.46255255720611865
92.5 0.6788871349867279 0.46101330767108833
92 0.6781629180779579 0.4600292683834057
91.5 0.6758455968289473 0.4568947609046326
91 0.6751601362021639 0.4559740967001529
90.5 0.6726656761341501 0.452604897137879
90 0.6711923777715295 0.45062999381129487
89.5 0.6699113897348187 0.4489122503742269
89 0.6682380426781613 0.44666801953026836
88.5 0.6658415058065991 0.44347142158352415
88 0.6654056807684231 0.44289067232170726
87.5 0.6629007958698578 0.4395621379870898
87 0.6609151905652273 0.4369303327216875
86.5 0.659961863802677 0.4356844184395081
86 0.6587692775386031 0.4340985439121913
85.5 0.6562968359413515 0.4308514337910109
85 0.6539737866567428 0.42780864376672406
84.5 0.6537463790548516 0.42750808156087783
84 0.6514014785845964 0.42445062257641
83.5 0.6487982036425753 0.4210661550345061
83 0.6474935160480915 0.41937435043243404
82.5 0.6457056623089943 0.4170495223214093
82 0.6445641053917369 0.4155884184183821
81.5 0.6428451836956656 0.41338035792213673
81 0.640046197389761 0.40978686313316026
80.5 0.6384306197749501 0.4077196445239958
80 0.6366105913748813 0.40539757884030236
79.5 0.6355168505605625 0.4040016348901111
79 0.6336582402243406 0.4016415630014503
78.5 0.6306108118618963 0.3977927719886007
78 0.6290399785014876 0.39580780268232835
77.5 0.6274056673766353 0.39375381986772023
77 0.6253464241256932 0.39118309006163643
76.5 0.6229112803667392 0.3881278521022242
76 0.6217742744590719 0.3867175650726342
75.5 0.6185592045116605 0.3827361649298533
75 0.6171309193754492 0.3809600903631666
74.5 0.6155515003107562 0.3790149327166634
74 0.6126666549878003 0.37547504779943675
73.5 0.6112383397191943 0.3737185192683149
73 0.6095001341834796 0.3716049580548226
72.5 0.6070773056410323 0.3686559126305218
72 0.6045337044890713 0.3655683101978217
71.5 0.6014750825041567 0.361881684767243
71 0.6004357390387154 0.3606253042763114
70.5 0.5985134243322328 0.35832538376419437
70 0.5961270828133295 0.35547879531947796
69.5 0.5937191321885255 0.3526130226545446
69 0.5910007431467088 0.3493933963171083
68.5 0.5890294704080619 0.34706529416961424
68 0.5871381899348523 0.344831156157745
67.5 0.5850091983307776 0.34233660729281307
67 0.5827395223263815 0.3396729844235287
66.5 0.5805189423046966 0.3371096881251229
66 0.5774322991606368 0.33352007365619735
65.5 0.5756174626076073 0.3314376548332
65 0.57290791100618 0.3283190153939807
64.5 0.5720787024378586 0.3273687255101143
64 0.5700305791021129 0.32502588551801515
63.5 0.5663150760357643 0.3208003407080101
63 0.5636687839089272 0.31781143592200534
62.5 0.5610020852941723 0.3148128900430375
62 0.5582005413934918 0.3116725569319286
61.5 0.555964849311399 0.30918309076749273
61 0.5550049810421429 0.30812020458906925
60.5 0.5527003215269087 0.30555890867211166
60 0.5489194254027148 0.3014023531342546
59.5 0.5466540559091753 0.2989294965651556
59 0.544000764060836 0.2960283200914434
58.5 0.5416608725722976 0.29348098192696426
58 0.5395562572879937 0.2912007453280006
57.5 0.5366846110122302 0.2881171986495755
57 0.5340004485825119 0.28524039738991475
56.5 0.5305077524618473 0.2815129454076987
56 0.5294292868108488 0.280384023875361
55.5 0.5271036866242917 0.2779226380581198
55 0.5251593959919126 0.27586491503125676
54.5 0.5219622740863057 0.27250781055332873
54 0.5189422738897752 0.2693685259859384
53.5 0.5152336430247323 0.26553297079270455
53 0.5142838326216111 0.2645643998956577
52.5 0.5109380399164478 0.2611347371323471
52 0.5078479575230372 0.2579729052875174
51.5 0.5054454657002496 0.2555473151406989
51 0.5037451966943371 0.25383028361816645
50.5 0.501283392315073 0.2513413997053952
50 0.4984141412218348 0.2484833524851745
49.5 0.4946790483854102 0.2447782794698396
49 0.4912278679166156 0.24136510633654418
48.5 0.4914898115307623 0.24162124129551457
48 0.4868939536883023 0.23712753056886243
47.5 0.4839214975618725 0.23423981064181407
47 0.48272554845355653 0.2330843761821542
46.5 0.478910850058361 0.2294041253418596
46 0.4776472020867928 0.2282115193238568
45.5 0.473334964446885 0.22408845140913583
45 0.4719248584822141 0.2227641756340649
44.5 0.4670125123751868 0.21815520698073204
44 0.4656312151087631 0.21684917206822474
43.5 0.4629859647259448 0.21439782148790734
43 0.45993543002093323 0.21159104509316837
42.5 0.45858699168127753 0.21034934188695195
42 0.45539500569288444 0.20741763000073188
41.5 0.4519630742252153 0.20430843788671071
41 0.4499752773649411 0.2025182924112164
40.5 0.44749868012274496 0.20029161004875
40 0.4446873740231502 0.19778773317238335
39.5 0.44313590996830404 0.196416078784454
39 0.4415004765384392 0.19494971412769896
38.5 0.4382752738389394 0.19212357108333056
38 0.4363115951831938 0.1904025435454975
37.5 0.4311484377842891 0.18592302095729057
37 0.43042419195402903 0.185298800303338
36.5 0.4283397423501514 0.1835061608610726
36 0.4258452204437877 0.181379698449533
35.5 0.4231426731073391 0.1790788499286006
35 0.4197732567636863 0.17623759451462395
34.5 0.41693061031391837 0.17386614620782434
34 0.4161950709565705 0.1732426026372274
33.5 0.41205193440499605 0.16980721047123085
33 0.41157841705833426 0.1694234564120815
32.5 0.4082284796313222 0.16666842460869866
32 0.40572297200392293 0.16464049154994004
31.5 0.4047983053563326 0.16388220726341665
31 0.4020592917465673 0.16167141769137863
30.5 0.3995399221100937 0.159658331355978
30 0.39783694151111637 0.15829245999773178
29.5 0.39545322403687866 0.15640306272939428
29 0.393557626141258 0.15490397683080273
28.5 0.38963559103596246 0.15183099771068492
28 0.3875727874453874 0.150233249657373
27.5 0.38636997192717004 0.14929651871223207
27 0.38533651066678887 0.1484980905461319
26.5 0.38354972903181983 0.14712264899832983
26 0.38262577696665473 0.14641962543843118
25.5 0.37951048687096495 0.1440419822387031
25 0.3779266817933817 0.14283859544383337
24.5 0.375705335460389 0.14116170349499763
24 0.3738980958402466 0.13980885388953732
23.5 0.3731532523509056 0.13925483498900704
23 0.3702220794905415 0.13707339896509196
22.5 0.36889716910964754 0.13609038030145842
22 0.36871087276722847 0.13595404082538076
21.5 0.3652439842094397 0.1334085492153589
21 0.3634131648956733 0.13207259651199788
20.5 0.3622408340780436 0.13122144546007874
20 0.3619340380152446 0.13100117621508967
19.5 0.3599243295741936 0.1295485723160362
19 0.35868867725515463 0.128660261104921
18.5 0.3586859252706064 0.12866013848076185
18 0.355766693145707 0.1265723968754925
17.5 0.3546265128671355 0.12576613931913064
17 0.35352668488927563 0.12498392036255097
16.5 0.35409006417231803 0.1253824338535232
16 0.3525803050099652 0.12431437985017375
15.5 0.35206310030966487 0.1239502676880951
15 0.3500527979273106 0.1225391508041577
14.5 0.34978312758109414 0.12234990265885134
14 0.349477329871198 0.12213514036670098
13.5 0.3491806746310319 0.12192900951750035
13 0.3467745327184464 0.12025333140434846
12.5 0.34612318081060917 0.11980152101945012
12 0.34604894873123654 0.11975025489516512
11.5 0.3463117983806591 0.11993228717573878
11 0.34530150246856833 0.119233558053045
10.5 0.3443031854994674 0.11854499917910431
10 0.3440530599643474 0.11837270003717358
9.5 0.34374587731912903 0.11816138074693786
9 0.3435179720480608 0.11800468499769998
8.5 0.343588732877177 0.11805326249450479
8 0.34340849341473695 0.11792947312602674
7.5 0.34300841962220013 0.11765484819963991
7 0.3427248582719372 0.11746034236414016
6.5 0.3426804975746617 0.1174299455203947
6 0.3426061531973967 0.11737898909131951
5.5 0.3425773223365447 0.11735922812555594
5 0.3425135292946074 0.11731552085296694
4.5 0.34253702496455346 0.11733162273585768
4 0.3424980624204773 0.11730492504819623
3.5 0.34248838004001164 0.11729829223992488
3 0.34247078037350076 0.11728623622202555
2.5 0.342455617513675 0.1172758502669129
2 0.34244940853030154 0.11727159759164449
1.5 0.342445173903869 0.11726869721506164
1 0.3424408139300853 0.11726571106940913
0.5 0.34243863858926904 0.11726422119924088
